CalculateIndicators/WaterTemperature/Data/CTD_NYOS/NY1902_11_4_7.cnv
* Sea-Bird SBE 9 Data File:
* FileName = C:\Seabird 9 CTD\Data\2019\201902_Offshore\NY1902_ctd_casts\NY1902_11_4_7.hex
* Software Version Seasave V 7.23.2
* Temperature SN = 4590
* Conductivity SN = 3228
* Number of Bytes Per Scan = 44
* Number of Voltage Words = 5
* Number of Scans Averaged by the Deck Unit = 1
* NMEA Latitude = 39 14.69 N
* NMEA Longitude = 072 16.94 W
* NMEA UTC (Time) = Feb 11 2019  11:40:20
* NMEA baud rate = 4800
** Ship: Seawolf
** Station: 4.7
** Operator: AJB
# nquan = 35
# nvalues = 979                         
# units = specified
# name 0 = depSM: Depth [salt water, m]
# name 1 = t090C: Temperature [ITS-90, deg C]
# name 2 = sal00: Salinity, Practical [PSU]
# name 3 = density00: Density [density, kg/m^3]
# name 4 = sbeox0V: Oxygen raw, SBE 43 [V]
# name 5 = sbeox0ML/L: Oxygen, SBE 43 [ml/l]
# name 6 = sbeox0PS: Oxygen, SBE 43 [% saturation]
# name 7 = sbox0dV/dT: Oxygen, SBE 43 [dov/dt]
# name 8 = oxsolML/L: Oxygen Saturation, Garcia & Gordon [ml/l]
# name 9 = oxsatML/L: Oxygen Saturation, Weiss [ml/l]
# name 10 = ph: pH
# name 11 = flECO-AFL: Fluorescence, WET Labs ECO-AFL/FL [mg/m^3]
# name 12 = n2satML/L: Nitrogen Saturation [ml/l]
# name 13 = c0S/m: Conductivity [S/m]
# name 14 = cpar: CPAR/Corrected Irradiance [%]
# name 15 = sigma-é00: Density [sigma-theta, kg/m^3]
# name 16 = sigma-t00: Density [sigma-t, kg/m^3 ]
# name 17 = par: PAR/Irradiance, Biospherical/Licor
# name 18 = prDM: Pressure, Digiquartz [db]
# name 19 = pumps: Pump Status
# name 20 = scan: Scan Count
# name 21 = svCM: Sound Velocity [Chen-Millero, m/s]
# name 22 = spar: SPAR, Biospherical/Licor
# name 23 = specc: Specific Conductance [uS/cm]
# name 24 = timeS: Time, Elapsed [seconds]
# name 25 = timeY: Time, System [seconds]
# name 26 = accM: Acceleration [m/s^2]
# name 27 = dz/dtM: Descent Rate [m/s]
# name 28 = latitude: Latitude [deg]
# name 29 = longitude: Longitude [deg]
# name 30 = gsw_saA0: Absolute Salinity [g/kg]
# name 31 = gsw_densityA0: density, TEOS-10 [density, kg/m^3]
# name 32 = gsw_sigma0A0: density, TEOS-10 [sigma-0, kg/m^3 ]
# name 33 = gsw_ptA0: potential temperature [ITS-90, deg C]
# name 34 = flag: flag
# span 0 =      1.973,    486.708       
# span 1 =     6.9088,    13.6793       
# span 2 =    33.8320,    35.6989       
# span 3 =  1026.2824,  1029.7492       
# span 4 =     1.5702,     2.7600       
# span 5 =     3.0151,     6.5572       
# span 6 =     48.436,    100.163       
# span 7 =   -0.01514,    0.01807       
# span 8 =    5.82015,    6.75855       
# span 9 =    5.81743,    6.76901       
# span 10 =      4.983,     10.464      
# span 11 =    -0.0726,     0.6423      
# span 12 =   10.57250,   12.12990      
# span 13 =   3.550982,   4.243621      
# span 14 = -1.146e+04, 1.0341e+05      
# span 15 =    26.2733,    27.5146      
# span 16 =    26.2733,    27.5081      
# span 17 = 1.0000e-12, 1.0000e-12      
# span 18 =      2.000,    491.000      
# span 19 =          1,          1      
# span 20 =       1910,      47784      
# span 21 =    1483.14,    1505.84      
# span 22 = -8.762e-01, 2.7646e+01      
# span 23 =  53084.722,  55641.384      
# span 24 =     79.537,   1990.966      
# span 25 = 1549885299, 1549887211      
# span 26 =      -0.50,       0.34      
# span 27 =     -0.855,      0.889      
# span 28 =   39.24252,   39.24488      
# span 29 =  -72.28224,  -72.27941      
# span 30 =    33.9929,    35.8699      
# span 31 =  1026.2858,  1029.7518      
# span 32 =    26.2740,    27.5174      
# span 33 =     6.8620,    13.6570      
# span 34 = 0.0000e+00, 0.0000e+00      
# interval = decibars: 1                
# start_time = Feb 11 2019 11:40:20 [System UTC, first data scan.]
# bad_flag = -9.990e-29
*END*
[from data line 208]
    208.298    12.4353    35.5833  1027.8957     1.7320     3.2971     55.149   -0.00218    5.97853    5.97776      8.456    -0.0352   10.83583   4.111295 1.6880e-11    26.9632    26.9577 1.0000e-12    210.000          1      10217    1502.47 5.9242e+00  54911.433    425.681 1549885645      -0.04      0.643   39.24444  -72.28162    35.7501  1027.8982    26.9658    12.4070 0.0000e+00
    209.291    12.4215    35.5813  1027.9013     1.7301     3.2984     55.152   -0.00129    5.98049    5.97974 -9.990e-29    -0.0355   10.83910   4.109747 1.6880e-11    26.9644    26.9588 1.0000e-12    211.000          1      10252    1502.43 5.9242e+00  54911.475    427.137 1549885647       0.06      0.672   39.24444  -72.28160    35.7476  1027.9035    26.9666    12.3932 0.0000e+00
    210.284    12.4066    35.5793  1027.9072     1.7280     3.2950     55.062   -0.00129    5.98416    5.98346 -9.990e-29    -0.0494   10.84522   4.108163 1.6880e-11    26.9658    26.9602 1.0000e-12    212.000          1      10290    1502.40 5.9242e+00  54911.707    428.713 1549885648      -0.09      0.656   39.24444  -72.28160    35.7460  1027.9097    26.9683    12.3782 0.0000e+00
    211.269    12.3887    35.5772  1027.9136     1.7235     3.2802     54.739   -0.00255    5.99243    5.99183 -9.990e-29    -0.0494   10.85897   4.106254 1.6880e-11    26.9676    26.9620 1.0000e-12    213.000          1      10332    1502.35 5.9242e+00  54912.284    430.438 1549885650       0.09      0.544   39.24444  -72.28160    35.7441  1027.9162    26.9703    12.3602 0.0000e+00
    212.268    12.3583    35.5730  1027.9209     1.7187     3.2668     54.460   -0.00323    5.99850    5.99798 -9.990e-29    -0.0443   10.86907   4.102616 1.6880e-11    26.9703    26.9647 1.0000e-12    214.000          1      10366    1502.26 5.9242e+00  54911.863    431.864 1549885651      -0.02      0.700   39.24443  -72.28160    35.7372  1027.9215    26.9710    12.3296 0.0000e+00
    213.253    12.2882    35.5653  1027.9333     1.7106     3.2401     53.967   -0.00455    6.00381    6.00335      8.455    -0.0398   10.87790   4.094890 1.6880e-11    26.9781    26.9725 1.0000e-12    215.000          1      10410    1502.03 5.9242e+00  54913.228    433.695 1549885653      -0.02      0.520   39.24442  -72.28160    35.7282  1027.9329    26.9777    12.2595 0.0000e+00
    214.250    12.2446    35.5605  1027.9428     1.7054     3.2359     53.832   -0.00353    6.01120    6.01084      8.455    -0.0354   10.89021   4.090300 1.6880e-11    26.9828    26.9772 1.0000e-12    216.000          1      10447    1501.89 5.9242e+00  54914.315    435.232 1549885655       0.02      0.647   39.24442  -72.28160    35.7246  1027.9432    26.9834    12.2159 0.0000e+00
    215.236    12.2033    35.5549  1027.9511     1.6995     3.2242     53.576   -0.00341    6.01797    6.01769      8.456    -0.0334   10.90146   4.085590 1.6880e-11    26.9866    26.9810 1.0000e-12    217.000          1      10488    1501.76 5.9242e+00  54914.007    436.940 1549885657      -0.01      0.576   39.24442  -72.28160    35.7175  1027.9505    26.9860    12.1745 0.0000e+00
    216.233    12.1464    35.5481  1027.9616     1.6945     3.2105     53.343   -0.00349    6.01870    6.01844      8.458    -0.0422   10.90270   4.079285 1.6880e-11    26.9923    26.9867 1.0000e-12    218.000          1      10523    1501.58 5.9242e+00  54914.596    438.437 1549885658       0.03      0.663   39.24442  -72.28160    35.7097  1027.9601    26.9910    12.1175 0.0000e+00
    217.220    12.1003    35.5431  1027.9713     1.6917     3.2141     53.387   -0.00174    6.02038    6.02014      8.456    -0.0398   10.90550   4.074545 1.6880e-11    26.9974    26.9918 1.0000e-12    219.000          1      10565    1501.43 5.9242e+00  54915.927    440.162 1549885660      -0.06      0.582   39.24442  -72.28160    35.7069  1027.9715    26.9977    12.0714 0.0000e+00
    218.214    12.0956    35.5420  1027.9758     1.6894     3.2125     53.336   -0.00125    6.02317    6.02296      8.456    -0.0370   10.91014   4.074147 1.6880e-11    26.9974    26.9918 1.0000e-12    220.000          1      10605    1501.43 5.9242e+00  54915.702    441.818 1549885661       0.03      0.603   39.24442  -72.28160    35.7071  1027.9771    26.9988    12.0665 0.0000e+00
    219.202    12.0804    35.5395  1027.9813     1.6860     3.2026     53.097   -0.00218    6.03169    6.03159      8.456    -0.0348   10.92433   4.072421 -9.990e-29    26.9985    26.9929 1.0000e-12    221.000          1      10642    1501.39 5.9242e+00  54915.473    443.390 1549885663       0.05      0.619   39.24442  -72.28160    35.7042  1027.9823    26.9995    12.0513 0.0000e+00
    220.198    12.0630    35.5373  1027.9875     1.6816     3.1902     52.830   -0.00287    6.03861    6.03860      8.457    -0.0356   10.93582   4.070557 -9.990e-29    27.0001    26.9945 1.0000e-12    222.000          1      10676    1501.35 5.7713e+00  54915.919    444.778 1549885664       0.02      0.718   39.24442  -72.28158    35.7022  1027.9886    27.0013    12.0337 0.0000e+00
    221.188    11.9928    35.5285  1027.9989     1.6744     3.1638     52.381   -0.00421    6.04000    6.04001      8.458    -0.0468   10.93815   4.062427 9.9999e+04    27.0067    27.0011 1.0000e-12    223.000          1      10716    1501.12 4.6400e-02  54916.082    446.466 1549885666      -0.09      0.606   39.24442  -72.28158    35.6891  1027.9968    27.0047    11.9635 0.0000e+00
    222.177    11.9379    35.5228  1028.0097     1.6698     3.1601     52.317   -0.00269    6.04032    6.04033      8.458    -0.0327   10.93868   4.056883 1.3913e+04    27.0129    27.0073 1.0000e-12    224.000          1      10759    1500.94 4.9000e+00  54918.029    448.252 1549885668       0.03      0.551   39.24442  -72.28158    35.6868  1028.0101    27.0133    11.9086 0.0000e+00
    223.171    11.9329    35.5216  1028.0142     1.6669     3.1578     52.268   -0.00190    6.04169    6.04172      8.458    -0.0327   10.94097   4.056454 9.5679e+01    27.0129    27.0073 1.0000e-12    225.000          1      10797    1500.94 5.9173e+00  54917.794    449.844 1549885669       0.02      0.626   39.24440  -72.28158    35.6869  1028.0157    27.0145    11.9034 0.0000e+00
    224.161    11.9309    35.5208  1028.0184     1.6646     3.1585     52.221   -0.00134    6.04835    6.04847      8.457    -0.0319   10.95205   4.056302 1.6880e-11    27.0127    27.0070 1.0000e-12    226.000          1      10836    1500.95 5.9242e+00  54917.638    451.444 1549885671       0.00      0.623   39.24440  -72.28158    35.6869  1028.0205    27.0148    11.9013 0.0000e+00
    225.151    11.9149    35.5180  1028.0239     1.6605     3.1432     51.939   -0.00238    6.05168    6.05184      8.459    -0.0298   10.95760   4.054293 1.6880e-11    27.0136    27.0079 1.0000e-12    227.000          1      10876    1500.90 5.9242e+00  54917.109    453.119 1549885673      -0.04      0.602   39.24440  -72.28158    35.6820  1028.0244    27.0142    11.8852 0.0000e+00
    226.144    11.8639    35.5125  1028.0340     1.6574     3.1372     51.820   -0.00221    6.05405    6.05424      8.461    -0.0401   10.96154   4.048828 1.6880e-11    27.0191    27.0134 1.0000e-12    228.000          1      10913    1500.74 5.9242e+00  54918.798    454.653 1549885674       0.10      0.632   39.24440  -72.28158    35.6766  1028.0346    27.0197    11.8342 0.0000e+00
    227.136    11.8435    35.5098  1028.0404     1.6552     3.1375     51.804   -0.00138    6.05645    6.05667      8.461    -0.0270   10.96554   4.046713 1.6880e-11    27.0209    27.0152 1.0000e-12    229.000          1      10951    1500.68 5.9242e+00  54919.213    456.250 1549885676      -0.08      0.645   39.24440  -72.28158    35.6749  1028.0417    27.0223    11.8137 0.0000e+00
    228.124    11.8217    35.5070  1028.0469     1.6530     3.1362     51.710   -0.00131    6.06502    6.06535      8.461    -0.0311   10.97981   4.044368 1.6880e-11    27.0229    27.0172 1.0000e-12    230.000          1      10994    1500.62 5.9242e+00  54919.598    458.053 1549885678       0.02      0.545   39.24440  -72.28158    35.6723  1028.0484    27.0244    11.7917 0.0000e+00
    229.118    11.8033    35.5043  1028.0529     1.6486     3.1221     51.411   -0.00241    6.07281    6.07324      8.462    -0.0298   10.99276   4.042300 1.6880e-11    27.0243    27.0186 1.0000e-12    231.000          1      11032    1500.57 5.9242e+00  54919.632    459.619 1549885679       0.05      0.629   39.24440  -72.28156    35.6691  1028.0540    27.0255    11.7733 0.0000e+00
    230.108    11.7381    35.4959  1028.0635     1.6440     3.1071     51.125   -0.00321    6.07747    6.07796      8.462    -0.0397   11.00052   4.034741 1.6880e-11    27.0302    27.0245 1.0000e-12    232.000          1      11068    1500.35 5.9242e+00  54919.954    461.142 1549885681       0.00      0.655   39.24439  -72.28156    35.6566  1028.0615    27.0282    11.7080 0.0000e+00
    231.102    11.6840    35.4906  1028.0743     1.6407     3.1106     51.076   -0.00220    6.09022    6.09088      8.463    -0.0250   11.02173   4.029230 1.6880e-11    27.0363    27.0306 1.0000e-12    233.000          1      11105    1500.18 5.9242e+00  54922.502    462.664 1549885682      -0.02      0.666   39.24438  -72.28156    35.6536  1028.0741    27.0361    11.6539 0.0000e+00
    232.091    11.6304    35.4833  1028.0835     1.6361     3.1003     50.829   -0.00257    6.09942    6.10020      8.463    -0.0247   11.03703   4.023043 1.6880e-11    27.0407    27.0351 1.0000e-12    234.000          1      11149    1500.00 5.9242e+00  54922.459    464.490 1549885684      -0.05      0.547   39.24438  -72.28156    35.6434  1028.0810    27.0383    11.6003 0.0000e+00
    233.084    11.5230    35.4718  1028.0997     1.6311     3.0903     50.587   -0.00275    6.10880    6.10970 -9.990e-29    -0.0368   11.05264   4.011455 1.6880e-11    27.0520    27.0463 1.0000e-12    235.000          1      11192    1499.64 5.9242e+00  54925.964    466.278 1549885686       0.03      0.560   39.24438  -72.28156    35.6313  1028.0968    27.0491    11.4929 0.0000e+00
    234.069    11.4624    35.4636  1028.1094     1.6260     3.0782     50.356   -0.00283    6.11275    6.11370      8.464    -0.0302   11.05920   4.004754 1.6880e-11    27.0569    27.0513 1.0000e-12    236.000          1      11235    1499.43 5.9242e+00  54926.020    468.077 1549885688       0.01      0.543   39.24438  -72.28156    35.6227  1028.1062    27.0537    11.4323 0.0000e+00
    235.066    11.4114    35.4578  1028.1191     1.6228     3.0714     50.231   -0.00265    6.11454    6.11551      8.464    -0.0426   11.06219   3.999415 1.6880e-11    27.0619    27.0563 1.0000e-12    237.000          1      11265    1499.27 5.9242e+00  54927.727    469.348 1549885689       0.21      0.716   39.24438  -72.28156    35.6182  1028.1169    27.0597    11.3813 0.0000e+00
    236.060    11.3887    35.4547  1028.1255     1.6202     3.0691     50.166   -0.00209    6.11788    6.11889      8.465    -0.0306   11.06774   3.997134 1.6880e-11    27.0638    27.0582 1.0000e-12    238.000          1      11298    1499.20 5.9242e+00  54928.169    470.721 1549885690      -0.12      0.773   39.24437  -72.28156    35.6170  1028.1247    27.0630    11.3585 0.0000e+00
    237.046    11.3671    35.4513  1028.1314     1.6174     3.0662     50.103   -0.00153    6.11976    6.12080      8.464    -0.0252   11.07087   3.994774 1.6880e-11    27.0652    27.0595 1.0000e-12    239.000          1      11342    1499.14 5.9242e+00  54927.907    472.534 1549885692      -0.02      0.538   39.24436  -72.28154    35.6138  1028.1309    27.0646    11.3368 0.0000e+00
    238.039    11.3402    35.4481  1028.1386     1.6161     3.0672     50.110   -0.00089    6.12081    6.12187      8.466     0.0086   11.07263   3.991994 1.6880e-11    27.0676    27.0620 1.0000e-12    240.000          1      11382    1499.06 5.9242e+00  54928.945    474.200 1549885694       0.02      0.598   39.24436  -72.28154    35.6116  1028.1387    27.0679    11.3098 0.0000e+00
    239.029    11.3307    35.4465  1028.1436     1.6143     3.0624     50.031   -0.00095    6.12093    6.12199      8.465    -0.0357   11.07283   3.991073 1.6880e-11    27.0682    27.0626 1.0000e-12    241.000          1      11421    1499.04 5.9242e+00  54929.133    475.816 1549885695       0.02      0.613   39.24436  -72.28154    35.6112  1028.1446    27.0693    11.3002 0.0000e+00
    240.022    11.3243    35.4454  1028.1485     1.6117     3.0510     49.830   -0.00179    6.12295    6.12403      8.465    -0.0397   11.07619   3.990476 1.6880e-11    27.0686    27.0629 1.0000e-12    242.000          1      11454    1499.03 5.9242e+00  54929.346    477.211 1549885697       0.09      0.693   39.24436  -72.28154    35.6110  1028.1502    27.0703    11.2937 0.0000e+00
    241.015    11.3235    35.4448  1028.1526     1.6110     3.0579     49.911   -0.00072    6.12663    6.12777      8.466    -0.0171   11.08232   3.990428 7.9820e+04    27.0682    27.0625 1.0000e-12    243.000          1      11491    1499.05 1.1954e+00  54929.220    478.745 1549885698      -0.11      0.680   39.24436  -72.28154    35.6108  1028.1547    27.0704    11.2927 0.0000e+00
    242.001    11.3017    35.4418  1028.1588     1.6091     3.0516     49.794   -0.00105    6.12850    6.12966      8.468    -0.0219   11.08542   3.987934 5.2653e+04    27.0699    27.0642 1.0000e-12    244.000          1      11536    1498.98 2.5939e+00  54929.617    480.615 1549885700       0.04      0.507   39.24436  -72.28154    35.6065  1028.1599    27.0711    11.2709 0.0000e+00
    242.999    11.2754    35.4391  1028.1663     1.6082     3.0544     49.797   -0.00068    6.13371    6.13493 -9.990e-29    -0.0280   11.09409   3.985251 2.7824e+03    27.0728    27.0671 1.0000e-12    245.000          1      11574    1498.90 5.7489e+00  54931.390    482.201 1549885702      -0.02      0.631   39.24435  -72.28154    35.6047  1028.1680    27.0746    11.2444 0.0000e+00
    243.980    11.2647    35.4373  1028.1713     1.6063     3.0525     49.706   -0.00083    6.14116    6.14248 -9.990e-29    -0.0155   11.10647   3.984101 1.6880e-11    27.0734    27.0676 1.0000e-12    246.000          1      11621    1498.88 5.9242e+00  54931.440    484.147 1549885704       0.03      0.472   39.24434  -72.28154    35.6031  1028.1733    27.0753    11.2337 0.0000e+00
    244.980    11.2184    35.4319  1028.1804     1.6045     3.0431     49.549   -0.00158    6.14154    6.14287 -9.990e-29    -0.0071   11.10711   3.978847 1.6880e-11    27.0777    27.0720 1.0000e-12    247.000          1      11652    1498.73 5.9242e+00  54933.043    485.456 1549885705       0.15      0.714   39.24434  -72.28154    35.5948  1028.1801    27.0775    11.1873 0.0000e+00
    245.969    11.1777    35.4282  1028.1897     1.6041     3.0495     49.654   -0.00039    6.14153    6.14286 -9.990e-29    -0.0226   11.10710   3.974747 1.6880e-11    27.0823    27.0766 1.0000e-12    248.000          1      11688    1498.60 5.9242e+00  54935.991    486.942 1549885707      -0.10      0.697   39.24434  -72.28154    35.5927  1028.1906    27.0833    11.1466 0.0000e+00
    246.962    11.1705    35.4273  1028.1948     1.6038     3.0504     49.661   -0.00024    6.14254    6.14388      8.469    -0.0285   11.10878   3.974145 1.6783e-11    27.0829    27.0772 1.0000e-12    249.000          1      11724    1498.59 -9.990e-29  54936.657    488.471 1549885708       0.02      0.654   39.24434  -72.28153    35.5932  1028.1968    27.0850    11.1393 0.0000e+00
