CalculateIndicators/WaterTemperature/Data/CTD_NYOS/NY1902_06_1_5.cnv
* Sea-Bird SBE 9 Data File:
* FileName = C:\Seabird 9 CTD\Data\2019\201902_Offshore\NY1902_ctd_casts\NY1902_06_1_5.hex
* Software Version Seasave V 7.23.2
* Temperature SN = 4590
* Conductivity SN = 3228
* Number of Bytes Per Scan = 44
* Number of Voltage Words = 5
* Number of Scans Averaged by the Deck Unit = 1
* NMEA Latitude = 40 02.71 N
* NMEA Longitude = 071 32.56 W
* NMEA UTC (Time) = Feb 06 2019  18:32:58
* NMEA baud rate = 4800
** Ship: Seawolf
** Station: 1_5
** Operator: JES
# nquan = 35
# nvalues = 138                         
# units = specified
# name 0 = depSM: Depth [salt water, m]
# name 1 = t090C: Temperature [ITS-90, deg C]
# name 2 = sal00: Salinity, Practical [PSU]
# name 3 = density00: Density [density, kg/m^3]
# name 4 = sbeox0V: Oxygen raw, SBE 43 [V]
# name 5 = sbeox0ML/L: Oxygen, SBE 43 [ml/l]
# name 6 = sbeox0PS: Oxygen, SBE 43 [% saturation]
# name 7 = sbox0dV/dT: Oxygen, SBE 43 [dov/dt]
# name 8 = oxsolML/L: Oxygen Saturation, Garcia & Gordon [ml/l]
# name 9 = oxsatML/L: Oxygen Saturation, Weiss [ml/l]
# name 10 = ph: pH
# name 11 = flECO-AFL: Fluorescence, WET Labs ECO-AFL/FL [mg/m^3]
# name 12 = n2satML/L: Nitrogen Saturation [ml/l]
# name 13 = c0S/m: Conductivity [S/m]
# name 14 = cpar: CPAR/Corrected Irradiance [%]
# name 15 = sigma-é00: Density [sigma-theta, kg/m^3]
# name 16 = sigma-t00: Density [sigma-t, kg/m^3 ]
# name 17 = par: PAR/Irradiance, Biospherical/Licor
# name 18 = prDM: Pressure, Digiquartz [db]
# name 19 = pumps: Pump Status
# name 20 = scan: Scan Count
# name 21 = svCM: Sound Velocity [Chen-Millero, m/s]
# name 22 = spar: SPAR, Biospherical/Licor
# name 23 = specc: Specific Conductance [uS/cm]
# name 24 = timeS: Time, Elapsed [seconds]
# name 25 = timeY: Time, System [seconds]
# name 26 = accM: Acceleration [m/s^2]
# name 27 = dz/dtM: Descent Rate [m/s]
# name 28 = latitude: Latitude [deg]
# name 29 = longitude: Longitude [deg]
# name 30 = gsw_saA0: Absolute Salinity [g/kg]
# name 31 = gsw_densityA0: density, TEOS-10 [density, kg/m^3]
# name 32 = gsw_sigma0A0: density, TEOS-10 [sigma-0, kg/m^3 ]
# name 33 = gsw_ptA0: potential temperature [ITS-90, deg C]
# name 34 = flag: flag
# span 0 =      1.975,     70.452       
# span 1 =     5.9472,    12.1650       
# span 2 =    32.5095,    34.9666       
# span 3 =  1025.6038,  1026.8498       
# span 4 =     2.0768,     2.7364       
# span 5 =     4.9207,     7.0616       
# span 6 =     70.052,    100.550       
# span 7 =   -0.01687,    0.10529       
# span 8 =    6.04497,    7.03161       
# span 9 =    6.04458,    7.04308       
# span 10 =      8.038,      8.102      
# span 11 =     0.0422,     0.4128      
# span 12 =   10.95301,   12.61323      
# span 13 =   3.212155,   4.015391      
# span 14 = 6.1536e-03, 5.2317e+00      
# span 15 =    25.5900,    26.5334      
# span 16 =    25.5899,    26.5316      
# span 17 = 9.1387e-02, 8.5027e+01      
# span 18 =      2.000,     71.000      
# span 19 =          0,          1      
# span 20 =        378,      17585      
# span 21 =    1471.49,    1498.52      
# span 22 = 1.2049e+03, 1.6697e+03      
# span 23 =  51871.882,  54018.761      
# span 24 =     15.715,    732.648      
# span 25 = 1549477995, 1549478712      
# span 26 =      -0.60,       0.68      
# span 27 =     -1.364,      0.990      
# span 28 =   40.04357,   40.04517      
# span 29 =  -71.54750,  -71.54278      
# span 30 =    32.6646,    35.1314      
# span 31 =  1025.6064,  1026.8563      
# span 32 =    25.5925,    26.5441      
# span 33 =     5.9465,    12.1557      
# span 34 = 0.0000e+00, 0.0000e+00      
# interval = decibars: 1                
# start_time = Feb 06 2019 18:33:00 [System UTC, first data scan.]
# bad_flag = -9.990e-29
*END*
[from data line 42]
     44.646     8.8601    33.7931  1026.4000     2.6447     6.2000     95.282    0.00013    6.50702    6.51209      8.071     0.1303   11.72992   3.589278 7.1222e-02    26.1959    26.1951 1.0495e+00     45.000          1       3811    1484.94 1.4733e+03  52989.085    158.738 1549478138       0.11      0.364   40.04494  -71.54373    33.9600  1026.4082    26.2040     8.8554 0.0000e+00
     45.648     8.9311    33.8164  1026.4116     2.6447     6.1987     95.275    0.00007    6.50615    6.51121      8.071     0.1294   11.72841   3.598284 6.4684e-02    26.2030    26.2022 9.2702e-01     46.000          1       3855    1485.25 1.4327e+03  53006.889    160.600 1549478140       0.13      0.504   40.04494  -71.54374    33.9863  1026.4220    26.2134     8.9262 0.0000e+00
     46.636     9.0373    33.8492  1026.4249     2.6483     6.1769     95.580    0.00140    6.46274    6.46726      8.071     0.1349   11.65558   3.611141 5.7621e-02    26.2118    26.2110 8.1627e-01     47.000          1       3976    1485.70 1.4166e+03  53030.443    165.636 1549478145       0.35      0.241   40.04492  -71.54377    34.0191  1026.4352    26.2222     9.0323 0.0000e+00
     47.626     9.2442    33.9237  1026.4543     2.6444     6.0904     94.922   -0.00345    6.41620    6.42014      8.070     0.1090   11.57757   3.639299 5.0473e-02    26.2370    26.2362 7.1122e-01     48.000          1       4044    1486.56 1.4091e+03  53091.648    168.467 1549478148       0.30      0.547   40.04492  -71.54380    34.1150  1026.4812    26.2639     9.2390 0.0000e+00
     48.622     9.4853    33.9961  1026.4762     2.6347     6.0401     94.365   -0.00471    6.40077    6.40453      8.070     0.0883   11.55150   3.667394 4.8359e-02    26.2546    26.2537 6.8804e-01     49.000          1       4091    1487.55 1.4229e+03  53142.882    170.410 1549478150      -0.09      0.514   40.04492  -71.54381    34.1766  1026.4943    26.2728     9.4799 0.0000e+00
     49.610     9.6902    34.0761  1026.5092     2.6257     5.9808     94.177   -0.00271    6.35049    6.35364      8.070     0.0911   11.46708   3.694357 4.3787e-02    26.2834    26.2825 6.2409e-01     50.000          1       4177    1488.41 1.4259e+03  53213.472    173.997 1549478153       0.13      0.258   40.04490  -71.54383    34.2599  1026.5297    26.3039     9.6846 0.0000e+00
     50.601     9.9883    34.1712  1026.5377     2.6139     5.8935     93.566   -0.00368    6.29878    6.30132      8.071     0.0805   11.38009   3.731375 4.0302e-02    26.3078    26.3068 5.7635e-01     51.000          1       4249    1489.62 1.4296e+03  53287.301    176.995 1549478156      -0.01      0.317   40.04490  -71.54385    34.3566  1026.5593    26.3293     9.9825 0.0000e+00
     51.595    10.2617    34.2756  1026.5766     2.5966     5.7966     92.486   -0.00699    6.26754    6.26971      8.070     0.0707   11.32757   3.767505 3.6986e-02    26.3425    26.3415 5.2914e-01     52.000          1       4307    1490.74 1.4306e+03  53380.500    179.436 1549478159      -0.05      0.398   40.04489  -71.54386    34.4654  1026.6013    26.3672    10.2557 0.0000e+00
     52.589    10.5124    34.3682  1026.6096     2.5738     5.7111     91.178   -0.00995    6.26369    6.26580 -9.990e-29     0.0760   11.32116   3.799952 3.3263e-02    26.3713    26.3702 4.7457e-01     53.000          1       4367    1491.76 1.4267e+03  53462.859    181.907 1549478161       0.13      0.439   40.04488  -71.54388    34.5567  1026.6330    26.3947    10.5061 0.0000e+00
     53.575    10.5787    34.3841  1026.6147     2.5626     5.7258     91.475   -0.00183    6.25939    6.26147 -9.990e-29     0.0610   11.31384   3.806402 3.1956e-02    26.3720    26.3709 4.6052e-01     54.000          1       4450    1492.04 1.4410e+03  53472.935    185.372 1549478165      -0.05      0.229   40.04487  -71.54390    34.5587  1026.6274    26.3847    10.5723 0.0000e+00
     54.579    10.5831    34.3927  1026.6252     2.5584     5.7064     91.191   -0.00287    6.25760    6.25965      8.070     0.0736   11.31084   3.807474 2.5402e-02    26.3780    26.3768 3.6741e-01     55.000          1       4514    1492.08 1.4465e+03  53484.882    188.054 1549478167       0.39      0.467   40.04486  -71.54392    34.5649  1026.6359    26.3887    10.5766 0.0000e+00
     55.563    10.5877    34.3962  1026.6316     2.5522     5.6730     90.725   -0.00504    6.25292    6.25491      8.070     0.0543   11.30295   3.808092 1.7891e-02    26.3799    26.3787 2.5998e-01     56.000          1       4594    1492.11 1.4529e+03  53489.451    191.354 1549478171       0.68      0.595   40.04486  -71.54394    34.5664  1026.6407    26.3891    10.5811 0.0000e+00
     56.568    10.6196    34.4064  1026.6385     2.5534     5.6885     91.054   -0.00219    6.24732    6.24924      8.070     0.0553   11.29354   3.812400 1.3217e-02    26.3823    26.3811 1.9183e-01     57.000          1       4621    1492.26 1.4510e+03  53498.382    192.503 1549478172       0.09      0.898   40.04485  -71.54396    34.5793  1026.6496    26.3935    10.6128 0.0000e+00
     57.536    10.7177    34.4426  1026.6536     2.5534     5.6663     91.194   -0.00111    6.21351    6.21505      8.072     0.0552   11.23654   3.825148 2.4198e-02    26.3932    26.3920 3.5532e-01     58.000          1       4749    1492.66 1.4707e+03  53531.417    197.844 1549478177       0.24     -0.024   40.04484  -71.54399    34.6146  1026.6641    26.4037    10.7107 0.0000e+00
     58.544    10.8084    34.4814  1026.6722     2.5504     5.6498     91.014   -0.00165    6.20760    6.20907 -9.990e-29     0.0566   11.22663   3.837755 1.6835e-02    26.4073    26.4060 2.4729e-01     59.000          1       4771    1493.05 1.4691e+03  53569.321    198.737 1549478178       0.12      0.657   40.04484  -71.54400    34.6552  1026.6838    26.4190    10.8013 0.0000e+00
     59.526    10.8808    34.5109  1026.6866     2.5466     5.6348     90.813   -0.00200    6.20488    6.20632      8.074     0.0480   11.22207   3.847739 1.8073e-02    26.4174    26.4161 2.6296e-01     60.000          1       4814    1493.35 1.4546e+03  53597.887    200.554 1549478180      -0.07      0.530   40.04483  -71.54401    34.6867  1026.6997    26.4305    10.8736 0.0000e+00
     60.528    10.9506    34.5338  1026.6963     2.5475     5.6384     91.021   -0.00031    6.19459    6.19591      8.075     0.0548   11.20472   3.856236 1.5794e-02    26.4226    26.4213 2.3100e-01     61.000          1       4875    1493.64 1.4624e+03  53617.741    203.095 1549478183       0.11      0.464   40.04482  -71.54403    34.7055  1026.7062    26.4326    10.9432 0.0000e+00
     61.515    11.0316    34.5684  1026.7130     2.5539     5.6560     91.640    0.00290    6.17199    6.17305      8.080     0.0559   11.16673   3.867913 1.4130e-02    26.4350    26.4337 2.0617e-01     62.000          1       4964    1493.98 1.4591e+03  53651.978    206.808 1549478186       0.18      0.464   40.04482  -71.54405    34.7454  1026.7270    26.4490    11.0240 0.0000e+00
     62.505    11.1393    34.6082  1026.7288     2.5526     5.6306     91.222   -0.00089    6.17247    6.17354      8.080     0.0482   11.16753   3.881952 1.3228e-02    26.4465    26.4451 1.9198e-01     63.000          1       5002    1494.43 1.4507e+03  53688.888    208.363 1549478188       0.14      0.603   40.04482  -71.54406    34.7836  1026.7414    26.4591    11.1316 0.0000e+00
     63.501    11.1882    34.6268  1026.7389     2.5579     5.6312     91.620    0.00062    6.14623    6.14699      8.082     0.0720   11.12342   3.888364 1.1866e-02    26.4522    26.4507 1.7017e-01     64.000          1       5352    1494.63 1.4339e+03  53706.871    222.973 1549478203       0.17      0.400   40.04477  -71.54415    34.8009  1026.7504    26.4638    11.1803 0.0000e+00
     64.501    11.3708    34.6936  1026.7616     2.5451     5.5464     90.131   -0.00908    6.15368    6.15454      8.084     0.0712   11.13585   3.913119 9.5439e-03    26.4706    26.4691 1.3585e-01     65.000          1       5508    1495.37 1.4230e+03  53768.305    229.459 1549478209       0.23      0.668   40.04476  -71.54420    34.8744  1026.7781    26.4872    11.3627 0.0000e+00
     65.482    11.4756    34.7252  1026.7711     2.5244     5.4638     89.411   -0.00727    6.11096    6.11132      8.081     0.0710   11.06403   3.925454 1.0039e-02    26.4759    26.4744 1.4439e-01     66.000          1       5708    1495.78 1.4384e+03  53794.907    237.793 1549478217      -0.12      0.375   40.04474  -71.54426    34.8976  1026.7810    26.4859    11.4673 0.0000e+00
     66.482    11.5858    34.7676  1026.7880     2.5009     5.3900     88.200   -0.00890    6.11109    6.11145      8.080     0.0850   11.06426   3.940485 8.4864e-03    26.4884    26.4868 1.2143e-01     67.000          1       5803    1496.23 1.4307e+03  53835.773    241.764 1549478221       0.12      0.478   40.04473  -71.54428    34.9420  1026.7993    26.4998    11.5773 0.0000e+00
     67.468    11.6797    34.7971  1026.7976     2.4798     5.3279     87.493   -0.00652    6.08952    6.08963      8.080     0.0654   11.02791   3.952276 8.0912e-03    26.4938    26.4921 1.1665e-01     68.000          1       5931    1496.61 1.4418e+03  53861.285    247.074 1549478227      -0.06      0.334   40.04472  -71.54431    34.9696  1026.8075    26.5037    11.6710 0.0000e+00
     68.464    11.7902    34.8433  1026.8170     2.4533     5.2371     86.151   -0.00826    6.07902    6.07902      8.076     0.0716   11.01020   3.967972 6.9752e-03    26.5089    26.5072 1.0118e-01     69.000          1       6042    1497.06 1.4501e+03  53907.582    251.706 1549478231       0.32      0.258   40.04471  -71.54433    35.0198  1026.8298    26.5217    11.7814 0.0000e+00
     69.456    11.9967    34.9184  1026.8403     2.4137     5.0813     84.057   -0.01196    6.04497    6.04458      8.070     0.0449   10.95301   3.995918 6.6044e-03    26.5281    26.5263 9.4680e-02     70.000          1       6173    1497.87 1.4343e+03  53978.641    257.186 1549478237       0.16      0.342   40.04468  -71.54437    35.0994  1026.8563    26.5441    11.9876 0.0000e+00
     70.452    12.1650    34.9666  1026.8498     2.3819     5.0580     83.413   -0.00307    6.06377    6.06360      8.073     0.0422   10.98454   4.015391 6.1536e-03    26.5334    26.5316 9.1387e-02     71.000          1       6462    1498.52 1.4836e+03  54018.761    269.218 1549478249      -0.26      0.127   40.04466  -71.54444    35.1314  1026.8532    26.5368    12.1557 0.0000e+00
     69.449    11.9582    34.9028  1026.8355     2.4097     5.1759     85.331    0.00418    6.06571    6.06556      8.076     0.0575   10.98776   3.988575 6.6923e-03    26.5232    26.5215 9.8994e-02     70.000          1       6722    1497.72 1.4791e+03  53963.083    280.044 1549478260      -0.10     -0.257   40.04462  -71.54451    35.0635  1026.8360    26.5237    11.9492 0.0000e+00
     68.454    11.7997    34.8491  1026.8197     2.4356     5.3250     87.272    0.01281    6.10161    6.10187      8.087     0.0758   11.04818   3.967098 7.1435e-03    26.5116    26.5100 1.0251e-01     69.000          1       8346    1497.10 1.4351e+03  53914.204    347.725 1549478327      -0.03     -0.707   40.04445  -71.54493    35.0023  1026.8144    26.5064    11.7908 0.0000e+00
     67.468    11.6625    34.8027  1026.8052     2.4638     5.3987     88.252    0.00976    6.11734    6.11778      8.093     0.0713   11.07467   3.949681 8.0556e-03    26.5014    26.4998 1.1636e-01     68.000          1       8504    1496.56 1.4444e+03  53871.998    354.293 1549478334       0.11     -0.324   40.04443  -71.54497    34.9602  1026.8034    26.4996    11.6538 0.0000e+00
     66.482    11.5998    34.7753  1026.7913     2.4845     5.4684     88.779    0.00568    6.15957    6.16050      8.100     0.0536   11.14563   3.940647 9.0416e-03    26.4918    26.4902 1.3005e-01     67.000          1       8573    1496.29 1.4383e+03  53844.020    357.178 1549478337      -0.26     -0.388   40.04442  -71.54499    34.9305  1026.7877    26.4883    11.5913 0.0000e+00
     65.485    11.5021    34.7430  1026.7800     2.4990     5.5372     89.824    0.00989    6.16441    6.16539      8.101     0.0489   11.15379   3.927260 9.5968e-03    26.4848    26.4833 1.3961e-01     66.000          1       8602    1495.90 1.4546e+03  53815.039    358.368 1549478338      -0.23     -0.729   40.04442  -71.54500    34.8905  1026.7706    26.4755    11.4938 0.0000e+00
     64.490    11.3013    34.6813  1026.7649     2.5160     5.6166     91.065    0.01499    6.16766    6.16868      8.101     0.0908   11.15926   3.901470 1.0291e-02    26.4739    26.4724 1.5254e-01     65.000          1       8629    1495.11 1.4821e+03  53762.968    359.488 1549478339      -0.05     -0.883   40.04442  -71.54500    34.8242  1026.7521    26.4611    11.2933 0.0000e+00
     63.493    11.2489    34.6572  1026.7512     2.5299     5.6379     91.355    0.01141    6.17143    6.17249      8.101     0.0671   11.16563   3.894796 1.1424e-02    26.4647    26.4632 1.6963e-01     64.000          1       8663    1494.88 1.4850e+03  53738.431    360.897 1549478340       0.16     -0.774   40.04442  -71.54501    34.8077  1026.7445    26.4579    11.2410 0.0000e+00
     62.516    11.1653    34.6257  1026.7377     2.5413     5.6363     90.776    0.00020    6.20899    6.21048      8.100     0.0519   11.22890   3.883897 1.2721e-02    26.4554    26.4540 1.8603e-01     63.000          1       8747    1494.54 1.4627e+03  53708.628    364.413 1549478344      -0.01     -0.123   40.04440  -71.54504    34.7784  1026.7327    26.4504    11.1576 0.0000e+00
     61.528    11.0505    34.5749  1026.7147     2.5414     5.6548     90.824    0.00085    6.22608    6.22778      8.098     0.0472   11.25768   3.867051 1.3934e-02    26.4367    26.4353 2.0238e-01     62.000          1       8783    1494.06 1.4522e+03  53657.485    365.923 1549478345      -0.60     -0.612   40.04440  -71.54504    34.7189  1026.7030    26.4251    11.0429 0.0000e+00
     60.524    10.9756    34.5517  1026.7057     2.5418     5.6778     90.920    0.00169    6.24485    6.24677      8.099     0.0652   11.28920   3.857632 1.4989e-02    26.4321    26.4308 2.1967e-01     61.000          1       8800    1493.75 1.4654e+03  53638.221    366.618 1549478346      -0.59     -1.059   40.04440  -71.54504    34.6959  1026.6943    26.4207    10.9681 0.0000e+00
     59.519    10.9103    34.5265  1026.6934     2.5379     5.6541     90.504   -0.00078    6.24731    6.24925      8.099     0.0593   11.29333   3.848639 1.6166e-02    26.4242    26.4229 2.3879e-01     60.000          1       8817    1493.48 1.4771e+03  53614.539    367.324 1549478347      -0.26     -1.364   40.04440  -71.54504    34.6678  1026.6798    26.4106    10.9030 0.0000e+00
     58.532    10.7902    34.4834  1026.6769     2.5399     5.6655     90.650   -0.00016    6.24986    6.25183      8.099     0.0533   11.29765   3.833264 1.7343e-02    26.4120    26.4108 2.5775e-01     59.000          1       8858    1492.98 1.4864e+03  53575.474    369.022 1549478349       0.30     -0.856   40.04440  -71.54506    34.6272  1026.6654    26.4005    10.7831 0.0000e+00
     57.559    10.6323    34.4249  1026.6551     2.5482     5.7160     91.179    0.00188    6.26902    6.27121 -9.990e-29     0.0562   11.32991   3.813544 1.9852e-02    26.3945    26.3933 2.8768e-01     58.000          1       8952    1492.34 1.4486e+03  53522.395    372.971 1549478352      -0.39     -0.156   40.04438  -71.54508    34.5783  1026.6512    26.3906    10.6254 0.0000e+00
