CalculateIndicators/WaterTemperature/Data/CTD_NYOS/NY1902_06_1_6.cnv
* Sea-Bird SBE 9 Data File:
* FileName = C:\Seabird 9 CTD\Data\2019\201902_Offshore\NY1902_ctd_casts\NY1902_06_1_6.hex
* Software Version Seasave V 7.23.2
* Temperature SN = 4590
* Conductivity SN = 3228
* Number of Bytes Per Scan = 44
* Number of Voltage Words = 5
* Number of Scans Averaged by the Deck Unit = 1
* NMEA Latitude = 39 48.31 N
* NMEA Longitude = 071 27.30 W
* NMEA UTC (Time) = Feb 06 2019  21:01:58
* NMEA baud rate = 4800
** Ship: Seawolf
** Station: 1_6
** Operator: AJB
# nquan = 35
# nvalues = 1211                        
# units = specified
# name 0 = depSM: Depth [salt water, m]
# name 1 = t090C: Temperature [ITS-90, deg C]
# name 2 = sal00: Salinity, Practical [PSU]
# name 3 = density00: Density [density, kg/m^3]
# name 4 = sbeox0V: Oxygen raw, SBE 43 [V]
# name 5 = sbeox0ML/L: Oxygen, SBE 43 [ml/l]
# name 6 = sbeox0PS: Oxygen, SBE 43 [% saturation]
# name 7 = sbox0dV/dT: Oxygen, SBE 43 [dov/dt]
# name 8 = oxsolML/L: Oxygen Saturation, Garcia & Gordon [ml/l]
# name 9 = oxsatML/L: Oxygen Saturation, Weiss [ml/l]
# name 10 = ph: pH
# name 11 = flECO-AFL: Fluorescence, WET Labs ECO-AFL/FL [mg/m^3]
# name 12 = n2satML/L: Nitrogen Saturation [ml/l]
# name 13 = c0S/m: Conductivity [S/m]
# name 14 = cpar: CPAR/Corrected Irradiance [%]
# name 15 = sigma-é00: Density [sigma-theta, kg/m^3]
# name 16 = sigma-t00: Density [sigma-t, kg/m^3 ]
# name 17 = par: PAR/Irradiance, Biospherical/Licor
# name 18 = prDM: Pressure, Digiquartz [db]
# name 19 = pumps: Pump Status
# name 20 = scan: Scan Count
# name 21 = svCM: Sound Velocity [Chen-Millero, m/s]
# name 22 = spar: SPAR, Biospherical/Licor
# name 23 = specc: Specific Conductance [uS/cm]
# name 24 = timeS: Time, Elapsed [seconds]
# name 25 = timeY: Time, System [seconds]
# name 26 = accM: Acceleration [m/s^2]
# name 27 = dz/dtM: Descent Rate [m/s]
# name 28 = latitude: Latitude [deg]
# name 29 = longitude: Longitude [deg]
# name 30 = gsw_saA0: Absolute Salinity [g/kg]
# name 31 = gsw_densityA0: density, TEOS-10 [density, kg/m^3]
# name 32 = gsw_sigma0A0: density, TEOS-10 [sigma-0, kg/m^3 ]
# name 33 = gsw_ptA0: potential temperature [ITS-90, deg C]
# name 34 = flag: flag
# span 0 =      0.968,    600.492       
# span 1 =     5.3218,    13.8044       
# span 2 =    32.8495,    35.6878       
# span 3 =  1025.8166,  1030.4423       
# span 4 =     1.5428,     2.8748       
# span 5 =     2.9524,     7.0158       
# span 6 =     46.695,    106.546       
# span 7 =   -0.04280,    0.04842       
# span 8 =    5.80855,    7.01805       
# span 9 =    5.80562,    7.03290       
# span 10 =      7.772,     16.503      
# span 11 =    -0.0645,     0.7210      
# span 12 =   10.55415,   12.55876      
# span 13 =   3.274642,   4.247293      
# span 14 = 9.6590e-14, 9.9999e+04      
# span 15 =    25.8121,    27.6640      
# span 16 =    25.8121,    27.6579      
# span 17 = 1.0000e-12, 9.9840e+01      
# span 18 =      1.000,    606.000      
# span 19 =          0,          1      
# span 20 =        255,      56622      
# span 21 =    1473.37,    1505.60      
# span 22 = -1.232e+00, 1.1627e+03      
# span 23 =  52252.335,  56136.012      
# span 24 =     10.585,   2359.192      
# span 25 = 1549486930, 1549489278      
# span 26 =      -1.04,       0.83      
# span 27 =     -2.231,      1.216      
# span 28 =   39.79717,   39.80522      
# span 29 =  -71.46607,  -71.45512      
# span 30 =    33.0021,    35.8612      
# span 31 =  1025.8193,  1030.4453      
# span 32 =    25.8092,    27.6670      
# span 33 =     5.2709,    13.7891      
# span 34 = 0.0000e+00, 0.0000e+00      
# interval = decibars: 1                
# start_time = Feb 06 2019 21:01:59 [System UTC, first data scan.]
# bad_flag = -9.990e-29
*END*
[from data line 912]
    296.500     9.3292    35.2143  1028.5846     1.5571     3.0520     47.774   -0.00028    6.38842    6.39315      8.384    -0.0278   11.51745   3.780288 3.6836e-13    27.2379    27.2324 1.0000e-12    299.000          1      44946    1492.59 2.7147e+02  55047.933   1872.708 1549488792       0.05     -1.362   39.79878  -71.46374    35.3885  1028.5930    27.2464     9.2957 0.0000e+00
    295.520     9.3498    35.2169  1028.5786     1.5574     3.0525     47.793   -0.00022    6.38680    6.39150      8.315    -0.0175   11.51476   3.782537 3.5862e-13    27.2365    27.2310 1.0000e-12    298.000          1      44965    1492.65 2.7887e+02  55046.325   1873.479 1549488793       0.07     -1.280   39.79878  -71.46374    35.3922  1028.5879    27.2459     9.3163 0.0000e+00
    294.525     9.3628    35.2172  1028.5721     1.5573     3.0538     47.819    0.00010    6.38617    6.39086      8.352    -0.0250   11.51370   3.783606 3.5235e-13    27.2346    27.2291 1.0000e-12    297.000          1      44980    1492.69 2.8381e+02  55043.255   1874.105 1549488793      -0.24     -1.335   39.79878  -71.46374    35.3909  1028.5802    27.2428     9.3294 0.0000e+00
    293.520     9.3676    35.2184  1028.5676     1.5573     3.0532     47.814    0.00007    6.38553    6.39022      8.352    -0.0306   11.51264   3.784165 3.5033e-13    27.2347    27.2292 1.0000e-12    296.000          1      44993    1492.69 2.8545e+02  55043.085   1874.672 1549488794      -0.38     -1.535   39.79878  -71.46375    35.3924  1028.5760    27.2431     9.3343 0.0000e+00
    292.519     9.3892    35.2208  1028.5612     1.5569     3.0497     47.761   -0.00025    6.38542    6.39010      8.919    -0.0312   11.51244   3.786582 3.4928e-13    27.2330    27.2275 1.0000e-12    295.000          1      45009    1492.75 2.8631e+02  55040.889   1875.330 1549488795      -0.01     -1.675   39.79878  -71.46376    35.3968  1028.5712    27.2429     9.3560 0.0000e+00
    291.535     9.4112    35.2217  1028.5537     1.5569     3.0496     47.760   -0.00020    6.38532    6.39000     13.403    -0.0470   11.51227   3.788503 3.5024e-13    27.2301    27.2246 1.0000e-12    294.000          1      45035    1492.82 2.8552e+02  55036.691   1876.403 1549488796       0.52     -1.246   39.79877  -71.46376    35.3955  1028.5620    27.2384     9.3780 0.0000e+00
    290.563     9.4239    35.2245  1028.5493     1.5568     3.0397     47.758    0.00001    6.36478    6.36917     11.465    -0.0394   11.47820   3.789763 3.5590e-13    27.2302    27.2247 1.0000e-12    293.000          1      45087    1492.85 2.8098e+02  55037.126   1878.592 1549488798       0.13     -0.346   39.79876  -71.46376    35.3966  1028.5561    27.2371     9.3908 0.0000e+00
    289.577     9.4242    35.2255  1028.5456     1.5585     3.0450     47.948    0.00120    6.35057    6.35475     11.149    -0.0358   11.45465   3.789851 3.6039e-13    27.2309    27.2254 1.0000e-12    292.000          1      45118    1492.83 2.7749e+02  55037.852   1879.880 1549488799      -0.57     -0.605   39.79876  -71.46376    35.3977  1028.5524    27.2379     9.3912 0.0000e+00
    288.582     9.4442    35.2297  1028.5408     1.5583     3.0415     47.902    0.00091    6.34948    6.35365     11.657    -0.0350   11.45284   3.793088 3.6594e-13    27.2308    27.2253 1.0000e-12    291.000          1      45134    1492.90 2.7327e+02  55038.673   1880.544 1549488800      -0.67     -1.057   39.79876  -71.46376    35.4121  1028.5557    27.2458     9.4113 0.0000e+00
    287.585     9.5335    35.2365  1028.5262     1.5571     3.0291     47.717   -0.00021    6.34796    6.35211     13.569    -0.0396   11.45032   3.802320 3.6956e-13    27.2213    27.2158 1.0000e-12    290.000          1      45148    1493.21 2.7059e+02  55027.453   1881.119 1549488800      -0.55     -1.410   39.79876  -71.46376    35.4205  1028.5423    27.2375     9.5005 0.0000e+00
    286.593     9.5946    35.2404  1028.5142     1.5559     3.0171     47.538   -0.00137    6.34682    6.35095     11.908    -0.0325   11.44841   3.808446 3.6688e-13    27.2141    27.2086 1.0000e-12    289.000          1      45161    1493.42 2.7257e+02  55018.933   1881.662 1549488801      -0.36     -1.656   39.79876  -71.46376    35.4244  1028.5303    27.2303     9.5616 0.0000e+00
    285.601     9.6481    35.2416  1028.5013     1.5552     3.0095     47.431   -0.00201    6.34506    6.34916      8.340    -0.0411   11.44548   3.813078 3.6027e-13    27.2061    27.2006 1.0000e-12    288.000          1      45174    1493.60 2.7757e+02  55008.092   1882.189 1549488802      -0.20     -1.799   39.79876  -71.46376    35.4201  1028.5132    27.2181     9.6151 0.0000e+00
    284.603     9.6605    35.2431  1028.4958     1.5549     3.0117     47.468   -0.00157    6.34466    6.34876      8.295    -0.0433   11.44483   3.814286 3.5646e-13    27.2052    27.1996 1.0000e-12    287.000          1      45186    1493.64 2.8054e+02  55007.114   1882.707 1549488802      -0.11     -1.874   39.79875  -71.46377    35.4209  1028.5072    27.2166     9.6276 0.0000e+00
    283.602     9.6712    35.2439  1028.4900     1.5544     3.0138     47.500   -0.00105    6.34483    6.34893      8.594    -0.0328   11.44511   3.815232 3.5420e-13    27.2040    27.1985 1.0000e-12    286.000          1      45200    1493.66 2.8233e+02  55005.071   1883.272 1549488803       0.04     -1.897   39.79874  -71.46378    35.4207  1028.5007    27.2147     9.6384 0.0000e+00
    282.608     9.6860    35.2469  1028.4853     1.5532     3.0088     47.424   -0.00116    6.34449    6.34859      8.662    -0.0253   11.44453   3.816893 3.5541e-13    27.2038    27.1983 1.0000e-12    285.000          1      45220    1493.70 2.8137e+02  55005.538   1884.141 1549488803       0.54     -1.587   39.79874  -71.46380    35.4238  1028.4960    27.2146     9.6533 0.0000e+00
    281.648     9.7124    35.2499  1028.4787 -9.990e-29     3.0106     47.497   -0.00009    6.33856    6.34257      8.497 -9.990e-29   11.43469   3.819372 3.5524e-13    27.2017    27.1962 1.0000e-12    284.000          1      45280    1493.78 2.8151e+02  55003.388   1886.608 1549488806       0.19     -0.139   39.79874  -71.46380    35.4240  1028.4870    27.2102     9.6797 0.0000e+00
    280.653     9.7176    35.2516  1028.4745 -9.990e-29     3.0032     47.497   -0.00001    6.32289    6.32668      8.539 -9.990e-29   11.40868   3.820032 3.6709e-13    27.2021    27.1966 1.0000e-12    283.000          1      45310    1493.78 2.7248e+02  55003.859   1887.863 1549488807      -0.52     -0.666   39.79874  -71.46380    35.4262  1028.4833    27.2110     9.6850 0.0000e+00
    279.657     9.7288    35.2524  1028.4687     1.5527     2.9998     47.500    0.00008    6.31533    6.31902      8.404    -0.0297   11.39616   3.821104 5.7566e-13    27.2009    27.1954 1.0000e-12    282.000          1      45329    1493.81 1.9210e+02  55002.083   1888.652 1549488808      -0.38     -1.036   39.79874  -71.46380    35.4266  1028.4772    27.2095     9.6964 0.0000e+00
    278.663     9.7438    35.2534  1028.4623     1.5529     2.9988     47.503    0.00011    6.31300    6.31665      7.933    -0.0284   11.39227   3.822641 1.1458e-12    27.1991    27.1936 1.0000e-12    281.000          1      45346    1493.85 8.7399e+01  54999.555   1889.384 1549488809      -0.23     -1.262   39.79874  -71.46380    35.4283  1028.4714    27.2083     9.7114 0.0000e+00
    277.675     9.7788    35.2584  1028.4556     1.5527     2.9968     47.483    0.00005    6.31131    6.31494      7.881    -0.0246   11.38948   3.827009 1.1993e-12    27.1971    27.1916 1.0000e-12    280.000          1      45363    1493.97 8.3684e+01  54998.313   1890.104 1549488809      -0.07     -1.362   39.79872  -71.46380    35.4395  1028.4695    27.2111     9.7465 0.0000e+00
    276.687     9.8571    35.2653  1028.4428     1.5522     2.9936     47.429   -0.00020    6.31176    6.31540      7.883    -0.0151   11.39020   3.835204 6.6857e-13    27.1892    27.1837 1.0000e-12    279.000          1      45379    1494.24 1.7944e+02  54990.414   1890.769 1549488810      -0.09     -1.406   39.79872  -71.46381    35.4476  1028.4575    27.2041     9.8248 0.0000e+00
    275.693     9.9032    35.2669  1028.4314     1.5514     2.9860     47.332   -0.00074    6.30855    6.31213      7.883    -0.0154   11.38488   3.839703 3.5151e-13    27.1826    27.1771 1.0000e-12    278.000          1      45394    1494.39 2.8112e+02  54982.626   1891.367 1549488811      -0.21     -1.499   39.79872  -71.46382    35.4492  1028.4462    27.1975     9.8709 0.0000e+00
    274.697     9.9234    35.2692  1028.4251     1.5516     2.9848     47.334   -0.00079    6.30581    6.30936      7.884    -0.0167   11.38031   3.841365 3.5662e-13    27.1809    27.1754 1.0000e-12    277.000          1      45408    1494.45 2.8041e+02  54980.713   1891.938 1549488811      -0.23     -1.630   39.79872  -71.46382    35.4469  1028.4364    27.1923     9.8912 0.0000e+00
    273.699     9.9369    35.2709  1028.4196     1.5515     2.9867     47.370   -0.00040    6.30510    6.30864      7.886    -0.0302   11.37913   3.842693 3.5662e-13    27.1800    27.1745 1.0000e-12    276.000          1      45422    1494.48 2.8041e+02  54979.479   1892.530 1549488812      -0.07     -1.716   39.79872  -71.46382    35.4479  1028.4303    27.1907     9.9047 0.0000e+00
    272.702     9.9426    35.2715  1028.4145     1.5512     2.9879     47.389   -0.00010    6.30513    6.30867      7.888    -0.0384   11.37918   3.843057 3.5817e-13    27.1794    27.1740 1.0000e-12    275.000          1      45438    1494.49 2.7920e+02  54978.617   1893.228 1549488813       0.22     -1.654   39.79872  -71.46382    35.4465  1028.4237    27.1887     9.9105 0.0000e+00
    271.720     9.9717    35.2759  1028.4083     1.5509     2.9854     47.354   -0.00021    6.30455    6.30808      8.545    -0.0333   11.37820   3.846325 3.6085e-13    27.1779    27.1724 1.0000e-12    274.000          1      45476    1494.58 2.7712e+02  54977.950   1894.804 1549488814       0.47     -0.865   39.79872  -71.46383    35.4520  1028.4183    27.1880     9.9397 0.0000e+00
    270.745     9.9880    35.2796  1028.4038     1.5517     2.9894     47.450    0.00056    6.30019    6.30366      7.772    -0.0334   11.37095   3.847922 3.7519e-13    27.1779    27.1724 1.0000e-12    273.000          1      45535    1494.63 2.6665e+02  54978.968   1897.249 1549488817      -0.30     -0.319   39.79872  -71.46384    35.4529  1028.4117    27.1859     9.9561 0.0000e+00
    269.757     9.9927    35.2807  1028.3994     1.5519     2.9830     47.389    0.00002    6.29463    6.29802      7.865    -0.0360   11.36171   3.848459 3.9828e-13    27.1780    27.1725 1.0000e-12    272.000          1      45558    1494.63 2.5109e+02  54978.931   1898.221 1549488818      -0.45     -0.750   39.79870  -71.46384    35.4543  1028.4074    27.1862     9.9608 0.0000e+00
    268.761    10.0001    35.2813  1028.3940     1.5520     2.9823     47.411    0.00028    6.29028    6.29362      7.874    -0.0276   11.35450   3.849171 3.9825e-13    27.1772    27.1717 1.0000e-12    271.000          1      45575    1494.64 2.5111e+02  54977.613   1898.897 1549488818      -0.56     -1.098   39.79870  -71.46384    35.4548  1028.4020    27.1853     9.9684 0.0000e+00
    267.768    10.0080    35.2823  1028.3889     1.5527     2.9865     47.468    0.00053    6.29169    6.29504      7.876    -0.0374   11.35683   3.850027 3.8403e-13    27.1766    27.1712 1.0000e-12    270.000          1      45588    1494.65 2.6045e+02  54976.727   1899.465 1549488819      -0.54     -1.418   39.79870  -71.46384    35.4563  1028.3973    27.1850     9.9764 0.0000e+00
    266.776    10.0171    35.2832  1028.3835     1.5527     2.9837     47.469    0.00057    6.28561    6.28888      7.877    -0.0415   11.34670   3.850942 3.6942e-13    27.1757    27.1703 1.0000e-12    269.000          1      45601    1494.67 2.7071e+02  54975.464   1899.980 1549488819      -0.43     -1.669   39.79870  -71.46384    35.4573  1028.3919    27.1842     9.9856 0.0000e+00
    265.781    10.0289    35.2842  1028.3776     1.5528     2.9819     47.466    0.00049    6.28232    6.28554      7.878    -0.0308   11.34128   3.852201 3.6424e-13    27.1744    27.1690 1.0000e-12    268.000          1      45612    1494.70 2.7454e+02  54973.732   1900.465 1549488820      -0.33     -1.853   39.79870  -71.46384    35.4591  1028.3867    27.1836     9.9975 0.0000e+00
    264.782    10.0516    35.2869  1028.3712     1.5537     2.9839     47.507    0.00052    6.28101    6.28422      7.878    -0.0286   11.33910   3.854805 3.6236e-13    27.1726    27.1672 1.0000e-12    267.000          1      45624    1494.77 2.7597e+02  54971.997   1900.945 1549488820      -0.22     -1.986   39.79870  -71.46386    35.4641  1028.3820    27.1835    10.0203 0.0000e+00
    263.783    10.0716    35.2892  1028.3649     1.5541     2.9868     47.562    0.00085    6.27974    6.28293      7.879    -0.0276   11.33698   3.856901 3.5954e-13    27.1710    27.1656 1.0000e-12    266.000          1      45636    1494.82 2.7814e+02  54970.677   1901.460 1549488821      -0.03     -2.049   39.79870  -71.46386    35.4664  1028.3758    27.1819    10.0404 0.0000e+00
    262.787    10.0891    35.2891  1028.3572     1.5549     2.9905     47.631    0.00119    6.27846    6.28164      7.880    -0.0263   11.33486   3.858091 3.5916e-13    27.1679    27.1625 1.0000e-12    265.000          1      45651    1494.87 2.7843e+02  54965.933   1902.092 1549488821       0.34     -1.934   39.79870  -71.46386    35.4620  1028.3648    27.1754    10.0579 0.0000e+00
    261.808    10.1439    35.2969  1028.3490     1.5545     2.9811     47.501    0.00016    6.27585    6.27899      7.882    -0.0244   11.33051   3.864370 3.6304e-13    27.1644    27.1590 1.0000e-12    264.000          1      45689    1495.06 2.7546e+02  54964.936   1903.671 1549488823       0.54     -0.928   39.79868  -71.46388    35.4731  1028.3592    27.1746    10.1128 0.0000e+00
    260.836    10.1922    35.3027  1028.3406     1.5555     2.9797     47.560    0.00056    6.26509    6.26808      7.884    -0.0281   11.31262   3.869260 4.3393e-13    27.1607    27.1553 1.0000e-12    263.000          1      45755    1495.22 2.3599e+02  54962.565   1906.409 1549488826      -0.23     -0.252   39.79868  -71.46388    35.4765  1028.3487    27.1689    10.1611 0.0000e+00
    259.849    10.2004    35.3047  1028.3362     1.5570     2.9832     47.682    0.00119    6.25649    6.25937      7.887 -9.990e-29   11.29834   3.870359 9.8869e-13    27.1607    27.1553 1.0000e-12    262.000          1      45777    1495.24 1.0111e+02  54963.014   1907.343 1549488827      -0.58     -0.681   39.79868  -71.46388    35.4802  1028.3456    27.1703    10.1693 0.0000e+00
    258.854    10.2247    35.3066  1028.3288     1.5581     2.9882     47.760    0.00151    6.25666    6.25954      7.887 -9.990e-29   11.29863   3.872861 9.7080e-13    27.1580    27.1526 1.0000e-12    261.000          1      45792    1495.31 1.0306e+02  54959.935   1907.955 1549488827      -0.76     -1.115   39.79868  -71.46388    35.4825  1028.3385    27.1679    10.1937 0.0000e+00
    257.859    10.2366    35.3077  1028.3230     1.5588     2.9881     47.794    0.00155    6.25205    6.25487      7.887 -9.990e-29   11.29094   3.873900 9.1824e-13    27.1568    27.1514 1.0000e-12    260.000          1      45804    1495.34 1.0891e+02  54958.532   1908.471 1549488828      -0.70     -1.496   39.79868  -71.46388    35.4819  1028.3315    27.1653    10.2057 0.0000e+00
    256.863    10.2477    35.3100  1028.3182     1.5601     2.9913     47.872    0.00177    6.24857    6.25134      7.887 -9.990e-29   11.28517   3.875414 5.2041e-13    27.1566    27.1512 1.0000e-12    259.000          1      45815    1495.36 2.1177e+02  54958.694   1908.936 1549488828      -0.57     -1.787   39.79866  -71.46390    35.4870  1028.3289    27.1673    10.2170 0.0000e+00
