CalculateIndicators/WaterTemperature/Data/CTD_NYOS/NY1902_06_1_4.cnv
* Sea-Bird SBE 9 Data File:
* FileName = C:\Seabird 9 CTD\Data\2019\201902_Offshore\NY1902_ctd_casts\NY1902_06_1_4.hex
* Software Version Seasave V 7.23.2
* Temperature SN = 4590
* Conductivity SN = 3228
* Number of Bytes Per Scan = 44
* Number of Voltage Words = 5
* Number of Scans Averaged by the Deck Unit = 1
* NMEA Latitude = 40 17.03 N
* NMEA Longitude = 071 37.97 W
* NMEA UTC (Time) = Feb 06 2019  15:36:29
* NMEA baud rate = 4800
** Ship: Seawolf
** Station: 1_4
** Operator: AJB
# nquan = 35
# nvalues = 115                         
# units = specified
# name 0 = depSM: Depth [salt water, m]
# name 1 = t090C: Temperature [ITS-90, deg C]
# name 2 = sal00: Salinity, Practical [PSU]
# name 3 = density00: Density [density, kg/m^3]
# name 4 = sbeox0V: Oxygen raw, SBE 43 [V]
# name 5 = sbeox0ML/L: Oxygen, SBE 43 [ml/l]
# name 6 = sbeox0PS: Oxygen, SBE 43 [% saturation]
# name 7 = sbox0dV/dT: Oxygen, SBE 43 [dov/dt]
# name 8 = oxsolML/L: Oxygen Saturation, Garcia & Gordon [ml/l]
# name 9 = oxsatML/L: Oxygen Saturation, Weiss [ml/l]
# name 10 = ph: pH
# name 11 = flECO-AFL: Fluorescence, WET Labs ECO-AFL/FL [mg/m^3]
# name 12 = n2satML/L: Nitrogen Saturation [ml/l]
# name 13 = c0S/m: Conductivity [S/m]
# name 14 = cpar: CPAR/Corrected Irradiance [%]
# name 15 = sigma-é00: Density [sigma-theta, kg/m^3]
# name 16 = sigma-t00: Density [sigma-t, kg/m^3 ]
# name 17 = par: PAR/Irradiance, Biospherical/Licor
# name 18 = prDM: Pressure, Digiquartz [db]
# name 19 = pumps: Pump Status
# name 20 = scan: Scan Count
# name 21 = svCM: Sound Velocity [Chen-Millero, m/s]
# name 22 = spar: SPAR, Biospherical/Licor
# name 23 = specc: Specific Conductance [uS/cm]
# name 24 = timeS: Time, Elapsed [seconds]
# name 25 = timeY: Time, System [seconds]
# name 26 = accM: Acceleration [m/s^2]
# name 27 = dz/dtM: Descent Rate [m/s]
# name 28 = latitude: Latitude [deg]
# name 29 = longitude: Longitude [deg]
# name 30 = gsw_saA0: Absolute Salinity [g/kg]
# name 31 = gsw_densityA0: density, TEOS-10 [density, kg/m^3]
# name 32 = gsw_sigma0A0: density, TEOS-10 [sigma-0, kg/m^3 ]
# name 33 = gsw_ptA0: potential temperature [ITS-90, deg C]
# name 34 = flag: flag
# span 0 =     -1.545,     67.472       
# span 1 =     6.4360,     6.9223       
# span 2 =    31.3677,    33.7331       
# span 3 =   980.4631,  1054.6551       
# span 4 =     2.5630,     2.7568       
# span 5 =     6.3828,     6.8657       
# span 6 =     92.612,     99.620       
# span 7 =   -0.00224,    0.00301       
# span 8 =    6.58779,    7.08589       
# span 9 =    6.59708,    7.09587       
# span 10 =      7.674,      8.254      
# span 11 =     0.1777,     0.4618      
# span 12 =   11.83220,   12.72681      
# span 13 =   3.160319,   3.399266      
# span 14 = 1.3980e-04, 5.1105e+00      
# span 15 =    24.5983,    26.4534      
# span 16 =    24.5983,    26.4533      
# span 17 = 2.6452e-03, 9.7927e+01      
# span 18 =      1.000,     68.000      
# span 19 =          1,          1      
# span 20 =       7235,      24938      
# span 21 =    1409.78,    1516.59      
# span 22 = 5.8620e+02, 1.9435e+03      
# span 23 =  49792.899,  53557.957      
# span 24 =    301.418,   1039.055      
# span 25 = 1481090686, 1593078222      
# span 26 =      -0.76,      52.41      
# span 27 =     -0.986,     21.997      
# span 28 =   38.50570,   41.41718      
# span 29 =  -73.65015,  -68.47282      
# span 30 =    31.5127,    33.8910      
# span 31 =   980.4956,  1054.6729      
# span 32 =    24.5973,    26.4539      
# span 33 =     6.4355,     6.9209      
# span 34 = 0.0000e+00, 0.0000e+00      
# interval = decibars: 1                
# start_time = Feb 06 2019 15:36:31 [System UTC, first data scan.]
# bad_flag = -9.990e-29
*END*
     -1.541     6.7335    32.8157  1025.7266     2.6813     6.6764     96.873   -0.00068    6.89192    6.90163      8.028     0.3753   12.37843   3.306233 1.2600e-01    25.7337    25.7337 2.3677e+00      2.000          1       7566    1474.86 1.8792e+03  52091.223    315.214 1549467706      -0.02     -0.003   40.28338  -71.63398    32.9693  1025.7435    25.7343     6.7333 0.0000e+00
     -1.544     6.7334    32.8157  1025.7266     2.6813     6.6767     96.877   -0.00064    6.89194    6.90164      8.028     0.3753   12.37845   3.306228 1.2594e-01    25.7337    25.7337 2.3679e+00      3.000          1       7567    1474.86 1.8803e+03  52091.008    315.253 1549467706      -0.02     -0.004   40.28338  -71.63398    32.9689  1025.7477    25.7340     6.7331 0.0000e+00
     -1.545     6.7333    32.8158  1025.7266     2.6813     6.6770     96.881   -0.00060    6.89194    6.90165      8.028     0.3753   12.37846   3.306224 1.2586e-01    25.7338    25.7338 2.3678e+00      4.000          1       7568    1474.86 1.8813e+03  52091.533    315.281 1549467706      -0.03     -0.005   40.28338  -71.63398    32.9684  1025.7520    25.7336     6.7330 0.0000e+00
     -1.254     6.4360    31.3677   980.4631     2.5630     6.3828     92.612   -0.00052    6.58779    6.59708      7.674     0.3587   11.83220   3.160319 1.2016e-01    24.5983    24.5983 2.2625e+00      6.000          1       7235    1409.78 1.7998e+03  49792.899    301.418 1481090686      -0.02     -0.006   38.50570  -68.47282    31.5127   980.4956    24.5973     6.4355 0.0000e+00
     -0.118     6.9150    33.7028  1053.4745     2.7538     6.8582     99.511   -0.00052    7.07833    7.08829      8.245     0.3855   12.71322   3.395640 1.2895e-01    26.4295    26.4295 2.4292e+00      9.000          1       7775    1514.77 1.9349e+03  53500.920    323.904 1591373885      -0.02     -0.007   41.37287  -73.57136    33.8581  1053.5151    26.4281     6.9142 0.0000e+00
      4.022     6.7957    33.1198  1035.3273     2.7063     6.7401     97.797   -0.00050    6.95627    6.96607      8.103     0.3788   12.49399   3.337086 1.2660e-01    25.9723    25.9722 2.3857e+00     12.000          1       7642    1488.72 1.9020e+03  52578.659    318.362 1563934096       2.47      0.096   40.65948  -72.30278    33.2728  1035.3629    25.9713     6.7947 0.0000e+00
     12.125     6.9223    33.7331  1054.6551     2.7568     6.8657     99.620   -0.00050    7.08589    7.09587      8.254     0.3859   12.72681   3.399266 1.2886e-01    26.4534    26.4533 2.4282e+00     16.000          1       7785    1516.59 1.9374e+03  53557.957    324.337 1593078222      11.08      0.559   41.41718  -73.65015    33.8910  1054.6729    26.4539     6.9209 0.0000e+00
     20.707     6.5631    31.9787   999.9824     2.6138     6.5097     94.454   -0.00047    6.71829    6.72775      7.826     0.3658   12.06656   3.222919 1.2208e-01    25.0776    25.0774 2.3006e+00     19.000          1       7382    1438.06 1.8371e+03  50780.193    307.552 1510434889      33.41      1.922   39.26860  -69.82944    32.1310   999.9764    25.0802     6.5614 0.0000e+00
     29.438     6.6499    32.3980  1013.2609     2.6484     6.5960     95.706   -0.00045    6.80724    6.81683      7.929     0.3707   12.22635   3.265597 1.2363e-01    25.4066    25.4063 2.3302e+00     23.000          1       7481    1457.23 1.8617e+03  51452.592    311.666 1530437054      52.41      4.132   39.78862  -70.75417    32.5548  1013.2346    25.4110     6.6479 0.0000e+00
     35.939     6.8315    33.2800  1040.9590     2.7207     6.7762     98.322   -0.00046    6.99315    7.00299      8.146     0.3824   12.56025   3.354785 1.2699e-01    26.0983    26.0979 2.3939e+00     27.000          1       7686    1497.12 1.9129e+03  52857.619    320.220 1572236013      51.78      6.402   40.87532  -72.68659    33.4423  1040.9222    26.1038     6.8292 0.0000e+00
     37.004     6.6660    32.4724  1015.7353     2.6548     6.6121     95.940   -0.00044    6.82363    6.83325      7.949     0.3760   12.25579   3.273471 1.2386e-01    25.4650    25.4646 2.3358e+00     29.000          1       7501    1460.87 1.8672e+03  51575.951    312.500 1534126442      48.27      8.257   39.88453  -70.92473    32.6304  1015.7024    25.4701     6.6635 0.0000e+00
     36.989     6.6576    32.4308  1014.4395     2.6514     6.6036     95.817   -0.00043    6.81493    6.82452      7.938     0.3771   12.24014   3.269298 1.2362e-01    25.4324    25.4320 2.3320e+00     31.000          1       7492    1459.01 1.8652e+03  51510.299    312.143 1532169023      45.94     10.161   39.83365  -70.83424    32.5877  1014.4149    25.4368     6.6550 0.0000e+00
     37.519     6.7513    32.8866  1028.6983     2.6886     6.6965     97.165   -0.00042    6.91071    6.92043      8.050     0.3808   12.41218   3.315251 1.2534e-01    25.7898    25.7893 2.3640e+00     33.000          1       7599    1479.52 1.8913e+03  52234.206    316.571 1553705084      44.27     12.149   40.39354  -71.82988    33.0449  1028.6801    25.7936     6.7484 0.0000e+00
     37.428     6.7329    32.7970  1025.8929     2.6815     6.6788     96.907   -0.00041    6.89187    6.90157      8.028     0.3757   12.37834   3.306210 1.2505e-01    25.7195    25.7191 2.3582e+00     34.000          1       7579    1475.48 1.8859e+03  52091.625    315.747 1549467706      42.06     13.724   40.28338  -71.63398    32.9542  1025.8792    25.7229     6.7299 0.0000e+00
     37.441     6.7328    32.7970  1025.8929     2.6816     6.6793     96.915   -0.00039    6.89187    6.90158      8.028     0.3691   12.37835   3.306207 1.2517e-01    25.7195    25.7191 2.3601e+00     35.000          1       7580    1475.48 1.8856e+03  52091.870    315.792 1549467706      39.55     15.528   40.28338  -71.63398    32.9539  1025.8834    25.7226     6.7297 0.0000e+00
     37.460     6.7327    32.7971  1025.8931     2.6817     6.6799     96.924   -0.00036    6.89189    6.90159      8.028     0.3635   12.37837   3.306199 1.2536e-01    25.7196    25.7192 2.3638e+00     36.000          1       7582    1475.48 1.8857e+03  52092.067    315.859 1549467707      35.88     17.964   40.28338  -71.63398    32.9534  1025.8877    25.7223     6.7295 0.0000e+00
     37.497     6.7326    32.7971  1025.8933     2.6821     6.6820     96.954   -0.00027    6.89190    6.90160      8.028     0.3631   12.37839   3.306204 1.2507e-01    25.7197    25.7192 2.3604e+00     37.000          1       7585    1475.48 1.8873e+03  52092.152    315.992 1549467707      28.54     21.997   40.28338  -71.63398    32.9531  1025.8921    25.7221     6.7294 0.0000e+00
     37.768     6.7312    32.7978  1025.8953     2.6819     6.6764     96.865   -0.00103    6.89251    6.90223      8.028     0.4098   12.37937   3.306133 1.2778e-01    25.7204    25.7199 2.2305e+00     38.000          1       7994    1475.48 1.7692e+03  52093.680    333.046 1549467724       2.12     11.121   40.28336  -71.63404    32.9532  1025.8969    25.7223     6.7279 0.0000e+00
     38.691     6.7144    32.8069  1025.9090     2.6766     6.6576     96.545   -0.00197    6.89585    6.90563      8.027     0.4228   12.38474   3.305528 1.2531e-01    25.7298    25.7293 2.0218e+00     39.000          1       8526    1475.44 1.6395e+03  52111.942    355.189 1549467746      -0.06     -0.764   40.28334  -71.63413    32.9621  1025.9108    25.7315     6.7110 0.0000e+00
     39.699     6.6963    32.8101  1025.9185     2.6764     6.6772     96.770    0.00000    6.90007    6.90992      8.026     0.3872   12.39166   3.304160 1.1053e-01    25.7346    25.7342 1.6394e+00     40.000          1       8567    1475.39 1.5421e+03  52122.124    356.935 1549467748       0.38      0.394   40.28334  -71.63413    32.9639  1025.9192    25.7353     6.6928 0.0000e+00
     40.680     6.6578    32.8199  1025.9358     2.6817     6.7099     97.207    0.00148    6.90270    6.91261      8.028     0.3402   12.39590   3.301798 7.8753e-02    25.7474    25.7469 1.4150e+00     41.000          1       8695    1475.26 1.7996e+03  52147.317    362.266 1549467753       0.42      0.298   40.28334  -71.63414    32.9744  1025.9371    25.7486     6.6542 0.0000e+00
     41.678     6.6611    32.8222  1025.9419     2.6823     6.7024     97.102    0.00034    6.90245    6.91235 -9.990e-29     0.3690   12.39549   3.302380 8.6315e-02    25.7488    25.7484 1.2558e+00     42.000          1       8736    1475.30 1.5420e+03  52150.497    363.972 1549467755      -0.04      0.592   40.28334  -71.63415    32.9772  1025.9434    25.7503     6.6575 0.0000e+00
     42.666     6.6571    32.8248  1025.9491 -9.990e-29     6.7044     97.143    0.00010    6.90164    6.91155      8.026     0.3355   12.39401   3.302344 6.1987e-02    25.7514    25.7509 1.0789e+00     43.000          1       8865    1475.31 1.7648e+03  52156.019    369.319 1549467760       0.04      0.315   40.28334  -71.63417    32.9802  1025.9509    25.7532     6.6534 0.0000e+00
     43.645     6.6595    32.8332  1025.9599     2.6814     6.6888     96.930   -0.00106    6.90064    6.91054      8.023     0.2996   12.39226   3.303480 6.1267e-02    25.7577    25.7573 8.9515e-01     44.000          1       8948    1475.34 1.4990e+03  52168.158    372.792 1549467764       0.30      0.253   40.28333  -71.63418    32.9900  1025.9629    25.7606     6.6556 0.0000e+00
     44.655     6.6649    32.8412  1025.9702     2.6756     6.6615     96.538   -0.00224    6.90033    6.91022      8.023     0.2929   12.39172   3.304661 4.5838e-02    25.7633    25.7628 7.5102e-01     45.000          1       9000    1475.39 1.6609e+03  52178.698    374.961 1549467766       0.20      0.433   40.28332  -71.63419    32.9973  1025.9725    25.7657     6.6610 0.0000e+00
     45.640     6.6677    32.8453  1025.9776     2.6680     6.6455     96.320   -0.00133    6.89942    6.90931      8.023     0.2673   12.39017   3.305310 4.1443e-02    25.7662    25.7657 7.1201e-01     46.000          1       9110    1475.42 1.7455e+03  52184.535    379.532 1549467770       0.01      0.254   40.28332  -71.63420    33.0013  1025.9799    25.7685     6.6637 0.0000e+00
     46.633     6.6712    32.8487  1025.9844     2.6638     6.6304     96.109   -0.00163    6.89879    6.90867 -9.990e-29     0.2162   12.38910   3.305983 3.9553e-02    25.7684    25.7679 5.9612e-01     47.000          1       9177    1475.45 1.5656e+03  52189.068    382.341 1549467773       0.22      0.377   40.28332  -71.63420    33.0050  1025.9869    25.7709     6.6671 0.0000e+00
     47.628     6.6742    32.8504  1025.9900     2.6640     6.6441     96.309   -0.00000    6.89871    6.90859      8.023     0.2488   12.38897   3.306438 3.3305e-02    25.7694    25.7689 5.4714e-01     48.000          1       9236    1475.48 1.6928e+03  52191.506    384.799 1549467775      -0.06      0.404   40.28332  -71.63422    33.0066  1025.9924    25.7718     6.6700 0.0000e+00
     48.607     6.6766    32.8524  1025.9958     2.6618     6.6328     96.161   -0.00069    6.89760    6.90747      8.022     0.2118   12.38709   3.306884 2.7714e-02    25.7707    25.7701 4.6502e-01     49.000          1       9373    1475.51 1.6997e+03  52194.349    390.500 1549467781       0.41      0.298   40.28330  -71.63424    33.0088  1025.9984    25.7732     6.6723 0.0000e+00
     49.616     6.6791    32.8538  1026.0013     2.6602     6.6182     95.948   -0.00189    6.89769    6.90756      8.022     0.2607   12.38724   3.307277 1.9526e-02    25.7715    25.7709 3.2480e-01     50.000          1       9392    1475.54 1.7238e+03  52196.442    391.309 1549467782       0.32      0.792   40.28330  -71.63424    33.0102  1026.0038    25.7740     6.6748 0.0000e+00
     50.606     6.6809    32.8544  1026.0061     2.6605     6.6375     96.232    0.00036    6.89739    6.90725      8.022     0.2383   12.38673   3.307508 1.9039e-02    25.7717    25.7712 3.4677e-01     51.000          1       9499    1475.56 1.8279e+03  52197.459    395.744 1549467786       0.04      0.539   40.28330  -71.63425    33.0105  1026.0084    25.7740     6.6765 0.0000e+00
     51.596     6.6815    32.8551  1026.0112 -9.990e-29     6.6385     96.249    0.00031    6.89716    6.90702      8.021     0.2410   12.38634   3.307672 2.0874e-02    25.7722    25.7716 3.0827e-01     52.000          1       9584    1475.58 1.5313e+03  52198.941    399.290 1549467790       0.07      0.599   40.28328  -71.63428    33.0113  1026.0136    25.7746     6.6769 0.0000e+00
     52.586     6.6845    32.8562  1026.0162     2.6601     6.6341     96.197   -0.00004    6.89642    6.90627      8.021     0.2516   12.38510   3.308069 1.6302e-02    25.7727    25.7721 2.7747e-01     53.000          1       9685    1475.61 1.7355e+03  52200.369    403.504 1549467794       0.03      0.212   40.28328  -71.63429    33.0124  1026.0186    25.7750     6.6799 0.0000e+00
     53.580     6.6897    32.8580  1026.0216     2.6600     6.6338     96.204   -0.00001    6.89551    6.90535      8.020     0.2341   12.38358   3.308747 1.6105e-02    25.7734    25.7728 2.3211e-01     54.000          1       9784    1475.65 1.4816e+03  52202.207    407.631 1549467798       0.05      0.356   40.28328  -71.63430    33.0144  1026.0241    25.7759     6.6850 0.0000e+00
     54.569     6.6935    32.8599  1026.0272     2.6598     6.6326     96.186   -0.00013    6.89556    6.90540      8.021     0.2302   12.38365   3.309273 1.4114e-02    25.7744    25.7738 2.2073e-01     55.000          1       9892    1475.68 1.6172e+03  52204.603    412.114 1549467803      -0.01      0.184   40.28328  -71.63432    33.0161  1026.0295    25.7768     6.6887 0.0000e+00
     55.568     6.6874    32.8594  1026.0322     2.6576     6.6285     96.123    0.00010    6.89585    6.90570      8.020     0.2248   12.38413   3.308716 1.1656e-02    25.7749    25.7742 1.7692e-01     56.000          1      11301    1475.67 1.6516e+03  52206.279    470.833 1549467862       0.01      0.397   40.28320  -71.63455    33.0152  1026.0342    25.7769     6.6825 0.0000e+00
     56.546     6.6926    32.8624  1026.0384     2.6605     6.6380     96.301    0.00014    6.89293    6.90274      8.020     0.2376   12.37924   3.309615 1.7899e-02    25.7765    25.7759 1.4192e-01     57.000          1      12645    1475.72 1.1854e+03  52209.755    526.829 1549467917       0.13      0.444   40.28314  -71.63478    33.0197  1026.0417    25.7798     6.6877 0.0000e+00
     57.549     6.7041    32.8650  1026.0436     2.6593     6.6255     96.117   -0.00089    6.89322    6.90303      8.020     0.2171   12.37972   3.310853 1.9958e-02    25.7771    25.7764 9.6745e-02     58.000          1      12581    1475.78 7.2786e+02  52211.069    524.155 1549467915       0.27      0.751   40.28314  -71.63476    33.0218  1026.0464    25.7800     6.6990 0.0000e+00
     58.543     6.7075    32.8658  1026.0484     2.6587     6.6283     96.169   -0.00033    6.89235    6.90215      8.021     0.2251   12.37825   3.311224 4.3079e-03    25.7773    25.7766 9.3948e-02     59.000          1      12685    1475.81 1.9269e+03  52211.922    528.483 1549467919       0.00      0.682   40.28313  -71.63477    33.0222  1026.0509    25.7798     6.7023 0.0000e+00
     59.529     6.7132    32.8681  1026.0541     2.6571     6.6151     95.990   -0.00140    6.89145    6.90124      8.021     0.2201   12.37675   3.312078 6.0034e-03    25.7784    25.7777 6.2145e-02     60.000          1      12788    1475.85 1.1575e+03  52214.498    532.807 1549467923       0.31      0.730   40.28312  -71.63478    33.0257  1026.0575    25.7818     6.7079 0.0000e+00
     60.531     6.7169    32.8695  1026.0592     2.6563     6.6155     96.003   -0.00096    6.89094    6.90072      8.020     0.2189   12.37588   3.312463 1.1815e-02    25.7790    25.7783 5.2257e-02     61.000          1      12828    1475.89 5.8620e+02  52216.055    534.451 1549467925      -0.06      0.823   40.28312  -71.63478    33.0259  1026.0617    25.7815     6.7115 0.0000e+00
