CalculateIndicators/WaterTemperature/Data/CTD_NYOS/NY1902_06_2_6.cnv
* Sea-Bird SBE 9 Data File:
* FileName = C:\Seabird 9 CTD\Data\2019\201902_Offshore\NY1902_ctd_casts\NY1902_06_2_6.hex
* Software Version Seasave V 7.23.2
* Temperature SN = 4590
* Conductivity SN = 3228
* Number of Bytes Per Scan = 44
* Number of Voltage Words = 5
* Number of Scans Averaged by the Deck Unit = 1
* NMEA Latitude = 39 41.96 N
* NMEA Longitude = 071 45.67 W
* NMEA UTC (Time) = Feb 07 2019  00:12:36
* NMEA baud rate = 4800
** Ship: Seawolf
** Station: 2_6
** Operator: HBB
# nquan = 35
# nvalues = 1008                        
# units = specified
# name 0 = depSM: Depth [salt water, m]
# name 1 = t090C: Temperature [ITS-90, deg C]
# name 2 = sal00: Salinity, Practical [PSU]
# name 3 = density00: Density [density, kg/m^3]
# name 4 = sbeox0V: Oxygen raw, SBE 43 [V]
# name 5 = sbeox0ML/L: Oxygen, SBE 43 [ml/l]
# name 6 = sbeox0PS: Oxygen, SBE 43 [% saturation]
# name 7 = sbox0dV/dT: Oxygen, SBE 43 [dov/dt]
# name 8 = oxsolML/L: Oxygen Saturation, Garcia & Gordon [ml/l]
# name 9 = oxsatML/L: Oxygen Saturation, Weiss [ml/l]
# name 10 = ph: pH
# name 11 = flECO-AFL: Fluorescence, WET Labs ECO-AFL/FL [mg/m^3]
# name 12 = n2satML/L: Nitrogen Saturation [ml/l]
# name 13 = c0S/m: Conductivity [S/m]
# name 14 = cpar: CPAR/Corrected Irradiance [%]
# name 15 = sigma-é00: Density [sigma-theta, kg/m^3]
# name 16 = sigma-t00: Density [sigma-t, kg/m^3 ]
# name 17 = par: PAR/Irradiance, Biospherical/Licor
# name 18 = prDM: Pressure, Digiquartz [db]
# name 19 = pumps: Pump Status
# name 20 = scan: Scan Count
# name 21 = svCM: Sound Velocity [Chen-Millero, m/s]
# name 22 = spar: SPAR, Biospherical/Licor
# name 23 = specc: Specific Conductance [uS/cm]
# name 24 = timeS: Time, Elapsed [seconds]
# name 25 = timeY: Time, System [seconds]
# name 26 = accM: Acceleration [m/s^2]
# name 27 = dz/dtM: Descent Rate [m/s]
# name 28 = latitude: Latitude [deg]
# name 29 = longitude: Longitude [deg]
# name 30 = gsw_saA0: Absolute Salinity [g/kg]
# name 31 = gsw_densityA0: density, TEOS-10 [density, kg/m^3]
# name 32 = gsw_sigma0A0: density, TEOS-10 [sigma-0, kg/m^3 ]
# name 33 = gsw_ptA0: potential temperature [ITS-90, deg C]
# name 34 = flag: flag
# span 0 =      0.986,    500.537       
# span 1 =     6.5641,    13.8116       
# span 2 =    33.0324,    35.6830       
# span 3 =  1025.8892,  1029.8506       
# span 4 =     1.5516,     2.8202       
# span 5 =     2.9906,     7.2680       
# span 6 =     47.549,    106.075       
# span 7 =   -0.02085,    0.15740       
# span 8 =    5.80616,    6.96323       
# span 9 =    5.80323,    6.97074       
# span 10 =      4.934,     12.645      
# span 11 =    -0.0565,     1.3405      
# span 12 =   10.54983,   12.53139      
# span 13 =   3.342312,   4.250583      
# span 14 = -6.897e+03, 1.0551e+05      
# span 15 =    25.8800,    27.5485      
# span 16 =    25.8800,    27.5422      
# span 17 = 1.0000e-12, 4.8198e-01      
# span 18 =      1.000,    505.000      
# span 19 =          1,          1      
# span 20 =        -28,      76111      
# span 21 =    1475.91,    1505.71      
# span 22 = -1.089e-01, 2.1356e+00      
# span 23 =  52354.072,  55731.335      
# span 24 =     -1.218,   3171.255      
# span 25 = 1549498357, 1549501529      
# span 26 =      -0.95,       0.60      
# span 27 =     -1.669,      0.894      
# span 28 =   39.69944,   39.70617      
# span 29 =  -71.78385,  -71.76118      
# span 30 =    33.1893,    35.8548      
# span 31 =  1025.8916,  1029.8536      
# span 32 =    25.8824,    27.5515      
# span 33 =     6.5171,    13.7937      
# span 34 = 0.0000e+00, 0.0000e+00      
# interval = decibars: 1                
# start_time = Feb 07 2019 00:12:38 [System UTC, first data scan.]
# bad_flag = -9.990e-29
*END*
[from data line 788]
    218.202    11.9807    35.5212  1027.9822     1.6782     3.2051     53.172    0.00275    6.02788    6.02773 -9.990e-29    -0.0441   10.91804   4.061794 5.9066e+00    27.0033    26.9978 1.1664e-01    220.000          1      62908    1501.02 -9.990e-29  54906.101   2621.121 1549500979      -0.56     -0.727   39.70482  -71.77990    35.6959  1027.9910    27.0122    11.9518 0.0000e+00
    217.210    12.0099    35.5243  1027.9744     1.6812     3.2078     53.260    0.00231    6.02304    6.02283 -9.990e-29    -0.0265   10.91000   4.064890 5.7992e+00    27.0001    26.9946 1.1468e-01    219.000          1      62941    1501.10 -9.990e-29  54904.879   2622.504 1549500980       0.24     -0.815   39.70482  -71.77992    35.6988  1027.9830    27.0088    11.9811 0.0000e+00
    216.239    12.0274    35.5273  1027.9689     1.6846     3.2137     53.388    0.00207    6.01956    6.01930 -9.990e-29    -0.0323   10.90421   4.066857 5.7133e+00    26.9991    26.9935 1.1281e-01    218.000          1      62981    1501.15 -9.990e-29  54905.632   2624.148 1549500982      -0.36     -0.420   39.70482  -71.77994    35.7018  1027.9774    27.0077    11.9988 0.0000e+00
    215.225    12.0545    35.5299  1027.9611     1.6861     3.2176     53.455    0.00207    6.01929    6.01903 -9.990e-29    -0.0449   10.90375   4.069826 6.0131e+00    26.9959    26.9904 1.1875e-01    217.000          1      62997    1501.23 1.9747e+00  54903.945   2624.848 1549500983      -0.72     -0.946   39.70482  -71.77994    35.7054  1027.9705    27.0053    12.0259 0.0000e+00
    214.227    12.0736    35.5319  1027.9544     1.6880     3.2210     53.515    0.00184    6.01885    6.01858      7.990    -0.0393   10.90301   4.071738 6.0516e+00    26.9937    26.9882 1.1951e-01    216.000          1      63024    1501.28 1.9747e+00  54903.015   2625.969 1549500984       0.17     -1.042   39.70482  -71.77994    35.7063  1027.9629    27.0023    12.0452 0.0000e+00
    213.254    12.0977    35.5351  1027.9477     1.6909     3.2220     53.555    0.00094    6.01623    6.01593      7.990    -0.0282   10.89865   4.074183 6.2786e+00    26.9915    26.9860 1.2399e-01    215.000          1      63088    1501.35 1.9747e+00  54902.772   2628.642 1549500986      -0.05     -0.190   39.70484  -71.77996    35.7077  1027.9548    26.9987    12.0693 0.0000e+00
    212.263    12.1050    35.5365  1027.9429     1.6923     3.2218     53.596    0.00083    6.01126    6.01089      7.991    -0.0325   10.89037   4.074985 6.3324e+00    26.9912    26.9857 1.2505e-01    214.000          1      63130    1501.36 -9.990e-29  54902.884   2630.357 1549500988      -0.04     -0.570   39.70484  -71.77998    35.7091  1027.9499    26.9983    12.0767 0.0000e+00
    211.270    12.1173    35.5382  1027.9373     1.6940     3.2260     53.702    0.00114    6.00721    6.00680 -9.990e-29    -0.0390   10.88366   4.076346 6.3445e+00    26.9901    26.9847 1.2510e-01    213.000          1      63157    1501.39 -9.990e-29  54902.689   2631.493 1549500989      -0.35     -0.717   39.70484  -71.77998    35.7110  1027.9446    26.9975    12.0891 0.0000e+00
    210.263    12.1284    35.5396  1027.9317     1.6956     3.2325     53.826    0.00174    6.00548    6.00505 -9.990e-29    -0.0407   10.88077   4.077603 6.2358e+00    26.9891    26.9836 1.2313e-01    212.000          1      63179    1501.41 -9.990e-29  54902.244   2632.399 1549500990      -0.22     -1.038   39.70484  -71.77998    35.7132  1027.9396    26.9970    12.1003 0.0000e+00
    209.284    12.1752    35.5454  1027.9225     1.6992     3.2411     54.019    0.00210    5.99997    5.99946      7.994    -0.0333   10.87161   4.082830 8.4135e+04    26.9844    26.9790 1.2173e-01    211.000          1      63217    1501.56 0.0000e+00  54901.783   2634.019 1549500992       0.36     -0.697   39.70485  -71.78000    35.7200  1027.9312    26.9932    12.1473 0.0000e+00
    208.290    12.2035    35.5485  1027.9149     1.7033     3.2552     54.266    0.00273    5.99868    5.99816      7.995    -0.0494   10.86946   4.085872 1.0028e+05    26.9814    26.9760 1.2117e-01    210.000          1      63254    1501.64 0.0000e+00  54900.921   2635.544 1549500993      -0.31     -0.594   39.70486  -71.78001    35.7233  1027.9236    26.9902    12.1756 0.0000e+00
    207.299    12.2447    35.5523  1027.9051     1.7080     3.2649     54.451    0.00254    5.99609    5.99553      7.997    -0.0480   10.86514   4.090129 5.0899e+04    26.9762    26.9708 1.2144e-01    209.000          1      63299    1501.77 0.0000e+00  54898.704   2637.415 1549500995       0.20     -0.542   39.70486  -71.78002    35.7259  1027.9131    26.9842    12.2169 0.0000e+00
    206.313    12.2582    35.5551  1027.9003     1.7109     3.2628     54.441    0.00113    5.99322    5.99263 -9.990e-29    -0.0441   10.86035   4.091634 -1.696e+03    26.9758    26.9704 1.2023e-01    208.000          1      63348    1501.80 -9.990e-29  54899.890   2639.462 1549500997      -0.50     -0.432   39.70486  -71.78004    35.7282  1027.9077    26.9833    12.2305 0.0000e+00
    205.311    12.2758    35.5563  1027.8932     1.7130     3.2701     54.572    0.00150    5.99215    5.99155 -9.990e-29    -0.0392   10.85858   4.093487 6.1876e+00    26.9733    26.9679 1.2219e-01    207.000          1      63374    1501.85 -9.990e-29  54897.979   2640.537 1549500998      -0.14     -0.871   39.70486  -71.78005    35.7299  1027.9010    26.9812    12.2483 0.0000e+00
    204.325    12.2924    35.5587  1027.8873     1.7157     3.2771     54.708    0.00175    5.99015    5.98952      7.998    -0.0411   10.85525   4.095228 5.9366e+00    26.9719    26.9666 1.1737e-01    206.000          1      63413    1501.89 -9.990e-29  54898.101   2642.157 1549501000       0.19     -0.656   39.70487  -71.78006    35.7315  1027.8945    26.9792    12.2649 0.0000e+00
    203.340    12.3048    35.5608  1027.8820     1.7171     3.2749     54.689    0.00088    5.98819    5.98753      7.998    -0.0415   10.85199   4.096600 6.0948e+00    26.9711    26.9657 1.2036e-01    205.000          1      63451    1501.92 -9.990e-29  54898.281   2643.748 1549501002      -0.16     -0.583   39.70488  -71.78007    35.7334  1027.8891    26.9782    12.2775 0.0000e+00
    202.338    12.3202    35.5621  1027.8754     1.7184     3.2776     54.743    0.00089    5.98725    5.98659      8.000    -0.0357   10.85043   4.098169 6.1698e+00    26.9691    26.9637 1.2184e-01    204.000          1      63487    1501.95 1.9747e+00  54897.004   2645.254 1549501003       0.13     -0.657   39.70488  -71.78008    35.7346  1027.8824    26.9761    12.2929 0.0000e+00
    201.360    12.3382    35.5643  1027.8692     1.7210     3.2813     54.860    0.00099    5.98127    5.98053      8.003    -0.0338   10.84048   4.100051 6.1620e+00    26.9673    26.9619 1.2168e-01    203.000          1      63550    1502.00 1.9747e+00  54896.606   2647.868 1549501006      -0.24     -0.235   39.70488  -71.78010    35.7361  1027.8756    26.9737    12.3111 0.0000e+00
    200.359    12.3466    35.5658  1027.8641     1.7237     3.2895     55.059    0.00180    5.97438    5.97356      8.003    -0.0372   10.82902   4.101003 6.0390e+00    26.9667    26.9614 1.1925e-01    202.000          1      63579    1502.02 1.9747e+00  54896.627   2649.063 1549501007      -0.22     -0.718   39.70488  -71.78010    35.7378  1027.8708    26.9734    12.3196 0.0000e+00
    199.364    12.3748    35.5688  1027.8564     1.7276     3.3042     55.326    0.00282    5.97213    5.97127      8.003    -0.0349   10.82528   4.104285 5.9706e+00    26.9636    26.9583 1.1790e-01    201.000          1      63611    1502.10 1.9747e+00  54895.673   2650.400 1549501008       0.06     -0.774   39.70490  -71.78012    35.7434  1027.8650    26.9722    12.3479 0.0000e+00
    198.376    12.4533    35.5770  1027.8426     1.7346     3.3213     55.631    0.00267    5.97033    5.96945      8.003    -0.0498   10.82226   4.112713 6.0105e+00    26.9545    26.9492 1.1872e-01    200.000          1      63672    1502.35 1.9747e+00  54893.892   2652.966 1549501011       0.12     -0.355   39.70490  -71.78013    35.7511  1027.8508    26.9627    12.4264 0.0000e+00
    197.388    12.4729    35.5797  1027.8363     1.7395     3.3252     55.730    0.00146    5.96668    5.96576 -9.990e-29    -0.0307   10.81619   4.114704 6.0367e+00    26.9527    26.9474 1.1921e-01    199.000          1      63739    1502.41 1.9747e+00  54893.782   2655.751 1549501014      -0.06     -0.401   39.70490  -71.78015    35.7522  1027.8432    26.9597    12.4462 0.0000e+00
    196.393    12.4804    35.5811  1027.8314     1.7420     3.3304     55.851    0.00156    5.96302    5.96205 -9.990e-29    -0.0524   10.81011   4.115526 6.1186e+00    26.9523    26.9470 1.2083e-01    198.000          1      63778    1502.42 1.9747e+00  54893.980   2657.386 1549501015      -0.19     -0.583   39.70490  -71.78016    35.7535  1027.8383    26.9592    12.4537 0.0000e+00
    195.401    12.5123    35.5842  1027.8230     1.7435     3.3294     55.857    0.00093    5.96061    5.95960      8.009    -0.0402   10.80609   4.119034 6.0464e+00    26.9484    26.9432 1.1940e-01    197.000          1      63822    1502.51 1.9747e+00  54892.661   2659.227 1549501017       0.13     -0.556   39.70491  -71.78017    35.7576  1027.8307    26.9561    12.4857 0.0000e+00
    194.414    12.5504    35.5882  1027.8140     1.7500     3.3515     56.280    0.00240    5.95508    5.95401      8.011    -0.0417   10.79689   4.123045 5.8537e+00    26.9440    26.9387 1.1561e-01    196.000          1      63897    1502.63 1.9747e+00  54891.523   2662.327 1549501020       0.01     -0.259   39.70492  -71.78019    35.7608  1027.8210    26.9510    12.5239 0.0000e+00
    193.419    12.5725    35.5917  1027.8077     1.7549     3.3621     56.499    0.00238    5.95067    5.94955 -9.990e-29    -0.0487   10.78956   4.125641 5.9028e+00    26.9423    26.9370 1.1657e-01    195.000          1      63946    1502.69 1.9747e+00  54892.238   2664.373 1549501022      -0.46     -0.522   39.70492  -71.78020    35.7653  1027.8156    26.9501    12.5462 0.0000e+00
    192.426    12.6099    35.5950  1027.7983     1.7577     3.3639     56.561    0.00171    5.94737    5.94620 -9.990e-29    -0.0425   10.78406   4.129585 5.9052e+00    26.9374    26.9322 1.1661e-01    194.000          1      63988    1502.80 1.9747e+00  54890.369   2666.142 1549501024       0.16     -0.586   39.70493  -71.78021    35.7685  1027.8060    26.9452    12.5836 0.0000e+00
    191.437    12.6489    35.5997  1027.7896     1.7635     3.3796     56.867    0.00223    5.94300    5.94178 -9.990e-29    -0.0391   10.77679   4.133828 6.0401e+00    26.9333    26.9281 1.1928e-01    193.000          1      64053    1502.92 1.9747e+00  54890.158   2668.851 1549501027       0.03     -0.362   39.70494  -71.78023    35.7730  1027.7972    26.9409    12.6227 0.0000e+00
    190.443    12.6776    35.6033  1027.7822     1.7671     3.3821     56.937    0.00130    5.94018    5.93892 -9.990e-29    -0.0400   10.77209   4.136989 6.1827e+00    26.9304    26.9252 1.2209e-01    192.000          1      64109    1503.01 1.9747e+00  54890.087   2671.185 1549501029      -0.21     -0.450   39.70494  -71.78024    35.7767  1027.7898    26.9381    12.6514 0.0000e+00
    189.461    12.7070    35.6065  1027.7742     1.7704     3.3925     57.118    0.00168    5.93939    5.93812 -9.990e-29    -0.0342   10.77078   4.140067 6.3347e+00    26.9270    26.9218 1.2520e-01    191.000          1      64160    1503.09 -9.990e-29  54889.274   2673.312 1549501031       0.11     -0.467   39.70494  -71.78026    35.7790  1027.7812    26.9340    12.6809 0.0000e+00
    188.461    12.7132    35.6072  1027.7690     1.7718     3.3907     57.113    0.00096    5.93686    5.93557      8.017    -0.0449   10.76657   4.140645 6.3008e+00    26.9263    26.9211 1.2437e-01    190.000          1      64207    1503.10 -9.990e-29  54888.769   2675.244 1549501033       0.11     -0.487   39.70495  -71.78027    35.7791  1027.7755    26.9328    12.6873 0.0000e+00
    187.469    12.7290    35.6098  1027.7634     1.7747     3.3965     57.248    0.00107    5.93289    5.93155      8.018    -0.0388   10.75996   4.142469 6.2167e+00    26.9251    26.9200 1.2274e-01    189.000          1      64268    1503.14 -9.990e-29  54889.280   2677.802 1549501036      -0.18     -0.407   39.70496  -71.78029    35.7822  1027.7703    26.9320    12.7032 0.0000e+00
    186.483    12.7612    35.6129  1027.7548     1.7799     3.4147     57.590    0.00231    5.92924    5.92785      8.020    -0.0387   10.75388   4.145918 6.1721e+00    26.9211    26.9159 1.2188e-01    188.000          1      64325    1503.23 -9.990e-29  54888.007   2680.164 1549501038       0.05     -0.411   39.70496  -71.78030    35.7853  1027.7617    26.9280    12.7356 0.0000e+00
    185.487    12.7830    35.6154  1027.7478     1.7841     3.4233     57.770    0.00226    5.92567    5.92423      8.020    -0.0443   10.74794   4.148268 6.2476e+00    26.9186    26.9135 1.2337e-01    187.000          1      64371    1503.29 1.9747e+00  54887.462   2682.095 1549501040       0.03     -0.521   39.70496  -71.78031    35.7878  1027.7547    26.9256    12.7574 0.0000e+00
    184.497    12.8118    35.6189  1027.7402     1.7875     3.4248     57.838    0.00133    5.92142    5.91993      8.021    -0.0565   10.74087   4.151486 6.2856e+00    26.9156    26.9105 1.2412e-01    186.000          1      64422    1503.38 1.9747e+00  54887.255   2684.223 1549501042      -0.09     -0.454   39.70498  -71.78034    35.7920  1027.7476    26.9230    12.7863 0.0000e+00
    183.508    12.8525    35.6224  1027.7302     1.7952     3.4497     58.318    0.00283    5.91536    5.91379      8.024 -9.990e-29   10.73078   4.155803 6.3335e+00    26.9101    26.9050 1.2507e-01    185.000          1      64487    1503.50 1.9747e+00  54885.396   2686.926 1549501045       0.11     -0.323   39.70498  -71.78035    35.7955  1027.7376    26.9175    12.8271 0.0000e+00
    182.518    12.8794    35.6261  1027.7232     1.7994     3.4538     58.427    0.00198    5.91120    5.90959      8.024    -0.0350   10.72388   4.158818 6.2543e+00    26.9076    26.9025 1.2351e-01    184.000          1      64532    1503.58 -9.990e-29  54885.836   2688.773 1549501047      -0.59     -0.534   39.70498  -71.78036    35.7995  1027.7308    26.9152    12.8541 0.0000e+00
    181.514    12.9096    35.6290  1027.7147     1.8030     3.4654     58.630    0.00245    5.91072    5.90911      8.024    -0.0375   10.72308   4.162128 2.1873e+04    26.9037    26.8986 1.2401e-01    183.000          1      64568    1503.66 0.0000e+00  54884.554   2690.311 1549501048      -0.10     -0.702   39.70499  -71.78037    35.8031  1027.7229    26.9119    12.8844 0.0000e+00
    180.531    12.9417    35.6327  1027.7066     1.8080     3.4724     58.769    0.00155    5.90848    5.90683      8.026    -0.0505   10.71933   4.165432 4.5009e+04    26.9001    26.8950 1.2543e-01    182.000          1      64644    1503.76 1.0690e+00  54884.207   2693.445 1549501051      -0.32     -0.361   39.70500  -71.78040    35.8049  1027.7133    26.9069    12.9166 0.0000e+00
    179.542    12.9552    35.6342  1027.7005     1.8119     3.4833     58.976    0.00198    5.90642    5.90475      8.029    -0.0436   10.71591   4.166846 -1.929e+03    26.8985    26.8935 1.2050e-01    181.000          1      64692    1503.79 2.0129e+00  54883.654   2695.456 1549501053       0.08     -0.505   39.70500  -71.78041    35.8062  1027.7071    26.9051    12.9302 0.0000e+00
    178.547    12.9657    35.6356  1027.6950     1.8134     3.4815     58.951    0.00099    5.90578    5.90410      8.029    -0.0422   10.71485   4.167990 6.2002e+00    26.8974    26.8924 1.2244e-01    180.000          1      64730    1503.81 -9.990e-29  54883.444   2697.046 1549501055      -0.19     -0.607   39.70501  -71.78042    35.8077  1027.7016    26.9041    12.9409 0.0000e+00
