CalculateIndicators/WaterTemperature/Data/CTD_NYOS/NY1902_06_3_6.cnv
* Sea-Bird SBE 9 Data File:
* FileName = C:\Seabird 9 CTD\Data\2019\201902_Offshore\NY1902_ctd_casts\NY1902_06_3_6.hex
* Software Version Seasave V 7.23.2
* Temperature SN = 4590
* Conductivity SN = 3228
* Number of Bytes Per Scan = 44
* Number of Voltage Words = 5
* Number of Scans Averaged by the Deck Unit = 1
* NMEA Latitude = 39 28.43 N
* NMEA Longitude = 072 01.48 W
* NMEA UTC (Time) = Feb 07 2019  04:12:53
* NMEA baud rate = 4800
** Ship: Seawolf
** Station: 3_6
** Operator: HBB
# nquan = 35
# nvalues = 1172                        
# units = specified
# name 0 = depSM: Depth [salt water, m]
# name 1 = t090C: Temperature [ITS-90, deg C]
# name 2 = sal00: Salinity, Practical [PSU]
# name 3 = density00: Density [density, kg/m^3]
# name 4 = sbeox0V: Oxygen raw, SBE 43 [V]
# name 5 = sbeox0ML/L: Oxygen, SBE 43 [ml/l]
# name 6 = sbeox0PS: Oxygen, SBE 43 [% saturation]
# name 7 = sbox0dV/dT: Oxygen, SBE 43 [dov/dt]
# name 8 = oxsolML/L: Oxygen Saturation, Garcia & Gordon [ml/l]
# name 9 = oxsatML/L: Oxygen Saturation, Weiss [ml/l]
# name 10 = ph: pH
# name 11 = flECO-AFL: Fluorescence, WET Labs ECO-AFL/FL [mg/m^3]
# name 12 = n2satML/L: Nitrogen Saturation [ml/l]
# name 13 = c0S/m: Conductivity [S/m]
# name 14 = cpar: CPAR/Corrected Irradiance [%]
# name 15 = sigma-é00: Density [sigma-theta, kg/m^3]
# name 16 = sigma-t00: Density [sigma-t, kg/m^3 ]
# name 17 = par: PAR/Irradiance, Biospherical/Licor
# name 18 = prDM: Pressure, Digiquartz [db]
# name 19 = pumps: Pump Status
# name 20 = scan: Scan Count
# name 21 = svCM: Sound Velocity [Chen-Millero, m/s]
# name 22 = spar: SPAR, Biospherical/Licor
# name 23 = specc: Specific Conductance [uS/cm]
# name 24 = timeS: Time, Elapsed [seconds]
# name 25 = timeY: Time, System [seconds]
# name 26 = accM: Acceleration [m/s^2]
# name 27 = dz/dtM: Descent Rate [m/s]
# name 28 = latitude: Latitude [deg]
# name 29 = longitude: Longitude [deg]
# name 30 = gsw_saA0: Absolute Salinity [g/kg]
# name 31 = gsw_densityA0: density, TEOS-10 [density, kg/m^3]
# name 32 = gsw_sigma0A0: density, TEOS-10 [sigma-0, kg/m^3 ]
# name 33 = gsw_ptA0: potential temperature [ITS-90, deg C]
# name 34 = flag: flag
# span 0 =      0.982,    581.733       
# span 1 =     5.8473,    13.3942       
# span 2 =    33.0221,    35.6590       
# span 3 =  1025.8428,  1030.3024       
# span 4 =     1.5566,     2.7837       
# span 5 =     3.0060,     7.5683       
# span 6 =     47.672,    101.138       
# span 7 =   -0.03120,    0.04002       
# span 8 =    5.85751,    7.49420       
# span 9 =    5.85519,    7.49547       
# span 10 =      7.904,      9.497      
# span 11 =    -0.0610,     0.9749      
# span 12 =   10.63526,   13.57959      
# span 13 =   3.363111,   4.208051      
# span 14 = -1.060e+04, 1.0601e+05      
# span 15 =    25.8383,    27.6183      
# span 16 =    25.8383,    27.6118      
# span 17 = 1.0000e-12, 1.0000e-12      
# span 18 =      1.000,    587.000      
# span 19 =          1,          1      
# span 20 =        266,      72099      
# span 21 =    1476.81,    1505.28      
# span 22 = -1.186e-01, 2.1839e+00      
# span 23 =  52278.590,  55976.016      
# span 24 =     11.057,   3004.090      
# span 25 = 1549512785, 1549515778      
# span 26 =      -1.13,       0.90      
# span 27 =     -1.643,      1.115      
# span 28 =   39.47396,   39.47855      
# span 29 =  -72.02945,  -72.02474      
# span 30 =    33.1785,    35.8281      
# span 31 =  1025.8450,  1030.3054      
# span 32 =    25.8404,    27.6214      
# span 33 =     5.7957,    13.3686      
# span 34 = 0.0000e+00, 0.0000e+00      
# interval = decibars: 1                
# start_time = Feb 07 2019 04:12:54 [System UTC, first data scan.]
# bad_flag = -9.990e-29
*END*
[from data line 664]
    503.509     6.6537    35.0815  1029.8518     1.8369     4.2456     62.455   -0.00111    6.79785    6.80895      9.054    -0.0347   12.19493   3.527074 -9.990e-29    27.5372    27.5308 1.0000e-12    508.000          1      41300    1485.77 -9.990e-29  55707.282   1720.794 1549514495      -0.03     -0.505   39.47646  -72.02747    35.2521  1029.8570    27.5424     6.6061 0.0000e+00
    502.536     6.6692    35.0825  1029.8458     1.8346     4.2386     62.379   -0.00070    6.79501    6.80607      9.057    -0.0434   12.19023   3.528565 -9.990e-29    27.5359    27.5295 1.0000e-12    507.000          1      41363    1485.82 -9.990e-29  55703.269   1723.399 1549514498      -0.30     -0.477   39.47646  -72.02746    35.2532  1029.8511    27.5412     6.6217 0.0000e+00
    501.536     6.6778    35.0835  1029.8408     1.8338     4.2328     62.297   -0.00097    6.79459    6.80564      9.067    -0.0480   12.18953   3.529410 -9.990e-29    27.5355    27.5291 1.0000e-12    506.000          1      41383    1485.83 -9.990e-29  55701.468   1724.255 1549514499      -0.42     -0.855   39.47646  -72.02746    35.2544  1029.8461    27.5409     6.6304 0.0000e+00
    500.536     6.6857    35.0834  1029.8350     1.8327     4.2272     62.228   -0.00107    6.79305    6.80407      9.074    -0.0288   12.18700   3.530050 -9.990e-29    27.5344    27.5280 1.0000e-12    505.000          1      41404    1485.85 -9.990e-29  55698.133   1725.120 1549514499      -0.15     -1.118   39.47646  -72.02746    35.2539  1029.8401    27.5395     6.6383 0.0000e+00
    499.549     6.6918    35.0844  1029.8303     1.8316     4.2219     62.173   -0.00107    6.79067    6.80166      9.075    -0.0394   12.18306   3.530649 -9.990e-29    27.5343    27.5279 1.0000e-12    504.000          1      41431    1485.85 -9.990e-29  55696.996   1726.255 1549514501       0.24     -1.008   39.47646  -72.02748    35.2548  1029.8353    27.5393     6.6445 0.0000e+00
    498.560     6.7081    35.0846  1029.8235     1.8294     4.2122     62.056   -0.00111    6.78776    6.79870      9.072    -0.0345   12.17825   3.532149 -9.990e-29    27.5322    27.5258 1.0000e-12    503.000          1      41478    1485.90 -9.990e-29  55691.570   1728.188 1549514502       0.21     -0.586   39.47647  -72.02748    35.2553  1029.8287    27.5375     6.6608 0.0000e+00
    497.587     6.7388    35.0857  1029.8154     1.8254     4.1916     61.841   -0.00111    6.77804    6.78882      9.111    -0.0373   12.16220   3.535049 -9.990e-29    27.5289    27.5225 1.0000e-12    502.000          1      41560    1486.01 -9.990e-29  55683.164   1731.645 1549514506      -0.25     -0.140   39.47648  -72.02748    35.2565  1029.8207    27.5343     6.6915 0.0000e+00
    496.585     6.7565    35.0858  1029.8082     1.8240     4.1847     61.740   -0.00131    6.77793    6.78871      9.172    -0.0432   12.16201   3.536823 -9.990e-29    27.5266    27.5201 1.0000e-12    501.000          1      41580    1486.06 -9.990e-29  55677.254   1732.443 1549514507      -0.52     -0.722   39.47648  -72.02748    35.2586  1029.8151    27.5335     6.7093 0.0000e+00
    495.584     6.7822    35.0864  1029.8003     1.8214     4.1668     61.478   -0.00229    6.77763    6.78840      9.183    -0.0471   12.16150   3.539074 -9.990e-29    27.5236    27.5171 1.0000e-12    500.000          1      41603    1486.14 -9.990e-29  55669.746   1733.428 1549514508      -0.08     -1.030   39.47648  -72.02748    35.2577  1029.8061    27.5293     6.7350 0.0000e+00
    494.613     6.7974    35.0877  1029.7946     1.8183     4.1568     61.328   -0.00227    6.77800    6.78877      9.285    -0.0468   12.16210   3.540613 -9.990e-29    27.5225    27.5161 1.0000e-12    499.000          1      41639    1486.19 -9.990e-29  55666.348   1734.898 1549514509       0.29     -0.717   39.47648  -72.02748    35.2598  1029.8009    27.5289     6.7502 0.0000e+00
    493.614     6.8035    35.0883  1029.7896     1.8168     4.1573     61.341   -0.00168    6.77734    6.78811      9.209    -0.0327   12.16102   3.541051 -9.990e-29    27.5221    27.5157 1.0000e-12    498.000          1      41663    1486.19 -9.990e-29  55664.671   1735.926 1549514510      -0.38     -0.774   39.47648  -72.02748    35.2589  1029.7948    27.5273     6.7564 0.0000e+00
    492.608     6.8032    35.0893  1029.7858     1.8154     4.1600     61.384   -0.00075    6.77711    6.78787      9.157    -0.0406   12.16064   3.541056 -9.990e-29    27.5229    27.5165 1.0000e-12    497.000          1      41714    1486.18 -9.990e-29  55665.389   1738.029 1549514512      -0.45     -0.765   39.47649  -72.02748    35.2597  1029.7909    27.5280     6.7562 0.0000e+00
    491.632     6.8076    35.0895  1029.7808     1.8141     4.1596     61.389   -0.00008    6.77579    6.78653      9.181    -0.0357   12.15844   3.541371 -9.990e-29    27.5225    27.5160 1.0000e-12    496.000          1      41777    1486.18 -9.990e-29  55663.668   1740.678 1549514515      -0.93     -0.827   39.47650  -72.02748    35.2592  1029.7854    27.5270     6.7606 0.0000e+00
    490.638     6.8095    35.0893  1029.7759     1.8136     4.1543     61.315   -0.00043    6.77536    6.78610      9.196    -0.0277   12.15775   3.541482 5.0640e-11    27.5221    27.5157 1.0000e-12    495.000          1      41796    1486.17 1.9747e+00  55662.186   1741.448 1549514516      -0.19     -1.255   39.47650  -72.02748    35.2590  1029.7804    27.5266     6.7626 0.0000e+00
    489.645     6.8128    35.0894  1029.7709     1.8132     4.1512     61.271   -0.00061    6.77518    6.78591      9.255    -0.0319   12.15745   3.541718 9.3779e+03    27.5217    27.5153 1.0000e-12    494.000          1      41819    1486.17 1.7895e+00  55660.591   1742.420 1549514517       0.22     -1.165   39.47650  -72.02748    35.2588  1029.7751    27.5259     6.7660 0.0000e+00
    488.663     6.8177    35.0897  1029.7659     1.8122     4.1494     61.249   -0.00034    6.77463    6.78535      9.196    -0.0402   12.15654   3.542154 9.4210e+04    27.5213    27.5149 1.0000e-12    493.000          1      41884    1486.17 1.1432e-01  55658.898   1745.126 1549514519       0.19     -0.381   39.47650  -72.02750    35.2590  1029.7701    27.5255     6.7710 0.0000e+00
    487.691     6.8203    35.0900  1029.7613 -9.990e-29     4.1483     61.241   -0.00005    6.77371    6.78441      9.149    -0.0383   12.15501   3.542342 3.4409e+04    27.5211    27.5147 1.0000e-12    492.000          1      41956    1486.16 1.2952e+00  55657.823   1748.133 1549514522      -0.36     -0.371   39.47650  -72.02750    35.2589  1029.7651    27.5250     6.7737 0.0000e+00
    486.683     6.8228    35.0903  1029.7565 -9.990e-29     4.1473     61.231   -0.00012    6.77325    6.78395      9.179    -0.0278   12.15426   3.542589 6.2097e+03    27.5210    27.5146 1.0000e-12    491.000          1      41973    1486.16 1.8521e+00  55656.836   1748.836 1549514523      -0.63     -0.842   39.47650  -72.02750    35.2596  1029.7607    27.5252     6.7763 0.0000e+00
    485.683     6.8259    35.0904  1029.7515 -9.990e-29     4.1518     61.307    0.00028    6.77222    6.78290      9.161    -0.0363   12.15255   3.542814 3.2173e+02    27.5206    27.5142 1.0000e-12    490.000          1      41994    1486.15 1.9683e+00  55655.279   1749.698 1549514524      -0.13     -1.188   39.47650  -72.02750    35.2594  1029.7555    27.5246     6.7795 0.0000e+00
    484.703     6.8277    35.0904  1029.7468     1.8117     4.1471     61.250    0.00002    6.77078    6.78143      9.127    -0.0519   12.15016   3.542934 -9.990e-29    27.5204    27.5140 1.0000e-12    489.000          1      42025    1486.14 -9.990e-29  55654.122   1751.013 1549514525       0.34     -0.879   39.47651  -72.02750    35.2594  1029.7507    27.5243     6.7814 0.0000e+00
    483.713     6.8393    35.0907  1029.7408     1.8106     4.1376     61.112   -0.00052    6.77053    6.78118      9.194    -0.0475   12.14975   3.544015 -9.990e-29    27.5190    27.5126 1.0000e-12    488.000          1      42078    1486.17 -9.990e-29  55650.322   1753.214 1549514527       0.06     -0.457   39.47652  -72.02751    35.2600  1029.7450    27.5232     6.7930 0.0000e+00
    482.734     6.8476    35.0912  1029.7354     1.8098     4.1371     61.111   -0.00010    6.76980    6.78044      9.224    -0.0345   12.14855   3.544764 -9.990e-29    27.5182    27.5119 1.0000e-12    487.000          1      42144    1486.19 -9.990e-29  55647.867   1755.957 1549514530      -0.63     -0.357   39.47652  -72.02751    35.2603  1029.7394    27.5223     6.8014 0.0000e+00
    481.723     6.8496    35.0915  1029.7307     1.8090     4.1318     61.037   -0.00033    6.76932    6.77995      9.219    -0.0280   12.14776   3.544916 -9.990e-29    27.5181    27.5118 1.0000e-12    486.000          1      42165    1486.18 -9.990e-29  55646.863   1756.825 1549514531      -0.34     -0.917   39.47652  -72.02750    35.2605  1029.7347    27.5221     6.8035 0.0000e+00
    480.744     6.8514    35.0915  1029.7259     1.8080     4.1235     60.918   -0.00082    6.76886    6.77948      9.213    -0.0403   12.14699   3.545035 -9.990e-29    27.5179    27.5115 1.0000e-12    485.000          1      42201    1486.17 -9.990e-29  55645.700   1758.336 1549514533       0.30     -0.740   39.47652  -72.02752    35.2604  1029.7298    27.5219     6.8054 0.0000e+00
    479.752     6.8568    35.0912  1029.7203     1.8070     4.1219     60.904   -0.00052    6.76784    6.77844      9.206    -0.0271   12.14530   3.545459 -9.990e-29    27.5169    27.5106 1.0000e-12    484.000          1      42244    1486.17 -9.990e-29  55642.942   1760.142 1549514534       0.05     -0.563   39.47652  -72.02752    35.2601  1029.7243    27.5209     6.8109 0.0000e+00
    478.761     6.8597    35.0918  1029.7159     1.8061     4.1180     60.857   -0.00050    6.76678    6.77737      9.149    -0.0328   12.14357   3.545741 -9.990e-29    27.5170    27.5107 1.0000e-12    483.000          1      42288    1486.17 -9.990e-29  55642.384   1761.942 1549514536      -0.10     -0.547   39.47653  -72.02752    35.2608  1029.7198    27.5210     6.8138 0.0000e+00
    477.775     6.8693    35.0918  1029.7099     1.8057     4.1191     60.891   -0.00006    6.76472    6.77527      9.134    -0.0399   12.14014   3.546614 -9.990e-29    27.5156    27.5093 1.0000e-12    482.000          1      42339    1486.19 -9.990e-29  55638.655   1764.102 1549514538       0.11     -0.455   39.47654  -72.02752    35.2611  1029.7141    27.5199     6.8235 0.0000e+00
    476.794     6.8765    35.0924  1029.7048 -9.990e-29     4.1202     60.915    0.00018    6.76392    6.77447      9.131    -0.0497   12.13883   3.547295 -9.990e-29    27.5151    27.5088 1.0000e-12    481.000          1      42382    1486.20 -9.990e-29  55636.751   1765.861 1549514540      -0.30     -0.532   39.47654  -72.02752    35.2618  1029.7090    27.5194     6.8308 0.0000e+00
    475.796     6.8838    35.0931  1029.6997 -9.990e-29     4.1151     60.839   -0.00031    6.76383    6.77438      9.136    -0.0404   12.13869   3.548022 -9.990e-29    27.5146    27.5083 1.0000e-12    480.000          1      42402    1486.22 -9.990e-29  55634.825   1766.725 1549514541      -0.44     -0.882   39.47654  -72.02752    35.2629  1029.7043    27.5193     6.8381 0.0000e+00
    474.787     6.8878    35.0929  1029.6943     1.8055     4.1157     60.850   -0.00017    6.76365    6.77419      9.155    -0.0508   12.13839   3.548287 -9.990e-29    27.5140    27.5077 1.0000e-12    479.000          1      42424    1486.22 -9.990e-29  55632.732   1767.641 1549514542      -0.04     -1.128   39.47654  -72.02752    35.2622  1029.6986    27.5182     6.8423 0.0000e+00
    473.813     6.8920    35.0932  1029.6895     1.8045     4.1084     60.759   -0.00035    6.76181    6.77232      9.138    -0.0456   12.13534   3.548632 -9.990e-29    27.5136    27.5073 1.0000e-12    478.000          1      42493    1486.22 -9.990e-29  55631.223   1770.489 1549514545       0.21     -0.369   39.47654  -72.02754    35.2623  1029.6935    27.5176     6.8465 0.0000e+00
    472.842     6.8963    35.0934  1029.6845     1.8044     4.1081     60.795    0.00014    6.75722    6.76765      9.121    -0.0327   12.12774   3.549009 -9.990e-29    27.5131    27.5069 1.0000e-12    477.000          1      42566    1486.22 -9.990e-29  55629.480   1773.537 1549514548      -0.37     -0.268   39.47654  -72.02754    35.2625  1029.6885    27.5172     6.8509 0.0000e+00
    471.837     6.9048    35.0939  1029.6791     1.8036     4.1021     60.722   -0.00011    6.75547    6.76588      9.127    -0.0391   12.12488   3.549946 -9.990e-29    27.5124    27.5061 1.0000e-12    476.000          1      42582    1486.23 -9.990e-29  55627.051   1774.199 1549514548      -0.72     -0.805   39.47654  -72.02754    35.2647  1029.6843    27.5177     6.8595 0.0000e+00
    470.828     6.9207    35.0934  1029.6717     1.8033     4.0943     60.620   -0.00075    6.75414    6.76452      9.138    -0.0397   12.12267   3.551293 2.2350e+04    27.5098    27.5035 1.0000e-12    475.000          1      42599    1486.28 1.5333e+00  55620.875   1774.926 1549514549      -0.41     -1.243   39.47654  -72.02754    35.2638  1029.6768    27.5149     6.8754 0.0000e+00
    469.847     6.9313    35.0945  1029.6664     1.8022     4.0902     60.556   -0.00077    6.75437    6.76476      9.144    -0.0500   12.12304   3.552322 6.7509e+04    27.5091    27.5029 1.0000e-12    474.000          1      42631    1486.30 6.4159e-01  55618.589   1776.254 1549514551       0.42     -0.960   39.47654  -72.02754    35.2649  1029.6715    27.5143     6.8861 0.0000e+00
    468.860     6.9535    35.0948  1029.6589     1.8000     4.0789     60.402   -0.00117    6.75301    6.76337      9.138    -0.0231   12.12079   3.554323 9.9557e+04    27.5063    27.5001 1.0000e-12    473.000          1      42676    1486.37 8.7264e-03  55611.858   1778.140 1549514552      -0.05     -0.521   39.47655  -72.02754    35.2649  1029.6636    27.5112     6.9082 0.0000e+00
    467.881     6.9579    35.0949  1029.6538     1.7967     4.0726     60.313   -0.00043    6.75252    6.76288      9.162    -0.0398   12.11998   3.554582 1.6887e+04    27.5058    27.4995 1.0000e-12    472.000          1      42763    1486.37 1.6412e+00  55609.918   1781.739 1549514556      -0.40     -0.240   39.47656  -72.02754    35.2637  1029.6575    27.5096     6.9128 0.0000e+00
    466.888     6.9597    35.0958  1029.6496     1.7957     4.0634     60.179   -0.00101    6.75220    6.76256      9.162    -0.0274   12.11946   3.554842 5.5464e+03    27.5062    27.5000 1.0000e-12    471.000          1      42791    1486.37 1.8652e+00  55609.996   1782.896 1549514557      -0.70     -0.784   39.47656  -72.02754    35.2652  1029.6539    27.5105     6.9147 0.0000e+00
    465.888     6.9615    35.0960  1029.6450     1.7947     4.0591     60.119   -0.00111    6.75181    6.76216      9.166    -0.0507   12.11881   3.554981 4.0855e+01    27.5061    27.4999 1.0000e-12    470.000          1      42808    1486.36 1.9739e+00  55609.086   1783.620 1549514558      -0.42     -1.195   39.47656  -72.02754    35.2654  1029.6492    27.5104     6.9166 0.0000e+00
    464.892     6.9637    35.0958  1029.6399     1.7946     4.0608     60.147   -0.00083    6.75150    6.76185      9.152    -0.0433   12.11830   3.555110 -9.990e-29    27.5057    27.4994 1.0000e-12    469.000          1      42827    1486.35 -9.990e-29  55607.450   1784.417 1549514559       0.01     -1.338   39.47656  -72.02754    35.2651  1029.6441    27.5098     6.9189 0.0000e+00
