CalculateIndicators/WaterTemperature/Data/CTD_NYOS/NY1902_07_3_3.cnv
* Sea-Bird SBE 9 Data File:
* FileName = C:\Seabird 9 CTD\Data\2019\201902_Offshore\NY1902_ctd_casts\NY1902_07_3_3.hex
* Software Version Seasave V 7.23.2
* Temperature SN = 4590
* Conductivity SN = 3228
* Number of Bytes Per Scan = 44
* Number of Voltage Words = 5
* Number of Scans Averaged by the Deck Unit = 1
* NMEA Latitude = 40 14.50 N
* NMEA Longitude = 072 18.49 W
* NMEA UTC (Time) = Feb 07 2019  12:55:42
* NMEA baud rate = 4800
** Ship: Seawolf
** Station: 3_3
** Operator: AJB
# nquan = 35
# nvalues = 105                         
# units = specified
# name 0 = depSM: Depth [salt water, m]
# name 1 = t090C: Temperature [ITS-90, deg C]
# name 2 = sal00: Salinity, Practical [PSU]
# name 3 = density00: Density [density, kg/m^3]
# name 4 = sbeox0V: Oxygen raw, SBE 43 [V]
# name 5 = sbeox0ML/L: Oxygen, SBE 43 [ml/l]
# name 6 = sbeox0PS: Oxygen, SBE 43 [% saturation]
# name 7 = sbox0dV/dT: Oxygen, SBE 43 [dov/dt]
# name 8 = oxsolML/L: Oxygen Saturation, Garcia & Gordon [ml/l]
# name 9 = oxsatML/L: Oxygen Saturation, Weiss [ml/l]
# name 10 = ph: pH
# name 11 = flECO-AFL: Fluorescence, WET Labs ECO-AFL/FL [mg/m^3]
# name 12 = n2satML/L: Nitrogen Saturation [ml/l]
# name 13 = c0S/m: Conductivity [S/m]
# name 14 = cpar: CPAR/Corrected Irradiance [%]
# name 15 = sigma-é00: Density [sigma-theta, kg/m^3]
# name 16 = sigma-t00: Density [sigma-t, kg/m^3 ]
# name 17 = par: PAR/Irradiance, Biospherical/Licor
# name 18 = prDM: Pressure, Digiquartz [db]
# name 19 = pumps: Pump Status
# name 20 = scan: Scan Count
# name 21 = svCM: Sound Velocity [Chen-Millero, m/s]
# name 22 = spar: SPAR, Biospherical/Licor
# name 23 = specc: Specific Conductance [uS/cm]
# name 24 = timeS: Time, Elapsed [seconds]
# name 25 = timeY: Time, System [seconds]
# name 26 = accM: Acceleration [m/s^2]
# name 27 = dz/dtM: Descent Rate [m/s]
# name 28 = latitude: Latitude [deg]
# name 29 = longitude: Longitude [deg]
# name 30 = gsw_saA0: Absolute Salinity [g/kg]
# name 31 = gsw_densityA0: density, TEOS-10 [density, kg/m^3]
# name 32 = gsw_sigma0A0: density, TEOS-10 [sigma-0, kg/m^3 ]
# name 33 = gsw_ptA0: potential temperature [ITS-90, deg C]
# name 34 = flag: flag
# span 0 =      1.969,     53.587       
# span 1 =     7.3728,     7.5232       
# span 2 =    33.1684,    33.2446       
# span 3 =  1025.9247,  1026.2145       
# span 4 =     1.9801,     2.7547       
# span 5 =     4.3278,     6.7676       
# span 6 =     63.987,    100.172       
# span 7 =   -0.00961,    0.00489       
# span 8 =    6.74834,    6.77202       
# span 9 =    6.75637,    6.78039       
# span 10 =      8.101,      8.116      
# span 11 =     0.3726,     0.8792      
# span 12 =   12.13570,   12.17511      
# span 13 =   3.400779,   3.415501      
# span 14 = 6.2374e-13, 2.3635e-12      
# span 15 =    25.9156,    25.9673      
# span 16 =    25.9155,    25.9666      
# span 17 = 1.0000e-12, 1.0000e-12      
# span 18 =      2.000,     54.000      
# span 19 =         -0,          1      
# span 20 =        203,      14520      
# span 21 =    1478.10,    1478.90      
# span 22 = 4.2333e+01, 1.6680e+02      
# span 23 =  52412.195,  52540.305      
# span 24 =      8.412,    604.942      
# span 25 = 1549544151, 1549544748      
# span 26 =      -0.62,       0.52      
# span 27 =     -0.961,      0.985      
# span 28 =   40.24023,   40.24179      
# span 29 =  -72.30937,  -72.30828      
# span 30 =    33.3260,    33.4021      
# span 31 =  1025.9274,  1026.2166      
# span 32 =    25.9182,    25.9702      
# span 33 =     7.3677,     7.5221      
# span 34 = 0.0000e+00, 0.0000e+00      
# interval = decibars: 1                
# start_time = Feb 07 2019 12:55:43 [System UTC, first data scan.]
# bad_flag = -9.990e-29
*END*
      1.980     7.4404    33.1684  1025.9247     1.9801     4.3278     63.987   -0.00961    6.76334    6.77154 -9.990e-29     0.5039   12.16119   3.400779 1.0359e-12    25.9156    25.9155 1.0000e-12      2.000         -0        203    1478.10 9.6501e+01  52412.195      8.412 1549544151       0.44     -0.239   40.24179  -72.30828    33.3260  1025.9274    25.9182     7.4402 0.0000e+00
      2.980     7.4453    33.2188  1025.9683     2.4808     5.9518     88.024    0.00489    6.76182    6.77003      8.111     0.4805   12.15839   3.405901 1.0228e-12    25.9545    25.9545 1.0000e-12      3.000          1       1406    1478.20 9.7922e+01  52483.452     58.526 1549544201       0.21      0.421   40.24163  -72.30828    33.3766  1025.9709    25.9571     7.4450 0.0000e+00
      3.979     7.4487    33.2277  1025.9794     2.7191     6.6376     98.177    0.00005    6.76091    6.76912      8.111     0.7185   12.15669   3.407023 1.0134e-12    25.9610    25.9610 1.0000e-12      4.000          1       1810    1478.24 9.8681e+01  52495.934     75.382 1549544218       0.27      0.756   40.24157  -72.30830    33.3850  1025.9816    25.9633     7.4483 0.0000e+00
      4.958     7.4465    33.2281  1025.9846     2.7371     6.6945     99.015    0.00013    6.76110    6.76931      8.111     0.4851   12.15699   3.406913 1.0128e-12    25.9617    25.9616 1.0000e-12      5.000          1       1918    1478.25 9.8737e+01  52497.712     79.884 1549544223      -0.06      0.281   40.24156  -72.30831    33.3854  1025.9868    25.9639     7.4460 0.0000e+00
      5.956     7.4435    33.2278  1025.9894     2.7369     6.6918     98.976   -0.00022    6.76104    6.76926 -9.990e-29     0.3928   12.15690   3.406680 1.0103e-12    25.9619    25.9619 1.0000e-12      6.000          1       1967    1478.25 9.8737e+01  52498.820     81.923 1549544225       0.19      0.551   40.24156  -72.30832    33.3853  1025.9917    25.9643     7.4429 0.0000e+00
      6.946     7.4445    33.2279  1025.9939     2.7365     6.6902     98.979   -0.00018    6.75920    6.76739 -9.990e-29     0.5102   12.15381   3.406820 1.0118e-12    25.9619    25.9618 1.0000e-12      7.000          1       2022    1478.27 9.8771e+01  52499.405     84.200 1549544227      -0.14      0.438   40.24155  -72.30832    33.3854  1025.9962    25.9642     7.4439 0.0000e+00
      7.935     7.4506    33.2296  1025.9990     2.7366     6.6902     99.029    0.00007    6.75581    6.76395 -9.990e-29     0.5159   12.14818   3.407634 9.9935e-13    25.9624    25.9623 1.0000e-12      8.000          1       2076    1478.32 1.0008e+02  52500.931     86.438 1549544229       0.17      0.466   40.24154  -72.30832    33.3879  1026.0019    25.9653     7.4499 0.0000e+00
      8.933     7.4602    33.2323  1026.0043     2.7378     6.6983     99.155    0.00069    6.75544    6.76357      8.111     0.5028   12.14754   3.408847 9.9313e-13    25.9631    25.9630 1.0000e-12      9.000          1       2109    1478.37 1.0069e+02  52502.954     87.832 1549544231       0.10      0.683   40.24154  -72.30832    33.3914  1026.0078    25.9667     7.4594 0.0000e+00
      9.926     7.4753    33.2345  1026.0085     2.7401     6.7069     99.311    0.00116    6.75339    6.76150      8.112     0.5349   12.14414   3.410391 1.2344e-12    25.9628    25.9626 1.0000e-12     10.000          1       2156    1478.45 8.6836e+01  52502.978     89.781 1549544232      -0.13      0.532   40.24154  -72.30834    33.3931  1026.0117    25.9659     7.4744 0.0000e+00
     10.913     7.5021    33.2402  1026.0138     2.7444     6.7130     99.466    0.00067    6.74906    6.75711      8.112     0.6969   12.13693   3.413374 1.1217e-12    25.9635    25.9634 1.0000e-12     11.000          1       2271    1478.58 9.2838e+01  52504.997     94.597 1549544237       0.29      0.253   40.24152  -72.30834    33.3992  1026.0173    25.9670     7.5011 0.0000e+00
     11.907     7.5175    33.2425  1026.0180     2.7470     6.7243     99.638    0.00103    6.74871    6.75676 -9.990e-29     0.4672   12.13634   3.414974 9.9310e-13    25.9632    25.9630 1.0000e-12     12.000          1       2338    1478.65 1.0075e+02  52505.044     97.370 1549544240      -0.06      0.363   40.24151  -72.30835    33.4013  1026.0213    25.9664     7.5164 0.0000e+00
     12.902     7.5211    33.2434  1026.0229     2.7491     6.7293     99.714    0.00071    6.74857    6.75661 -9.990e-29     0.4666   12.13610   3.415362 9.9296e-13    25.9634    25.9632 1.0000e-12     13.000          1       2401    1478.69 1.0071e+02  52506.132    100.014 1549544243       0.17      0.475   40.24150  -72.30836    33.4016  1026.0257    25.9662     7.5198 0.0000e+00
     13.897     7.5199    33.2435  1026.0277     2.7482     6.7181     99.542   -0.00053    6.74895    6.75699 -9.990e-29     0.3996   12.13673   3.415301 9.9328e-13    25.9636    25.9634 1.0000e-12     14.000          1       2449    1478.70 1.0071e+02  52507.219    101.982 1549544245      -0.00      0.521   40.24150  -72.30836    33.4016  1026.0305    25.9664     7.5185 0.0000e+00
     14.873     7.5210    33.2436  1026.0321     2.7501     6.7388     99.837    0.00109    6.74978    6.75784 -9.990e-29     0.5655   12.13812   3.415395 9.9286e-13    25.9636    25.9634 1.0000e-12     15.000          1       2525    1478.72 1.0071e+02  52507.768    105.148 1549544248       0.11      0.190   40.24148  -72.30836    33.4011  1026.0344    25.9658     7.5196 0.0000e+00
     15.877     7.5143    33.2428  1026.0371     2.7497     6.7288     99.683   -0.00018    6.75014    6.75820 -9.990e-29     0.5222   12.13871   3.414792 9.9293e-13    25.9639    25.9637 1.0000e-12     16.000          1       2553    1478.71 1.0071e+02  52508.968    106.326 1549544249       0.23      0.694   40.24148  -72.30836    33.4005  1026.0395    25.9664     7.5128 0.0000e+00
     16.872     7.5142    33.2427  1026.0416     2.7503     6.7354     99.776    0.00031    6.75049    6.75856 -9.990e-29     0.5452   12.13930   3.414794 9.9293e-13    25.9638    25.9636 1.0000e-12     17.000          1       2592    1478.72 1.0071e+02  52509.533    107.946 1549544251      -0.14      0.650   40.24148  -72.30837    33.4001  1026.0438    25.9661     7.5126 0.0000e+00
     17.855     7.5105    33.2418  1026.0460     2.7494     6.7275     99.655   -0.00056    6.75085    6.75892      8.116     0.6351   12.13990   3.414429 9.9293e-13    25.9636    25.9634 1.0000e-12     18.000          1       2648    1478.72 1.0071e+02  52509.864    110.301 1549544253       0.14      0.347   40.24146  -72.30838    33.3993  1026.0483    25.9659     7.5088 0.0000e+00
     18.858     7.5074    33.2415  1026.0508     2.7493     6.7303     99.691   -0.00027    6.75113    6.75920      8.116     0.4966   12.14035   3.414166 9.9293e-13    25.9639    25.9636 1.0000e-12     19.000          1       2683    1478.73 1.0071e+02  52510.902    111.749 1549544254       0.06      0.656   40.24146  -72.30838    33.3989  1026.0530    25.9661     7.5056 0.0000e+00
     19.840     7.5064    33.2412  1026.0553     2.7515     6.7501     99.961    0.00104    6.75271    6.76081      8.116     0.4979   12.14300   3.414087 9.9726e-13    25.9638    25.9636 1.0000e-12     20.000          1       2738    1478.74 1.0072e+02  52511.516    114.060 1549544257      -0.12      0.395   40.24146  -72.30838    33.3986  1026.0575    25.9660     7.5045 0.0000e+00
     20.832     7.5037    33.2408  1026.0599     2.7516     6.7480     99.923    0.00051    6.75318    6.76128      8.116     0.5702   12.14377   3.413830 2.2824e-12    25.9639    25.9636 1.0000e-12     21.000          1       2776    1478.74 4.3722e+01  52512.220    115.619 1549544258       0.37      0.583   40.24146  -72.30838    33.3979  1026.0619    25.9659     7.5017 0.0000e+00
     21.832     7.4990    33.2402  1026.0647     2.7484     6.7197     99.505   -0.00196    6.75311    6.76121      8.116     0.4338   12.14366   3.413394 2.3635e-12    25.9641    25.9638 1.0000e-12     22.000          1       2800    1478.74 4.2333e+01  52513.188    116.604 1549544259       0.22      0.925   40.24146  -72.30838    33.3972  1026.0666    25.9660     7.4969 0.0000e+00
     22.832     7.4923    33.2392  1026.0695     2.7485     6.7230     99.559   -0.00160    6.75278    6.76088      8.116     0.5356   12.14311   3.412753 1.2303e-12    25.9642    25.9639 1.0000e-12     23.000          1       2825    1478.73 8.8967e+01  52514.177    117.654 1549544260      -0.03      0.985   40.24145  -72.30839    33.3963  1026.0714    25.9662     7.4901 0.0000e+00
     23.805     7.4947    33.2390  1026.0735     2.7509     6.7560    100.051    0.00161    6.75253    6.76063      8.116     0.5859   12.14270   3.413013 9.2705e-13    25.9638    25.9635 1.0000e-12     24.000          1       2889    1478.76 1.0506e+02  52514.012    120.319 1549544263      -0.20      0.221   40.24144  -72.30840    33.3963  1026.0757    25.9659     7.4925 0.0000e+00
     24.809     7.4923    33.2390  1026.0785     2.7472     6.7211     99.536   -0.00157    6.75241    6.76050      8.116     0.4124   12.14249   3.412844 9.7393e-13    25.9641    25.9638 1.0000e-12     25.000          1       2919    1478.76 1.0268e+02  52515.169    121.574 1549544264       0.49      0.708   40.24144  -72.30840    33.3963  1026.0806    25.9663     7.4899 0.0000e+00
     25.809     7.4956    33.2395  1026.0830     2.7466     6.7148     99.433   -0.00232    6.75313    6.76123      8.116     0.5125   12.14369   3.413300 9.7384e-13    25.9641    25.9637 1.0000e-12     26.000          1       2945    1478.80 1.0269e+02  52515.862    122.663 1549544265       0.02      0.947   40.24144  -72.30840    33.3976  1026.0857    25.9668     7.4932 0.0000e+00
     26.778     7.4978    33.2394  1026.0871     2.7508     6.7676    100.172    0.00234    6.75595    6.76409      8.116     0.5038   12.14838   3.413414 9.6038e-13    25.9637    25.9633 1.0000e-12     27.000          1       3008    1478.82 1.0389e+02  52515.744    125.310 1549544268       0.02      0.157   40.24143  -72.30840    33.3963  1026.0890    25.9655     7.4952 0.0000e+00
     27.783     7.4839    33.2376  1026.0923     2.7468     6.7252     99.550   -0.00167    6.75554    6.76368      8.116     0.5129   12.14770   3.412032 9.5616e-13    25.9643    25.9639 1.0000e-12     28.000          1       3033    1478.78 1.0459e+02  52517.504    126.314 1549544269       0.42      0.779   40.24142  -72.30842    33.3942  1026.0939    25.9658     7.4813 0.0000e+00
     28.777     7.4775    33.2369  1026.0973     2.7450     6.7107     99.324   -0.00302    6.75640    6.76456 -9.990e-29     0.4598   12.14914   3.411522 9.6533e-13    25.9646    25.9642 1.0000e-12     29.000          1       3057    1478.77 1.0360e+02  52518.741    127.344 1549544270       0.04      0.948   40.24142  -72.30842    33.3943  1026.0995    25.9668     7.4748 0.0000e+00
     29.769     7.4766    33.2365  1026.1017     2.7458     6.7388     99.720    0.00004    6.75769    6.76586      8.113     0.6133   12.15128   3.411413 1.6644e-12    25.9644    25.9640 1.0000e-12     30.000          1       3100    1478.78 6.8241e+01  52519.126    129.116 1549544272      -0.26      0.618   40.24142  -72.30842    33.3935  1026.1036    25.9664     7.4738 0.0000e+00
     30.753     7.4698    33.2357  1026.1066     2.7456     6.7405     99.734    0.00007    6.75850    6.76668      8.115     0.5768   12.15262   3.410734 1.4239e-12    25.9648    25.9644 1.0000e-12     31.000          1       3150    1478.77 7.8317e+01  52520.351    131.190 1549544274       0.46      0.415   40.24140  -72.30842    33.3922  1026.1081    25.9663     7.4669 0.0000e+00
     31.754     7.4625    33.2348  1026.1115     2.7432     6.7211     99.427   -0.00181    6.75983    6.76803      8.113     0.4801   12.15483   3.410083 9.5678e-13    25.9651    25.9647 1.0000e-12     32.000          1       3173    1478.76 1.0454e+02  52521.615    132.187 1549544275       0.26      0.886   40.24140  -72.30842    33.3917  1026.1133    25.9670     7.4595 0.0000e+00
     32.748     7.4610    33.2347  1026.1162     2.7428     6.7278     99.516   -0.00092    6.76051    6.76871      8.111     0.5625   12.15595   3.409999 9.5550e-13    25.9653    25.9648 1.0000e-12     33.000          1       3204    1478.77 1.0466e+02  52522.537    133.447 1549544276      -0.16      0.866   40.24140  -72.30842    33.3918  1026.1182    25.9672     7.4579 0.0000e+00
     33.735     7.4525    33.2330  1026.1207     2.7403     6.7191     99.370   -0.00134    6.76163    6.76986      8.111     0.5360   12.15783   3.409051 9.5546e-13    25.9651    25.9647 1.0000e-12     34.000          1       3242    1478.75 1.0466e+02  52522.932    135.025 1549544278      -0.03      0.624   40.24140  -72.30842    33.3892  1026.1219    25.9664     7.4493 0.0000e+00
     34.729     7.4467    33.2327  1026.1258     2.7391     6.7179     99.367   -0.00103    6.76066    6.76888 -9.990e-29     0.5074   12.15622   3.408634 9.5546e-13    25.9657    25.9652 1.0000e-12     35.000          1       3279    1478.75 1.0466e+02  52524.646    136.575 1549544279      -0.03      0.654   40.24140  -72.30843    33.3897  1026.1278    25.9676     7.4434 0.0000e+00
     35.716     7.4392    33.2312  1026.1302     2.7373     6.7183     99.329   -0.00073    6.76361    6.77187 -9.990e-29     0.5026   12.16112   3.407804 9.5432e-13    25.9656    25.9651 1.0000e-12     36.000          1       3317    1478.73 1.0479e+02  52525.036    138.155 1549544281       0.05      0.606   40.24140  -72.30844    33.3875  1026.1316    25.9669     7.4358 0.0000e+00
     36.715     7.4483    33.2328  1026.1348 -9.990e-29     6.7025     99.096   -0.00208    6.76364    6.77189 -9.990e-29     0.5327   12.16116   3.408902 9.5490e-13    25.9656    25.9651 1.0000e-12     37.000          1       3347    1478.78 1.0472e+02  52525.716    139.411 1549544282       0.09      0.770   40.24140  -72.30844    33.3902  1026.1371    25.9678     7.4448 0.0000e+00
     37.704     7.4298    33.2300  1026.1398 -9.990e-29     6.7193     99.350    0.00002    6.76332    6.77156 -9.990e-29     0.5546   12.16063   3.406940 9.4122e-13    25.9660    25.9655 1.0000e-12     38.000          1       3384    1478.73 1.0625e+02  52527.176    140.959 1549544284      -0.13      0.675   40.24140  -72.30844    33.3862  1026.1411    25.9673     7.4262 0.0000e+00
     38.696     7.4278    33.2302  1026.1448     2.7355     6.7195     99.354   -0.00009    6.76319    6.77144 -9.990e-29     0.6197   12.16041   3.406920 9.3777e-13    25.9664    25.9659 1.0000e-12     39.000          1       3422    1478.74 1.0664e+02  52528.563    142.540 1549544285       0.07      0.617   40.24138  -72.30844    33.3874  1026.1469    25.9685     7.4242 0.0000e+00
     39.686     7.4291    33.2299  1026.1490     2.7351     6.7213     99.372    0.00001    6.76381    6.77207 -9.990e-29     0.6760   12.16146   3.407035 1.0844e-12    25.9660    25.9655 1.0000e-12     40.000          1       3455    1478.76 9.7104e+01  52528.457    143.922 1549544287       0.06      0.704   40.24138  -72.30844    33.3869  1026.1509    25.9679     7.4254 0.0000e+00
     40.681     7.4310    33.2303  1026.1537     2.7346     6.7168     99.310   -0.00035    6.76348    6.77173 -9.990e-29     0.5373   12.16090   3.407303 1.9135e-12    25.9661    25.9656 1.0000e-12     41.000          1       3483    1478.78 5.2256e+01  52529.355    145.085 1549544288       0.11      0.818   40.24138  -72.30844    33.3876  1026.1558    25.9682     7.4271 0.0000e+00
     41.680     7.4279    33.2297  1026.1583     2.7344     6.7186     99.334   -0.00018    6.76367    6.77193      8.109     0.5772   12.16122   3.407001 1.4091e-12    25.9661    25.9656 1.0000e-12     42.000          1       3513    1478.79 7.9514e+01  52529.976    146.346 1549544289      -0.08      0.836   40.24138  -72.30844    33.3868  1026.1602    25.9681     7.4239 0.0000e+00
