CalculateIndicators/WaterTemperature/Data/CTD_NYOS/NY1902_11_4_7.cnv
* Sea-Bird SBE 9 Data File:
* FileName = C:\Seabird 9 CTD\Data\2019\201902_Offshore\NY1902_ctd_casts\NY1902_11_4_7.hex
* Software Version Seasave V 7.23.2
* Temperature SN = 4590
* Conductivity SN = 3228
* Number of Bytes Per Scan = 44
* Number of Voltage Words = 5
* Number of Scans Averaged by the Deck Unit = 1
* NMEA Latitude = 39 14.69 N
* NMEA Longitude = 072 16.94 W
* NMEA UTC (Time) = Feb 11 2019  11:40:20
* NMEA baud rate = 4800
** Ship: Seawolf
** Station: 4.7
** Operator: AJB
# nquan = 35
# nvalues = 979                         
# units = specified
# name 0 = depSM: Depth [salt water, m]
# name 1 = t090C: Temperature [ITS-90, deg C]
# name 2 = sal00: Salinity, Practical [PSU]
# name 3 = density00: Density [density, kg/m^3]
# name 4 = sbeox0V: Oxygen raw, SBE 43 [V]
# name 5 = sbeox0ML/L: Oxygen, SBE 43 [ml/l]
# name 6 = sbeox0PS: Oxygen, SBE 43 [% saturation]
# name 7 = sbox0dV/dT: Oxygen, SBE 43 [dov/dt]
# name 8 = oxsolML/L: Oxygen Saturation, Garcia & Gordon [ml/l]
# name 9 = oxsatML/L: Oxygen Saturation, Weiss [ml/l]
# name 10 = ph: pH
# name 11 = flECO-AFL: Fluorescence, WET Labs ECO-AFL/FL [mg/m^3]
# name 12 = n2satML/L: Nitrogen Saturation [ml/l]
# name 13 = c0S/m: Conductivity [S/m]
# name 14 = cpar: CPAR/Corrected Irradiance [%]
# name 15 = sigma-é00: Density [sigma-theta, kg/m^3]
# name 16 = sigma-t00: Density [sigma-t, kg/m^3 ]
# name 17 = par: PAR/Irradiance, Biospherical/Licor
# name 18 = prDM: Pressure, Digiquartz [db]
# name 19 = pumps: Pump Status
# name 20 = scan: Scan Count
# name 21 = svCM: Sound Velocity [Chen-Millero, m/s]
# name 22 = spar: SPAR, Biospherical/Licor
# name 23 = specc: Specific Conductance [uS/cm]
# name 24 = timeS: Time, Elapsed [seconds]
# name 25 = timeY: Time, System [seconds]
# name 26 = accM: Acceleration [m/s^2]
# name 27 = dz/dtM: Descent Rate [m/s]
# name 28 = latitude: Latitude [deg]
# name 29 = longitude: Longitude [deg]
# name 30 = gsw_saA0: Absolute Salinity [g/kg]
# name 31 = gsw_densityA0: density, TEOS-10 [density, kg/m^3]
# name 32 = gsw_sigma0A0: density, TEOS-10 [sigma-0, kg/m^3 ]
# name 33 = gsw_ptA0: potential temperature [ITS-90, deg C]
# name 34 = flag: flag
# span 0 =      1.973,    486.708       
# span 1 =     6.9088,    13.6793       
# span 2 =    33.8320,    35.6989       
# span 3 =  1026.2824,  1029.7492       
# span 4 =     1.5702,     2.7600       
# span 5 =     3.0151,     6.5572       
# span 6 =     48.436,    100.163       
# span 7 =   -0.01514,    0.01807       
# span 8 =    5.82015,    6.75855       
# span 9 =    5.81743,    6.76901       
# span 10 =      4.983,     10.464      
# span 11 =    -0.0726,     0.6423      
# span 12 =   10.57250,   12.12990      
# span 13 =   3.550982,   4.243621      
# span 14 = -1.146e+04, 1.0341e+05      
# span 15 =    26.2733,    27.5146      
# span 16 =    26.2733,    27.5081      
# span 17 = 1.0000e-12, 1.0000e-12      
# span 18 =      2.000,    491.000      
# span 19 =          1,          1      
# span 20 =       1910,      47784      
# span 21 =    1483.14,    1505.84      
# span 22 = -8.762e-01, 2.7646e+01      
# span 23 =  53084.722,  55641.384      
# span 24 =     79.537,   1990.966      
# span 25 = 1549885299, 1549887211      
# span 26 =      -0.50,       0.34      
# span 27 =     -0.855,      0.889      
# span 28 =   39.24252,   39.24488      
# span 29 =  -72.28224,  -72.27941      
# span 30 =    33.9929,    35.8699      
# span 31 =  1026.2858,  1029.7518      
# span 32 =    26.2740,    27.5174      
# span 33 =     6.8620,    13.6570      
# span 34 = 0.0000e+00, 0.0000e+00      
# interval = decibars: 1                
# start_time = Feb 11 2019 11:40:20 [System UTC, first data scan.]
# bad_flag = -9.990e-29
*END*
[from data line 581]
    395.589     7.9776    35.1427  1029.2030     1.6763     3.5607     54.008   -0.00063    6.59288    6.60070 -9.990e-29    -0.0294   11.85596   3.650544 7.2342e-12    27.3955    27.3894 1.0000e-12    399.000          1      27500    1489.13 1.3823e+01  55343.456   1145.783 1549886365      -0.04     -0.556   39.24352  -72.28056    35.3128  1029.2081    27.4006     7.9366 0.0000e+00
    394.598     7.9916    35.1432  1029.1967     1.6755     3.5588     53.987   -0.00043    6.59204    6.59984      8.572    -0.0327   11.85457   3.651880 7.2655e-12    27.3938    27.3877 1.0000e-12    398.000          1      27540    1489.17 -9.990e-29  55339.772   1147.474 1549886367       0.02     -0.596   39.24350  -72.28056    35.3136  1029.2019    27.3991     7.9507 0.0000e+00
    393.610     8.0062    35.1441  1029.1905     1.6738     3.5475     53.821   -0.00111    6.59136    6.59915      8.570    -0.0166   11.85344   3.653240 7.3403e-12    27.3923    27.3862 1.0000e-12    397.000          1      27580    1489.21 -9.990e-29  55336.560   1149.113 1549886369      -0.08     -0.586   39.24350  -72.28056    35.3141  1029.1955    27.3973     7.9653 0.0000e+00
    392.614     8.0101    35.1446  1029.1858     1.6735     3.5525     53.901   -0.00030    6.59067    6.59845      8.569    -0.0306   11.85230   3.653603 7.2378e-12    27.3921    27.3860 1.0000e-12    396.000          1      27614    1489.21 1.3823e+01  55335.586   1150.531 1549886370       0.01     -0.708   39.24350  -72.28056    35.3146  1029.1907    27.3971     7.9692 0.0000e+00
    391.626     8.0152    35.1450  1029.1808     1.6729     3.5483     53.854   -0.00037    6.58879    6.59654 -9.990e-29    -0.0278   11.84919   3.654050 7.2342e-12    27.3917    27.3855 1.0000e-12    395.000          1      27658    1489.21 1.3823e+01  55334.182   1152.374 1549886372       0.07     -0.544   39.24350  -72.28056    35.3147  1029.1855    27.3964     7.9745 0.0000e+00
    390.638     8.0225    35.1454  1029.1754     1.6729     3.5508     53.904    0.00009    6.58734    6.59507 -9.990e-29    -0.0263   11.84679   3.654762 7.2342e-12    27.3909    27.3848 1.0000e-12    394.000          1      27703    1489.22 1.3823e+01  55332.142   1154.249 1549886374      -0.03     -0.525   39.24350  -72.28056    35.3155  1029.1805    27.3960     7.9818 0.0000e+00
    389.643     8.0346    35.1459  1029.1693     1.6722     3.5436     53.794   -0.00044    6.58736    6.59509      8.573    -0.0303   11.84681   3.655896 7.2342e-12    27.3894    27.3833 1.0000e-12    393.000          1      27739    1489.25 -9.990e-29  55328.880   1155.770 1549886375      -0.06     -0.646   39.24350  -72.28055    35.3160  1029.1743    27.3945     7.9941 0.0000e+00
    388.657     8.0411    35.1467  1029.1644     1.6712     3.5379     53.712   -0.00068    6.58670    6.59442      8.575    -0.0266   11.84573   3.656493 7.3610e-12    27.3891    27.3830 1.0000e-12    392.000          1      27780    1489.26 -9.990e-29  55327.782   1157.457 1549886377       0.05     -0.593   39.24350  -72.28054    35.3164  1029.1691    27.3938     8.0006 0.0000e+00
    387.662     8.0409    35.1473  1029.1603     1.6715     3.5445     53.820    0.00014    6.58587    6.59357      8.576    -0.0217   11.84434   3.656469 7.2371e-12    27.3895    27.3834 1.0000e-12    391.000          1      27818    1489.24 1.3823e+01  55327.956   1159.024 1549886379      -0.02     -0.639   39.24350  -72.28054    35.3168  1029.1649    27.3941     8.0006 0.0000e+00
    386.673     8.0463    35.1472  1029.1549     1.6721     3.5461     53.862    0.00032    6.58369    6.59136      8.576    -0.0229   11.84074   3.656925 7.2342e-12    27.3886    27.3825 1.0000e-12    390.000          1      27860    1489.25 1.3823e+01  55325.664   1160.804 1549886380       0.04     -0.563   39.24350  -72.28054    35.3167  1029.1595    27.3933     8.0060 0.0000e+00
    385.686     8.0533    35.1476  1029.1496     1.6721     3.5414     53.824    0.00008    6.57963    6.58724      8.576    -0.0221   11.83403   3.657586 7.2342e-12    27.3879    27.3818 1.0000e-12    389.000          1      27905    1489.26 1.3823e+01  55323.836   1162.656 1549886382       0.01     -0.536   39.24350  -72.28054    35.3173  1029.1543    27.3927     8.0131 0.0000e+00
    384.694     8.0711    35.1476  1029.1423     1.6708     3.5287     53.646   -0.00083    6.57785    6.58543      8.576    -0.0233   11.83109   3.659345 7.2342e-12    27.3852    27.3792 1.0000e-12    388.000          1      27941    1489.31 1.3823e+01  55318.473   1164.158 1549886384      -0.15     -0.632   39.24350  -72.28054    35.3188  1029.1481    27.3912     8.0310 0.0000e+00
    383.698     8.0912    35.1491  1029.1356     1.6698     3.5246     53.602   -0.00077    6.57545    6.58299 -9.990e-29    -0.0307   11.82713   3.661282 7.2342e-12    27.3833    27.3773 1.0000e-12    387.000          1      27975    1489.37 1.3823e+01  55314.755   1165.580 1549886385       0.06     -0.722   39.24350  -72.28054    35.3199  1029.1412    27.3889     8.0511 0.0000e+00
    382.713     8.1096    35.1498  1029.1287     1.6686     3.5197     53.576   -0.00046    6.56957    6.57703      8.577    -0.0347   11.81740   3.663014 7.3046e-12    27.3811    27.3750 1.0000e-12    386.000          1      28025    1489.42 1.3823e+01  55310.267   1167.687 1549886387       0.07     -0.455   39.24349  -72.28054    35.3205  1029.1343    27.3867     8.0695 0.0000e+00
    381.723     8.1392    35.1490  1029.1189     1.6665     3.5045     53.369   -0.00125    6.56644    6.57384      8.576    -0.0332   11.81221   3.665831 7.2333e-12    27.3759    27.3699 1.0000e-12    385.000          1      28069    1489.52 -9.990e-29  55300.737   1169.503 1549886389      -0.14     -0.543   39.24348  -72.28054    35.3215  1029.1258    27.3829     8.0992 0.0000e+00
    380.729     8.1617    35.1527  1029.1136     1.6648     3.4985     53.280   -0.00129    6.56619    6.57360      8.576    -0.0322   11.81178   3.668174 7.2342e-12    27.3754    27.3693 1.0000e-12    384.000          1      28103    1489.59 1.3823e+01  55299.552   1170.906 1549886390      -0.06     -0.698   39.24348  -72.28054    35.3245  1029.1200    27.3819     8.1217 0.0000e+00
    379.740     8.1806    35.1527  1029.1061     1.6632     3.4950     53.232   -0.00103    6.56562    6.57301      8.576    -0.0248   11.81082   3.669833 9.2682e+04    27.3725    27.3665 1.0000e-12    383.000          1      28141    1489.65 7.6416e-01  55293.942   1172.482 1549886392       0.08     -0.650   39.24348  -72.28054    35.3239  1029.1119    27.3785     8.1407 0.0000e+00
    378.747     8.1824    35.1555  1029.1034     1.6622     3.4948     53.235   -0.00057    6.56478    6.57216      8.577    -0.0261   11.80943   3.670169 2.9564e+04    27.3744    27.3684 1.0000e-12    382.000          1      28179    1489.64 8.9066e+00  55296.762   1174.090 1549886394      -0.03     -0.620   39.24348  -72.28054    35.3261  1029.1089    27.3800     8.1426 0.0000e+00
    377.760     8.1861    35.1553  1029.0981     1.6611     3.4879     53.170   -0.00060    6.55979    6.56709      8.580    -0.0299   11.80118   3.670396 -7.166e+02    27.3737    27.3676 1.0000e-12    381.000          1      28226    1489.64 1.0284e+01  55294.865   1176.026 1549886396       0.10     -0.517   39.24348  -72.28054    35.3253  1029.1032    27.3788     8.1464 0.0000e+00
    376.768     8.2017    35.1565  1029.0921     1.6608     3.4895     53.204   -0.00012    6.55867    6.56595      8.582    -0.0093   11.79931   3.672084 7.3017e-12    27.3723    27.3663 1.0000e-12    380.000          1      28266    1489.68 1.3712e+01  55291.975   1177.709 1549886397      -0.19     -0.572   39.24348  -72.28054    35.3283  1029.0985    27.3787     8.1620 0.0000e+00
    375.777     8.2274    35.1574  1029.0841     1.6594     3.4777     53.041   -0.00088    6.55664    6.56389      8.583    -0.0306   11.79596   3.674474 7.2662e-12    27.3690    27.3630 1.0000e-12    379.000          1      28304    1489.76 1.3771e+01  55285.777   1179.283 1549886399       0.09     -0.657   39.24348  -72.28054    35.3285  1029.0900    27.3750     8.1878 0.0000e+00
    374.788     8.2333    35.1587  1029.0797     1.6583     3.4732     53.003   -0.00070    6.55295    6.56014      8.583    -0.0116   11.78987   3.675081 7.2337e-12    27.3692    27.3631 1.0000e-12    378.000          1      28342    1489.77 1.3824e+01  55285.625   1180.879 1549886400      -0.12     -0.594   39.24348  -72.28053    35.3297  1029.0854    27.3750     8.1937 0.0000e+00
    373.794     8.2480    35.1582  1029.0724     1.6568     3.4634     52.912   -0.00082    6.54551    6.55259      8.583    -0.0250   11.77757   3.676372 7.2342e-12    27.3665    27.3605 1.0000e-12    377.000          1      28382    1489.81 1.3823e+01  55280.490   1182.533 1549886402       0.12     -0.622   39.24348  -72.28052    35.3292  1029.0781    27.3723     8.2085 0.0000e+00
    372.809     8.2911    35.1597  1029.0620     1.6541     3.4479     52.704   -0.00143    6.54196    6.54899      8.583    -0.0249   11.77168   3.680816 7.2342e-12    27.3610    27.3550 1.0000e-12    376.000          1      28428    1489.95 1.3823e+01  55270.909   1184.456 1549886404      -0.14     -0.487   39.24348  -72.28052    35.3340  1029.0704    27.3695     8.2516 0.0000e+00
    371.813     8.3333    35.1601  1029.0511     1.6514     3.4370     52.545   -0.00165    6.54105    6.54807 -9.990e-29    -0.0190   11.77017   3.684597 7.2342e-12    27.3549    27.3489 1.0000e-12    375.000          1      28467    1490.10 1.3823e+01  55260.063   1186.065 1549886406       0.06     -0.626   39.24347  -72.28052    35.3327  1029.0580    27.3620     8.2938 0.0000e+00
    370.829     8.3449    35.1635  1029.0473     1.6487     3.4271     52.422   -0.00153    6.53748    6.54443 -9.990e-29    -0.0025   11.76427   3.685869 7.2342e-12    27.3558    27.3497 1.0000e-12    374.000          1      28509    1490.13 1.3823e+01  55261.456   1187.842 1549886407      -0.11     -0.525   39.24346  -72.28052    35.3351  1029.0536    27.3621     8.3055 0.0000e+00
    369.829     8.3510    35.1636  1029.0418     1.6473     3.4244     52.388   -0.00123    6.53659    6.54354      8.583    -0.0171   11.76279   3.686398 7.2683e-12    27.3549    27.3488 1.0000e-12    373.000          1      28540    1490.13 -9.990e-29  55259.175   1189.132 1549886409      -0.08     -0.746   39.24346  -72.28052    35.3351  1029.0481    27.3612     8.3117 0.0000e+00
    368.844     8.3744    35.1635  1029.0335     1.6459     3.4193     52.356   -0.00087    6.53082    6.53767      8.583    -0.0265   11.75325   3.688575 7.2340e-12    27.3512    27.3452 1.0000e-12    372.000          1      28581    1490.20 1.3823e+01  55252.517   1190.844 1549886410       0.13     -0.601   39.24346  -72.28052    35.3354  1029.0400    27.3578     8.3351 0.0000e+00
    367.851     8.3902    35.1660  1029.0283     1.6443     3.4112     52.275   -0.00085    6.52547    6.53225      8.583    -0.0162   11.74441   3.690253 7.2342e-12    27.3508    27.3447 1.0000e-12    371.000          1      28624    1490.25 1.3823e+01  55251.546   1192.604 1549886412      -0.03     -0.571   39.24346  -72.28052    35.3380  1029.0349    27.3574     8.3510 0.0000e+00
    366.865     8.4408    35.1654  1029.0151     1.6405     3.3899     51.966   -0.00189    6.52336    6.53010 -9.990e-29    -0.0264   11.74088   3.695060 7.2342e-12    27.3425    27.3364 1.0000e-12    370.000          1      28673    1490.42 1.3823e+01  55237.195   1194.681 1549886414       0.06     -0.470   39.24346  -72.28052    35.3392  1029.0231    27.3505     8.4015 0.0000e+00
    365.872     8.4622    35.1689  1029.0098     1.6385     3.3869     51.932   -0.00132    6.52174    6.52846      8.583    -0.0089   11.73820   3.697194 7.2342e-12    27.3418    27.3358 1.0000e-12    369.000          1      28712    1490.49 1.3823e+01  55236.166   1196.276 1549886416      -0.19     -0.603   39.24346  -72.28052    35.3409  1029.0165    27.3485     8.4230 0.0000e+00
    364.878     8.4718    35.1702  1029.0047     1.6373     3.3850     51.924   -0.00087    6.51906    6.52574      8.584    -0.0380   11.73375   3.698141 7.2611e-12    27.3414    27.3353 1.0000e-12    368.000          1      28747    1490.51 -9.990e-29  55234.930   1197.771 1549886417       0.07     -0.689   39.24346  -72.28052    35.3419  1029.0112    27.3478     8.4327 0.0000e+00
    363.891     8.4853    35.1722  1028.9996     1.6358     3.3799     51.861   -0.00077    6.51720    6.52385      8.587    -0.0278   11.73066   3.699571 7.2339e-12    27.3408    27.3348 1.0000e-12    367.000          1      28792    1490.55 1.3823e+01  55233.672   1199.645 1549886419       0.01     -0.521   39.24346  -72.28052    35.3442  1029.0062    27.3475     8.4462 0.0000e+00
    362.900     8.5074    35.1724  1028.9917     1.6343     3.3735     51.771   -0.00083    6.51627    6.52291      8.588    -0.0239   11.72912   3.701586 7.2342e-12    27.3376    27.3315 1.0000e-12    366.000          1      28837    1490.61 1.3823e+01  55227.895   1201.490 1549886421       0.03     -0.546   39.24346  -72.28052    35.3440  1028.9979    27.3439     8.4684 0.0000e+00
    361.913     8.5134    35.1740  1028.9873     1.6334     3.3715     51.749   -0.00060    6.51523    6.52186 -9.990e-29    -0.0333   11.72741   3.702185 7.2342e-12    27.3378    27.3317 1.0000e-12    365.000          1      28878    1490.62 1.3823e+01  55227.864   1203.222 1549886423      -0.13     -0.546   39.24346  -72.28052    35.3448  1028.9930    27.3436     8.4745 0.0000e+00
    360.915     8.5176    35.1748  1028.9828     1.6330     3.3722     51.767   -0.00027    6.51412    6.52072 -9.990e-29    -0.0218   11.72558   3.702618 1.6323e+03    27.3378    27.3318 1.0000e-12    364.000          1      28908    1490.62 1.3475e+01  55227.408   1204.452 1549886424      -0.13     -0.769   39.24346  -72.28052    35.3457  1028.9885    27.3436     8.4788 0.0000e+00
    359.925     8.5256    35.1746  1028.9768     1.6317     3.3644     51.654   -0.00067    6.51324    6.51984      8.588    -0.0277   11.72412   3.703275 8.7827e+04    27.3364    27.3304 1.0000e-12    363.000          1      28948    1490.63 1.1499e+00  55224.434   1206.120 1549886426       0.17     -0.639   39.24345  -72.28052    35.3451  1028.9823    27.3419     8.4869 0.0000e+00
    358.937     8.5369    35.1748  1028.9706     1.6312     3.3643     51.677   -0.00020    6.51031    6.51686      8.588    -0.0159   11.71925   3.704299 3.6448e+02    27.3348    27.3287 1.0000e-12    362.000          1      29001    1490.66 1.1137e+01  55221.295   1208.346 1549886428      -0.02     -0.443   39.24344  -72.28050    35.3452  1028.9760    27.3402     8.4983 0.0000e+00
    357.951     8.5446    35.1763  1028.9660     1.6309     3.3625     51.666   -0.00012    6.50817    6.51469      8.588    -0.0170   11.71570   3.705152 8.7474e-12    27.3347    27.3287 1.0000e-12    361.000          1      29050    1490.67 1.1787e+01  55220.810   1210.382 1549886430      -0.06     -0.477   39.24344  -72.28050    35.3471  1028.9717    27.3405     8.5060 0.0000e+00
    356.951     8.5644    35.1777  1028.9593     1.6301     3.3564     51.574   -0.00053    6.50799    6.51451      8.588    -0.0133   11.71539   3.707111 7.3041e-12    27.3327    27.3267 1.0000e-12    360.000          1      29083    1490.73 1.3729e+01  55217.092   1211.761 1549886431      -0.10     -0.691   39.24344  -72.28050    35.3487  1028.9651    27.3386     8.5259 0.0000e+00
