CalculateIndicators/WaterTemperature/Data/CTD_NYOS/NY1902_10_4_2.cnv
* Sea-Bird SBE 9 Data File:
* FileName = C:\Seabird 9 CTD\Data\2019\201902_Offshore\NY1902_ctd_casts\NY1902_10_4_2.hex
* Software Version Seasave V 7.23.2
* Temperature SN = 4590
* Conductivity SN = 3228
* Number of Bytes Per Scan = 44
* Number of Voltage Words = 5
* Number of Scans Averaged by the Deck Unit = 1
* NMEA Latitude = 40 27.86 N
* NMEA Longitude = 072 44.07 W
* NMEA UTC (Time) = Feb 10 2019  20:58:35
* NMEA baud rate = 4800
** Ship: Seawolf
** Station: 4.2
** Operator: AJB
# nquan = 35
# nvalues = 76                          
# units = specified
# name 0 = depSM: Depth [salt water, m]
# name 1 = t090C: Temperature [ITS-90, deg C]
# name 2 = sal00: Salinity, Practical [PSU]
# name 3 = density00: Density [density, kg/m^3]
# name 4 = sbeox0V: Oxygen raw, SBE 43 [V]
# name 5 = sbeox0ML/L: Oxygen, SBE 43 [ml/l]
# name 6 = sbeox0PS: Oxygen, SBE 43 [% saturation]
# name 7 = sbox0dV/dT: Oxygen, SBE 43 [dov/dt]
# name 8 = oxsolML/L: Oxygen Saturation, Garcia & Gordon [ml/l]
# name 9 = oxsatML/L: Oxygen Saturation, Weiss [ml/l]
# name 10 = ph: pH
# name 11 = flECO-AFL: Fluorescence, WET Labs ECO-AFL/FL [mg/m^3]
# name 12 = n2satML/L: Nitrogen Saturation [ml/l]
# name 13 = c0S/m: Conductivity [S/m]
# name 14 = cpar: CPAR/Corrected Irradiance [%]
# name 15 = sigma-é00: Density [sigma-theta, kg/m^3]
# name 16 = sigma-t00: Density [sigma-t, kg/m^3 ]
# name 17 = par: PAR/Irradiance, Biospherical/Licor
# name 18 = prDM: Pressure, Digiquartz [db]
# name 19 = pumps: Pump Status
# name 20 = scan: Scan Count
# name 21 = svCM: Sound Velocity [Chen-Millero, m/s]
# name 22 = spar: SPAR, Biospherical/Licor
# name 23 = specc: Specific Conductance [uS/cm]
# name 24 = timeS: Time, Elapsed [seconds]
# name 25 = timeY: Time, System [seconds]
# name 26 = accM: Acceleration [m/s^2]
# name 27 = dz/dtM: Descent Rate [m/s]
# name 28 = latitude: Latitude [deg]
# name 29 = longitude: Longitude [deg]
# name 30 = gsw_saA0: Absolute Salinity [g/kg]
# name 31 = gsw_densityA0: density, TEOS-10 [density, kg/m^3]
# name 32 = gsw_sigma0A0: density, TEOS-10 [sigma-0, kg/m^3 ]
# name 33 = gsw_ptA0: potential temperature [ITS-90, deg C]
# name 34 = flag: flag
# span 0 =      0.946,     38.707       
# span 1 =     5.1419,     5.2233       
# span 2 =    32.4768,    32.5115       
# span 3 =  1025.6644,  1025.8590       
# span 4 =     2.5348,     2.7382       
# span 5 =     6.9418,     7.4310       
# span 6 =     96.997,    103.651       
# span 7 =   -0.00439,    0.11028       
# span 8 =    7.15423,    7.16923       
# span 9 =    7.16774,    7.18293       
# span 10 =      8.133,      8.303      
# span 11 =     0.3640,     0.7038      
# span 12 =   12.81517,   12.84035      
# span 13 =   3.139224,   3.150876      
# span 14 = 7.8957e-14, 1.4959e-13      
# span 15 =    25.6596,    25.6781      
# span 16 =    25.6595,    25.6778      
# span 17 = 1.0000e-12, 1.0000e-12      
# span 18 =      1.000,     39.000      
# span 19 =          1,          1      
# span 20 =        516,      11165      
# span 21 =    1468.11,    1469.11      
# span 22 = 6.6881e+02, 1.2665e+03      
# span 23 =  52072.265,  52124.247      
# span 24 =     21.459,    465.156      
# span 25 = 1549832336, 1549832779      
# span 26 =      -0.72,       0.69      
# span 27 =     -0.967,      0.827      
# span 28 =   40.46414,   40.46442      
# span 29 =  -72.73454,  -72.73220      
# span 30 =    32.6305,    32.6658      
# span 31 =  1025.6654,  1025.8607      
# span 32 =    25.6609,    25.6799      
# span 33 =     5.1418,     5.2204      
# span 34 = 0.0000e+00, 0.0000e+00      
# interval = decibars: 1                
# start_time = Feb 10 2019 20:58:34 [System UTC, first data scan.]
# bad_flag = -9.990e-29
*END*
      0.946     5.1419    32.4768  1025.6644     2.5348     7.4310    103.651    0.11028    7.16923    7.18293      8.133     0.6251   12.84035   3.139224 1.0956e-13    25.6596    25.6595 1.0000e-12      1.000          1        516    1468.11 9.1188e+02  52072.265     21.459 1549832336      -0.06     -0.967   40.46442  -72.73454    32.6305  1025.6654    25.6609     5.1418 0.0000e+00
      1.987     5.1434    32.4783  1025.6693     2.6628     7.1773    100.115    0.03461    7.16902    7.18272      8.179     0.5617   12.83998   3.139565 1.1047e-13    25.6605    25.6605 1.0000e-12      2.000          1        733    1468.14 9.0623e+02  52074.883     30.481 1549832345       0.44      0.035   40.46442  -72.73448    32.6324  1025.6715    25.6622     5.1432 0.0000e+00
      2.982     5.1424    32.4791  1025.6752     2.7251     7.0946     98.963    0.00216    7.16895    7.18265      8.214     0.5660   12.83987   3.139578 1.0487e-13    25.6613    25.6613 1.0000e-12      3.000          1       1124    1468.15 9.5626e+02  52076.967     46.790 1549832361       0.17      0.369   40.46442  -72.73439    32.6331  1025.6768    25.6629     5.1422 0.0000e+00
      3.954     5.1432    32.4789  1025.6796     2.7319     7.1204     99.321    0.00249    7.16908    7.18278      8.223     0.6108   12.84008   3.139679 9.8652e-14    25.6611    25.6611 1.0000e-12      4.000          1       1222    1468.17 1.0132e+03  52077.212     50.890 1549832365       0.15      0.392   40.46442  -72.73437    32.6329  1025.6812    25.6627     5.1429 0.0000e+00
      4.972     5.1436    32.4794  1025.6847     2.7306     7.0926     98.938   -0.00022    7.16870    7.18239      8.222     0.6077   12.83945   3.139812 9.6996e-14    25.6615    25.6614 1.0000e-12      5.000          1       1249    1468.19 1.0310e+03  52078.550     51.996 1549832366       0.30      0.701   40.46442  -72.73436    32.6335  1025.6863    25.6631     5.1432 0.0000e+00
      5.948     5.1456    32.4796  1025.6892     2.7307     7.0988     99.023    0.00030    7.16881    7.18251 -9.990e-29     0.6259   12.83964   3.140042 9.4473e-14    25.6614    25.6613 1.0000e-12      6.000          1       1313    1468.21 1.0585e+03  52078.841     54.672 1549832369       0.69      0.276   40.46442  -72.73435    32.6338  1025.6909    25.6631     5.1451 0.0000e+00
      6.952     5.1444    32.4787  1025.6933     2.7306     7.0932     98.947   -0.00041    7.16871    7.18240      8.225     0.6513   12.83947   3.139882 9.3742e-14    25.6608    25.6607 1.0000e-12      7.000          1       1345    1468.22 1.0668e+03  52078.659     56.007 1549832370       0.10      0.696   40.46442  -72.73434    32.6325  1025.6947    25.6623     5.1439 0.0000e+00
      7.929     5.1450    32.4789  1025.6979     2.7315     7.1096     99.172    0.00096    7.16891    7.18261      8.224     0.6410   12.83982   3.140011 9.3297e-14    25.6609    25.6608 1.0000e-12      8.000          1       1400    1468.24 1.0719e+03  52079.443     58.312 1549832372       0.38      0.263   40.46442  -72.73432    32.6329  1025.6996    25.6625     5.1444 0.0000e+00
      8.933     5.1484    32.4786  1025.7021     2.7298     7.0830     98.809   -0.00146    7.16835    7.18204      8.225     0.6634   12.83888   3.140346 9.2796e-14    25.6603    25.6602 1.0000e-12      9.000          1       1426    1468.27 1.0776e+03  52078.738     59.355 1549832373       0.28      0.827   40.46442  -72.73432    32.6330  1025.7040    25.6622     5.1477 0.0000e+00
      9.921     5.1450    32.4787  1025.7071     2.7313     7.1071     99.159    0.00074    7.16743    7.18110      8.225     0.6183   12.83732   3.140061 9.3056e-14    25.6607    25.6606 1.0000e-12     10.000          1       1473    1468.28 1.0746e+03  52080.623     61.314 1549832375      -0.27      0.501   40.46442  -72.73432    32.6325  1025.7086    25.6622     5.1443 0.0000e+00
     10.916     5.1488    32.4793  1025.7118     2.7280     7.0770     98.731   -0.00154    7.16791    7.18159      8.226     0.6087   12.83814   3.140551 9.6253e-14    25.6608    25.6607 1.0000e-12     11.000          1       1509    1468.31 1.0398e+03  52081.084     62.850 1549832377       0.50      0.617   40.46442  -72.73431    32.6339  1025.7139    25.6629     5.1480 0.0000e+00
     11.918     5.1519    32.4822  1025.7185     2.7243     7.0526     98.401   -0.00302    7.16724    7.18092      8.228     0.5920   12.83699   3.141091 9.4245e-14    25.6628    25.6627 1.0000e-12     12.000          1       1564    1468.34 1.0630e+03  52084.937     65.112 1549832379       0.38      0.560   40.46442  -72.73430    32.6366  1025.7204    25.6647     5.1510 0.0000e+00
     12.908     5.1536    32.4843  1025.7246     2.7192     7.0254     98.022   -0.00439    7.16716    7.18083      8.232     0.5619   12.83684   3.141453 9.0231e-14    25.6643    25.6642 1.0000e-12     13.000          1       1621    1468.37 1.1088e+03  52088.302     67.481 1549832382       0.19      0.704   40.46441  -72.73428    32.6386  1025.7264    25.6661     5.1526 0.0000e+00
     13.879     5.1538    32.4841  1025.7290     2.7192     7.0754     98.725    0.00119    7.16682    7.18049      8.231     0.5462   12.83622   3.141472 8.9288e-14    25.6641    25.6640 1.0000e-12     14.000          1       1674    1468.38 1.1200e+03  52088.647     69.721 1549832384      -0.14      0.383   40.46440  -72.73427    32.6381  1025.7306    25.6656     5.1528 0.0000e+00
     14.886     5.1525    32.4840  1025.7337     2.7168     7.0454     98.302   -0.00146    7.16710    7.18078      8.231     0.5705   12.83666   3.141431 8.8182e-14    25.6641    25.6640 1.0000e-12     15.000          1       1701    1468.39 1.1340e+03  52089.502     70.824 1549832385       0.34      0.756   40.46440  -72.73426    32.6384  1025.7356    25.6660     5.1514 0.0000e+00
     15.878     5.1533    32.4885  1025.7418     2.7133     7.0297     98.082   -0.00207    7.16714    7.18083      8.234     0.4913   12.83672   3.141905 8.8121e-14    25.6676    25.6675 1.0000e-12     16.000          1       1740    1468.42 1.1348e+03  52096.517     72.438 1549832387      -0.24      0.672   40.46440  -72.73426    32.6426  1025.7435    25.6693     5.1521 0.0000e+00
     16.865     5.1511    32.4915  1025.7491     2.7068     6.9935     97.576   -0.00393    7.16718    7.18087      8.234     0.4843   12.83678   3.142012 8.7621e-14    25.6703    25.6701 1.0000e-12     17.000          1       1782    1468.43 1.1413e+03  52102.315     74.205 1549832388       0.26      0.525   40.46440  -72.73426    32.6455  1025.7507    25.6718     5.1498 0.0000e+00
     17.865     5.1511    32.4915  1025.7538     2.7042     6.9992     97.658   -0.00240    7.16705    7.18074      8.235     0.4772   12.83656   3.142061 8.7110e-14    25.6703    25.6702 1.0000e-12     18.000          1       1813    1468.45 1.1480e+03  52103.168     75.502 1549832390       0.04      0.761   40.46440  -72.73424    32.6455  1025.7553    25.6718     5.1498 0.0000e+00
     18.850     5.1503    32.4925  1025.7592     2.7000     6.9875     97.493   -0.00232    7.16717    7.18086      8.236     0.4087   12.83675   3.142124 8.6162e-14    25.6711    25.6710 1.0000e-12     19.000          1       1854    1468.46 1.1606e+03  52105.415     77.216 1549832391      -0.14      0.597   40.46440  -72.73424    32.6466  1025.7609    25.6727     5.1489 0.0000e+00
     19.844     5.1511    32.4933  1025.7645     2.6950     6.9607     97.124   -0.00353    7.16682    7.18050 -9.990e-29     0.4131   12.83615   3.142313 8.6657e-14    25.6717    25.6715 1.0000e-12     20.000          1       1890    1468.48 1.1545e+03  52107.127     78.688 1549832393       0.20      0.635   40.46440  -72.73423    32.6474  1025.7661    25.6734     5.1496 0.0000e+00
     20.839     5.1501    32.4932  1025.7692     2.6936     6.9768     97.344   -0.00140    7.16709    7.18078 -9.990e-29     0.4054   12.83661   3.142246 9.0892e-14    25.6718    25.6716 1.0000e-12     21.000          1       1926    1468.49 1.1011e+03  52108.015     80.192 1549832394      -0.13      0.696   40.46440  -72.73422    32.6471  1025.7706    25.6732     5.1486 0.0000e+00
     21.827     5.1534    32.4948  1025.7747     2.6914     6.9723     97.283   -0.00119    7.16702    7.18071 -9.990e-29     0.3906   12.83649   3.142754 8.4685e-14    25.6726    25.6725 1.0000e-12     22.000          1       1968    1468.52 1.1808e+03  52109.973     81.953 1549832396       0.13      0.525   40.46440  -72.73421    32.6493  1025.7766    25.6745     5.1518 0.0000e+00
     22.823     5.1495    32.4936  1025.7788     2.6900     6.9652     97.212   -0.00130    7.16497    7.17863 -9.990e-29     0.3921   12.83308   3.142296 8.4911e-14    25.6721    25.6719 1.0000e-12     23.000          1       2001    1468.52 1.1777e+03  52110.173     83.317 1549832397       0.05      0.722   40.46440  -72.73420    32.6474  1025.7802    25.6735     5.1478 0.0000e+00
     23.813     5.1508    32.4944  1025.7840     2.6909     6.9834     97.481    0.00042    7.16383    7.17747 -9.990e-29     0.3729   12.83117   3.142569 8.4461e-14    25.6726    25.6724 1.0000e-12     24.000          1       2039    1468.55 1.1840e+03  52111.673     84.919 1549832399      -0.09      0.641   40.46440  -72.73420    32.6487  1025.7857    25.6744     5.1490 0.0000e+00
     24.802     5.1639    32.4974  1025.7895     2.6896     6.9706     97.313   -0.00056    7.16311    7.17674 -9.990e-29     0.3954   12.82997   3.144088 8.4757e-14    25.6735    25.6733 1.0000e-12     25.000          1       2077    1468.62 1.1799e+03  52112.588     86.492 1549832401       0.09      0.610   40.46440  -72.73419    32.6529  1025.7922    25.6762     5.1621 0.0000e+00
     25.804     5.1680    32.4982  1025.7943     2.6888     6.9648     97.237   -0.00093    7.16277    7.17639 -9.990e-29     0.3925   12.82940   3.144484 8.4624e-14    25.6737    25.6735 1.0000e-12     26.000          1       2108    1468.65 1.1817e+03  52113.141     87.798 1549832402       0.04      0.755   40.46440  -72.73418    32.6529  1025.7964    25.6758     5.1661 0.0000e+00
     26.785     5.1726    32.4992  1025.7992     2.6882     6.9707     97.325   -0.00016    7.16232    7.17594 -9.990e-29     0.3781   12.82866   3.145010 8.5320e-14    25.6740    25.6738 1.0000e-12     27.000          1       2153    1468.69 1.1720e+03  52113.839     89.672 1549832404      -0.15      0.524   40.46440  -72.73417    32.6540  1025.8014    25.6762     5.1706 0.0000e+00
     27.782     5.1749    32.4995  1025.8038     2.6864     6.9561     97.133   -0.00113    7.16142    7.17503 -9.990e-29     0.3884   12.82717   3.145257 8.5219e-14    25.6740    25.6738 1.0000e-12     28.000          1       2188    1468.72 1.1734e+03  52114.313     91.112 1549832405       0.22      0.654   40.46440  -72.73416    32.6541  1025.8059    25.6760     5.1728 0.0000e+00
     28.779     5.1767    32.4996  1025.8084     2.6854     6.9553     97.120   -0.00094    7.16155    7.17516      8.236     0.3782   12.82739   3.145475 8.4927e-14    25.6739    25.6737 1.0000e-12     29.000          1       2220    1468.74 1.1775e+03  52114.655     92.478 1549832406      -0.06      0.754   40.46440  -72.73416    32.6544  1025.8105    25.6761     5.1745 0.0000e+00
     29.761     5.1817    32.5006  1025.8132 -9.990e-29     6.9625     97.225   -0.00005    7.16125    7.17485      8.235     0.3771   12.82688   3.146024 8.9415e-14    25.6742    25.6739 1.0000e-12     30.000          1       2264    1468.78 1.1200e+03  52115.201     94.287 1549832408      -0.05      0.522   40.46440  -72.73416    32.6553  1025.8153    25.6762     5.1795 0.0000e+00
     30.763     5.1818    32.5006  1025.8179     2.6848     6.9611     97.211   -0.00010    7.16081    7.17440      8.233     0.3840   12.82614   3.146067 8.7237e-14    25.6742    25.6739 1.0000e-12     31.000          1       2312    1468.80 1.1490e+03  52115.938     96.303 1549832410       0.05      0.492   40.46438  -72.73414    32.6552  1025.8199    25.6761     5.1795 0.0000e+00
     31.753     5.1871    32.5018  1025.8229     2.6843     6.9565     97.167   -0.00036    7.15942    7.17299      8.234     0.3763   12.82382   3.146677 8.2699e-14    25.6745    25.6742 1.0000e-12     32.000          1       2413    1468.84 1.2095e+03  52116.620    100.502 1549832415       0.23      0.227   40.46438  -72.73412    32.6565  1025.8249    25.6766     5.1847 0.0000e+00
     32.745     5.1980    32.5042  1025.8282     2.6832     6.9531     97.142   -0.00025    7.15769    7.17124 -9.990e-29     0.3680   12.82094   3.147876 8.3301e-14    25.6752    25.6749 1.0000e-12     33.000          1       2520    1468.90 1.2005e+03  52117.423    104.953 1549832419       0.03      0.266   40.46438  -72.73410    32.6591  1025.8304    25.6774     5.1956 0.0000e+00
     33.735     5.2028    32.5059  1025.8336     2.6825     6.9488     97.090   -0.00052    7.15705    7.17059 -9.990e-29     0.3752   12.81987   3.148451 8.2027e-14    25.6760    25.6757 1.0000e-12     34.000          1       2636    1468.94 1.2193e+03  52119.004    109.811 1549832424       0.06      0.236   40.46438  -72.73407    32.6605  1025.8356    25.6780     5.2003 0.0000e+00
     34.729     5.2067    32.5068  1025.8385     2.6803     6.9418     96.997   -0.00058    7.15670    7.17023      8.237     0.3784   12.81928   3.148888 7.9632e-14    25.6762    25.6760 1.0000e-12     35.000          1       2717    1468.97 1.2560e+03  52119.800    113.169 1549832427       0.06      0.319   40.46438  -72.73405    32.6613  1025.8404    25.6782     5.2041 0.0000e+00
     35.717     5.2077    32.5072  1025.8433     2.6808     6.9522     97.147    0.00032    7.15633    7.16986      8.239     0.3967   12.81867   3.149039 7.8957e-14    25.6764    25.6761 1.0000e-12     36.000          1       2806    1468.99 1.2665e+03  52120.800    116.856 1549832431       0.12      0.245   40.46438  -72.73404    32.6615  1025.8452    25.6783     5.2050 0.0000e+00
     36.713     5.2061    32.5069  1025.8480     2.6803     6.9473     97.075   -0.00015    7.15664    7.17017      8.241     0.3765   12.81918   3.148956 8.0067e-14    25.6765    25.6762 1.0000e-12     37.000          1       2886    1469.00 1.2494e+03  52121.690    120.193 1549832434       0.14      0.282   40.46437  -72.73402    32.6616  1025.8500    25.6785     5.2033 0.0000e+00
     37.703     5.2174    32.5096  1025.8535     2.6807     6.9483     97.122    0.00002    7.15423    7.16774      8.244     0.3796   12.81517   3.150191 8.7310e-14    25.6773    25.6770 1.0000e-12     38.000          1       2995    1469.07 1.1464e+03  52122.737    124.758 1549832439       0.08      0.248   40.46436  -72.73400    32.6643  1025.8555    25.6794     5.2145 0.0000e+00
     38.707     5.2233    32.5115  1025.8590     2.6815     6.9516     97.166    0.00004    7.15438    7.16789      8.298     0.3685   12.81542   3.150876 1.1207e-13    25.6781    25.6778 1.0000e-12     39.000          1       3451    1469.11 8.9527e+02  52124.247    143.738 1549832458      -0.10      0.248   40.46436  -72.73390    32.6658  1025.8607    25.6799     5.2204 0.0000e+00
     37.697     5.2166    32.5098  1025.8537     2.6824     6.9559     97.212    0.00027    7.15537    7.16889      8.261     0.3640   12.81707   3.150070 1.0980e-13    25.6775    25.6772 1.0000e-12     38.000          1       4283    1469.06 9.2171e+02  52123.229    178.423 1549832492      -0.16     -0.407   40.46434  -72.73372    32.6637  1025.8552    25.6790     5.2137 0.0000e+00
     36.709     5.2141    32.5091  1025.8488     2.6825     6.9533     97.159   -0.00009    7.15664    7.17018      8.263     0.3928   12.81919   3.149767 9.8945e-14    25.6773    25.6770 1.0000e-12     37.000          1       4513    1469.04 1.0115e+03  52122.373    188.010 1549832502      -0.19     -0.481   40.46434  -72.73366    32.6632  1025.8504    25.6788     5.2113 0.0000e+00
