CalculateIndicators/WaterTemperature/Data/CTD_NYOS/NY1902_06_1_4.cnv
* Sea-Bird SBE 9 Data File:
* FileName = C:\Seabird 9 CTD\Data\2019\201902_Offshore\NY1902_ctd_casts\NY1902_06_1_4.hex
* Software Version Seasave V 7.23.2
* Temperature SN = 4590
* Conductivity SN = 3228
* Number of Bytes Per Scan = 44
* Number of Voltage Words = 5
* Number of Scans Averaged by the Deck Unit = 1
* NMEA Latitude = 40 17.03 N
* NMEA Longitude = 071 37.97 W
* NMEA UTC (Time) = Feb 06 2019  15:36:29
* NMEA baud rate = 4800
** Ship: Seawolf
** Station: 1_4
** Operator: AJB
# nquan = 35
# nvalues = 115                         
# units = specified
# name 0 = depSM: Depth [salt water, m]
# name 1 = t090C: Temperature [ITS-90, deg C]
# name 2 = sal00: Salinity, Practical [PSU]
# name 3 = density00: Density [density, kg/m^3]
# name 4 = sbeox0V: Oxygen raw, SBE 43 [V]
# name 5 = sbeox0ML/L: Oxygen, SBE 43 [ml/l]
# name 6 = sbeox0PS: Oxygen, SBE 43 [% saturation]
# name 7 = sbox0dV/dT: Oxygen, SBE 43 [dov/dt]
# name 8 = oxsolML/L: Oxygen Saturation, Garcia & Gordon [ml/l]
# name 9 = oxsatML/L: Oxygen Saturation, Weiss [ml/l]
# name 10 = ph: pH
# name 11 = flECO-AFL: Fluorescence, WET Labs ECO-AFL/FL [mg/m^3]
# name 12 = n2satML/L: Nitrogen Saturation [ml/l]
# name 13 = c0S/m: Conductivity [S/m]
# name 14 = cpar: CPAR/Corrected Irradiance [%]
# name 15 = sigma-é00: Density [sigma-theta, kg/m^3]
# name 16 = sigma-t00: Density [sigma-t, kg/m^3 ]
# name 17 = par: PAR/Irradiance, Biospherical/Licor
# name 18 = prDM: Pressure, Digiquartz [db]
# name 19 = pumps: Pump Status
# name 20 = scan: Scan Count
# name 21 = svCM: Sound Velocity [Chen-Millero, m/s]
# name 22 = spar: SPAR, Biospherical/Licor
# name 23 = specc: Specific Conductance [uS/cm]
# name 24 = timeS: Time, Elapsed [seconds]
# name 25 = timeY: Time, System [seconds]
# name 26 = accM: Acceleration [m/s^2]
# name 27 = dz/dtM: Descent Rate [m/s]
# name 28 = latitude: Latitude [deg]
# name 29 = longitude: Longitude [deg]
# name 30 = gsw_saA0: Absolute Salinity [g/kg]
# name 31 = gsw_densityA0: density, TEOS-10 [density, kg/m^3]
# name 32 = gsw_sigma0A0: density, TEOS-10 [sigma-0, kg/m^3 ]
# name 33 = gsw_ptA0: potential temperature [ITS-90, deg C]
# name 34 = flag: flag
# span 0 =     -1.545,     67.472       
# span 1 =     6.4360,     6.9223       
# span 2 =    31.3677,    33.7331       
# span 3 =   980.4631,  1054.6551       
# span 4 =     2.5630,     2.7568       
# span 5 =     6.3828,     6.8657       
# span 6 =     92.612,     99.620       
# span 7 =   -0.00224,    0.00301       
# span 8 =    6.58779,    7.08589       
# span 9 =    6.59708,    7.09587       
# span 10 =      7.674,      8.254      
# span 11 =     0.1777,     0.4618      
# span 12 =   11.83220,   12.72681      
# span 13 =   3.160319,   3.399266      
# span 14 = 1.3980e-04, 5.1105e+00      
# span 15 =    24.5983,    26.4534      
# span 16 =    24.5983,    26.4533      
# span 17 = 2.6452e-03, 9.7927e+01      
# span 18 =      1.000,     68.000      
# span 19 =          1,          1      
# span 20 =       7235,      24938      
# span 21 =    1409.78,    1516.59      
# span 22 = 5.8620e+02, 1.9435e+03      
# span 23 =  49792.899,  53557.957      
# span 24 =    301.418,   1039.055      
# span 25 = 1481090686, 1593078222      
# span 26 =      -0.76,      52.41      
# span 27 =     -0.986,     21.997      
# span 28 =   38.50570,   41.41718      
# span 29 =  -73.65015,  -68.47282      
# span 30 =    31.5127,    33.8910      
# span 31 =   980.4956,  1054.6729      
# span 32 =    24.5973,    26.4539      
# span 33 =     6.4355,     6.9209      
# span 34 = 0.0000e+00, 0.0000e+00      
# interval = decibars: 1                
# start_time = Feb 06 2019 15:36:31 [System UTC, first data scan.]
# bad_flag = -9.990e-29
*END*
[from data line 42]
     62.509     6.7230    32.8795  1026.0755     2.6563     6.6217     96.179    0.00029    6.88484    6.89456      8.022     0.2593   12.36558   3.314152 2.2434e-03    25.7861    25.7854 3.8744e-02     63.000          1      13015    1475.96 1.7427e+03  52230.150    542.245 1549467933      -0.10      0.608   40.28310  -71.63482    33.0377  1026.0794    25.7900     6.7175 0.0000e+00
     63.498     6.7613    32.8931  1026.0857     2.6552     6.6106     96.089   -0.00014    6.87968    6.88933 -9.990e-29     0.2367   12.35693   3.318712 1.6684e-03    25.7918    25.7911 3.1268e-02     64.000          1      13117    1476.14 1.8719e+03  52239.831    546.508 1549467937       0.03      0.220   40.28310  -71.63482    33.0507  1026.0891    25.7952     6.7557 0.0000e+00
     64.490     6.7842    32.9014  1026.0938     2.6554     6.6078     96.151    0.00016    6.87237    6.88192 -9.990e-29     0.2555   12.34466   3.321587 1.0770e-03    25.7954    25.7946 2.0168e-02     65.000          1      13202    1476.26 1.8730e+03  52246.266    550.021 1549467941       0.01      0.320   40.28310  -71.63484    33.0599  1026.0979    25.7994     6.7785 0.0000e+00
     65.479     6.8157    32.9138  1026.1039 -9.990e-29     6.5992     96.144   -0.00009    6.86383    6.87327 -9.990e-29     0.2615   12.33036   3.325584 8.7500e-04    25.8010    25.8002 1.6443e-02     66.000          1      13271    1476.41 1.8792e+03  52256.134    552.931 1549467944       0.11      0.337   40.28310  -71.63484    33.0732  1026.1087    25.8057     6.8099 0.0000e+00
     66.477     6.8674    32.9296  1026.1141     2.6549     6.5973     96.124   -0.00016    6.86330    6.87273      8.022     0.2771   12.32947   3.331607 4.2538e-04    25.8066    25.8058 7.6806e-03     67.000          1      13369    1476.65 1.8172e+03  52265.513    556.994 1549467948      -0.01      0.275   40.28308  -71.63485    33.0893  1026.1190    25.8115     6.8615 0.0000e+00
     67.472     6.9076    32.9461  1026.1263     2.6556     6.5975     96.164    0.00023    6.86067    6.87007      8.022     0.2952   12.32505   3.336378 1.3980e-04    25.8142    25.8134 2.6452e-03     68.000          1      14957    1476.84 1.8590e+03  52279.032    623.159 1549468014      -0.17      0.195   40.28298  -71.63507    33.1027  1026.1287    25.8167     6.9016 0.0000e+00
     66.471     6.8743    32.9338  1026.1165     2.6567     6.6057     96.223    0.00027    6.86501    6.87447      8.023     0.2726   12.33231   3.332182 5.7775e-04    25.8090    25.8082 1.0977e-02     67.000          1      15852    1476.68 1.9052e+03  52269.682    660.440 1549468051      -0.05     -0.360   40.28291  -71.63520    33.0890  1026.1178    25.8104     6.8684 0.0000e+00
     65.481     6.8424    32.9241  1026.1085     2.6559     6.6086     96.146    0.00003    6.87349    6.88306 -9.990e-29     0.2738   12.34651   3.328350 9.6792e-04    25.8056    25.8048 1.8418e-02     66.000          1      15850    1476.53 1.9027e+03  52263.687    660.382 1549468051      -0.10     -0.712   40.28292  -71.63520    33.0780  1026.1089    25.8059     6.8366 0.0000e+00
     64.486     6.8189    32.9152  1026.1000     2.6563     6.6153     96.134   -0.00010    6.88131    6.89098      8.023     0.2658   12.35963   3.325471 1.5716e-03    25.8016    25.8009 2.9677e-02     65.000          1      15938    1476.41 1.8915e+03  52256.575    664.036 1549468055      -0.03     -0.503   40.28290  -71.63521    33.0693  1026.1006    25.8022     6.8132 0.0000e+00
     63.504     6.7877    32.9046  1026.0913     2.6555     6.6173     96.025   -0.00061    6.89118    6.90097      8.023     0.2690   12.37620   3.321559 2.4300e-03    25.7974    25.7967 4.5956e-02     64.000          1      16031    1476.26 1.8901e+03  52249.160    667.923 1549468059      -0.13     -0.440   40.28290  -71.63522    33.0567  1026.0903    25.7964     6.7821 0.0000e+00
     62.504     6.7368    32.8862  1026.0789     2.6564     6.6286     96.190    0.00043    6.89115    6.90095 -9.990e-29     0.2502   12.37617   3.315321 3.0088e-03    25.7896    25.7888 5.7177e-02     63.000          1      16059    1476.02 1.9003e+03  52235.909    669.104 1549468060      -0.23     -0.702   40.28290  -71.63522    33.0374  1026.0773    25.7879     6.7313 0.0000e+00
     61.511     6.7194    32.8764  1026.0689     2.6568     6.6245     96.145    0.00011    6.89012    6.89990 -9.990e-29     0.2528   12.37450   3.313098 3.9364e-03    25.7841    25.7834 7.4757e-02     62.000          1      16162    1475.92 1.8991e+03  52226.030    673.385 1549468064      -0.03     -0.414   40.28289  -71.63524    33.0300  1026.0692    25.7844     6.7140 0.0000e+00
     60.526     6.7209    32.8722  1026.0608     2.6571     6.6270     96.174    0.00035    6.89067    6.90045 -9.990e-29     0.3193   12.37545   3.312966 4.8953e-03    25.7806    25.7799 9.2707e-02     61.000          1      16242    1475.90 1.8938e+03  52218.838    676.700 1549468067      -0.25     -0.444   40.28288  -71.63525    33.0276  1026.0625    25.7823     6.7156 0.0000e+00
     59.525     6.7249    32.8717  1026.0553 -9.990e-29     6.6251     96.127   -0.00000    6.89209    6.90189 -9.990e-29     0.2388   12.37783   3.313217 5.4825e-03    25.7797    25.7790 1.0418e-01     60.000          1      16279    1475.90 1.9002e+03  52216.448    678.242 1549468069       0.06     -0.624   40.28288  -71.63526    33.0270  1026.0569    25.7813     6.7197 0.0000e+00
     58.541     6.7113    32.8671  1026.0489     2.6581     6.6299     96.188    0.00034    6.89263    6.90243      8.022     0.2342   12.37872   3.311543 6.4433e-03    25.7779    25.7772 1.2256e-01     59.000          1      16399    1475.83 1.9022e+03  52212.858    683.256 1549468074      -0.19     -0.196   40.28288  -71.63528    33.0221  1026.0503    25.7792     6.7061 0.0000e+00
     57.544     6.7088    32.8670  1026.0445     2.6583     6.6287     96.165    0.00009    6.89303    6.90284      8.022     0.2342   12.37940   3.311306 7.3884e-03    25.7781    25.7774 1.3957e-01     58.000          1      16456    1475.80 1.8890e+03  52212.648    685.637 1549468076       0.05     -0.476   40.28288  -71.63528    33.0224  1026.0462    25.7798     6.7037 0.0000e+00
     56.553     6.7062    32.8663  1026.0398     2.6590     6.6334     96.217    0.00029    6.89426    6.90408      8.022     0.2218   12.38144   3.311001 8.6206e-03    25.7779    25.7772 1.6370e-01     57.000          1      16523    1475.78 1.8992e+03  52211.733    688.421 1549468079      -0.05     -0.358   40.28286  -71.63530    33.0219  1026.0416    25.7797     6.7012 0.0000e+00
     55.561     6.6963    32.8636  1026.0343     2.6587     6.6294     96.131   -0.00017    6.89617    6.90602      8.022     0.2262   12.38464   3.309819 1.0035e-02    25.7770    25.7763 1.9071e-01     56.000          1      16623    1475.72 1.9005e+03  52209.774    692.579 1549468083      -0.12     -0.296   40.28286  -71.63530    33.0189  1026.0359    25.7786     6.6914 0.0000e+00
     54.576     6.6880    32.8613  1026.0290     2.6575     6.6199     95.997   -0.00074    6.89595    6.90579      8.022     0.2163   12.38429   3.308825 1.1449e-02    25.7762    25.7756 2.1603e-01     55.000          1      16694    1475.66 1.8867e+03  52208.096    695.525 1549468086      -0.10     -0.335   40.28286  -71.63532    33.0164  1026.0305    25.7778     6.6832 0.0000e+00
     53.576     6.6883    32.8596  1026.0230     2.6580     6.6279     96.114    0.00013    6.89591    6.90576      8.022     0.2340   12.38425   3.308714 1.3223e-02    25.7749    25.7743 2.5045e-01     54.000          1      16755    1475.65 1.8942e+03  52204.926    698.083 1549468089      -0.00     -0.363   40.28286  -71.63533    33.0153  1026.0250    25.7768     6.6836 0.0000e+00
     52.589     6.6909    32.8586  1026.0173     2.6583     6.6298     96.129    0.00031    6.89678    6.90664      8.022     0.3017   12.38570   3.308807 1.5146e-02    25.7738    25.7732 2.8870e-01     53.000          1      16852    1475.64 1.9061e+03  52202.109    702.108 1549468093      -0.12     -0.302   40.28285  -71.63534    33.0144  1026.0193    25.7758     6.6863 0.0000e+00
     51.588     6.6879    32.8577  1026.0123     2.6600     6.6382     96.248    0.00074    6.89696    6.90682      8.022     0.2473   12.38600   3.308406 1.7381e-02    25.7734    25.7728 3.2830e-01     52.000          1      16893    1475.61 1.8891e+03  52200.936    703.842 1549468095      -0.06     -0.544   40.28284  -71.63534    33.0132  1026.0142    25.7752     6.6834 0.0000e+00
     50.603     6.6841    32.8564  1026.0072     2.6612     6.6334     96.176   -0.00004    6.89719    6.90705      8.023     0.2531   12.38639   3.307932 1.9473e-02    25.7729    25.7723 3.6375e-01     51.000          1      16982    1475.58 1.8723e+03  52199.385    707.559 1549468098       0.00     -0.239   40.28284  -71.63536    33.0121  1026.0092    25.7749     6.6797 0.0000e+00
     49.608     6.6827    32.8554  1026.0020     2.6608     6.6371     96.227    0.00029    6.89738    6.90724      8.023     0.2466   12.38671   3.307684 2.3434e-02    25.7723    25.7717 4.4322e-01     50.000          1      17168    1475.55 1.8913e+03  52197.705    715.300 1549468106      -0.04     -0.206   40.28283  -71.63539    33.0112  1026.0041    25.7743     6.6784 0.0000e+00
     48.609     6.6814    32.8546  1025.9969     2.6615     6.6349     96.191   -0.00001    6.89770    6.90757      8.021     0.2358   12.38725   3.307446 2.6921e-02    25.7718    25.7712 5.1097e-01     49.000          1      17436    1475.53 1.8978e+03  52196.189    726.442 1549468117      -0.21     -0.442   40.28282  -71.63542    33.0104  1025.9990    25.7738     6.6771 0.0000e+00
     47.629     6.6775    32.8527  1025.9914     2.6619     6.6386     96.209    0.00007    6.90020    6.91009 -9.990e-29     0.2069   12.39148   3.306864 2.9030e-02    25.7707    25.7702 5.5134e-01     48.000          1      17679    1475.50 1.8993e+03  52193.793    736.567 1549468127      -0.46     -0.252   40.28280  -71.63546    33.0082  1025.9932    25.7726     6.6733 0.0000e+00
     46.621     6.6711    32.8488  1025.9845     2.6639     6.6499     96.372    0.00066    6.90016    6.91006 -9.990e-29     0.2468   12.39141   3.305909 3.3896e-02    25.7685    25.7680 6.4146e-01     47.000          1      17789    1475.45 1.8925e+03  52189.241    741.150 1549468132      -0.16     -0.619   40.28279  -71.63548    33.0043  1025.9863    25.7703     6.6670 0.0000e+00
     45.634     6.6730    32.8498  1025.9804     2.6646     6.6506     96.357    0.00057    6.90208    6.91199 -9.990e-29     0.2471   12.39470   3.306082 3.7752e-02    25.7690    25.7685 7.2081e-01     46.000          1      19871    1475.44 1.9094e+03  52189.426    827.932 1549468219      -0.32     -0.959   40.28262  -71.63571    33.0048  1025.9819    25.7705     6.6690 0.0000e+00
     44.646     6.6655    32.8444  1025.9725     2.6651     6.6551     96.411    0.00095    6.90284    6.91276      8.023     0.3332   12.39600   3.304830 4.2574e-02    25.7657    25.7652 8.0739e-01     45.000          1      20130    1475.39 1.8965e+03  52183.110    838.689 1549468229       0.20     -0.986   40.28260  -71.63574    32.9987  1025.9735    25.7667     6.6616 0.0000e+00
     43.652     6.6581    32.8368  1025.9630     2.6699     6.6818     96.790    0.00239    6.90343    6.91335      8.025     0.3258   12.39701   3.303524 4.9917e-02    25.7608    25.7603 9.6371e-01     44.000          1      20179    1475.34 1.9296e+03  52173.646    840.734 1549468231       0.19     -0.640   40.28260  -71.63574    32.9918  1025.9644    25.7622     6.6543 0.0000e+00
     42.669     6.6501    32.8285  1025.9528     2.6794     6.7091     97.174    0.00219    6.90418    6.91411      8.029     0.3589   12.39834   3.302050 5.6853e-02    25.7552    25.7547 1.0926e+00     43.000          1      20269    1475.28 1.9220e+03  52163.126    844.493 1549468235      -0.06     -0.152   40.28259  -71.63575    32.9836  1025.9545    25.7568     6.6464 0.0000e+00
     41.676     6.6486    32.8253  1025.9459     2.6819     6.7063     97.160    0.00133    6.90236    6.91225 -9.990e-29     0.3458   12.39547   3.301594 6.4545e-02    25.7529    25.7524 1.2370e+00     42.000          1      20321    1475.25 1.9173e+03  52158.319    846.658 1549468237      -0.04     -0.488   40.28258  -71.63576    32.9805  1025.9477    25.7546     6.6449 0.0000e+00
     40.687     6.6492    32.8209  1025.9378     2.6829     6.7036     97.151    0.00097    6.90012    6.90997 -9.990e-29     0.3512   12.39179   3.301199 7.6543e-02    25.7493    25.7488 1.4406e+00     41.000          1      20354    1475.23 1.8819e+03  52151.083    848.053 1549468239      -0.27     -0.632   40.28258  -71.63576    32.9761  1025.9395    25.7510     6.6456 0.0000e+00
     39.683     6.6559    32.8153  1025.9279     2.6838     6.7015     97.157    0.00071    6.89755    6.90735 -9.990e-29     0.3617   12.38762   3.301328 8.7745e-02    25.7440    25.7435 1.6791e+00     40.000          1      20378    1475.23 1.9131e+03  52140.648    849.057 1549468240      -0.20     -0.917   40.28258  -71.63576    32.9715  1025.9304    25.7466     6.6524 0.0000e+00
     38.693     6.6715    32.8122  1025.9188     2.6839     6.6976     97.118    0.00035    6.89634    6.90613 -9.990e-29     0.4282   12.38565   3.302401 9.9661e-02    25.7396    25.7391 1.9246e+00     39.000          1      20411    1475.28 1.9312e+03  52131.212    850.431 1549468241       0.21     -0.808   40.28258  -71.63576    32.9689  1025.9217    25.7424     6.6681 0.0000e+00
     37.702     6.6994    32.8037  1025.9038     2.6817     6.6815     96.901   -0.00052    6.89518    6.90494      8.029     0.3670   12.38376   3.304047 1.1436e-01    25.7292    25.7288 2.1895e+00     38.000          1      20485    1475.36 1.9147e+03  52110.751    853.487 1549468244      -0.19     -0.364   40.28258  -71.63578    32.9607  1025.9070    25.7324     6.6961 0.0000e+00
     36.708     6.7099    32.8003  1025.8952     2.6826     6.6913     97.100    0.00109    6.89117    6.90085      8.029     0.3909   12.37724   3.304588 1.3008e-01    25.7251    25.7247 2.4774e+00     37.000          1      20552    1475.38 1.9044e+03  52102.335    856.295 1549468247      -0.23     -0.686   40.28256  -71.63578    32.9571  1025.8982    25.7282     6.7066 0.0000e+00
     35.725     6.7224    32.7956  1025.8853     2.6875     6.7205     97.531    0.00301    6.89060    6.90028      8.030     0.3864   12.37632   3.305246 1.5095e-01    25.7198    25.7194 2.8931e+00     36.000          1      20593    1475.41 1.9165e+03  52091.593    857.981 1549468249       0.11     -0.628   40.28256  -71.63578    32.9528  1025.8886    25.7232     6.7192 0.0000e+00
     34.723     6.7397    32.7913  1025.8749     2.6905     6.7268     97.627    0.00269    6.89024    6.89992      8.030     0.4266   12.37573   3.306322 1.7864e-01    25.7141    25.7137 3.4515e+00     35.000          1      20623    1475.45 1.9318e+03  52079.917    859.263 1549468250      -0.17     -0.730   40.28256  -71.63580    32.9485  1025.8784    25.7176     6.7366 0.0000e+00
     33.736     6.7442    32.7906  1025.8692     2.6936     6.7224     97.568    0.00107    6.89002    6.89969      8.031     0.3643   12.37537   3.306553 2.0457e-01    25.7130    25.7126 3.9331e+00     34.000          1      20696    1475.45 1.9228e+03  52077.120    862.271 1549468253       0.15     -0.330   40.28256  -71.63581    32.9472  1025.8721    25.7159     6.7412 0.0000e+00
