CalculateIndicators/WaterTemperature/Data/CTD_NYOS/NY1902_10_4_3_5.cnv
* Sea-Bird SBE 9 Data File:
* FileName = C:\Seabird 9 CTD\Data\2019\201902_Offshore\NY1902_ctd_casts\NY1902_10_4_3_5.hex
* Software Version Seasave V 7.23.2
* Temperature SN = 4590
* Conductivity SN = 3228
* Number of Bytes Per Scan = 44
* Number of Voltage Words = 5
* Number of Scans Averaged by the Deck Unit = 1
* NMEA Latitude = 40 06.11 N
* NMEA Longitude = 072 36.00 W
* NMEA UTC (Time) = Feb 11 2019  02:56:46
* NMEA baud rate = 4800
** Ship: Seawolf
** Station: 4.3.5
** Operator: HBB
# nquan = 35
# nvalues = 103                         
# units = specified
# name 0 = depSM: Depth [salt water, m]
# name 1 = t090C: Temperature [ITS-90, deg C]
# name 2 = sal00: Salinity, Practical [PSU]
# name 3 = density00: Density [density, kg/m^3]
# name 4 = sbeox0V: Oxygen raw, SBE 43 [V]
# name 5 = sbeox0ML/L: Oxygen, SBE 43 [ml/l]
# name 6 = sbeox0PS: Oxygen, SBE 43 [% saturation]
# name 7 = sbox0dV/dT: Oxygen, SBE 43 [dov/dt]
# name 8 = oxsolML/L: Oxygen Saturation, Garcia & Gordon [ml/l]
# name 9 = oxsatML/L: Oxygen Saturation, Weiss [ml/l]
# name 10 = ph: pH
# name 11 = flECO-AFL: Fluorescence, WET Labs ECO-AFL/FL [mg/m^3]
# name 12 = n2satML/L: Nitrogen Saturation [ml/l]
# name 13 = c0S/m: Conductivity [S/m]
# name 14 = cpar: CPAR/Corrected Irradiance [%]
# name 15 = sigma-é00: Density [sigma-theta, kg/m^3]
# name 16 = sigma-t00: Density [sigma-t, kg/m^3 ]
# name 17 = par: PAR/Irradiance, Biospherical/Licor
# name 18 = prDM: Pressure, Digiquartz [db]
# name 19 = pumps: Pump Status
# name 20 = scan: Scan Count
# name 21 = svCM: Sound Velocity [Chen-Millero, m/s]
# name 22 = spar: SPAR, Biospherical/Licor
# name 23 = specc: Specific Conductance [uS/cm]
# name 24 = timeS: Time, Elapsed [seconds]
# name 25 = timeY: Time, System [seconds]
# name 26 = accM: Acceleration [m/s^2]
# name 27 = dz/dtM: Descent Rate [m/s]
# name 28 = latitude: Latitude [deg]
# name 29 = longitude: Longitude [deg]
# name 30 = gsw_saA0: Absolute Salinity [g/kg]
# name 31 = gsw_densityA0: density, TEOS-10 [density, kg/m^3]
# name 32 = gsw_sigma0A0: density, TEOS-10 [sigma-0, kg/m^3 ]
# name 33 = gsw_ptA0: potential temperature [ITS-90, deg C]
# name 34 = flag: flag
# span 0 =      1.976,     52.591       
# span 1 =     6.9353,     7.3045       
# span 2 =    33.1769,    33.2672       
# span 3 =  1026.0022,  1026.2554       
# span 4 =     2.7122,     2.7307       
# span 5 =     6.6719,     6.7637       
# span 6 =     98.207,     98.915       
# span 7 =   -0.00263,    0.00145       
# span 8 =    6.78112,    6.84268       
# span 9 =    6.78968,    6.85209       
# span 10 =      8.242,      8.334      
# span 11 =     0.2539,     0.3933      
# span 12 =   12.18958,   12.29237      
# span 13 =   3.357490,   3.399947      
# span 14 = -8.448e+03, 1.0754e+05      
# span 15 =    25.9911,    26.0130      
# span 16 =    25.9908,    26.0123      
# span 17 = 1.0000e-12, 1.0000e-12      
# span 18 =      2.000,     53.000      
# span 19 =          1,          1      
# span 20 =        158,      12297      
# span 21 =    1476.19,    1478.53      
# span 22 = -1.490e-01, 2.1415e+00      
# span 23 =  52558.548,  52622.328      
# span 24 =      6.552,    512.350      
# span 25 = 1549853812, 1549854318      
# span 26 =      -0.27,       0.54      
# span 27 =     -0.764,      0.729      
# span 28 =   40.10184,   40.10206      
# span 29 =  -72.60010,  -72.59869      
# span 30 =    33.3339,    33.4251      
# span 31 =  1026.0044,  1026.2578      
# span 32 =    25.9929,    26.0154      
# span 33 =     6.9340,     7.3004      
# span 34 = 0.0000e+00, 0.0000e+00      
# interval = decibars: 1                
# start_time = Feb 11 2019 02:56:45 [System UTC, first data scan.]
# bad_flag = -9.990e-29
*END*
[from data line 42]
     43.658     7.2796    33.2584  1026.2107     2.7157     6.6844     98.521   -0.00025    6.78473    6.79334      8.260     0.3749   12.19564   3.396974 -9.990e-29    26.0093    26.0087 1.0000e-12     44.000          1       2255    1478.28 -9.990e-29  52610.253     93.906 1549853899      -0.20      0.514   40.10186  -72.59986    33.4196  1026.2157    26.0143     7.2755 0.0000e+00
     44.652     7.2836    33.2596  1026.2157     2.7148     6.6789     98.451   -0.00061    6.78397    6.79257      8.259     0.3249   12.19436   3.397324 5.0640e-11    26.0097    26.0091 1.0000e-12     45.000          1       2304    1478.32 1.9747e+00  52611.669     95.974 1549853901       0.26      0.498   40.10186  -72.59984    33.4191  1026.2194    26.0134     7.2794 0.0000e+00
     45.642     7.2843    33.2603  1026.2208     2.7144     6.6824     98.503   -0.00011    6.78399    6.79260      8.260     0.3090   12.19441   3.397532 7.4259e+04    26.0102    26.0096 1.0000e-12     46.000          1       2354    1478.34 5.0828e-01  52613.231     98.046 1549853903      -0.13      0.487   40.10186  -72.59984    33.4202  1026.2247    26.0141     7.2801 0.0000e+00
     46.637     7.2873    33.2611  1026.2256     2.7134     6.6758     98.401   -0.00065    6.78425    6.79286 -9.990e-29     0.3079   12.19483   3.397819 6.8348e+04    26.0104    26.0098 1.0000e-12     47.000          1       2404    1478.36 6.2502e-01  52614.226    100.138 1549853906       0.09      0.502   40.10184  -72.59984    33.4200  1026.2287    26.0136     7.2830 0.0000e+00
     47.624     7.2850    33.2611  1026.2305     2.7148     6.6909     98.635    0.00071    6.78347    6.79206 -9.990e-29     0.3002   12.19351   3.397669 5.0668e+03    26.0107    26.0101 1.0000e-12     48.000          1       2475    1478.37 1.8746e+00  52615.529    103.076 1549853908      -0.06      0.301   40.10184  -72.59983    33.4201  1026.2337    26.0140     7.2806 0.0000e+00
     48.618     7.2894    33.2626  1026.2356     2.7159     6.6901     98.645    0.00028    6.78194    6.79052 -9.990e-29     0.3846   12.19096   3.398231 -1.097e+01    26.0113    26.0107 1.0000e-12     49.000          1       2540    1478.41 1.9749e+00  52617.139    105.794 1549853911      -0.04      0.368   40.10184  -72.59982    33.4215  1026.2388    26.0145     7.2849 0.0000e+00
     49.611     7.2986    33.2654  1026.2411     2.7137     6.6746     98.418   -0.00097    6.78195    6.79053      8.265     0.3262   12.19097   3.399323 5.0640e-11    26.0122    26.0116 1.0000e-12     50.000          1       2602    1478.46 1.9747e+00  52619.428    108.374 1549853914       0.07      0.412   40.10184  -72.59981    33.4240  1026.2441    26.0152     7.2940 0.0000e+00
     50.602     7.2988    33.2655  1026.2457     2.7128     6.6781     98.471   -0.00023    6.78182    6.79040      8.265     0.3018   12.19076   3.399368 8.8102e+04    26.0123    26.0116 1.0000e-12     51.000          1       2667    1478.48 2.3493e-01  52620.186    111.096 1549853916      -0.06      0.351   40.10184  -72.59980    33.4238  1026.2485    26.0151     7.2941 0.0000e+00
     51.594     7.2994    33.2658  1026.2505     2.7123     6.6774     98.459   -0.00022    6.78188    6.79046      8.265     0.3676   12.19085   3.399482 4.3205e+04    26.0124    26.0118 1.0000e-12     52.000          1       2736    1478.50 1.1215e+00  52621.157    113.941 1549853919      -0.03      0.350   40.10184  -72.59980    33.4240  1026.2531    26.0151     7.2946 0.0000e+00
     52.591     7.3031    33.2668  1026.2554     2.7127     6.6796     98.501   -0.00006    6.78124    6.78981      8.277     0.3255   12.18979   3.399919 6.0699e+04    26.0127    26.0121 1.0000e-12     53.000          1       3819    1478.53 7.7606e-01  52622.328    159.075 1549853964      -0.00      0.094   40.10187  -72.59968    33.4247  1026.2578    26.0152     7.2982 0.0000e+00
     51.592     7.3036    33.2672  1026.2510     2.7130     6.6811     98.525    0.00018    6.78112    6.78968      8.281     0.3397   12.18958   3.399947 -1.870e+03    26.0130    26.0123 1.0000e-12     52.000          1       4558    1478.52 2.0116e+00  52622.070    189.878 1549853995      -0.27     -0.244   40.10190  -72.59960    33.4251  1026.2534    26.0154     7.2988 0.0000e+00
     50.602     7.3037    33.2672  1026.2464     2.7124     6.6743     98.424   -0.00028    6.78120    6.78977      8.281     0.3326   12.18972   3.399915 5.0640e-11    26.0130    26.0123 1.0000e-12     51.000          1       4622    1478.50 1.9747e+00  52621.384    192.538 1549853998       0.03     -0.339   40.10190  -72.59960    33.4251  1026.2488    26.0154     7.2990 0.0000e+00
     49.610     7.3030    33.2669  1026.2417     2.7122     6.6767     98.455    0.00015    6.78148    6.79005      8.284     0.3200   12.19018   3.399773 5.0640e-11    26.0128    26.0122 1.0000e-12     50.000          1       4704    1478.48 1.9747e+00  52620.478    195.977 1549854001       0.02     -0.285   40.10191  -72.59958    33.4247  1026.2440    26.0152     7.2983 0.0000e+00
     48.618     7.3011    33.2664  1026.2369     2.7135     6.6802     98.501    0.00017    6.78184    6.79041      8.284     0.2837   12.19078   3.399504 5.0640e-11    26.0127    26.0120 1.0000e-12     49.000          1       4791    1478.46 1.9747e+00  52619.544    199.584 1549854005      -0.02     -0.312   40.10192  -72.59958    33.4241  1026.2392    26.0149     7.2965 0.0000e+00
     47.627     7.2994    33.2657  1026.2321     2.7140     6.6797     98.496    0.00001    6.78173    6.79030      8.285     0.2662   12.19060   3.399259 5.0640e-11    26.0124    26.0118 1.0000e-12     48.000          1       4877    1478.43 1.9747e+00  52618.399    203.182 1549854009      -0.01     -0.247   40.10192  -72.59956    33.4236  1026.2344    26.0147     7.2949 0.0000e+00
     46.635     7.2995    33.2658  1026.2275     2.7146     6.6867     98.592    0.00076    6.78226    6.79084      8.286     0.3190   12.19150   3.399227 4.2990e+03    26.0124    26.0118 1.0000e-12     47.000          1       4986    1478.42 1.8898e+00  52617.728    207.705 1549854013      -0.06     -0.188   40.10194  -72.59955    33.4235  1026.2298    26.0147     7.2952 0.0000e+00
     45.642     7.2958    33.2647  1026.2226     2.7149     6.6771     98.456   -0.00045    6.78184    6.79042      8.288     0.3631   12.19080   3.398757 7.0647e+04    26.0121    26.0115 1.0000e-12     46.000          1       5076    1478.39 5.7961e-01  52616.534    211.457 1549854017      -0.03     -0.308   40.10194  -72.59954    33.4225  1026.2249    26.0143     7.2916 0.0000e+00
     44.650     7.3004    33.2652  1026.2178     2.7143     6.6783     98.484    0.00016    6.78114    6.78971      8.295     0.3061   12.18963   3.399196 3.9321e+04    26.0118    26.0112 1.0000e-12     45.000          1       5163    1478.39 1.1982e+00  52615.353    215.092 1549854020       0.01     -0.253   40.10194  -72.59954    33.4233  1026.2203    26.0143     7.2962 0.0000e+00
     43.659     7.3045    33.2664  1026.2136     2.7164     6.6877     98.595    0.00042    6.78303    6.79163      8.290     0.2955   12.19277   3.399614 -2.760e+03    26.0122    26.0116 1.0000e-12     44.000          1       5254    1478.39 2.0292e+00  52615.333    218.873 1549854024      -0.03     -0.283   40.10196  -72.59952    33.4244  1026.2161    26.0147     7.3004 0.0000e+00
     42.663     7.2863    33.2625  1026.2084     2.7144     6.6755     98.382   -0.00065    6.78526    6.79388      8.293     0.3850   12.19651   3.397538 3.8312e+04    26.0116    26.0110 1.0000e-12     43.000          1       5455    1478.30 1.2181e+00  52613.756    227.253 1549854033      -0.04     -0.235   40.10197  -72.59950    33.4197  1026.2103    26.0135     7.2824 0.0000e+00
     41.670     7.2908    33.2626  1026.2033     2.7157     6.6869     98.534    0.00048    6.78641    6.79505 -9.990e-29     0.2678   12.19844   3.397972 2.5037e+03    26.0111    26.0105 1.0000e-12     42.000          1       6301    1478.30 1.9253e+00  52612.112    262.500 1549854068      -0.19     -0.502   40.10202  -72.59941    33.4207  1026.2058    26.0136     7.2869 0.0000e+00
     40.690     7.2869    33.2611  1026.1981     2.7169     6.6932     98.586    0.00057    6.78918    6.79786 -9.990e-29     0.3042   12.20306   3.397318 5.0640e-11    26.0104    26.0098 1.0000e-12     41.000          1       6405    1478.26 1.9747e+00  52610.203    266.824 1549854072       0.01     -0.477   40.10202  -72.59940    33.4177  1026.1995    26.0118     7.2831 0.0000e+00
     39.683     7.2725    33.2581  1026.1931     2.7180     6.7091     98.677    0.00097    6.79905    6.80786      8.304     0.3224   12.21953   3.395716 5.0640e-11    26.0100    26.0095 1.0000e-12     40.000          1       6433    1478.19 1.9747e+00  52609.042    268.000 1549854073      -0.19     -0.764   40.10202  -72.59940    33.4147  1026.1945    26.0114     7.2688 0.0000e+00
     38.701     7.2562    33.2540  1026.1876     2.7178     6.7138     98.540   -0.00010    6.81322    6.82223      8.304     0.3066   12.24315   3.393773 5.0640e-11    26.0090    26.0085 1.0000e-12     39.000          1       6474    1478.10 1.9747e+00  52606.679    269.705 1549854075       0.21     -0.609   40.10202  -72.59939    33.4097  1026.1883    26.0097     7.2526 0.0000e+00
     37.703     7.1878    33.2384  1026.1802     2.7197     6.7306     98.731    0.00095    6.81711    6.82617      8.304     0.3201   12.24968   3.385638 5.0640e-11    26.0061    26.0057 1.0000e-12     38.000          1       6508    1477.80 1.9747e+00  52601.690    271.125 1549854077      -0.18     -0.669   40.10202  -72.59938    33.3873  1026.1756    26.0015     7.1843 0.0000e+00
     36.713     7.1122    33.2243  1026.1749     2.7209     6.7375     98.771    0.00094    6.82126    6.83038      8.305     0.2674   12.25662   3.377884 -9.990e-29    26.0054    26.0049 1.0000e-12     37.000          1       6546    1477.48 -9.990e-29  52600.807    272.689 1549854078       0.13     -0.670   40.10202  -72.59938    33.3760  1026.1726    26.0030     7.1088 0.0000e+00
     35.724     7.0860    33.2122  1026.1644     2.7221     6.7374     98.794    0.00074    6.81961    6.82870      8.305     0.2886   12.25389   3.374409 -9.990e-29    25.9994    25.9990 1.0000e-12     36.000          1       6583    1477.34 -9.990e-29  52589.553    274.265 1549854080      -0.12     -0.597   40.10202  -72.59938    33.3637  1026.1619    25.9969     7.0828 0.0000e+00
     34.724     7.0641    33.2080  1026.1595     2.7237     6.7441     98.894    0.00109    6.81955    6.82864      8.306     0.3049   12.25378   3.372159 3.3493e+02    25.9990    25.9986 1.0000e-12     35.000          1       6616    1477.24 1.9681e+00  52588.822    275.619 1549854081       0.03     -0.742   40.10202  -72.59938    33.3607  1026.1579    25.9975     7.0610 0.0000e+00
     33.742     7.0769    33.2081  1026.1532     2.7231     6.7386     98.705   -0.00023    6.82696    6.83615      8.307     0.3652   12.26614   3.373578 1.0420e+05    25.9973    25.9969 1.0000e-12     34.000          1       6661    1477.27 -8.294e-02  52584.843    277.518 1549854083       0.06     -0.489   40.10204  -72.59938    33.3643  1026.1545    25.9986     7.0738 0.0000e+00
     32.742     7.0699    33.2079  1026.1494     2.7216     6.7245     98.518   -0.00120    6.82568    6.83486      8.309     0.3304   12.26403   3.372632 1.8703e+04    25.9982    25.9978 1.0000e-12     33.000          1       6695    1477.23 1.6054e+00  52585.844    278.907 1549854084      -0.15     -0.684   40.10204  -72.59937    33.3612  1026.1484    25.9971     7.0669 0.0000e+00
     31.750     7.0321    33.1995  1026.1434     2.7226     6.7394     98.748    0.00048    6.82483    6.83399      8.309     0.3180   12.26261   3.368526 6.8999e+03    25.9966    25.9963 1.0000e-12     32.000          1       6733    1477.05 1.8384e+00  52583.056    280.509 1549854086       0.11     -0.651   40.10204  -72.59936    33.3532  1026.1426    25.9959     7.0292 0.0000e+00
     30.758     7.0410    33.1995  1026.1375     2.7220     6.7322     98.630   -0.00029    6.82573    6.83491      8.309     0.3128   12.26409   3.369461 8.6748e+04    25.9954    25.9950 1.0000e-12     31.000          1       6785    1477.07 2.6167e-01  52579.985    282.658 1549854088       0.07     -0.473   40.10204  -72.59936    33.3553  1026.1385    25.9963     7.0382 0.0000e+00
     29.767     7.0264    33.1950  1026.1314     2.7233     6.7411     98.755    0.00038    6.82612    6.83529      8.312     0.3086   12.26476   3.367892 4.2522e+04    25.9938    25.9935 1.0000e-12     30.000          1       7679    1476.99 1.1350e+00  52576.790    319.935 1549854125      -0.04     -0.143   40.10205  -72.59923    33.3527  1026.1338    25.9962     7.0237 0.0000e+00
     28.776     7.0402    33.1969  1026.1264     2.7246     6.7410     98.771    0.00023    6.82488    6.83404      8.320     0.2992   12.26273   3.369264 3.1973e+02    25.9935    25.9931 1.0000e-12     29.000          1       8488    1477.03 1.9684e+00  52575.138    353.621 1549854159       0.02     -0.284   40.10206  -72.59912    33.3549  1026.1291    25.9961     7.0376 0.0000e+00
     27.781     7.0409    33.1974  1026.1221     2.7248     6.7414     98.747    0.00002    6.82696    6.83615      8.320     0.2885   12.26618   3.369391 5.0640e-11    25.9938    25.9934 1.0000e-12     28.000          1       8559    1477.02 1.9747e+00  52575.071    356.574 1549854162      -0.01     -0.411   40.10206  -72.59912    33.3561  1026.1253    25.9969     7.0384 0.0000e+00
     26.792     7.0365    33.1970  1026.1178     2.7238     6.7389     98.663   -0.00027    6.83024    6.83948      8.319     0.2935   12.27164   3.368674 5.0640e-11    25.9940    25.9937 1.0000e-12     27.000          1       8630    1476.99 1.9747e+00  52574.893    359.541 1549854165      -0.10     -0.316   40.10206  -72.59910    33.3529  1026.1189    25.9951     7.0341 0.0000e+00
     25.800     7.0078    33.1918  1026.1131 -9.990e-29     6.7409     98.678   -0.00002    6.83124    6.84049      8.321     0.2762   12.27331   3.365722 2.6379e+04    25.9938    25.9935 1.0000e-12     26.000          1       8699    1476.85 1.4538e+00  52574.437    362.414 1549854168       0.03     -0.331   40.10206  -72.59910    33.3488  1026.1149    25.9956     7.0055 0.0000e+00
     24.808     7.0069    33.1910  1026.1079 -9.990e-29     6.7387     98.605   -0.00024    6.83399    6.84329      8.324     0.2776   12.27788   3.365463 1.0248e+05    25.9933    25.9929 1.0000e-12     25.000          1       8761    1476.83 -4.899e-02  52572.773    365.007 1549854170       0.02     -0.391   40.10206  -72.59910    33.3472  1026.1092    25.9945     7.0047 0.0000e+00
     23.813     6.9907    33.1898  1026.1045     2.7247     6.7448     98.662    0.00017    6.83629    6.84561      8.334     0.2893   12.28171   3.363870 9.9999e+04    25.9945    25.9942 1.0000e-12     24.000          1       8818    1476.75 0.0000e+00  52574.740    367.396 1549854173       0.01     -0.430   40.10206  -72.59908    33.3459  1026.1057    25.9957     6.9886 0.0000e+00
     22.822     6.9762    33.1864  1026.0993     2.7251     6.7507     98.742    0.00042    6.83665    6.84598      8.329     0.3086   12.28232   3.362223 -9.990e-29    25.9938    25.9935 1.0000e-12     23.000          1       8880    1476.67 -9.990e-29  52573.046    369.964 1549854175      -0.01     -0.390   40.10206  -72.59908    33.3423  1026.1003    25.9948     6.9741 0.0000e+00
