CalculateIndicators/WaterTemperature/Data/CTD_NYOS/NY1902_11_4_7.cnv
* Sea-Bird SBE 9 Data File:
* FileName = C:\Seabird 9 CTD\Data\2019\201902_Offshore\NY1902_ctd_casts\NY1902_11_4_7.hex
* Software Version Seasave V 7.23.2
* Temperature SN = 4590
* Conductivity SN = 3228
* Number of Bytes Per Scan = 44
* Number of Voltage Words = 5
* Number of Scans Averaged by the Deck Unit = 1
* NMEA Latitude = 39 14.69 N
* NMEA Longitude = 072 16.94 W
* NMEA UTC (Time) = Feb 11 2019  11:40:20
* NMEA baud rate = 4800
** Ship: Seawolf
** Station: 4.7
** Operator: AJB
# nquan = 35
# nvalues = 979                         
# units = specified
# name 0 = depSM: Depth [salt water, m]
# name 1 = t090C: Temperature [ITS-90, deg C]
# name 2 = sal00: Salinity, Practical [PSU]
# name 3 = density00: Density [density, kg/m^3]
# name 4 = sbeox0V: Oxygen raw, SBE 43 [V]
# name 5 = sbeox0ML/L: Oxygen, SBE 43 [ml/l]
# name 6 = sbeox0PS: Oxygen, SBE 43 [% saturation]
# name 7 = sbox0dV/dT: Oxygen, SBE 43 [dov/dt]
# name 8 = oxsolML/L: Oxygen Saturation, Garcia & Gordon [ml/l]
# name 9 = oxsatML/L: Oxygen Saturation, Weiss [ml/l]
# name 10 = ph: pH
# name 11 = flECO-AFL: Fluorescence, WET Labs ECO-AFL/FL [mg/m^3]
# name 12 = n2satML/L: Nitrogen Saturation [ml/l]
# name 13 = c0S/m: Conductivity [S/m]
# name 14 = cpar: CPAR/Corrected Irradiance [%]
# name 15 = sigma-é00: Density [sigma-theta, kg/m^3]
# name 16 = sigma-t00: Density [sigma-t, kg/m^3 ]
# name 17 = par: PAR/Irradiance, Biospherical/Licor
# name 18 = prDM: Pressure, Digiquartz [db]
# name 19 = pumps: Pump Status
# name 20 = scan: Scan Count
# name 21 = svCM: Sound Velocity [Chen-Millero, m/s]
# name 22 = spar: SPAR, Biospherical/Licor
# name 23 = specc: Specific Conductance [uS/cm]
# name 24 = timeS: Time, Elapsed [seconds]
# name 25 = timeY: Time, System [seconds]
# name 26 = accM: Acceleration [m/s^2]
# name 27 = dz/dtM: Descent Rate [m/s]
# name 28 = latitude: Latitude [deg]
# name 29 = longitude: Longitude [deg]
# name 30 = gsw_saA0: Absolute Salinity [g/kg]
# name 31 = gsw_densityA0: density, TEOS-10 [density, kg/m^3]
# name 32 = gsw_sigma0A0: density, TEOS-10 [sigma-0, kg/m^3 ]
# name 33 = gsw_ptA0: potential temperature [ITS-90, deg C]
# name 34 = flag: flag
# span 0 =      1.973,    486.708       
# span 1 =     6.9088,    13.6793       
# span 2 =    33.8320,    35.6989       
# span 3 =  1026.2824,  1029.7492       
# span 4 =     1.5702,     2.7600       
# span 5 =     3.0151,     6.5572       
# span 6 =     48.436,    100.163       
# span 7 =   -0.01514,    0.01807       
# span 8 =    5.82015,    6.75855       
# span 9 =    5.81743,    6.76901       
# span 10 =      4.983,     10.464      
# span 11 =    -0.0726,     0.6423      
# span 12 =   10.57250,   12.12990      
# span 13 =   3.550982,   4.243621      
# span 14 = -1.146e+04, 1.0341e+05      
# span 15 =    26.2733,    27.5146      
# span 16 =    26.2733,    27.5081      
# span 17 = 1.0000e-12, 1.0000e-12      
# span 18 =      2.000,    491.000      
# span 19 =          1,          1      
# span 20 =       1910,      47784      
# span 21 =    1483.14,    1505.84      
# span 22 = -8.762e-01, 2.7646e+01      
# span 23 =  53084.722,  55641.384      
# span 24 =     79.537,   1990.966      
# span 25 = 1549885299, 1549887211      
# span 26 =      -0.50,       0.34      
# span 27 =     -0.855,      0.889      
# span 28 =   39.24252,   39.24488      
# span 29 =  -72.28224,  -72.27941      
# span 30 =    33.9929,    35.8699      
# span 31 =  1026.2858,  1029.7518      
# span 32 =    26.2740,    27.5174      
# span 33 =     6.8620,    13.6570      
# span 34 = 0.0000e+00, 0.0000e+00      
# interval = decibars: 1                
# start_time = Feb 11 2019 11:40:20 [System UTC, first data scan.]
# bad_flag = -9.990e-29
*END*
[from data line 705]
    272.733    10.6622    35.3636  1028.3565     1.5854     3.0373     48.962   -0.00009    6.20326    6.20541      8.776    -0.0294   11.20978   3.920763 5.6266e-12    27.1258    27.1198 1.0000e-12    275.000          1      34232    1497.16 1.7773e+01  54960.824   1426.310 1549886646      -0.04     -0.586   39.24328  -72.28032    35.5370  1028.3643    27.1337    10.6287 0.0000e+00
    271.737    10.6984    35.3684  1028.3491     1.5855     3.0372     48.989    0.00017    6.19988    6.20199      8.779    -0.0293   11.20417   3.924796 5.6623e-12    27.1231    27.1171 1.0000e-12    274.000          1      34266    1497.28 1.7773e+01  54959.899   1427.697 1549886647      -0.04     -0.713   39.24328  -72.28032    35.5430  1028.3579    27.1319    10.6649 0.0000e+00
    270.748    10.7184    35.3701  1028.3422     1.5847     3.0305     48.894   -0.00039    6.19818    6.20026      8.781    -0.0298   11.20137   3.926695 5.6470e-12    27.1208    27.1148 1.0000e-12    273.000          1      34304    1497.33 1.7773e+01  54957.765   1429.298 1549886649       0.06     -0.632   39.24328  -72.28032    35.5433  1028.3499    27.1286    10.6850 0.0000e+00
    269.756    10.7472    35.3722  1028.3341     1.5837     3.0256     48.823   -0.00056    6.19696    6.19903      8.784    -0.0146   11.19931   3.929643 5.6267e-12    27.1172    27.1113 1.0000e-12    272.000          1      34345    1497.42 1.7773e+01  54954.375   1431.016 1549886651       0.03     -0.589   39.24327  -72.28032    35.5455  1028.3418    27.1251    10.7139 0.0000e+00
    268.768    10.7578    35.3717  1028.3272     1.5823     3.0182     48.721   -0.00082    6.19486    6.19689      8.787    -0.0290   11.19582   3.930481 5.6266e-12    27.1150    27.1090 1.0000e-12    271.000          1      34389    1497.44 1.7773e+01  54951.090   1432.847 1549886652      -0.02     -0.538   39.24327  -72.28031    35.5441  1028.3343    27.1221    10.7246 0.0000e+00
    267.775    10.7657    35.3757  1028.3244     1.5817     3.0182     48.736   -0.00037    6.19296    6.19497      8.822    -0.0289   11.19266   3.931556 5.6266e-12    27.1166    27.1107 1.0000e-12    270.000          1      34426    1497.46 1.7773e+01  54954.480   1434.394 1549886654      -0.07     -0.633   39.24326  -72.28030    35.5478  1028.3312    27.1236    10.7326 0.0000e+00
    266.782    10.7799    35.3761  1028.3176     1.5816     3.0151     48.729   -0.00030    6.18755    6.18948      8.855    -0.0290   11.18368   3.932926 5.6266e-12    27.1143    27.1084 1.0000e-12    269.000          1      34462    1497.49 1.7773e+01  54951.627   1435.878 1549886655       0.01     -0.677   39.24326  -72.28030    35.5483  1028.3245    27.1213    10.7469 0.0000e+00
    265.793    10.7959    35.3778  1028.3115     1.5828     3.0180     48.888    0.00073    6.17332    6.17507      8.846    -0.0350   11.16007   3.934606 5.6266e-12    27.1128    27.1069 1.0000e-12    268.000          1      34502    1497.53 1.7773e+01  54950.400   1437.552 1549886657       0.06     -0.607   39.24326  -72.28030    35.5501  1028.3185    27.1199    10.7630 0.0000e+00
    264.800    10.8592    35.3841  1028.3001     1.5851     3.0236     49.048    0.00132    6.16446    6.16608      8.838    -0.0186   11.14538   3.941850 5.6802e-12    27.1063    27.1004 1.0000e-12    267.000          1      34543    1497.75 1.7773e+01  54946.268   1439.234 1549886659      -0.04     -0.591   39.24326  -72.28030    35.5623  1028.3117    27.1179    10.8262 0.0000e+00
    263.812    10.9597    35.3878  1028.2798     1.5875     3.0263     49.152    0.00134    6.15699    6.15851      8.826    -0.0350   11.13289   3.951650 5.6248e-12    27.0910    27.0850 1.0000e-12    266.000          1      34587    1498.09 1.7773e+01  54931.552   1441.080 1549886661       0.06     -0.542   39.24326  -72.28030    35.5640  1028.2898    27.1011    10.9267 0.0000e+00
    262.819    11.0195    35.3994  1028.2732     1.5878     3.0183     49.045    0.00020    6.15428    6.15577      8.820    -0.0249   11.12841   3.958807 5.6266e-12    27.0892    27.0832 1.0000e-12    265.000          1      34624    1498.29 1.7773e+01  54936.177   1442.631 1549886662      -0.14     -0.622   39.24326  -72.28030    35.5785  1028.2854    27.1015    10.9865 0.0000e+00
    261.827    11.0599    35.4042  1028.2648     1.5900     3.0296     49.247    0.00125    6.15169    6.15314      8.816    -0.0325   11.12406   3.962757 5.6266e-12    27.0855    27.0795 1.0000e-12    264.000          1      34663    1498.42 1.7773e+01  54934.333   1444.244 1549886664       0.10     -0.641   39.24326  -72.28030    35.5794  1028.2741    27.0949    11.0269 0.0000e+00
    260.838    11.0843    35.4079  1028.2586     1.5918     3.0323     49.291    0.00096    6.15181    6.15327      8.814    -0.0291   11.12427   3.965469 5.6266e-12    27.0839    27.0779 1.0000e-12    263.000          1      34705    1498.50 1.7773e+01  54934.481   1445.987 1549886666      -0.07     -0.556   39.24326  -72.28030    35.5835  1028.2682    27.0935    11.0514 0.0000e+00
    259.845    11.0978    35.4112  1028.2542     1.5929     3.0339     49.330    0.00085    6.15017    6.15161      8.814    -0.0394   11.12154   3.966844 5.1997e+04    27.0840    27.0780 1.0000e-12    262.000          1      34741    1498.53 8.1207e+00  54935.852   1447.502 1549886667      -0.01     -0.659   39.24326  -72.28030    35.5846  1028.2621    27.0919    11.0650 0.0000e+00
    258.855    11.0985    35.4107  1028.2492     1.5933     3.0305     49.284    0.00029    6.14897    6.15039      8.899    -0.0309   11.11952   3.966772 6.9695e+04    27.0835    27.0775 1.0000e-12    261.000          1      34782    1498.52 4.4238e+00  54934.430   1449.201 1549886669       0.05     -0.596   39.24326  -72.28030    35.5837  1028.2567    27.0911    11.0659 0.0000e+00
    257.866    11.1113    35.4134  1028.2444     1.5944     3.0342     49.347    0.00047    6.14872    6.15014      8.927    -0.0377   11.11912   3.968209 -2.331e+03    27.0832    27.0773 1.0000e-12    260.000          1      34822    1498.55 1.8220e+01  54935.160   1450.888 1549886670      -0.06     -0.576   39.24326  -72.28028    35.5861  1028.2517    27.0906    11.0788 0.0000e+00
    256.869    11.1151    35.4147  1028.2402     1.5961     3.0401     49.477    0.00105    6.14452    6.14588      8.896    -0.0248   11.11213   3.968562 5.6266e-12    27.0835    27.0776 1.0000e-12    259.000          1      34860    1498.55 1.7773e+01  54935.648   1452.471 1549886672       0.07     -0.640   39.24324  -72.28028    35.5865  1028.2468    27.0902    11.0826 0.0000e+00
    255.887    11.1295    35.4154  1028.2336     1.5965     3.0310     49.389    0.00010    6.13686    6.13812      8.872    -0.0404   11.09944   3.970066 5.6266e-12    27.0814    27.0755 1.0000e-12    258.000          1      34908    1498.58 1.7773e+01  54933.282   1454.453 1549886674      -0.07     -0.453   39.24324  -72.28028    35.5880  1028.2408    27.0887    11.0972 0.0000e+00
    254.887    11.1549    35.4192  1028.2273     1.5976     3.0360     49.489    0.00062    6.13485    6.13608      8.863    -0.0293   11.09606   3.972958 5.6266e-12    27.0797    27.0738 1.0000e-12    257.000          1      34939    1498.66 1.7773e+01  54933.280   1455.763 1549886675      -0.13     -0.716   39.24324  -72.28028    35.5929  1028.2354    27.0878    11.1226 0.0000e+00
    253.898    11.2029    35.4210  1028.2151     1.5986     3.0384     49.546    0.00077    6.13247    6.13367      8.858    -0.0390   11.09211   3.977748 5.6624e-12    27.0722    27.0663 1.0000e-12    256.000          1      34976    1498.81 1.7773e+01  54926.269   1457.279 1549886677       0.09     -0.682   39.24324  -72.28028    35.5949  1028.2234    27.0806    11.1707 0.0000e+00
    252.906    11.2251    35.4262  1028.2105     1.6001     3.0414     49.615    0.00084    6.13000    6.13117      8.860    -0.0371   11.08799   3.980332 5.6269e-12    27.0722    27.0663 1.0000e-12    255.000          1      35016    1498.88 1.7773e+01  54928.869   1458.946 1549886679       0.03     -0.605   39.24324  -72.28028    35.5997  1028.2184    27.0802    11.1930 0.0000e+00
    251.916    11.2433    35.4271  1028.2033     1.6007     3.0388     49.593    0.00042    6.12750    6.12863      8.863    -0.0310   11.08385   3.982053 5.6266e-12    27.0696    27.0637 1.0000e-12    254.000          1      35058    1498.93 1.7773e+01  54926.187   1460.699 1549886680      -0.00     -0.569   39.24324  -72.28028    35.5998  1028.2105    27.0769    11.2113 0.0000e+00
    250.927    11.2636    35.4304  1028.1975     1.6010     3.0348     49.560    0.00003    6.12342    6.12450      8.867    -0.0306   11.07703   3.984301 5.6266e-12    27.0683    27.0624 1.0000e-12    253.000          1      35099    1498.99 1.7773e+01  54926.225   1462.400 1549886682      -0.01     -0.584   39.24324  -72.28028    35.6030  1028.2048    27.0756    11.2317 0.0000e+00
    249.934    11.2778    35.4321  1028.1917     1.6025     3.0442     49.730    0.00106    6.12138    6.12243      8.873    -0.0471   11.07369   3.985856 5.6266e-12    27.0670    27.0611 1.0000e-12    252.000          1      35132    1499.02 1.7773e+01  54925.487   1463.800 1549886683      -0.13     -0.676   39.24324  -72.28028    35.6053  1028.1994    27.0748    11.2460 0.0000e+00
    248.941    11.3047    35.4365  1028.1855     1.6039     3.0465     49.791    0.00105    6.11864    6.11966      8.876    -0.0237   11.06910   3.988804 5.6266e-12    27.0654    27.0596 1.0000e-12    251.000          1      35168    1499.10 1.7773e+01  54926.121   1465.280 1549886685       0.11     -0.708   39.24324  -72.28028    35.6093  1028.1929    27.0729    11.2729 0.0000e+00
    247.953    11.3257    35.4354  1028.1762     1.6047     3.0418     49.741    0.00029    6.11525    6.11623      8.885    -0.0301   11.06348   3.990757 5.6266e-12    27.0607    27.0548 1.0000e-12    250.000          1      35209    1499.16 1.7773e+01  54920.106   1466.981 1549886687      -0.07     -0.561   39.24324  -72.28028    35.6089  1028.1842    27.0687    11.2940 0.0000e+00
    246.960    11.3513    35.4406  1028.1709     1.6066     3.0494     49.900    0.00107    6.11112    6.11204      8.892    -0.0301   11.05660   3.993661 5.6266e-12    27.0600    27.0541 1.0000e-12    249.000          1      35249    1499.24 1.7773e+01  54922.180   1468.659 1549886688       0.08     -0.608   39.24324  -72.28028    35.6136  1028.1784    27.0676    11.3197 0.0000e+00
    245.971    11.3710    35.4427  1028.1643     1.6083     3.0513     49.977    0.00109    6.10534    6.10618      8.900    -0.0405   11.04702   3.995694 5.6266e-12    27.0579    27.0521 1.0000e-12    248.000          1      35292    1499.29 1.7773e+01  54920.772   1470.449 1549886690      -0.12     -0.530   39.24324  -72.28026    35.6153  1028.1715    27.0652    11.3395 0.0000e+00
    244.976    11.4060    35.4465  1028.1561     1.6099     3.0533     50.025    0.00093    6.10353    6.10435      8.906    -0.0289   11.04395   3.999711 5.6266e-12    27.0543    27.0485 1.0000e-12    247.000          1      35327    1499.40 1.7773e+01  54919.170   1471.913 1549886691       0.00     -0.686   39.24324  -72.28026    35.6221  1028.1656    27.0639    11.3746 0.0000e+00
    243.986    11.4424    35.4492  1028.1468     1.6127     3.0595     50.211    0.00153    6.09336    6.09405      8.920    -0.0367   11.02712   4.003185 5.6266e-12    27.0497    27.0439 1.0000e-12    246.000          1      35368    1499.51 1.7773e+01  54915.834   1473.615 1549886693       0.04     -0.590   39.24323  -72.28026    35.6220  1028.1541    27.0571    11.4110 0.0000e+00
    242.997    11.4680    35.4548  1028.1417     1.6175     3.0754     50.554    0.00286    6.08335    6.08390      8.919    -0.0355   11.01047   4.006400 5.6266e-12    27.0492    27.0434 1.0000e-12    245.000          1      35409    1499.59 1.7773e+01  54918.430   1475.322 1549886695      -0.01     -0.581   39.24322  -72.28026    35.6297  1028.1507    27.0583    11.4367 0.0000e+00
    242.003    11.5453    35.4572  1028.1244     1.6226     3.0873     50.822    0.00327    6.07479    6.07523      8.919    -0.0212   10.99618   4.014356 5.6266e-12    27.0367    27.0308 1.0000e-12    244.000          1      35444    1499.84 1.7773e+01  54907.400   1476.809 1549886696      -0.07     -0.658   39.24322  -72.28026    35.6348  1028.1354    27.0478    11.5140 0.0000e+00
    241.013    11.6128    35.4647  1028.1127     1.6271     3.0941     50.989    0.00292    6.06818    6.06854      8.922    -0.0187   10.98519   4.021620 5.6266e-12    27.0298    27.0239 1.0000e-12    243.000          1      35483    1500.07 1.7773e+01  54905.228   1478.423 1549886698       0.08     -0.635   39.24322  -72.28026    35.6423  1028.1238    27.0410    11.5815 0.0000e+00
    240.021    11.6837    35.4796  1028.1061     1.6317     3.1041     51.179    0.00275    6.06510    6.06542      8.927    -0.0387   10.98007   4.030129 5.6266e-12    27.0281    27.0222 1.0000e-12    242.000          1      35522    1500.31 1.7773e+01  54912.915   1480.057 1549886700      -0.06     -0.601   39.24322  -72.28026    35.6589  1028.1184    27.0404    11.6525 0.0000e+00
    239.030    11.7293    35.4819  1028.0945     1.6359     3.1128     51.345    0.00253    6.06254    6.06283      8.930    -0.0242   10.97578   4.034435 5.6266e-12    27.0212    27.0153 1.0000e-12    241.000          1      35564    1500.46 1.7773e+01  54907.592   1481.788 1549886701       0.08     -0.588   39.24322  -72.28026    35.6581  1028.1045    27.0312    11.6981 0.0000e+00
    238.039    11.7538    35.4884  1028.0903     1.6379     3.1068     51.288    0.00108    6.05755    6.05778      8.935    -0.0311   10.96745   4.037353 3.1436e+04    27.0215    27.0156 1.0000e-12    240.000          1      35606    1500.53 1.1565e+01  54911.592   1483.555 1549886703      -0.07     -0.557   39.24322  -72.28026    35.6638  1028.0997    27.0310    11.7227 0.0000e+00
    237.048    11.7720    35.4916  1028.0848     1.6397     3.1104     51.366    0.00109    6.05536    6.05556      8.944    -0.0172   10.96381   4.039455 6.6759e+04    27.0206    27.0147 1.0000e-12    239.000          1      35647    1500.58 5.1079e+00  54912.412   1485.234 1549886705       0.03     -0.601   39.24322  -72.28026    35.6675  1028.0946    27.0304    11.7410 0.0000e+00
    236.058    11.8069    35.4963  1028.0773     1.6419     3.1157     51.485    0.00132    6.05157    6.05172      8.960    -0.0310   10.95749   4.043067 -6.189e+02    27.0176    27.0117 1.0000e-12    238.000          1      35686    1500.69 1.7890e+01  54912.046   1486.869 1549886706      -0.05     -0.601   39.24321  -72.28026    35.6702  1028.0854    27.0258    11.7759 0.0000e+00
    235.065    11.8210    35.4994  1028.0724     1.6453     3.1282     51.720    0.00216    6.04834    6.04845      8.969    -0.0192   10.95213   4.044828 5.6266e-12    27.0173    27.0114 1.0000e-12    237.000          1      35722    1500.73 1.7773e+01  54913.589   1488.389 1549886708      -0.00     -0.660   39.24320  -72.28026    35.6744  1028.0814    27.0264    11.7902 0.0000e+00
    234.073    11.8497    35.5031  1028.0653     1.6481     3.1319     51.808    0.00183    6.04528    6.04534      8.978    -0.0436   10.94702   4.047902 5.6266e-12    27.0147    27.0089 1.0000e-12    236.000          1      35761    1500.81 1.7773e+01  54913.234   1489.979 1549886710       0.02     -0.635   39.24320  -72.28024    35.6777  1028.0739    27.0234    11.8189 0.0000e+00
    233.084    11.8780    35.5052  1028.0569     1.6510     3.1355     51.917    0.00162    6.03945    6.03944      8.987    -0.0301   10.93732   4.050851 5.6266e-12    27.0110    27.0051 1.0000e-12    235.000          1      35801    1500.90 1.7773e+01  54910.531   1491.686 1549886711       0.01     -0.583   39.24320  -72.28024    35.6800  1028.0657    27.0198    11.8473 0.0000e+00
