CalculateIndicators/WaterTemperature/Data/CTD_NYOS/NY1902_11_6_4.cnv
* Sea-Bird SBE 9 Data File:
* FileName = C:\Seabird 9 CTD\Data\2019\201902_Offshore\NY1902_ctd_casts\NY1902_11_6_4.hex
* Software Version Seasave V 7.23.2
* Temperature SN = 4590
* Conductivity SN = 3228
* Number of Bytes Per Scan = 44
* Number of Voltage Words = 5
* Number of Scans Averaged by the Deck Unit = 1
* NMEA Latitude = 39 40.46 N
* NMEA Longitude = 073 08.24 W
* NMEA UTC (Time) = Feb 11 2019  23:18:26
* NMEA baud rate = 4800
** Ship: Seawolf
** Station: 6.4
** Operator: AJB
# nquan = 35
# nvalues = 76                          
# units = specified
# name 0 = depSM: Depth [salt water, m]
# name 1 = t090C: Temperature [ITS-90, deg C]
# name 2 = sal00: Salinity, Practical [PSU]
# name 3 = density00: Density [density, kg/m^3]
# name 4 = sbeox0V: Oxygen raw, SBE 43 [V]
# name 5 = sbeox0ML/L: Oxygen, SBE 43 [ml/l]
# name 6 = sbeox0PS: Oxygen, SBE 43 [% saturation]
# name 7 = sbox0dV/dT: Oxygen, SBE 43 [dov/dt]
# name 8 = oxsolML/L: Oxygen Saturation, Garcia & Gordon [ml/l]
# name 9 = oxsatML/L: Oxygen Saturation, Weiss [ml/l]
# name 10 = ph: pH
# name 11 = flECO-AFL: Fluorescence, WET Labs ECO-AFL/FL [mg/m^3]
# name 12 = n2satML/L: Nitrogen Saturation [ml/l]
# name 13 = c0S/m: Conductivity [S/m]
# name 14 = cpar: CPAR/Corrected Irradiance [%]
# name 15 = sigma-é00: Density [sigma-theta, kg/m^3]
# name 16 = sigma-t00: Density [sigma-t, kg/m^3 ]
# name 17 = par: PAR/Irradiance, Biospherical/Licor
# name 18 = prDM: Pressure, Digiquartz [db]
# name 19 = pumps: Pump Status
# name 20 = scan: Scan Count
# name 21 = svCM: Sound Velocity [Chen-Millero, m/s]
# name 22 = spar: SPAR, Biospherical/Licor
# name 23 = specc: Specific Conductance [uS/cm]
# name 24 = timeS: Time, Elapsed [seconds]
# name 25 = timeY: Time, System [seconds]
# name 26 = accM: Acceleration [m/s^2]
# name 27 = dz/dtM: Descent Rate [m/s]
# name 28 = latitude: Latitude [deg]
# name 29 = longitude: Longitude [deg]
# name 30 = gsw_saA0: Absolute Salinity [g/kg]
# name 31 = gsw_densityA0: density, TEOS-10 [density, kg/m^3]
# name 32 = gsw_sigma0A0: density, TEOS-10 [sigma-0, kg/m^3 ]
# name 33 = gsw_ptA0: potential temperature [ITS-90, deg C]
# name 34 = flag: flag
# span 0 =      0.986,     38.712       
# span 1 =     5.4995,     5.9037       
# span 2 =    32.3612,    32.7736       
# span 3 =  1025.5366,  1025.9859       
# span 4 =     1.9842,     2.7806       
# span 5 =     4.3053,     7.9536       
# span 6 =     60.662,    102.351       
# span 7 =   -0.03908,    0.08354       
# span 8 =    7.02762,    7.88786       
# span 9 =    7.03944,    7.89069       
# span 10 =     -4.266,      4.967      
# span 11 =     0.4419,     1.1253      
# span 12 =   12.60283,   14.24461      
# span 13 =   3.159734,   3.232282      
# span 14 = -1.556e+04, 1.0551e+05      
# span 15 =    25.5274,    25.8058      
# span 16 =    25.5274,    25.8055      
# span 17 = 1.0000e-12, 1.0000e-12      
# span 18 =      1.000,     39.000      
# span 19 =         -0,          1      
# span 20 =       -114,      17835      
# span 21 =    1469.44,    1472.18      
# span 22 = -1.089e-01, 2.2820e+00      
# span 23 =  51794.409,  52294.519      
# span 24 =     -4.792,    743.064      
# span 25 = 1549927100, 1549927848      
# span 26 =      -0.47,       0.50      
# span 27 =     -0.778,      0.608      
# span 28 =   39.67392,   39.67444      
# span 29 =  -73.14166,  -73.13734      
# span 30 =    32.5170,    32.9291      
# span 31 =  1025.5402,  1025.9877      
# span 32 =    25.5309,    25.8077      
# span 33 =     5.4993,     5.9008      
# span 34 = 0.0000e+00, 0.0000e+00      
# interval = decibars: 1                
# start_time = Feb 11 2019 23:18:25 [System UTC, first data scan.]
# bad_flag = -9.990e-29
*END*
[from data line 42]
     33.739     5.8984    32.7374  1025.9347     2.7397     7.0034     99.616   -0.00002    7.03036    7.04218     -3.086     0.5189   12.60782   3.228421 -5.835e+02    25.7778    25.7774 1.0000e-12     34.000          1       4521    1472.04 1.9862e+00  52240.309    188.338 1549927293      -0.12     -0.177   39.67430  -73.13848    32.8926  1025.9365    25.7795     5.8957 0.0000e+00
     32.745     5.8958    32.7356  1025.9290     2.7395     7.0034     99.592   -0.00003    7.03209    7.04392     -3.086     0.5175   12.61071   3.227971 5.0640e-11    25.7766    25.7763 1.0000e-12     33.000          1       4607    1472.01 1.9747e+00  52237.653    191.925 1549927297      -0.08     -0.281   39.67430  -73.13850    32.8906  1025.9306    25.7782     5.8931 0.0000e+00
     31.754     5.8838    32.7317  1025.9227     2.7416     7.0198     99.781    0.00087    7.03521    7.04708     -3.087     0.4976   12.61593   3.226482 5.0640e-11    25.7750    25.7747 1.0000e-12     32.000          1       4694    1471.94 1.9747e+00  52234.897    195.522 1549927300      -0.02     -0.299   39.67430  -73.13852    32.8859  1025.9237    25.7760     5.8812 0.0000e+00
     30.759     5.8712    32.7270  1025.9159     2.7427     7.0188     99.760    0.00033    7.03569    7.04757     -3.087     0.5568   12.61675   3.224962 3.4584e+04    25.7728    25.7725 1.0000e-12     31.000          1       4755    1471.87 1.2918e+00  52231.212    198.089 1549927303      -0.04     -0.427   39.67429  -73.13853    32.8814  1025.9171    25.7740     5.8687 0.0000e+00
     29.763     5.8661    32.7246  1025.9100     2.7431     7.0133     99.675   -0.00045    7.03621    7.04810     -2.741     0.5675   12.61763   3.224305 5.7563e+04    25.7715    25.7712 1.0000e-12     30.000          1       5457    1471.83 8.3800e-01  52228.466    227.316 1549927332      -0.27     -0.293   39.67425  -73.13869    32.8795  1025.9116    25.7730     5.8638 0.0000e+00
     28.773     5.8621    32.7230  1025.9046     2.7438     7.0172     99.705   -0.00026    7.03791    7.04982     -0.316     0.5117   12.62047   3.223759 -9.990e-29    25.7707    25.7705 1.0000e-12     29.000          1       6176    1471.79 -9.990e-29  52226.730    257.306 1549927362       0.07     -0.593   39.67422  -73.13886    32.8777  1025.9060    25.7721     5.8598 0.0000e+00
     27.786     5.8584    32.7214  1025.8992     2.7440     7.0239     99.740    0.00005    7.04222    7.05419      2.882     0.4844   12.62769   3.223249 -9.990e-29    25.7699    25.7696 1.0000e-12     28.000          1       6278    1471.76 -9.990e-29  52224.766    261.547 1549927366      -0.09     -0.417   39.67422  -73.13888    32.8761  1025.9006    25.7713     5.8561 0.0000e+00
     26.793     5.8435    32.7171  1025.8930     2.7448     7.0342     99.853    0.00060    7.04456    7.05656      1.244     0.4781   12.63162   3.221430 5.0640e-11    25.7683    25.7680 1.0000e-12     27.000          1       6328    1471.68 1.9747e+00  52222.285    263.606 1549927368       0.07     -0.481   39.67422  -73.13890    32.8705  1025.8934    25.7687     5.8413 0.0000e+00
     25.798     5.8248    32.7098  1025.8849 -9.990e-29     7.0358     99.866    0.00046    7.04520    7.05721      3.066     0.4759   12.63270   3.219144 5.0640e-11    25.7648    25.7645 1.0000e-12     26.000          1       6375    1471.58 1.9747e+00  52216.690    265.592 1549927370      -0.04     -0.520   39.67422  -73.13890    32.8633  1025.8854    25.7653     5.8227 0.0000e+00
     24.806     5.8161    32.7060  1025.8783     2.7479     7.0390     99.910    0.00052    7.04539    7.05740      3.825     0.5242   12.63302   3.218064 6.0651e+04    25.7628    25.7626 1.0000e-12     25.000          1       6432    1471.52 7.7701e-01  52213.123    267.966 1549927373       0.07     -0.417   39.67422  -73.13892    32.8600  1025.8792    25.7637     5.8141 0.0000e+00
     23.815     5.8153    32.7043  1025.8724     2.7494     7.0484    100.027    0.00073    7.04648    7.05850      3.944     0.5114   12.63486   3.217832 2.1174e+04    25.7615    25.7613 1.0000e-12     24.000          1       6505    1471.50 1.5566e+00  52210.090    271.012 1549927376      -0.08     -0.314   39.67422  -73.13894    32.8587  1025.8736    25.7628     5.8134 0.0000e+00
     22.821     5.7951    32.6959  1025.8636     2.7529     7.0630    100.200    0.00085    7.04889    7.06094      4.693     0.5457   12.63891   3.215305 6.3141e+04    25.7573    25.7571 1.0000e-12     23.000          1       6972    1471.39 7.2785e-01  52203.402    290.465 1549927395      -0.17     -0.153   39.67419  -73.13905    32.8502  1025.8647    25.7585     5.7933 0.0000e+00
     21.830     5.7838    32.6929  1025.8579     2.7562     7.0781    100.324    0.00086    7.05522    7.06736      3.689     0.5300   12.64947   3.213968 3.4186e+03    25.7563    25.7561 1.0000e-12     22.000          1       8303    1471.33 1.9072e+00  52201.718    345.910 1549927451      -0.12     -0.360   39.67416  -73.13937    32.8466  1025.8587    25.7570     5.7820 0.0000e+00
     20.841     5.7589    32.6875  1025.8520     2.7595     7.0929    100.490    0.00115    7.05829    7.07048      1.702     0.5555   12.65461   3.211291 5.0333e+03    25.7550    25.7548 1.0000e-12     21.000          1       8441    1471.20 1.8753e+00  52200.608    351.667 1549927456       0.01     -0.325   39.67416  -73.13940    32.8410  1025.8526    25.7555     5.7573 0.0000e+00
     19.846     5.7464    32.6828  1025.8452     2.7618     7.1032    100.578    0.00108    7.06239    7.07463      2.873     0.5974   12.66144   3.209754 7.9392e+04    25.7528    25.7526 1.0000e-12     20.000          1       8499    1471.13 4.0694e-01  52196.977    354.081 1549927459       0.03     -0.415   39.67416  -73.13942    32.8363  1025.8458    25.7533     5.7448 0.0000e+00
     18.853     5.7247    32.6775  1025.8390     2.7643     7.1121    100.669    0.00098    7.06479    7.07707      2.403     0.5908   12.66547   3.207309 1.6677e+04    25.7512    25.7510 1.0000e-12     19.000          1       8562    1471.02 1.6454e+00  52195.137    356.704 1549927461       0.04     -0.383   39.67416  -73.13943    32.8302  1025.8390    25.7511     5.7232 0.0000e+00
     17.863     5.7069    32.6724  1025.8325     2.7682     7.1338    100.895    0.00142    7.07051    7.08287      1.511     0.5786   12.67498   3.205345 -2.688e+02    25.7493    25.7491 1.0000e-12     18.000          1       8629    1470.93 1.9800e+00  52192.418    359.505 1549927464      -0.19     -0.343   39.67416  -73.13944    32.8258  1025.8330    25.7498     5.7054 0.0000e+00
     16.870     5.6809    32.6673  1025.8269     2.7726     7.1476    101.098    0.00160    7.06994    7.08229      0.145     0.5909   12.67406   3.202600 5.0640e-11    25.7483    25.7481 1.0000e-12     17.000          1       8701    1470.80 1.9747e+00  52192.169    362.490 1549927467       0.02     -0.296   39.67416  -73.13946    32.8205  1025.8272    25.7486     5.6795 0.0000e+00
     15.876     5.6772    32.6646  1025.8205     2.7754     7.1479    101.121    0.00087    7.06870    7.08104     -0.468     0.6261   12.67201   3.202039 5.0640e-11    25.7465    25.7464 1.0000e-12     16.000          1       8769    1470.76 1.9747e+00  52188.602    365.324 1549927470       0.05     -0.360   39.67415  -73.13947    32.8181  1025.8212    25.7472     5.6760 0.0000e+00
     14.884     5.6867    32.6654  1025.8155     2.7748     7.1332    100.913   -0.00058    7.06864    7.08097     -1.117     0.6232   12.67190   3.203007 2.8860e+04    25.7461    25.7460 1.0000e-12     15.000          1       8846    1470.79 1.4048e+00  52186.318    368.529 1549927473      -0.06     -0.338   39.67414  -73.13948    32.8204  1025.8172    25.7479     5.6855 0.0000e+00
     13.887     5.6956    32.6675  1025.8113     2.7726     7.1248    100.849   -0.00022    7.06479    7.07706      0.779     0.6306   12.66548   3.203939 4.1349e+04    25.7467    25.7465 1.0000e-12     14.000          1       9413    1470.81 1.1582e+00  52185.758    392.153 1549927497      -0.10     -0.197   39.67413  -73.13963    32.8228  1025.8134    25.7487     5.6945 0.0000e+00
     12.902     5.6816    32.6658  1025.8071     2.7692     7.1221    100.747    0.00043    7.06926    7.08160     -2.023     0.6105   12.67293   3.202435 -4.526e+03    25.7470    25.7468 1.0000e-12     13.000          1      10696    1470.73 2.0641e+00  52186.947    445.627 1549927550      -0.05     -0.326   39.67412  -73.13995    32.8199  1025.8082    25.7481     5.6806 0.0000e+00
     11.908     5.6856    32.6658  1025.8020     2.7732     7.1399    101.003    0.00116    7.06897    7.08131     -1.651     0.5921   12.67245   3.202817 5.0640e-11    25.7465    25.7464 1.0000e-12     12.000          1      10636    1470.73 1.9747e+00  52185.061    443.125 1549927548       0.04     -0.351   39.67412  -73.13994    32.8208  1025.8038    25.7483     5.6847 0.0000e+00
     10.914     5.6842    32.6657  1025.7974     2.7740     7.1332    100.910    0.00016    7.06895    7.08128     -2.236     0.6420   12.67241   3.202609 2.1368e+04    25.7466    25.7464 1.0000e-12     11.000          1      10695    1470.71 1.5527e+00  52184.556    445.599 1549927550      -0.00     -0.443   39.67411  -73.13995    32.8203  1025.7989    25.7481     5.6833 0.0000e+00
      9.923     5.6819    32.6652  1025.7927     2.7754     7.1393    100.987    0.00036    7.06954    7.08188      2.310     0.6154   12.67339   3.202337 7.2206e+04    25.7464    25.7463 1.0000e-12     10.000          1      10789    1470.69 5.4883e-01  52183.828    449.515 1549927554      -0.04     -0.209   39.67410  -73.13997    32.8199  1025.7943    25.7481     5.6811 0.0000e+00
      8.931     5.6809    32.6651  1025.7881     2.7753     7.1329    100.900   -0.00022    7.06933    7.08167      4.967     0.6272   12.67304   3.202194 -1.861e+03    25.7465    25.7464 1.0000e-12      9.000          1      10896    1470.66 2.0115e+00  52183.322    453.964 1549927559       0.01     -0.248   39.67410  -73.14000    32.8198  1025.7897    25.7481     5.6802 0.0000e+00
      7.940     5.6815    32.6655  1025.7837     2.7748     7.1352    100.931    0.00031    7.06936    7.08171      2.820     0.6393   12.67310   3.202234 5.0640e-11    25.7467    25.7466 1.0000e-12      8.000          1      11007    1470.65 1.9747e+00  52182.886    458.582 1549927563      -0.04     -0.215   39.67410  -73.14003    32.8202  1025.7853    25.7483     5.6809 0.0000e+00
      6.945     5.6790    32.6650  1025.7790     2.7769     7.1381    100.966   -0.00008    7.06984    7.08219      1.976     0.6108   12.67390   3.201946 6.5005e+04    25.7466    25.7465 1.0000e-12      7.000          1      11195    1470.62 6.9102e-01  52182.309    466.431 1549927571      -0.05     -0.132   39.67410  -73.14007    32.8199  1025.7807    25.7483     5.6785 0.0000e+00
      5.948     5.6710    32.6636  1025.7741     2.7773     7.1404    100.978   -0.00001    7.07124    7.08361     -2.461     0.6309   12.67622   3.201090 -1.556e+04    25.7464    25.7464 1.0000e-12      6.000          1      12392    1470.58 2.2820e+00  52181.928    516.273 1549927621      -0.47     -0.299   39.67408  -73.14034    32.8184  1025.7758    25.7481     5.6705 0.0000e+00
      4.965     5.6712    32.6632  1025.7692     2.7806     7.1538    101.161    0.00058    7.07169    7.08407     -1.757     0.6125   12.67697   3.201022 -9.990e-29    25.7461    25.7460 1.0000e-12      5.000          1      13106    1470.56 -9.990e-29  52180.578    546.050 1549927651       0.20     -0.618   39.67406  -73.14051    32.8180  1025.7708    25.7477     5.6708 0.0000e+00
      3.972     5.6707    32.6629  1025.7644     2.7790     7.1356    100.900   -0.00098    7.07192    7.08430     -1.733     0.6231   12.67735   3.200905 -9.990e-29    25.7459    25.7459 1.0000e-12      4.000          1      13087    1470.54 -9.990e-29  52179.667    545.229 1549927650      -0.45     -0.612   39.67404  -73.14052    32.8176  1025.7660    25.7475     5.6704 0.0000e+00
      2.970     5.6687    32.6631  1025.7601     2.7777     7.1301    100.821   -0.00108    7.07203    7.08441     -1.719     0.6280   12.67752   3.200701 -9.990e-29    25.7462    25.7462 1.0000e-12      3.000          1      13118    1470.52 -9.990e-29  52179.733    546.559 1549927651       0.11     -0.778   39.67404  -73.14052    32.8177  1025.7617    25.7478     5.6685 0.0000e+00
      1.982     5.6665    32.6632  1025.7558     2.7756     7.1261    100.765   -0.00078    7.07197    7.08435     -1.707     0.6029   12.67743   3.200472 -9.990e-29    25.7466    25.7466 1.0000e-12      2.000          1      13187    1470.49 -9.990e-29  52179.825    549.436 1549927654      -0.08     -0.308   39.67404  -73.14053    32.8178  1025.7574    25.7481     5.6663 0.0000e+00
      0.986     5.6666    32.6641  1025.7519     2.7770     7.9536    100.845   -0.00072    7.88786    7.89069      2.128     1.1253   14.24461   3.200522 -9.990e-29    25.7473    25.7473 1.0000e-12      1.000          1      17835    1470.48 -9.990e-29  52180.390    743.064 1549927848      -0.14     -0.352   39.67392  -73.14166    32.8188  1025.7535    25.7488     5.6665 0.0000e+00
