CalculateIndicators/WaterTemperature/Data/CTD_NYOS/NY1902_10_3_1.cnv
* Sea-Bird SBE 9 Data File:
* FileName = C:\Seabird 9 CTD\Data\2019\201902_Offshore\NY1902_ctd_casts\NY1902_10_3_1.hex
* Software Version Seasave V 7.23.2
* Temperature SN = 4590
* Conductivity SN = 3228
* Number of Bytes Per Scan = 44
* Number of Voltage Words = 5
* Number of Scans Averaged by the Deck Unit = 1
* NMEA Latitude = 40 45.58 N
* NMEA Longitude = 072 30.03 W
* NMEA UTC (Time) = Feb 10 2019  16:07:57
* NMEA baud rate = 4800
** Ship: Seawolf
** Station: 3.1
** Operator: AJB
# nquan = 35
# nvalues = 44                          
# units = specified
# name 0 = depSM: Depth [salt water, m]
# name 1 = t090C: Temperature [ITS-90, deg C]
# name 2 = sal00: Salinity, Practical [PSU]
# name 3 = density00: Density [density, kg/m^3]
# name 4 = sbeox0V: Oxygen raw, SBE 43 [V]
# name 5 = sbeox0ML/L: Oxygen, SBE 43 [ml/l]
# name 6 = sbeox0PS: Oxygen, SBE 43 [% saturation]
# name 7 = sbox0dV/dT: Oxygen, SBE 43 [dov/dt]
# name 8 = oxsolML/L: Oxygen Saturation, Garcia & Gordon [ml/l]
# name 9 = oxsatML/L: Oxygen Saturation, Weiss [ml/l]
# name 10 = ph: pH
# name 11 = flECO-AFL: Fluorescence, WET Labs ECO-AFL/FL [mg/m^3]
# name 12 = n2satML/L: Nitrogen Saturation [ml/l]
# name 13 = c0S/m: Conductivity [S/m]
# name 14 = cpar: CPAR/Corrected Irradiance [%]
# name 15 = sigma-é00: Density [sigma-theta, kg/m^3]
# name 16 = sigma-t00: Density [sigma-t, kg/m^3 ]
# name 17 = par: PAR/Irradiance, Biospherical/Licor
# name 18 = prDM: Pressure, Digiquartz [db]
# name 19 = pumps: Pump Status
# name 20 = scan: Scan Count
# name 21 = svCM: Sound Velocity [Chen-Millero, m/s]
# name 22 = spar: SPAR, Biospherical/Licor
# name 23 = specc: Specific Conductance [uS/cm]
# name 24 = timeS: Time, Elapsed [seconds]
# name 25 = timeY: Time, System [seconds]
# name 26 = accM: Acceleration [m/s^2]
# name 27 = dz/dtM: Descent Rate [m/s]
# name 28 = latitude: Latitude [deg]
# name 29 = longitude: Longitude [deg]
# name 30 = gsw_saA0: Absolute Salinity [g/kg]
# name 31 = gsw_densityA0: density, TEOS-10 [density, kg/m^3]
# name 32 = gsw_sigma0A0: density, TEOS-10 [sigma-0, kg/m^3 ]
# name 33 = gsw_ptA0: potential temperature [ITS-90, deg C]
# name 34 = flag: flag
# span 0 =      0.992,     22.822       
# span 1 =     3.9662,     4.7258       
# span 2 =    31.1052,    32.0434       
# span 3 =  1024.6944,  1025.4685       
# span 4 =     2.0670,     2.7411       
# span 5 =     5.3404,     7.6812       
# span 6 =     71.901,    101.914       
# span 7 =   -0.00408,    0.06045       
# span 8 =    7.26884,    7.72653       
# span 9 =    7.28349,    7.73830       
# span 10 =      8.271,      8.333      
# span 11 =     0.2380,     4.5869      
# span 12 =   13.01071,   13.85487      
# span 13 =   2.929792,   3.067610      
# span 14 = 5.0048e-14, 1.0048e-03      
# span 15 =    24.6850,    25.3615      
# span 16 =    24.6850,    25.3613      
# span 17 = 1.0000e-12, 1.9881e-02      
# span 18 =      1.000,     23.000      
# span 19 =          0,          1      
# span 20 =        590,       9516      
# span 21 =    1461.83,    1466.21      
# span 22 = 1.7313e+03, 1.9976e+03      
# span 23 =  50434.864,  51593.414      
# span 24 =     24.537,    396.471      
# span 25 = 1549814901, 1549815273      
# span 26 =      -0.21,       0.16      
# span 27 =     -0.766,      0.461      
# span 28 =   40.75984,   40.76010      
# span 29 =  -72.50042,  -72.49880      
# span 30 =    31.2529,    32.1974      
# span 31 =  1024.6960,  1025.4716      
# span 32 =    24.6866,    25.3646      
# span 33 =     3.9650,     4.7242      
# span 34 = 0.0000e+00, 0.0000e+00      
# interval = decibars: 1                
# start_time = Feb 10 2019 16:07:56 [System UTC, first data scan.]
# bad_flag = -9.990e-29
*END*
      1.986     4.0440    31.1052  1024.6944     2.0670     5.3404     71.901    0.02048    7.42793    7.44385      8.277     0.3624   13.28462   2.929792 5.7853e-14    24.6850    24.6850 1.0000e-12      2.000          0        590    1461.83 1.7313e+03  50434.864     24.537 1549814901       0.16     -0.054   40.75984  -72.50042    31.2529  1024.6960    24.6866     4.0439 0.0000e+00
      2.976     4.0428    31.3732  1024.9121     2.6185     7.5584    101.914    0.06045    7.41639    7.43247      8.275     0.3952   13.26262   2.952557 5.0167e-14    24.8981    24.8981 1.0000e-12      3.000          1        836    1462.18 1.9925e+03  50829.520     34.801 1549814911       0.04      0.308   40.75984  -72.50036    31.5219  1024.9135    24.8995     4.0426 0.0000e+00
      3.969     4.0442    31.3685  1024.9130     2.6799     7.3702     99.399    0.01961    7.41473    7.43078      8.271     0.3537   13.25995   2.952337 5.0315e-14    24.8943    24.8943 1.0000e-12      4.000          1        903    1462.20 1.9875e+03  50822.960     37.563 1549814914      -0.01      0.343   40.75984  -72.50036    31.5174  1024.9145    24.8958     4.0439 0.0000e+00
      4.962     4.0553    31.3683  1024.9164     2.7040     7.3408     98.979    0.00785    7.41658    7.43266      8.273     0.4294   13.26299   2.953290 5.0256e-14    24.8931    24.8930 1.0000e-12      5.000          1        965    1462.26 1.9898e+03  50819.522     40.169 1549814916       0.07      0.403   40.75984  -72.50034    31.5175  1024.9182    24.8948     4.0550 0.0000e+00
      5.952     4.0504    31.3686  1024.9218     2.7128     7.3324     98.830    0.00355    7.41914    7.43526      8.273     0.5161   13.26719   2.952899 5.0288e-14    24.8938    24.8937 1.0000e-12      6.000          1       1020    1462.26 1.9886e+03  50822.387     42.450 1549814919      -0.01      0.434   40.75985  -72.50032    31.5170  1024.9230    24.8949     4.0500 0.0000e+00
      6.947     4.0315    31.3705  1024.9298     2.7181     7.3393     98.944    0.00248    7.41764    7.43374 -9.990e-29     0.5640   13.26473   2.951533 5.0299e-14    24.8971    24.8970 1.0000e-12      7.000          1       1072    1462.20 1.9881e+03  50832.436     44.624 1549814921      -0.02      0.461   40.75986  -72.50032    31.5186  1024.9307    24.8980     4.0311 0.0000e+00
      7.938     4.0356    31.3706  1024.9341     2.7216     7.3408     98.971    0.00138    7.41712    7.43321 -9.990e-29     0.5827   13.26386   2.951971 5.0244e-14    24.8967    24.8967 1.0000e-12      8.000          1       1128    1462.23 1.9903e+03  50831.852     46.954 1549814923       0.03      0.429   40.75986  -72.50031    31.5194  1024.9356    24.8982     4.0351 0.0000e+00
      8.930     4.0405    31.3706  1024.9384     2.7251     7.3537     99.149    0.00146    7.41677    7.43286 -9.990e-29     0.6033   13.26328   2.952418 5.0279e-14    24.8963    24.8963 1.0000e-12      9.000          1       1184    1462.27 1.9889e+03  50830.981     49.299 1549814926      -0.04      0.422   40.75986  -72.50030    31.5194  1024.9398    24.8977     4.0399 0.0000e+00
      9.923     4.0422    31.3712  1024.9434     2.7264     7.3502     99.089    0.00045    7.41776    7.43386      8.275     0.5928   13.26491   2.952656 5.3111e-14    24.8966    24.8966 1.0000e-12     10.000          1       1241    1462.29 1.8912e+03  50831.979     51.677 1549814928       0.04      0.427   40.75986  -72.50029    31.5201  1024.9449    24.8981     4.0416 0.0000e+00
     10.915     4.0395    31.3715  1024.9485     2.7266     7.3507     99.065    0.00006    7.42007    7.43621      8.278     0.5339   13.26871   2.952450 5.4262e-14    24.8971    24.8970 1.0000e-12     11.000          1       1300    1462.30 1.8518e+03  50834.010     54.142 1549814930      -0.01      0.395   40.75986  -72.50028    31.5198  1024.9496    24.8981     4.0388 0.0000e+00
     11.906     4.0272    31.3714  1024.9542     2.7261     7.3487     99.026   -0.00019    7.42097    7.43712      8.280     0.5748   13.27020   2.951445 5.0080e-14    24.8980    24.8980 1.0000e-12     12.000          1       1362    1462.26 1.9959e+03  50838.616     56.713 1549814933      -0.02      0.383   40.75986  -72.50026    31.5192  1024.9550    24.8989     4.0264 0.0000e+00
     12.901     4.0182    31.3721  1024.9605     2.7245     7.3393     98.904   -0.00065    7.42068    7.43683      8.280     0.5305   13.26972   2.950851 5.0236e-14    24.8997    24.8996 1.0000e-12     13.000          1       1416    1462.24 1.9906e+03  50843.849     58.963 1549814935       0.01      0.461   40.75986  -72.50026    31.5204  1024.9615    24.9006     4.0174 0.0000e+00
     13.891     4.0232    31.3717  1024.9643     2.7259     7.3593     99.139    0.00056    7.42317    7.43936      8.280     0.5489   13.27383   2.951274 5.0269e-14    24.8988    24.8987 1.0000e-12     14.000          1       1476    1462.28 1.9893e+03  50842.205     61.476 1549814938      -0.01      0.391   40.75986  -72.50024    31.5200  1024.9654    24.8999     4.0223 0.0000e+00
     14.883     4.0077    31.3720  1024.9707     2.7267     7.3609     99.158    0.00031    7.42341    7.43960      8.280     0.5285   13.27421   2.950052 5.0447e-14    24.9006    24.9005 1.0000e-12     15.000          1       1537    1462.23 1.9828e+03  50848.792     63.992 1549814940       0.01      0.398   40.75986  -72.50023    31.5200  1024.9716    24.9014     4.0068 0.0000e+00
     15.875     4.0051    31.3721  1024.9757     2.7264     7.3561     99.093   -0.00018    7.42345    7.43965 -9.990e-29     0.5709   13.27425   2.949915 5.3220e-14    24.9009    24.9008 1.0000e-12     16.000          1       1596    1462.24 1.8826e+03  50850.521     66.475 1549814943      -0.01      0.397   40.75986  -72.50022    31.5204  1024.9768    24.9019     4.0041 0.0000e+00
     16.868     4.0059    31.3747  1024.9824     2.7260     7.3408     99.069   -0.00023    7.40983    7.42583      8.278     0.5106   13.25158   2.950249 5.0252e-14    24.9029    24.9028 1.0000e-12     17.000          1       1653    1462.26 1.9901e+03  50854.833     68.846 1549814945      -0.01      0.427   40.75986  -72.50022    31.5231  1024.9835    24.9040     4.0049 0.0000e+00
     17.861     4.0483    31.3847  1024.9910     2.7220     7.3059     98.676   -0.00189    7.40390    7.41982      8.280     0.5055   13.24162   2.955050 5.0190e-14    24.9068    24.9067 1.0000e-12     18.000          1       1710    1462.47 1.9922e+03  50855.608     71.228 1549814947       0.03      0.426   40.75986  -72.50020    31.5384  1024.9962    24.9121     4.0471 0.0000e+00
     18.851     4.1171    31.4016  1025.0024     2.7150     7.3055     98.292   -0.00274    7.43241    7.44882      8.285     0.4516   13.28852   2.961782 5.0183e-14    24.9136    24.9135 1.0000e-12     19.000          1       1775    1462.79 1.9927e+03  50857.311     73.912 1549814950      -0.02      0.357   40.75987  -72.50020    31.5509  1025.0042    24.9154     4.1159 0.0000e+00
     19.845     3.9662    31.4082  1025.0268     2.7188     7.2917     99.074    0.00236    7.36011    7.37573      8.284     0.4426   13.16585   2.949564 5.1729e-14    24.9333    24.9332 1.0000e-12     20.000          1       1833    1462.19 1.9337e+03  50920.116     76.323 1549814953       0.03      0.428   40.75987  -72.50018    31.5517  1025.0240    24.9304     3.9650 0.0000e+00
     20.836     4.1289    31.5705  1025.1445     2.7267     7.2889     99.480    0.00292    7.32705    7.34229      8.284     0.4282   13.10990   2.979770 5.1855e-14    25.0464    25.0463 1.0000e-12     21.000          1       1890    1463.09 1.9293e+03  51102.648     78.699 1549814955      -0.01      0.415   40.75988  -72.50016    31.7496  1025.1692    25.0711     4.1275 0.0000e+00
     21.830     4.5885    31.9313  1025.3893     2.6973     7.0948     97.403   -0.00278    7.28389    7.29870      8.290     0.4251   13.03636   3.047197 5.1320e-14    25.2868    25.2867 1.0000e-12     22.000          1       2380    1465.49 1.9520e+03  51474.898     99.115 1549814975       0.03      0.139   40.75988  -72.50008    32.0935  1025.3992    25.2968     4.5870 0.0000e+00
     22.822     4.7258    32.0434  1025.4685     2.6824     7.0508     97.000   -0.00065    7.26884    7.28349      8.306     0.3829   13.01071   3.067610 5.1195e-14    25.3615    25.3613 1.0000e-12     23.000          1       2915    1466.21 1.9564e+03  51593.414    121.417 1549814998      -0.06      0.075   40.75988  -72.49999    32.1974  1025.4716    25.3646     4.7242 0.0000e+00
     21.829     4.7036    32.0339  1025.4587     2.6737     7.1350     96.237   -0.00408    7.41404    7.43027      8.318     0.4453   13.25716   3.064124 5.0157e-14    25.3563    25.3562 1.0000e-12     22.000          1       3746    1466.09 1.9937e+03  51586.605    156.031 1549815032      -0.21     -0.573   40.75992  -72.49986    32.1790  1025.4548    25.3524     4.7021 0.0000e+00
     20.839     4.4691    31.8295  1025.3162     2.6776     7.1707     96.894   -0.00018    7.40061    7.41655      8.318     0.4261   13.23564   3.022745 5.0088e-14    25.2183    25.2182 1.0000e-12     21.000          1       3775    1464.84 1.9965e+03  51365.531    157.233 1549815033      -0.05     -0.664   40.75992  -72.49984    31.9245  1025.2735    25.1756     4.4677 0.0000e+00
     19.843     4.0561    31.5232  1025.1096     2.6956     7.3546     99.351    0.01257    7.40262    7.41855      8.318     0.4261   13.23928   2.964231 5.0167e-14    25.0161    25.0160 1.0000e-12     20.000          1       3805    1462.71 1.9933e+03  51057.296    158.508 1549815035      -0.06     -0.766   40.75992  -72.49984    31.6380  1025.0835    24.9900     4.0548 0.0000e+00
     18.851     4.0859    31.4487  1025.0429     2.7053     7.3532     99.224    0.00823    7.41062    7.42667      8.318     0.4789   13.25262   2.962466 5.0082e-14    24.9541    24.9539 1.0000e-12     19.000          1       3841    1462.72 1.9967e+03  50937.251    159.990 1549815036       0.11     -0.708   40.75992  -72.49984    31.5890  1025.0373    24.9485     4.0847 0.0000e+00
     17.860     4.0928    31.4159  1025.0115     2.7116     7.3316     98.866    0.00334    7.41573    7.43184 -9.990e-29     0.4904   13.26123   2.959661 5.0120e-14    24.9273    24.9272 1.0000e-12     18.000          1       3884    1462.69 1.9952e+03  50885.897    161.807 1549815038       0.04     -0.548   40.75992  -72.49984    31.5499  1025.0010    24.9169     4.0917 0.0000e+00
     16.867     4.0572    31.4033  1025.0002     2.7174     7.3486     99.054    0.00285    7.41885    7.43498 -9.990e-29     0.5286   13.26654   2.956119 5.0115e-14    24.9207    24.9206 1.0000e-12     17.000          1       3933    1462.51 1.9954e+03  50878.840    163.829 1549815040       0.06     -0.496   40.75992  -72.49982    31.5429  1024.9943    24.9148     4.0561 0.0000e+00
     15.877     4.0312    31.3903  1024.9877     2.7229     7.3633     99.248    0.00252    7.41908    7.43522 -9.990e-29     0.5182   13.26701   2.952858 5.0441e-14    24.9129    24.9128 1.0000e-12     16.000          1       3986    1462.37 1.9834e+03  50868.320    166.038 1549815042      -0.08     -0.445   40.75992  -72.49981    31.5300  1024.9819    24.9071     4.0302 0.0000e+00
     14.882     4.0274    31.3789  1024.9743     2.7281     7.3782     99.436    0.00222    7.42008    7.43622 -9.990e-29     0.5591   13.26866   2.951832 5.6761e-14    24.9041    24.9041 1.0000e-12     15.000          1       4040    1462.32 1.7663e+03  50852.009    168.276 1549815045       0.07     -0.437   40.75992  -72.49980    31.5221  1024.9713    24.9011     4.0265 0.0000e+00
     13.891     4.0235    31.3763  1024.9680     2.7314     7.3721     99.359    0.00055    7.41968    7.43582      8.319     0.5345   13.26800   2.951451 5.0048e-14    24.9025    24.9024 1.0000e-12     14.000          1       4141    1462.29 1.9976e+03  50848.908    172.484 1549815049       0.02     -0.214   40.75992  -72.49978    31.5219  1024.9668    24.9014     4.0226 0.0000e+00
     12.900     4.0266    31.3775  1024.9639     2.7328     7.3722     99.373    0.00030    7.41873    7.43485      8.322     0.5398   13.26648   2.951905 5.0130e-14    24.9031    24.9030 1.0000e-12     13.000          1       4247    1462.29 1.9945e+03  50848.818    176.919 1549815053      -0.04     -0.268   40.75992  -72.49977    31.5248  1024.9641    24.9033     4.0258 0.0000e+00
     11.907     4.0341    31.3734  1024.9553     2.7342     7.3759     99.456    0.00059    7.41625    7.43233      8.322     0.5643   13.26241   2.952205 5.0152e-14    24.8991    24.8991 1.0000e-12     12.000          1       4335    1462.30 1.9940e+03  50839.443    180.586 1549815057       0.02     -0.264   40.75994  -72.49975    31.5216  1024.9562    24.9001     4.0333 0.0000e+00
     10.914     4.0467    31.3717  1024.9480     2.7354     7.3736     99.440    0.00012    7.41516    7.43122 -9.990e-29     0.5681   13.26062   2.953099 5.1518e-14    24.8966    24.8965 1.0000e-12     11.000          1       4424    1462.33 1.9479e+03  50831.808    184.289 1549815061      -0.00     -0.280   40.75994  -72.49973    31.5204  1024.9494    24.8980     4.0460 0.0000e+00
      9.923     4.0452    31.3720  1024.9438     2.7344     7.3650     99.304   -0.00050    7.41660    7.43268      8.332     0.5668   13.26300   2.952949 5.1911e-14    24.8970    24.8969 1.0000e-12     10.000          1       5031    1462.31 1.9300e+03  50832.162    209.582 1549815086      -0.13     -0.203   40.75996  -72.49962    31.5207  1024.9451    24.8983     4.0446 0.0000e+00
      8.935     4.0434    31.3709  1024.9384     2.7364     7.3811     99.512    0.00065    7.41735    7.43344 -9.990e-29     0.5527   13.26423   2.952713 5.0089e-14    24.8962    24.8962 1.0000e-12      9.000          1       5678    1462.28 1.9963e+03  50830.349    236.527 1549815113      -0.12     -0.568   40.75998  -72.49949    31.5201  1024.9401    24.8980     4.0429 0.0000e+00
      7.935     4.0411    31.3708  1024.9337     2.7375     7.3859     99.577    0.00083    7.41731    7.43341 -9.990e-29     0.5289   13.26418   2.952380 5.0283e-14    24.8963    24.8963 1.0000e-12      8.000          1       5689    1462.26 1.9888e+03  50830.212    236.990 1549815113      -0.15     -0.731   40.75998  -72.49948    31.5189  1024.9347    24.8972     4.0406 0.0000e+00
      6.944     4.0392    31.3707  1024.9292     2.7375     7.3796     99.499    0.00023    7.41676    7.43284 -9.990e-29     0.5304   13.26327   2.952231 5.0164e-14    24.8964    24.8964 1.0000e-12      7.000          1       5725    1462.23 1.9934e+03  50829.960    238.512 1549815115       0.13     -0.693   40.75998  -72.49948    31.5194  1024.9306    24.8979     4.0388 0.0000e+00
      5.953     4.0462    31.3703  1024.9235     2.7389     7.3748     99.457   -0.00043    7.41513    7.43119      8.333     0.3790   13.26059   2.952757 5.0280e-14    24.8954    24.8954 1.0000e-12      6.000          1       5858    1462.25 1.9889e+03  50826.230    244.030 1549815120      -0.11     -0.262   40.75998  -72.49946    31.5194  1024.9252    24.8972     4.0459 0.0000e+00
      4.960     4.0552    31.3699  1024.9177     2.7411     7.3887     99.657    0.00053    7.41414    7.43018      8.331     0.3055   13.25895   2.953422 5.0217e-14    24.8943    24.8943 1.0000e-12      5.000          1       5951    1462.27 1.9914e+03  50821.906    247.907 1549815124      -0.08     -0.595   40.75998  -72.49944    31.5191  1024.9195    24.8961     4.0549 0.0000e+00
      3.970     4.0602    31.3701  1024.9127     2.7397     7.3709     99.410   -0.00084    7.41460    7.43064      8.296     0.3159   13.25971   2.953800 5.0240e-14    24.8940    24.8940 1.0000e-12      4.000          1       5994    1462.27 1.9905e+03  50819.723    249.718 1549815126      -0.05     -0.553   40.75998  -72.49943    31.5193  1024.9145    24.8958     4.0599 0.0000e+00
