CalculateIndicators/WaterTemperature/Data/CTD_NYOS/NY1902_11_4_5.cnv
* Sea-Bird SBE 9 Data File:
* FileName = C:\Seabird 9 CTD\Data\2019\201902_Offshore\NY1902_ctd_casts\NY1902_11_4_5.hex
* Software Version Seasave V 7.23.2
* Temperature SN = 4590
* Conductivity SN = 3228
* Number of Bytes Per Scan = 44
* Number of Voltage Words = 5
* Number of Scans Averaged by the Deck Unit = 1
* NMEA Latitude = 39 44.13 N
* NMEA Longitude = 072 27.92 W
* NMEA UTC (Time) = Feb 11 2019  06:44:47
* NMEA baud rate = 4800
** Ship: Seawolf
** Station: 4.5
** Operator: HBB
# nquan = 35
# nvalues = 158                         
# units = specified
# name 0 = depSM: Depth [salt water, m]
# name 1 = t090C: Temperature [ITS-90, deg C]
# name 2 = sal00: Salinity, Practical [PSU]
# name 3 = density00: Density [density, kg/m^3]
# name 4 = sbeox0V: Oxygen raw, SBE 43 [V]
# name 5 = sbeox0ML/L: Oxygen, SBE 43 [ml/l]
# name 6 = sbeox0PS: Oxygen, SBE 43 [% saturation]
# name 7 = sbox0dV/dT: Oxygen, SBE 43 [dov/dt]
# name 8 = oxsolML/L: Oxygen Saturation, Garcia & Gordon [ml/l]
# name 9 = oxsatML/L: Oxygen Saturation, Weiss [ml/l]
# name 10 = ph: pH
# name 11 = flECO-AFL: Fluorescence, WET Labs ECO-AFL/FL [mg/m^3]
# name 12 = n2satML/L: Nitrogen Saturation [ml/l]
# name 13 = c0S/m: Conductivity [S/m]
# name 14 = cpar: CPAR/Corrected Irradiance [%]
# name 15 = sigma-é00: Density [sigma-theta, kg/m^3]
# name 16 = sigma-t00: Density [sigma-t, kg/m^3 ]
# name 17 = par: PAR/Irradiance, Biospherical/Licor
# name 18 = prDM: Pressure, Digiquartz [db]
# name 19 = pumps: Pump Status
# name 20 = scan: Scan Count
# name 21 = svCM: Sound Velocity [Chen-Millero, m/s]
# name 22 = spar: SPAR, Biospherical/Licor
# name 23 = specc: Specific Conductance [uS/cm]
# name 24 = timeS: Time, Elapsed [seconds]
# name 25 = timeY: Time, System [seconds]
# name 26 = accM: Acceleration [m/s^2]
# name 27 = dz/dtM: Descent Rate [m/s]
# name 28 = latitude: Latitude [deg]
# name 29 = longitude: Longitude [deg]
# name 30 = gsw_saA0: Absolute Salinity [g/kg]
# name 31 = gsw_densityA0: density, TEOS-10 [density, kg/m^3]
# name 32 = gsw_sigma0A0: density, TEOS-10 [sigma-0, kg/m^3 ]
# name 33 = gsw_ptA0: potential temperature [ITS-90, deg C]
# name 34 = flag: flag
# span 0 =      0.997,     79.382       
# span 1 =     7.8408,    11.2591       
# span 2 =    33.0638,    34.8121       
# span 3 =  1025.7745,  1026.9419       
# span 4 =     2.0853,     2.7382       
# span 5 =     4.6635,     7.7736       
# span 6 =     71.305,     99.953       
# span 7 =   -0.03366,    0.08854       
# span 8 =    6.16058,    7.86190       
# span 9 =    6.16163,    7.85940       
# span 10 =      8.208,      8.431      
# span 11 =     0.1734,     1.3583      
# span 12 =   11.14587,   14.28533      
# span 13 =   3.433788,   3.912605      
# span 14 = -5.597e+03, 1.4212e+05      
# span 15 =    25.7654,    26.5838      
# span 16 =    25.7653,    26.5820      
# span 17 = 1.0000e-12, 1.0000e-12      
# span 18 =      1.000,     80.000      
# span 19 =          0,          1      
# span 20 =        346,      17885      
# span 21 =    1479.80,    1495.37      
# span 22 = -8.317e-01, 2.0852e+00      
# span 23 =  52146.342,  53961.799      
# span 24 =     14.394,    745.187      
# span 25 = 1549867501, 1549868231      
# span 26 =      -0.33,       0.24      
# span 27 =     -0.572,      0.576      
# span 28 =   39.73514,   39.73556      
# span 29 =  -72.46541,  -72.46290      
# span 30 =    33.2261,    34.9686      
# span 31 =  1025.7814,  1026.9391      
# span 32 =    25.7723,    26.5810      
# span 33 =     7.8404,    11.2491      
# span 34 = 0.0000e+00, 0.0000e+00      
# interval = decibars: 1                
# start_time = Feb 11 2019 06:44:46 [System UTC, first data scan.]
# bad_flag = -9.990e-29
*END*
      1.984     7.9179    33.0638  1025.7745     2.0853     4.7727     71.305    0.01457    6.69359    6.70065      8.223     0.3396   12.04679   3.433788 3.7643e+04    25.7654    25.7653 1.0000e-12      2.000          0        346    1479.80 1.2313e+00  52146.342     14.394 1549867501       0.18      0.073   39.73556  -72.46541    33.2261  1025.7814    25.7723     7.9177 0.0000e+00
      2.978     7.9196    33.1891  1025.8772     2.1960     5.3490     80.056    0.04967    6.68161    6.68879      8.222     0.3280   12.02380   3.445923 1.8171e+03    25.8635    25.8635 1.0000e-12      3.000          0        488    1479.97 1.9388e+00  52323.824     20.304 1549867506       0.15      0.382   39.73556  -72.46538    33.3544  1025.8860    25.8723     7.9193 0.0000e+00
      3.967     7.9194    33.3796  1026.0314     2.3529     5.9312     88.860    0.06612    6.67480    6.68201      8.225     0.3369   12.01118   3.463218 -9.990e-29    26.0132    26.0131 1.0000e-12      4.000          0        552    1480.23 -9.990e-29  52595.245     22.967 1549867509      -0.03      0.386   39.73556  -72.46538    33.5400  1026.0357    26.0174     7.9191 0.0000e+00
      4.962     7.9308    33.4599  1026.0974     2.5457     6.6710     99.929    0.08854    6.67580    6.68303      8.229     0.3251   12.01273   3.471895 5.0640e-11    26.0746    26.0746 1.0000e-12      5.000          1        604    1480.39 1.9747e+00  52707.073     25.108 1549867511      -0.03      0.469   39.73556  -72.46537    33.6220  1026.1027    26.0798     7.9303 0.0000e+00
      5.955     7.9264    33.5010  1026.1349     2.6550     6.6727     99.953    0.04322    6.67578    6.68301      8.233     0.3265   12.01268   3.475046 5.0640e-11    26.1075    26.1074 1.0000e-12      6.000          1        659    1480.44 1.9747e+00  52767.021     27.408 1549867514       0.04      0.437   39.73554  -72.46536    33.6597  1026.1373    26.1099     7.9258 0.0000e+00
      6.944     7.9249    33.5027  1026.1411     2.6978     6.5924     98.756    0.01414    6.67547    6.68269      8.242     0.3514   12.01215   3.475127 5.0640e-11    26.1091    26.1090 1.0000e-12      7.000          1        717    1480.45 1.9747e+00  52770.518     29.830 1549867516      -0.01      0.397   39.73554  -72.46534    33.6615  1026.1435    26.1116     7.9242 0.0000e+00
      7.939     7.9264    33.5035  1026.1460     2.7121     6.5839     98.629    0.00689    6.67545    6.68268      8.222     0.3444   12.01212   3.475398 5.0640e-11    26.1095    26.1094 1.0000e-12      8.000          1        770    1480.47 1.9747e+00  52771.880     32.050 1549867518      -0.05      0.444   39.73554  -72.46534    33.6625  1026.1486    26.1121     7.9256 0.0000e+00
      8.932     7.9261    33.5039  1026.1509     2.7204     6.5854     98.653    0.00356    6.67535    6.68257      8.208     0.3983   12.01194   3.475437 5.0640e-11    26.1099    26.1097 1.0000e-12      9.000          1        823    1480.49 1.9747e+00  52773.195     34.245 1549867520       0.12      0.472   39.73554  -72.46534    33.6627  1026.1535    26.1124     7.9252 0.0000e+00
      9.922     7.9273    33.5045  1026.1559     2.7254     6.5908     98.734    0.00213    6.67533    6.68256      8.224     0.3222   12.01191   3.475654 5.0640e-11    26.1102    26.1101 1.0000e-12     10.000          1        876    1480.51 1.9747e+00  52774.510     36.462 1549867523      -0.06      0.445   39.73554  -72.46532    33.6634  1026.1584    26.1128     7.9263 0.0000e+00
     10.916     7.9272    33.5048  1026.1607     2.7262     6.5821     98.605    0.00049    6.67523    6.68246      8.227     0.3450   12.01174   3.475711 2.7093e+04    26.1105    26.1103 1.0000e-12     11.000          1        932    1480.53 1.4397e+00  52775.609     38.776 1549867525      -0.07      0.428   39.73554  -72.46532    33.6636  1026.1632    26.1130     7.9261 0.0000e+00
     11.908     7.9279    33.5053  1026.1656     2.7283     6.5932     98.771    0.00101    6.67532    6.68254      8.234     0.3422   12.01188   3.475876 9.9502e+04    26.1108    26.1106 1.0000e-12     12.000          1        990    1480.55 9.8076e-03  52776.843     41.193 1549867527       0.24      0.399   39.73552  -72.46530    33.6642  1026.1681    26.1133     7.9268 0.0000e+00
     12.898     7.9271    33.5053  1026.1702     2.7293     6.5924     98.759    0.00039    6.67518    6.68240      8.238     0.3521   12.01165   3.475832 3.5260e+04    26.1109    26.1107 1.0000e-12     13.000          1       1042    1480.56 1.2784e+00  52777.598     43.379 1549867529      -0.12      0.457   39.73552  -72.46530    33.6641  1026.1727    26.1134     7.9258 0.0000e+00
     13.897     7.9286    33.5058  1026.1750     2.7284     6.5849     98.644   -0.00041    6.67546    6.68269 -9.990e-29     0.3665   12.01213   3.476066 2.0064e+03    26.1111    26.1109 1.0000e-12     14.000          1       1087    1480.58 1.9351e+00  52778.751     45.247 1549867531       0.07      0.561   39.73552  -72.46529    33.6647  1026.1775    26.1137     7.9272 0.0000e+00
     14.884     7.9263    33.5053  1026.1795     2.7294     6.5945     98.786    0.00037    6.67551    6.68275      8.243     0.3333   12.01221   3.475842 5.0640e-11    26.1111    26.1109 1.0000e-12     15.000          1       1146    1480.59 1.9747e+00  52779.235     47.721 1549867534      -0.05      0.376   39.73552  -72.46528    33.6640  1026.1819    26.1135     7.9248 0.0000e+00
     15.875     7.9266    33.5056  1026.1842     2.7254     6.5684     98.391   -0.00181    6.67587    6.68310      8.247     0.3547   12.01279   3.475948 5.0640e-11    26.1112    26.1110 1.0000e-12     16.000          1       1203    1480.61 1.9747e+00  52780.227     50.099 1549867536      -0.00      0.424   39.73552  -72.46528    33.6643  1026.1867    26.1137     7.9251 0.0000e+00
     16.872     7.9245    33.5053  1026.1889     2.7232     6.5658     98.348   -0.00136    6.67607    6.68331      8.250     0.3162   12.01313   3.475759 -9.990e-29    26.1113    26.1111 1.0000e-12     17.000          1       1246    1480.62 -9.990e-29  52780.991     51.886 1549867538       0.08      0.566   39.73552  -72.46527    33.6639  1026.1912    26.1137     7.9228 0.0000e+00
     17.862     7.9228    33.5055  1026.1939     2.7256     6.5923     98.745    0.00120    6.67606    6.68330      8.249     0.3076   12.01311   3.475678 5.0640e-11    26.1118    26.1115 1.0000e-12     18.000          1       1297    1480.63 1.9747e+00  52782.384     54.010 1549867540      -0.05      0.467   39.73552  -72.46526    33.6642  1026.1963    26.1142     7.9210 0.0000e+00
     18.852     7.9215    33.5055  1026.1986     2.7292     6.6062     98.956    0.00154    6.67588    6.68311      8.252     0.6117   12.01281   3.475617 5.0640e-11    26.1120    26.1117 1.0000e-12     19.000          1       1355    1480.64 1.9747e+00  52783.364     56.423 1549867543      -0.00      0.401   39.73552  -72.46524    33.6642  1026.2011    26.1144     7.9197 0.0000e+00
     19.847     7.9236    33.5057  1026.2031     2.7278     6.5881     98.680   -0.00057    6.67620    6.68344      8.247     0.3637   12.01335   3.475874 5.0640e-11    26.1118    26.1116 1.0000e-12     20.000          1       1408    1480.66 1.9747e+00  52783.816     58.621 1549867545      -0.03      0.456   39.73551  -72.46524    33.6645  1026.2056    26.1143     7.9217 0.0000e+00
     20.838     7.9216    33.5054  1026.2077     2.7254     6.5778     98.526   -0.00112    6.67623    6.68347 -9.990e-29     0.3438   12.01338   3.475690 -9.990e-29    26.1119    26.1116 1.0000e-12     21.000          1       1458    1480.67 -9.990e-29  52784.565     60.720 1549867547       0.12      0.478   39.73550  -72.46523    33.6641  1026.2101    26.1143     7.9195 0.0000e+00
     21.830     7.9212    33.5055  1026.2124     2.7266     6.5944     98.777    0.00060    6.67611    6.68334 -9.990e-29     0.3728   12.01319   3.475714 9.9999e+04    26.1120    26.1117 1.0000e-12     22.000          1       1507    1480.69 0.0000e+00  52785.375     62.760 1549867549      -0.08      0.489   39.73550  -72.46522    33.6642  1026.2148    26.1144     7.9191 0.0000e+00
     22.825     7.9219    33.5055  1026.2169     2.7281     6.5991     98.846    0.00052    6.67620    6.68344 -9.990e-29     0.3346   12.01333   3.475826 6.4516e+04    26.1120    26.1117 1.0000e-12     23.000          1       1558    1480.70 7.0069e-01  52785.993     64.887 1549867551      -0.04      0.480   39.73550  -72.46522    33.6643  1026.2194    26.1145     7.9196 0.0000e+00
     23.812     7.9224    33.5058  1026.2216     2.7222     6.5559     98.201   -0.00312    6.67601    6.68325      8.248     0.3289   12.01302   3.475936 -3.078e+03    26.1121    26.1118 1.0000e-12     24.000          1       1619    1480.72 2.0355e+00  52786.866     67.425 1549867554       0.10      0.364   39.73550  -72.46520    33.6646  1026.2241    26.1146     7.9200 0.0000e+00
     24.809     7.9210    33.5055  1026.2262     2.7220     6.5766     98.509   -0.00032    6.67610    6.68334      8.251     0.4030   12.01317   3.475841 5.0640e-11    26.1121    26.1118 1.0000e-12     25.000          1       1663    1480.73 1.9747e+00  52787.514     69.238 1549867555      -0.00      0.547   39.73550  -72.46520    33.6644  1026.2288    26.1147     7.9185 0.0000e+00
     25.801     7.9217    33.5057  1026.2308     2.7239     6.5917     98.739    0.00095    6.67592    6.68315      8.267     0.2943   12.01287   3.475964 5.0640e-11    26.1122    26.1118 1.0000e-12     26.000          1       1711    1480.75 1.9747e+00  52788.283     71.270 1549867557       0.00      0.490   39.73550  -72.46519    33.6646  1026.2333    26.1147     7.9192 0.0000e+00
     26.790     7.9230    33.5060  1026.2354     2.7235     6.5829     98.609   -0.00024    6.67580    6.68304      8.263     0.3665   12.01267   3.476151 -9.990e-29    26.1122    26.1118 1.0000e-12     27.000          1       1770    1480.77 -9.990e-29  52788.993     73.726 1549867560      -0.04      0.385   39.73550  -72.46518    33.6648  1026.2379    26.1148     7.9204 0.0000e+00
     27.785     7.9231    33.5059  1026.2399     2.7237     6.5874     98.679    0.00018    6.67559    6.68282      8.265     0.3472   12.01232   3.476198 5.0640e-11    26.1121    26.1117 1.0000e-12     28.000          1       1820    1480.79 1.9747e+00  52789.566     75.772 1549867562       0.01      0.504   39.73550  -72.46518    33.6648  1026.2425    26.1148     7.9204 0.0000e+00
     28.777     7.9255    33.5064  1026.2445     2.7261     6.6017     98.901    0.00114    6.67502    6.68225      8.266     0.3496   12.01138   3.476519 5.0640e-11    26.1122    26.1118 1.0000e-12     29.000          1       1869    1480.82 1.9747e+00  52790.335     77.847 1549867564       0.04      0.477   39.73550  -72.46516    33.6655  1026.2472    26.1149     7.9227 0.0000e+00
     29.767     7.9272    33.5066  1026.2490     2.7271     6.6007     98.883    0.00043    6.67523    6.68246      8.267     0.3291   12.01173   3.476731 5.0640e-11    26.1121    26.1117 1.0000e-12     30.000          1       1921    1480.84 1.9747e+00  52790.888     80.010 1549867566      -0.04      0.455   39.73548  -72.46516    33.6657  1026.2517    26.1149     7.9243 0.0000e+00
     30.761     7.9273    33.5067  1026.2536     2.7289     6.6090     99.006    0.00072    6.67530    6.68253      8.267     0.3236   12.01184   3.476789 6.5887e+04    26.1122    26.1118 1.0000e-12     31.000          1       1976    1480.86 6.7362e-01  52791.721     82.307 1549867568      -0.06      0.428   39.73548  -72.46515    33.6658  1026.2563    26.1149     7.9243 0.0000e+00
     31.753     7.9265    33.5065  1026.2582     2.7256     6.5808     98.590   -0.00189    6.67496    6.68218      8.267     0.3265   12.01126   3.476731 9.9966e+04    26.1122    26.1117 1.0000e-12     32.000          1       2029    1480.87 6.6088e-04  52792.288     84.498 1549867571       0.19      0.465   39.73548  -72.46514    33.6654  1026.2607    26.1147     7.9234 0.0000e+00
     32.744     7.9282    33.5070  1026.2629     2.7242     6.5861     98.664   -0.00070    6.67524    6.68247      8.271     0.5591   12.01174   3.476996 2.8649e+04    26.1124    26.1119 1.0000e-12     33.000          1       2079    1480.89 1.4090e+00  52793.284     86.581 1549867573      -0.11      0.477   39.73548  -72.46514    33.6661  1026.2656    26.1151     7.9250 0.0000e+00
     33.740     7.9277    33.5070  1026.2676     2.7258     6.6023     98.921    0.00088    6.67429    6.68150      8.271     0.3469   12.01015   3.476972 3.0759e+03    26.1125    26.1120 1.0000e-12     34.000          1       2129    1480.91 1.9140e+00  52794.096     88.665 1549867575      -0.04      0.496   39.73548  -72.46512    33.6659  1026.2701    26.1150     7.9243 0.0000e+00
     34.727     7.9298    33.5073  1026.2720     2.7273     6.6029     98.936    0.00027    6.67393    6.68114      8.271     0.3185   12.00955   3.477287 5.0640e-11    26.1124    26.1119 1.0000e-12     35.000          1       2189    1480.93 1.9747e+00  52794.686     91.150 1549867577       0.15      0.360   39.73548  -72.46512    33.6668  1026.2751    26.1154     7.9264 0.0000e+00
     35.722     7.9361    33.5082  1026.2764     2.7278     6.6045     98.959    0.00019    6.67403    6.68124      8.271     0.3106   12.00972   3.477955 -9.990e-29    26.1122    26.1117 1.0000e-12     36.000          1       2238    1480.97 -9.990e-29  52795.096     93.209 1549867579      -0.07      0.479   39.73548  -72.46512    33.6674  1026.2792    26.1150     7.9326 0.0000e+00
     36.714     7.9374    33.5087  1026.2812     2.7280     6.6049     98.962    0.00002    6.67415    6.68136      8.276     0.3323   12.00991   3.478171 5.0640e-11    26.1124    26.1119 1.0000e-12     37.000          1       2289    1481.00 1.9747e+00  52796.145     95.347 1549867582       0.06      0.476   39.73548  -72.46510    33.6680  1026.2840    26.1153     7.9338 0.0000e+00
     37.706     7.9332    33.5080  1026.2858     2.7299     6.6177     99.158    0.00087    6.67389    6.68110      8.276     0.3138   12.00948   3.477737 5.0640e-11    26.1124    26.1119 1.0000e-12     38.000          1       2344    1481.00 1.9747e+00  52796.758     97.617 1549867584      -0.08      0.427   39.73547  -72.46510    33.6669  1026.2884    26.1151     7.9295 0.0000e+00
     38.700     7.9354    33.5084  1026.2904     2.7282     6.5992     98.876   -0.00107    6.67422    6.68143      8.278     0.3228   12.01004   3.478024 5.0640e-11    26.1125    26.1119 1.0000e-12     39.000          1       2397    1481.02 1.9747e+00  52797.557     99.828 1549867586       0.14      0.474   39.73546  -72.46508    33.6675  1026.2930    26.1152     7.9316 0.0000e+00
     39.688     7.9363    33.5083  1026.2947     2.7250     6.5893     98.716   -0.00141    6.67495    6.68217      8.279     0.3152   12.01126   3.478102 -9.990e-29    26.1123    26.1117 1.0000e-12     40.000          1       2457    1481.04 -9.990e-29  52797.771    102.330 1549867588      -0.09      0.372   39.73546  -72.46508    33.6669  1026.2971    26.1146     7.9324 0.0000e+00
     40.686     7.9277    33.5070  1026.2996     2.7240     6.5925     98.790   -0.00039    6.67330    6.68050      8.280     0.3508   12.00851   3.477292 5.0640e-11    26.1126    26.1120 1.0000e-12     41.000          1       2502    1481.02 1.9747e+00  52798.813    104.218 1549867590       0.10      0.560   39.73546  -72.46508    33.6660  1026.3022    26.1152     7.9237 0.0000e+00
     41.672     7.9350    33.5082  1026.3040     2.7241     6.5973     98.855    0.00005    6.67371    6.68092      8.279     0.3423   12.00919   3.478173 5.7456e+04    26.1124    26.1118 1.0000e-12     42.000          1       2558    1481.07 8.4011e-01  52799.364    106.560 1549867593      -0.07      0.398   39.73546  -72.46506    33.6680  1026.3072    26.1157     7.9309 0.0000e+00
