CalculateIndicators/WaterTemperature/Data/CTD_NYOS/NY1902_07_3_3.cnv
* Sea-Bird SBE 9 Data File:
* FileName = C:\Seabird 9 CTD\Data\2019\201902_Offshore\NY1902_ctd_casts\NY1902_07_3_3.hex
* Software Version Seasave V 7.23.2
* Temperature SN = 4590
* Conductivity SN = 3228
* Number of Bytes Per Scan = 44
* Number of Voltage Words = 5
* Number of Scans Averaged by the Deck Unit = 1
* NMEA Latitude = 40 14.50 N
* NMEA Longitude = 072 18.49 W
* NMEA UTC (Time) = Feb 07 2019  12:55:42
* NMEA baud rate = 4800
** Ship: Seawolf
** Station: 3_3
** Operator: AJB
# nquan = 35
# nvalues = 105                         
# units = specified
# name 0 = depSM: Depth [salt water, m]
# name 1 = t090C: Temperature [ITS-90, deg C]
# name 2 = sal00: Salinity, Practical [PSU]
# name 3 = density00: Density [density, kg/m^3]
# name 4 = sbeox0V: Oxygen raw, SBE 43 [V]
# name 5 = sbeox0ML/L: Oxygen, SBE 43 [ml/l]
# name 6 = sbeox0PS: Oxygen, SBE 43 [% saturation]
# name 7 = sbox0dV/dT: Oxygen, SBE 43 [dov/dt]
# name 8 = oxsolML/L: Oxygen Saturation, Garcia & Gordon [ml/l]
# name 9 = oxsatML/L: Oxygen Saturation, Weiss [ml/l]
# name 10 = ph: pH
# name 11 = flECO-AFL: Fluorescence, WET Labs ECO-AFL/FL [mg/m^3]
# name 12 = n2satML/L: Nitrogen Saturation [ml/l]
# name 13 = c0S/m: Conductivity [S/m]
# name 14 = cpar: CPAR/Corrected Irradiance [%]
# name 15 = sigma-é00: Density [sigma-theta, kg/m^3]
# name 16 = sigma-t00: Density [sigma-t, kg/m^3 ]
# name 17 = par: PAR/Irradiance, Biospherical/Licor
# name 18 = prDM: Pressure, Digiquartz [db]
# name 19 = pumps: Pump Status
# name 20 = scan: Scan Count
# name 21 = svCM: Sound Velocity [Chen-Millero, m/s]
# name 22 = spar: SPAR, Biospherical/Licor
# name 23 = specc: Specific Conductance [uS/cm]
# name 24 = timeS: Time, Elapsed [seconds]
# name 25 = timeY: Time, System [seconds]
# name 26 = accM: Acceleration [m/s^2]
# name 27 = dz/dtM: Descent Rate [m/s]
# name 28 = latitude: Latitude [deg]
# name 29 = longitude: Longitude [deg]
# name 30 = gsw_saA0: Absolute Salinity [g/kg]
# name 31 = gsw_densityA0: density, TEOS-10 [density, kg/m^3]
# name 32 = gsw_sigma0A0: density, TEOS-10 [sigma-0, kg/m^3 ]
# name 33 = gsw_ptA0: potential temperature [ITS-90, deg C]
# name 34 = flag: flag
# span 0 =      1.969,     53.587       
# span 1 =     7.3728,     7.5232       
# span 2 =    33.1684,    33.2446       
# span 3 =  1025.9247,  1026.2145       
# span 4 =     1.9801,     2.7547       
# span 5 =     4.3278,     6.7676       
# span 6 =     63.987,    100.172       
# span 7 =   -0.00961,    0.00489       
# span 8 =    6.74834,    6.77202       
# span 9 =    6.75637,    6.78039       
# span 10 =      8.101,      8.116      
# span 11 =     0.3726,     0.8792      
# span 12 =   12.13570,   12.17511      
# span 13 =   3.400779,   3.415501      
# span 14 = 6.2374e-13, 2.3635e-12      
# span 15 =    25.9156,    25.9673      
# span 16 =    25.9155,    25.9666      
# span 17 = 1.0000e-12, 1.0000e-12      
# span 18 =      2.000,     54.000      
# span 19 =         -0,          1      
# span 20 =        203,      14520      
# span 21 =    1478.10,    1478.90      
# span 22 = 4.2333e+01, 1.6680e+02      
# span 23 =  52412.195,  52540.305      
# span 24 =      8.412,    604.942      
# span 25 = 1549544151, 1549544748      
# span 26 =      -0.62,       0.52      
# span 27 =     -0.961,      0.985      
# span 28 =   40.24023,   40.24179      
# span 29 =  -72.30937,  -72.30828      
# span 30 =    33.3260,    33.4021      
# span 31 =  1025.9274,  1026.2166      
# span 32 =    25.9182,    25.9702      
# span 33 =     7.3677,     7.5221      
# span 34 = 0.0000e+00, 0.0000e+00      
# interval = decibars: 1                
# start_time = Feb 07 2019 12:55:43 [System UTC, first data scan.]
# bad_flag = -9.990e-29
*END*
[from data line 42]
     43.661     7.4258    33.2298  1026.1677     2.7338     6.7165     99.297   -0.00059    6.76411    6.77237      8.109     0.5532   12.16195   3.406947 9.3794e-13    25.9664    25.9659 1.0000e-12     44.000          1       3601    1478.81 1.0662e+02  52531.916    150.011 1549544293       0.52      0.728   40.24138  -72.30846    33.3872  1026.1700    25.9687     7.4217 0.0000e+00
     44.648     7.4261    33.2296  1026.1721     2.7315     6.6930     98.946   -0.00287    6.76430    6.77256      8.109     0.5271   12.16226   3.406989 9.4366e-13    25.9662    25.9657 1.0000e-12     45.000          1       3627    1478.83 1.0609e+02  52532.241    151.073 1549544294      -0.01      0.970   40.24138  -72.30846    33.3870  1026.1743    25.9685     7.4219 0.0000e+00
     45.644     7.4246    33.2293  1026.1767     2.7325     6.7190     99.330    0.00006    6.76428    6.77255      8.108     0.5617   12.16224   3.406876 1.8695e-12    25.9662    25.9656 1.0000e-12     46.000          1       3663    1478.84 5.4516e+01  52532.892    152.585 1549544295      -0.27      0.731   40.24138  -72.30846    33.3867  1026.1789    25.9685     7.4203 0.0000e+00
     46.633     7.4235    33.2293  1026.1814     2.7308     6.7068     99.143   -0.00096    6.76481    6.77308      8.108     0.6181   12.16311   3.406841 1.0343e-12    25.9664    25.9658 1.0000e-12     47.000          1       3705    1478.85 9.9515e+01  52533.873    154.322 1549544297       0.27      0.528   40.24136  -72.30846    33.3869  1026.1838    25.9688     7.4191 0.0000e+00
     47.627     7.4214    33.2289  1026.1860     2.7292     6.7037     99.093   -0.00083    6.76498    6.77326      8.109     0.5763   12.16340   3.406647 9.4973e-13    25.9664    25.9658 1.0000e-12     48.000          1       3762    1478.86 1.0570e+02  52534.559    156.692 1549544299      -0.11      0.403   40.24136  -72.30847    33.3863  1026.1883    25.9687     7.4169 0.0000e+00
     48.619     7.4192    33.2284  1026.1906     2.7283     6.7094     99.173    0.00012    6.76535    6.77363 -9.990e-29     0.5674   12.16402   3.406466 9.3371e-13    25.9664    25.9657 1.0000e-12     49.000          1       3845    1478.86 1.0711e+02  52535.103    160.163 1549544303       0.01      0.328   40.24136  -72.30848    33.3860  1026.1929    25.9687     7.4146 0.0000e+00
     49.609     7.4173    33.2280  1026.1950     2.7283     6.7079     99.145   -0.00030    6.76572    6.77401      8.107     0.5531   12.16463   3.406275 1.4507e-12    25.9663    25.9657 1.0000e-12     50.000          1       3922    1478.87 7.6432e+01  52535.663    163.355 1549544306       0.06      0.327   40.24135  -72.30848    33.3852  1026.1971    25.9684     7.4127 0.0000e+00
     50.603     7.4144    33.2279  1026.1999     2.7267     6.7018     99.069   -0.00040    6.76478    6.77305      8.107     0.5802   12.16307   3.406097 1.1649e-12    25.9666    25.9660 1.0000e-12     51.000          1       3987    1478.88 9.3132e+01  52536.869    166.089 1549544309      -0.03      0.361   40.24134  -72.30848    33.3857  1026.2025    25.9692     7.4096 0.0000e+00
     51.593     7.4146    33.2276  1026.2043     2.7264     6.7052     99.095   -0.00010    6.76646    6.77476      8.107     0.8792   12.16587   3.406108 8.9145e-13    25.9664    25.9657 1.0000e-12     52.000          1       4105    1478.90 1.1045e+02  52537.110    171.017 1549544314       0.13      0.182   40.24134  -72.30850    33.3851  1026.2066    25.9687     7.4098 0.0000e+00
     52.587     7.3998    33.2258  1026.2095     2.7217     6.6901     98.827   -0.00072    6.76950    6.77784      8.107     0.6865   12.17091   3.404660 9.2547e-13    25.9670    25.9664 1.0000e-12     53.000          1       4249    1478.85 1.0829e+02  52538.994    177.016 1549544320       0.01      0.239   40.24132  -72.30850    33.3831  1026.2117    25.9692     7.3949 0.0000e+00
     53.587     7.3728    33.2213  1026.2145     2.7131     6.6686     98.472   -0.00045    6.77202    6.78039      8.101     0.6239   12.17511   3.401904 9.1527e-13    25.9673    25.9666 1.0000e-12     54.000          1       4647    1478.76 1.0923e+02  52540.305    193.584 1549544336      -0.14      0.240   40.24128  -72.30854    33.3787  1026.2166    25.9695     7.3677 0.0000e+00
     52.571     7.3773    33.2220  1026.2097     2.7150     6.6862     98.744    0.00126    6.77120    6.77956      8.102     0.6577   12.17375   3.402360 9.0054e-13    25.9672    25.9665 1.0000e-12     53.000          1       5326    1478.76 1.1114e+02  52539.400    221.890 1549544365      -0.39     -0.576   40.24122  -72.30861    33.3798  1026.2122    25.9697     7.3724 0.0000e+00
     51.590     7.3764    33.2217  1026.2050     2.7155     6.6851     98.768    0.00165    6.76847    6.77679 -9.990e-29     0.7021   12.16922   3.402196 8.9203e-13    25.9671    25.9665 1.0000e-12     52.000          1       6063    1478.74 1.1256e+02  52538.552    252.569 1549544395      -0.57     -0.801   40.24116  -72.30869    33.3794  1026.2075    25.9696     7.3715 0.0000e+00
     50.596     7.3858    33.2228  1026.2000     2.7151     6.6719     98.578    0.00023    6.76811    6.77642 -9.990e-29     0.7960   12.16860   3.403228 8.8698e-13    25.9667    25.9660 1.0000e-12     51.000          1       6091    1478.76 1.1256e+02  52537.011    253.753 1549544396       0.13     -0.961   40.24115  -72.30869    33.3820  1026.2036    25.9702     7.3811 0.0000e+00
     49.614     7.3992    33.2234  1026.1940     2.7176     6.6867     98.806    0.00137    6.76745    6.77576 -9.990e-29     0.6862   12.16752   3.404334 8.8529e-13    25.9652    25.9646 1.0000e-12     50.000          1       6129    1478.80 1.1256e+02  52533.730    255.322 1549544398       0.09     -0.630   40.24114  -72.30870    33.3816  1026.1969    25.9681     7.3945 0.0000e+00
     48.615     7.4001    33.2250  1026.1905     2.7199     6.6962     98.938    0.00171    6.76805    6.77637 -9.990e-29     0.7121   12.16851   3.404504 8.8932e-13    25.9663    25.9657 1.0000e-12     49.000          1       6161    1478.79 1.1256e+02  52535.084    256.658 1549544399      -0.09     -0.724   40.24114  -72.30870    33.3831  1026.1933    25.9691     7.3955 0.0000e+00
     47.625     7.4034    33.2254  1026.1858     2.7224     6.7038     99.047    0.00175    6.76832    6.77664 -9.990e-29     0.7596   12.16895   3.404822 8.8842e-13    25.9662    25.9655 1.0000e-12     48.000          1       6198    1478.78 1.1256e+02  52534.109    258.193 1549544401       0.10     -0.677   40.24114  -72.30870    33.3838  1026.1888    25.9692     7.3989 0.0000e+00
     46.633     7.3996    33.2256  1026.1819     2.7231     6.6929     98.922    0.00049    6.76587    6.77416 -9.990e-29     0.6253   12.16489   3.404390 8.9073e-13    25.9668    25.9662 1.0000e-12     47.000          1       6238    1478.75 1.1234e+02  52534.663    259.885 1549544403      -0.00     -0.589   40.24114  -72.30870    33.3832  1026.1843    25.9692     7.3953 0.0000e+00
     45.644     7.3994    33.2256  1026.1774     2.7245     6.6983     99.001    0.00077    6.76590    6.77419 -9.990e-29     0.6081   12.16493   3.404415 1.8705e-12    25.9669    25.9663 1.0000e-12     46.000          1       6280    1478.74 5.4164e+01  52534.171    261.605 1549544404       0.02     -0.582   40.24112  -72.30870    33.3842  1026.1805    25.9700     7.3951 0.0000e+00
     44.653     7.4168    33.2272  1026.1716     2.7259     6.7023     99.073    0.00085    6.76504    6.77331      8.102     0.6803   12.16351   3.406028 2.1562e-12    25.9657    25.9651 1.0000e-12     45.000          1       6313    1478.79 5.2737e+01  52531.161    263.020 1549544406      -0.17     -0.656   40.24112  -72.30870    33.3855  1026.1745    25.9686     7.4126 0.0000e+00
     43.651     7.4150    33.2273  1026.1673     2.7276     6.7107     99.184    0.00122    6.76591    6.77419      8.103     0.6013   12.16493   3.405811 9.7251e-13    25.9660    25.9655 1.0000e-12     44.000          1       6437    1478.76 1.0950e+02  52531.178    268.158 1549544411      -0.02     -0.539   40.24111  -72.30871    33.3853  1026.1700    25.9687     7.4108 0.0000e+00
     42.663     7.4148    33.2279  1026.1632     2.7287     6.7055     99.116    0.00029    6.76532    6.77360 -9.990e-29     0.5512   12.16397   3.405784 8.7401e-13    25.9665    25.9660 1.0000e-12     43.000          1       6610    1478.75 1.1441e+02  52531.449    275.374 1549544418      -0.01     -0.359   40.24110  -72.30873    33.3857  1026.1657    25.9690     7.4108 0.0000e+00
     41.666     7.4129    33.2274  1026.1585     2.7270     6.6977     98.978   -0.00025    6.76688    6.77518 -9.990e-29     0.6056   12.16656   3.405502 8.7828e-13    25.9663    25.9658 1.0000e-12     42.000          1       6859    1478.72 1.1407e+02  52530.456    285.744 1549544428      -0.19     -0.307   40.24107  -72.30875    33.3849  1026.1608    25.9687     7.4090 0.0000e+00
     40.680     7.4136    33.2280  1026.1543     2.7290     6.7049     99.100    0.00034    6.76579    6.77407 -9.990e-29     0.4770   12.16473   3.405589 8.4406e-13    25.9667    25.9662 1.0000e-12     41.000          1       8091    1478.71 1.1847e+02  52530.462    337.064 1549544480      -0.17     -0.515   40.24094  -72.30882    33.3857  1026.1568    25.9692     7.4097 0.0000e+00
     39.689     7.4122    33.2279  1026.1498     2.7294     6.7044     99.094    0.00023    6.76569    6.77398 -9.990e-29     0.7083   12.16458   3.405417 8.4399e-13    25.9668    25.9663 1.0000e-12     40.000          1       8139    1478.69 1.1848e+02  52529.957    339.080 1549544482       0.08     -0.525   40.24094  -72.30882    33.3856  1026.1523    25.9693     7.4085 0.0000e+00
     38.696     7.4146    33.2281  1026.1450     2.7302     6.7030     99.124    0.00031    6.76221    6.77044      8.102     0.6200   12.15879   3.405602 8.4399e-13    25.9666    25.9661 1.0000e-12     39.000          1       8192    1478.68 1.1848e+02  52528.954    341.307 1549544484       0.07     -0.451   40.24092  -72.30883    33.3858  1026.1475    25.9691     7.4110 0.0000e+00
     37.704     7.4307    33.2298  1026.1395     2.7316     6.7076     99.218    0.00069    6.76040    6.76861      8.104     0.5954   12.15579   3.407257 8.4399e-13    25.9657    25.9652 1.0000e-12     38.000          1       8256    1478.73 1.1848e+02  52526.631    343.972 1549544487      -0.02     -0.361   40.24092  -72.30884    33.3887  1026.1429    25.9691     7.4272 0.0000e+00
     36.713     7.4500    33.2324  1026.1343     2.7356     6.7290     99.523    0.00193    6.76132    6.76954      8.106     0.6087   12.15731   3.409161 8.4475e-13    25.9650    25.9645 1.0000e-12     37.000          1       8322    1478.79 1.1838e+02  52524.717    346.708 1549544489      -0.32     -0.329   40.24091  -72.30884    33.3914  1026.1377    25.9685     7.4465 0.0000e+00
     35.720     7.4429    33.2316  1026.1301     2.7356     6.7167     99.293   -0.00004    6.76453    6.77279      8.104     0.6597   12.16263   3.408276 9.9983e-13    25.9654    25.9649 1.0000e-12     36.000          1       8393    1478.75 1.0328e+02  52524.736    349.684 1549544492       0.11     -0.311   40.24090  -72.30884    33.3891  1026.1324    25.9677     7.4395 0.0000e+00
     34.720     7.4306    33.2308  1026.1265     2.7352     6.7127     99.267   -0.00014    6.76232    6.77056      8.102     0.6690   12.15899   3.407031 9.8516e-13    25.9664    25.9660 1.0000e-12     35.000          1       8491    1478.68 1.0384e+02  52526.006    353.746 1549544496      -0.17     -0.414   40.24089  -72.30884    33.3878  1026.1285    25.9684     7.4273 0.0000e+00
     33.731     7.4514    33.2326  1026.1205     2.7392     6.7245     99.468    0.00023    6.76042    6.76863 -9.990e-29     0.5936   12.15582   3.409097 8.5458e-13    25.9650    25.9645 1.0000e-12     34.000          1       8655    1478.75 1.1739e+02  52522.649    360.564 1549544503      -0.12     -0.431   40.24088  -72.30884    33.3907  1026.1233    25.9677     7.4483 0.0000e+00
     32.744     7.4517    33.2329  1026.1161     2.7394     6.7245     99.480    0.00040    6.75964    6.76784      8.106     0.6019   12.15452   3.409072 8.4510e-13    25.9651    25.9647 1.0000e-12     33.000          1       8774    1478.73 1.1848e+02  52522.285    365.530 1549544508      -0.07     -0.225   40.24087  -72.30885    33.3907  1026.1186    25.9676     7.4486 0.0000e+00
     31.745     7.4531    33.2333  1026.1116     2.7396     6.7212     99.450    0.00017    6.75836    6.76654      8.106     0.5749   12.15239   3.409194 8.4405e-13    25.9652    25.9648 1.0000e-12     32.000          1       8885    1478.72 1.1848e+02  52521.816    370.181 1549544513      -0.24     -0.404   40.24086  -72.30886    33.3911  1026.1142    25.9678     7.4501 0.0000e+00
     30.753     7.4621    33.2346  1026.1067     2.7407     6.7217     99.461   -0.00015    6.75812    6.76629      8.106     0.5752   12.15198   3.410074 1.0741e-12    25.9650    25.9645 1.0000e-12     31.000          1       9336    1478.74 9.6654e+01  52520.670    388.948 1549544532      -0.01     -0.363   40.24081  -72.30888    33.3925  1026.1094    25.9676     7.4592 0.0000e+00
     29.769     7.4613    33.2347  1026.1024     2.7438     6.7310     99.599    0.00008    6.75816    6.76633      8.106     0.6289   12.15205   3.409942 7.9363e-13    25.9652    25.9648 1.0000e-12     30.000          1      10093    1478.72 1.2546e+02  52520.402    420.483 1549544563      -0.02     -0.369   40.24074  -72.30892    33.3923  1026.1048    25.9675     7.4585 0.0000e+00
     28.766     7.4615    33.2348  1026.0978     2.7449     6.7372     99.691    0.00050    6.75809    6.76627      8.106     0.6124   12.15194   3.409919 8.0376e-13    25.9652    25.9648 1.0000e-12     29.000          1      10119    1478.71 1.2442e+02  52519.741    421.586 1549544564      -0.34     -0.549   40.24072  -72.30894    33.3923  1026.1002    25.9675     7.4587 0.0000e+00
     27.778     7.4609    33.2347  1026.0933     2.7438     6.7276     99.541   -0.00019    6.75861    6.76680      8.106     0.6717   12.15280   3.409825 8.0157e-13    25.9652    25.9649 1.0000e-12     28.000          1      10214    1478.69 1.2476e+02  52519.197    425.543 1549544568      -0.62     -0.513   40.24071  -72.30894    33.3923  1026.0956    25.9676     7.4583 0.0000e+00
     26.792     7.4593    33.2347  1026.0889     2.7439     6.7297     99.572    0.00011    6.75861    6.76679      8.106     0.4726   12.15280   3.409626 7.9800e-13    25.9654    25.9650 1.0000e-12     27.000          1      10278    1478.67 1.2532e+02  52518.809    428.222 1549544571       0.12     -0.410   40.24070  -72.30894    33.3921  1026.0912    25.9676     7.4568 0.0000e+00
     25.790     7.4599    33.2346  1026.0842     2.7448     6.7336     99.648    0.00048    6.75740    6.76557      8.106     0.4377   12.15078   3.409633 9.2696e-13    25.9653    25.9649 1.0000e-12     26.000          1      10367    1478.65 1.1196e+02  52517.926    431.913 1549544575      -0.56     -0.407   40.24069  -72.30896    33.3922  1026.0865    25.9676     7.4574 0.0000e+00
     24.795     7.4694    33.2359  1026.0792     2.7465     6.7362     99.717    0.00059    6.75535    6.76348      8.107     0.5706   12.14738   3.410573 1.0916e-12    25.9649    25.9646 1.0000e-12     25.000          1      10461    1478.67 9.4801e+01  52516.609    435.840 1549544579      -0.34     -0.638   40.24068  -72.30896    33.3937  1026.0818    25.9674     7.4671 0.0000e+00
