CalculateIndicators/WaterTemperature/Data/CTD_NYOS/NY1902_06_1_6.cnv
* Sea-Bird SBE 9 Data File:
* FileName = C:\Seabird 9 CTD\Data\2019\201902_Offshore\NY1902_ctd_casts\NY1902_06_1_6.hex
* Software Version Seasave V 7.23.2
* Temperature SN = 4590
* Conductivity SN = 3228
* Number of Bytes Per Scan = 44
* Number of Voltage Words = 5
* Number of Scans Averaged by the Deck Unit = 1
* NMEA Latitude = 39 48.31 N
* NMEA Longitude = 071 27.30 W
* NMEA UTC (Time) = Feb 06 2019  21:01:58
* NMEA baud rate = 4800
** Ship: Seawolf
** Station: 1_6
** Operator: AJB
# nquan = 35
# nvalues = 1211                        
# units = specified
# name 0 = depSM: Depth [salt water, m]
# name 1 = t090C: Temperature [ITS-90, deg C]
# name 2 = sal00: Salinity, Practical [PSU]
# name 3 = density00: Density [density, kg/m^3]
# name 4 = sbeox0V: Oxygen raw, SBE 43 [V]
# name 5 = sbeox0ML/L: Oxygen, SBE 43 [ml/l]
# name 6 = sbeox0PS: Oxygen, SBE 43 [% saturation]
# name 7 = sbox0dV/dT: Oxygen, SBE 43 [dov/dt]
# name 8 = oxsolML/L: Oxygen Saturation, Garcia & Gordon [ml/l]
# name 9 = oxsatML/L: Oxygen Saturation, Weiss [ml/l]
# name 10 = ph: pH
# name 11 = flECO-AFL: Fluorescence, WET Labs ECO-AFL/FL [mg/m^3]
# name 12 = n2satML/L: Nitrogen Saturation [ml/l]
# name 13 = c0S/m: Conductivity [S/m]
# name 14 = cpar: CPAR/Corrected Irradiance [%]
# name 15 = sigma-é00: Density [sigma-theta, kg/m^3]
# name 16 = sigma-t00: Density [sigma-t, kg/m^3 ]
# name 17 = par: PAR/Irradiance, Biospherical/Licor
# name 18 = prDM: Pressure, Digiquartz [db]
# name 19 = pumps: Pump Status
# name 20 = scan: Scan Count
# name 21 = svCM: Sound Velocity [Chen-Millero, m/s]
# name 22 = spar: SPAR, Biospherical/Licor
# name 23 = specc: Specific Conductance [uS/cm]
# name 24 = timeS: Time, Elapsed [seconds]
# name 25 = timeY: Time, System [seconds]
# name 26 = accM: Acceleration [m/s^2]
# name 27 = dz/dtM: Descent Rate [m/s]
# name 28 = latitude: Latitude [deg]
# name 29 = longitude: Longitude [deg]
# name 30 = gsw_saA0: Absolute Salinity [g/kg]
# name 31 = gsw_densityA0: density, TEOS-10 [density, kg/m^3]
# name 32 = gsw_sigma0A0: density, TEOS-10 [sigma-0, kg/m^3 ]
# name 33 = gsw_ptA0: potential temperature [ITS-90, deg C]
# name 34 = flag: flag
# span 0 =      0.968,    600.492       
# span 1 =     5.3218,    13.8044       
# span 2 =    32.8495,    35.6878       
# span 3 =  1025.8166,  1030.4423       
# span 4 =     1.5428,     2.8748       
# span 5 =     2.9524,     7.0158       
# span 6 =     46.695,    106.546       
# span 7 =   -0.04280,    0.04842       
# span 8 =    5.80855,    7.01805       
# span 9 =    5.80562,    7.03290       
# span 10 =      7.772,     16.503      
# span 11 =    -0.0645,     0.7210      
# span 12 =   10.55415,   12.55876      
# span 13 =   3.274642,   4.247293      
# span 14 = 9.6590e-14, 9.9999e+04      
# span 15 =    25.8121,    27.6640      
# span 16 =    25.8121,    27.6579      
# span 17 = 1.0000e-12, 9.9840e+01      
# span 18 =      1.000,    606.000      
# span 19 =          0,          1      
# span 20 =        255,      56622      
# span 21 =    1473.37,    1505.60      
# span 22 = -1.232e+00, 1.1627e+03      
# span 23 =  52252.335,  56136.012      
# span 24 =     10.585,   2359.192      
# span 25 = 1549486930, 1549489278      
# span 26 =      -1.04,       0.83      
# span 27 =     -2.231,      1.216      
# span 28 =   39.79717,   39.80522      
# span 29 =  -71.46607,  -71.45512      
# span 30 =    33.0021,    35.8612      
# span 31 =  1025.8193,  1030.4453      
# span 32 =    25.8092,    27.6670      
# span 33 =     5.2709,    13.7891      
# span 34 = 0.0000e+00, 0.0000e+00      
# interval = decibars: 1                
# start_time = Feb 06 2019 21:01:59 [System UTC, first data scan.]
# bad_flag = -9.990e-29
*END*
[from data line 125]
    124.995    13.7506    35.6645  1027.3138     1.9730     3.8175     65.621   -0.00192    5.81749    5.81472      8.031    -0.0311   10.56833   4.245822 1.0727e-13    26.7571    26.7534 1.0000e-12    126.000          1       6709    1505.53 9.3222e+02  54779.366    279.496 1549487199       0.18      0.558   39.80387  -71.45665    35.8339  1027.3185    26.7618    13.7326 0.0000e+00
    125.987    13.7447    35.6669  1027.3213     1.9640     3.7766     64.898   -0.00562    5.81937    5.81662      8.031    -0.0390   10.57139   4.245477 1.0412e-13    26.7603    26.7565 1.0000e-12    127.000          1       6738    1505.53 9.6042e+02  54784.013    280.691 1549487200       0.16      0.775   39.80386  -71.45666    35.8358  1027.3256    26.7646    13.7265 0.0000e+00
    126.984    13.7251    35.6722  1027.3341     1.9542     3.7326     64.137   -0.00933    5.81974    5.81700      8.030    -0.0398   10.57201   4.244034 1.0427e-13    26.7685    26.7647 1.0000e-12    128.000          1       6763    1505.49 9.5905e+02  54794.587    281.764 1549487201       0.08      0.905   39.80386  -71.45667    35.8400  1027.3375    26.7719    13.7068 0.0000e+00
    127.978    13.6991    35.6776  1027.3482     1.9472     3.7332     64.145   -0.00558    5.81995    5.81721      8.028    -0.0333   10.57235   4.242070 1.0363e-13    26.7782    26.7743 1.0000e-12    129.000          1       6800    1505.43 9.6512e+02  54806.183    283.306 1549487203      -0.22      0.720   39.80386  -71.45668    35.8454  1027.3515    26.7815    13.6806 0.0000e+00
    128.964    13.6873    35.6792  1027.3563     1.9410     3.7337     64.152   -0.00231    5.82007    5.81733      8.026    -0.0316   10.57255   4.241189 1.0205e-13    26.7819    26.7780 1.0000e-12    130.000          1       6858    1505.41 9.7996e+02  54810.563    285.696 1549487205       0.10      0.370   39.80384  -71.45669    35.8476  1027.3602    26.7857    13.6688 0.0000e+00
    129.957    13.6869    35.6791  1027.3608     1.9408     3.7446     64.339   -0.00018    5.82011    5.81738 -9.990e-29    -0.0442   10.57263   4.241216 1.0353e-13    26.7819    26.7780 1.0000e-12    131.000          1       6904    1505.43 9.6593e+02  54811.095    287.613 1549487207      -0.01      0.520   39.80384  -71.45670    35.8479  1027.3649    26.7860    13.6682 0.0000e+00
    130.943    13.6864    35.6792  1027.3653     1.9381     3.7330     64.138   -0.00120    5.82023    5.81750 -9.990e-29    -0.0396   10.57282   4.241241 1.0395e-13    26.7821    26.7781 1.0000e-12    132.000          1       6945    1505.44 9.6198e+02  54811.750    289.313 1549487209       0.14      0.555   39.80382  -71.45672    35.8481  1027.3696    26.7864    13.6676 0.0000e+00
    131.941    13.6862    35.6792  1027.3699     1.9355     3.7177     63.875   -0.00294    5.82023    5.81749 -9.990e-29 -9.990e-29   10.57281   4.241265 1.0582e-13    26.7822    26.7782 1.0000e-12    133.000          1       6971    1505.45 9.4505e+02  54812.431    290.432 1549487210       0.21      0.806   39.80382  -71.45672    35.8482  1027.3741    26.7865    13.6672 0.0000e+00
    132.939    13.6853    35.6793  1027.3746     1.9365     3.7350     64.173   -0.00004    5.82024    5.81750 -9.990e-29 -9.990e-29   10.57283   4.241235 1.0849e-13    26.7825    26.7785 1.0000e-12    134.000          1       6999    1505.47 9.2180e+02  54813.261    291.581 1549487211      -0.03      0.898   39.80382  -71.45672    35.8483  1027.3789    26.7868    13.6661 0.0000e+00
    133.924    13.6851    35.6791  1027.3790     1.9369     3.7383     64.229    0.00028    5.82030    5.81756 -9.990e-29    -0.0375   10.57293   4.241260 1.0866e-13    26.7824    26.7784 1.0000e-12    135.000          1       7045    1505.48 9.2034e+02  54813.673    293.513 1549487213      -0.19      0.533   39.80381  -71.45673    35.8483  1027.3834    26.7869    13.6658 0.0000e+00
    134.917    13.6848    35.6791  1027.3835     1.9353     3.7288     64.064   -0.00089    5.82043    5.81770 -9.990e-29    -0.0460   10.57315   4.241289 1.0859e-13    26.7825    26.7785 1.0000e-12    136.000          1       7095    1505.50 9.2089e+02  54814.313    295.601 1549487215       0.07      0.496   39.80380  -71.45674    35.8484  1027.3880    26.7870    13.6654 0.0000e+00
    135.900    13.6837    35.6793  1027.3883     1.9357     3.7389     64.216    0.00050    5.82239    5.81968 -9.990e-29    -0.0320   10.57637   4.241252 1.0922e-13    26.7829    26.7788 1.0000e-12    137.000          1       7144    1505.51 9.1562e+02  54815.288    297.622 1549487217      -0.01      0.477   39.80379  -71.45675    35.8487  1027.3928    26.7875    13.6642 0.0000e+00
    136.898    13.6832    35.6794  1027.3929     1.9322     3.7180     63.850   -0.00192    5.82310    5.82040 -9.990e-29    -0.0383   10.57755   4.241258 1.0844e-13    26.7831    26.7790 1.0000e-12    138.000          1       7173    1505.53 9.2214e+02  54816.036    298.836 1549487218       0.32      0.707   39.80378  -71.45676    35.8488  1027.3975    26.7877    13.6635 0.0000e+00
    137.893    13.6755    35.6795  1027.3991     1.9292     3.7039     63.602   -0.00329    5.82351    5.82081 -9.990e-29    -0.0400   10.57823   4.240429 1.0860e-13    26.7849    26.7807 1.0000e-12    139.000          1       7198    1505.52 9.2081e+02  54817.876    299.887 1549487219       0.09      0.935   39.80378  -71.45677    35.8478  1027.4028    26.7886    13.6556 0.0000e+00
    138.885    13.6609    35.6810  1027.4077     1.9271     3.7078     63.665   -0.00151    5.82396    5.82127      8.026    -0.0491   10.57896   4.239232 1.0682e-13    26.7891    26.7849 1.0000e-12    140.000          1       7241    1505.49 9.3626e+02  54822.430    301.677 1549487221      -0.26      0.599   39.80378  -71.45678    35.8497  1027.4118    26.7931    13.6409 0.0000e+00
    139.879    13.6542    35.6813  1027.4139     1.9242     3.7020     63.555   -0.00134    5.82495    5.82227      8.026    -0.0428   10.58060   4.238671 1.0892e-13    26.7908    26.7866 1.0000e-12    141.000          1       7292    1505.49 9.2291e+02  54824.460    303.788 1549487223       0.15      0.518   39.80377  -71.45678    35.8502  1027.4180    26.7950    13.6341 0.0000e+00
    140.854    13.6497    35.6818  1027.4195     1.9238     3.7118     63.699    0.00034    5.82715    5.82450      8.026    -0.0517   10.58423   4.238320 1.5948e-13    26.7921    26.7878 1.0000e-12    142.000          1       7354    1505.49 6.0678e+02  54826.296    306.383 1549487226      -0.14      0.318   39.80376  -71.45680    35.8507  1027.4237    26.7963    13.6295 0.0000e+00
    141.860    13.6379    35.6822  1027.4268     1.9197     3.6875     63.281   -0.00238    5.82721    5.82456 -9.990e-29    -0.0400   10.58433   4.237178 1.1734e-13    26.7949    26.7906 1.0000e-12    143.000          1       7380    1505.47 8.7169e+02  54829.034    307.471 1549487227       0.44      0.729   39.80375  -71.45681    35.8505  1027.4306    26.7986    13.6175 0.0000e+00
    142.846    13.6298    35.6828  1027.4335     1.9167     3.6735     63.040   -0.00361    5.82724    5.82460 -9.990e-29    -0.0398   10.58439   4.236497 1.0666e-13    26.7971    26.7928 1.0000e-12    144.000          1       7407    1505.46 9.3740e+02  54831.606    308.570 1549487228      -0.02      0.925   39.80374  -71.45682    35.8513  1027.4373    26.8009    13.6093 0.0000e+00
    143.849    13.6261    35.6832  1027.4390     1.9152     3.6797     63.146   -0.00168    5.82738    5.82474      8.025    -0.0340   10.58461   4.236244 1.0783e-13    26.7982    26.7939 1.0000e-12    145.000          1       7437    1505.46 9.2742e+02  54833.226    309.835 1549487229      -0.18      0.860   39.80374  -71.45682    35.8519  1027.4430    26.8022    13.6054 0.0000e+00
    144.825    13.6238    35.6830  1027.4437     1.9142     3.6884     63.255   -0.00001    5.83107    5.82848      8.025    -0.0470   10.59072   4.236069 1.0703e-13    26.7985    26.7942 1.0000e-12    146.000          1       7503    1505.47 9.3436e+02  54833.764    312.585 1549487232       0.01      0.210   39.80373  -71.45683    35.8520  1027.4480    26.8028    13.6030 0.0000e+00
    145.823    13.6188    35.6829  1027.4491     1.9097     3.6640     62.781   -0.00318    5.83618    5.83365      8.023    -0.0494   10.59915   4.235542 1.0885e-13    26.7995    26.7951 1.0000e-12    147.000          1       7537    1505.47 9.1872e+02  54834.899    313.992 1549487233       0.26      0.643   39.80372  -71.45684    35.8513  1027.4529    26.8033    13.5979 0.0000e+00
    146.820    13.5980    35.6832  1027.4582     1.9061     3.6598     62.669   -0.00266    5.83986    5.83737      8.021    -0.0406   10.60522   4.233385 1.1025e-13    26.8041    26.7997 1.0000e-12    148.000          1       7568    1505.42 9.0703e+02  54838.834    315.271 1549487235      -0.02      0.796   39.80372  -71.45684    35.8499  1027.4607    26.8066    13.5769 0.0000e+00
    147.804    13.5480    35.6854  1027.4749     1.8988     3.6350     62.224   -0.00406    5.84180    5.83934      8.018    -0.0475   10.60843   4.228667 1.1092e-13    26.8162    26.8118 1.0000e-12    149.000          1       7608    1505.28 9.0162e+02  54849.407    316.949 1549487236      -0.10      0.592   39.80372  -71.45686    35.8517  1027.4770    26.8183    13.5268 0.0000e+00
    148.801    13.5151    35.6868  1027.4874     1.8916     3.6094     61.764   -0.00559    5.84389    5.84145      8.018    -0.0428   10.61189   4.225571 1.1285e-13    26.8241    26.8197 1.0000e-12    150.000          1       7641    1505.19 8.8613e+02  54856.586    318.316 1549487238       0.15      0.695   39.80370  -71.45686    35.8527  1027.4891    26.8260    13.4939 0.0000e+00
    149.792    13.5010    35.6878  1027.4955     1.8852     3.6029     61.607   -0.00412    5.84824    5.84586 -9.990e-29    -0.0510   10.61910   4.224417 1.0759e-13    26.8279    26.8234 1.0000e-12    151.000          1       7678    1505.16 9.3009e+02  54860.496    319.861 1549487239      -0.13      0.680   39.80370  -71.45688    35.8547  1027.4980    26.8304    13.4796 0.0000e+00
    150.782    13.4800    35.6869  1027.5036     1.8781     3.5844     61.252   -0.00450    5.85192    5.84959      8.018    -0.0355   10.62521   4.222198 1.0450e-13    26.8315    26.8270 1.0000e-12    152.000          1       7717    1505.10 9.5706e+02  54862.751    321.484 1549487241       0.10      0.591   39.80370  -71.45688    35.8528  1027.5054    26.8333    13.4585 0.0000e+00
    151.776    13.4383    35.6854  1027.5156     1.8741     3.5872     61.251   -0.00251    5.85657    5.85430      8.015    -0.0385   10.63294   4.217896 1.0640e-13    26.8389    26.8345 1.0000e-12    153.000          1       7759    1504.98 9.3995e+02  54867.132    323.247 1549487243      -0.12      0.580   39.80369  -71.45689    35.8507  1027.5170    26.8403    13.4167 0.0000e+00
    152.759    13.4069    35.6840  1027.5255     1.8701     3.5832     61.137   -0.00184    5.86091    5.85869      8.013    -0.0299   10.64014   4.214678 1.0479e-13    26.8444    26.8399 1.0000e-12    154.000          1       7809    1504.89 9.5427e+02  54870.198    325.324 1549487245       0.17      0.436   39.80368  -71.45690    35.8492  1027.5268    26.8457    13.3852 0.0000e+00
    153.759    13.3649    35.6806  1027.5361     1.8677     3.5752     60.987   -0.00238    5.86221    5.86000      8.013    -0.0520   10.64232   4.210150 1.0753e-13    26.8504    26.8459 1.0000e-12    155.000          1       7838    1504.77 9.3004e+02  54872.231    326.521 1549487246       0.21      0.750   39.80367  -71.45690    35.8452  1027.5369    26.8512    13.3431 0.0000e+00
    154.751    13.3485    35.6793  1027.5430     1.8669     3.5824     61.092   -0.00081    5.86400    5.86182      8.014    -0.0520   10.64529   4.208534 1.0782e-13    26.8528    26.8483 1.0000e-12    156.000          1       7868    1504.73 9.2747e+02  54873.279    327.794 1549487247      -0.06      0.817   39.80366  -71.45691    35.8448  1027.5445    26.8543    13.3266 0.0000e+00
    155.744    13.3339    35.6774  1027.5491     1.8666     3.5847     61.123   -0.00035    5.86468    5.86250      8.014    -0.0355   10.64642   4.206963 1.0591e-13    26.8544    26.8498 1.0000e-12    157.000          1       7905    1504.70 9.4426e+02  54873.459    329.346 1549487249      -0.09      0.675   39.80366  -71.45692    35.8432  1027.5507    26.8561    13.3118 0.0000e+00
    156.726    13.3145    35.6755  1027.5560     1.8648     3.5791     61.022   -0.00071    5.86534    5.86316      8.014    -0.0493   10.64751   4.205007 1.0842e-13    26.8569    26.8524 1.0000e-12    158.000          1       7955    1504.65 9.2246e+02  54874.228    331.428 1549487251      -0.03      0.441   39.80366  -71.45694    35.8423  1027.5585    26.8594    13.2923 0.0000e+00
    157.726    13.3105    35.6750  1027.5609     1.8626     3.5666     60.802   -0.00210    5.86586    5.86370 -9.990e-29    -0.0454   10.64840   4.204628 1.1064e-13    26.8573    26.8527 1.0000e-12    159.000          1       7988    1504.65 9.0386e+02  54874.593    332.810 1549487252       0.21      0.672   39.80364  -71.45694    35.8420  1027.5636    26.8601    13.2882 0.0000e+00
    158.714    13.3064    35.6744  1027.5657     1.8632     3.5827     61.059    0.00035    5.86769    5.86554 -9.990e-29    -0.0499   10.65143   4.204268 1.1251e-13    26.8578    26.8531 1.0000e-12    160.000          1       8034    1504.65 8.8905e+02  54875.012    334.700 1549487254      -0.20      0.543   39.80364  -71.45695    35.8420  1027.5689    26.8609    13.2840 0.0000e+00
    159.704    13.3001    35.6736  1027.5708     1.8627     3.5811     61.010   -0.00002    5.86971    5.86759 -9.990e-29    -0.0312   10.65479   4.203607 1.1668e-13    26.8584    26.8538 1.0000e-12    161.000          1       8075    1504.64 8.5708e+02  54875.320    336.431 1549487256       0.32      0.554   39.80362  -71.45696    35.8413  1027.5740    26.8617    13.2775 0.0000e+00
    160.700    13.2902    35.6724  1027.5765     1.8610     3.5699     60.816   -0.00140    5.86997    5.86785 -9.990e-29    -0.0486   10.65522   4.202471 1.1710e-13    26.8596    26.8549 1.0000e-12    162.000          1       8103    1504.63 8.5474e+02  54875.805    337.566 1549487257       0.13      0.834   39.80362  -71.45697    35.8393  1027.5790    26.8622    13.2675 0.0000e+00
    161.695    13.2752    35.6713  1027.5832     1.8605     3.5725     60.859   -0.00067    5.87017    5.86806      8.012    -0.0466   10.65556   4.200975 1.3583e-13    26.8618    26.8571 1.0000e-12    163.000          1       8135    1504.59 7.3795e+02  54876.979    338.933 1549487258      -0.15      0.791   39.80362  -71.45698    35.8387  1027.5862    26.8649    13.2523 0.0000e+00
    162.680    13.2689    35.6705  1027.5883     1.8589     3.5718     60.795   -0.00066    5.87506    5.87300      8.010    -0.0497   10.66369   4.200390 1.2267e-13    26.8625    26.8578 1.0000e-12    164.000          1       8191    1504.59 8.1649e+02  54877.391    341.236 1549487261      -0.08      0.408   39.80361  -71.45698    35.8387  1027.5919    26.8661    13.2459 0.0000e+00
    163.669    13.2521    35.6679  1027.5943     1.8564     3.5666     60.649   -0.00120    5.88083    5.87884      8.009    -0.0474   10.67328   4.198292 1.3709e-13    26.8640    26.8593 1.0000e-12    165.000          1       8239    1504.55 7.2999e+02  54876.923    343.261 1549487263       0.18      0.490   39.80360  -71.45700    35.8341  1027.5963    26.8660    13.2289 0.0000e+00
