CalculateIndicators/WaterTemperature/Data/CTD_NYOS/NY1902_07_3_4.cnv
* Sea-Bird SBE 9 Data File:
* FileName = C:\Seabird 9 CTD\Data\2019\201902_Offshore\NY1902_ctd_casts\NY1902_07_3_4.hex
* Software Version Seasave V 7.23.2
* Temperature SN = 4590
* Conductivity SN = 3228
* Number of Bytes Per Scan = 44
* Number of Voltage Words = 5
* Number of Scans Averaged by the Deck Unit = 1
* NMEA Latitude = 39 59.15 N
* NMEA Longitude = 072 13.06 W
* NMEA UTC (Time) = Feb 07 2019  10:06:34
* NMEA baud rate = 4800
** Ship: Seawolf
** Station: 3_4
** Operator: HBB
# nquan = 35
# nvalues = 158                         
# units = specified
# name 0 = depSM: Depth [salt water, m]
# name 1 = t090C: Temperature [ITS-90, deg C]
# name 2 = sal00: Salinity, Practical [PSU]
# name 3 = density00: Density [density, kg/m^3]
# name 4 = sbeox0V: Oxygen raw, SBE 43 [V]
# name 5 = sbeox0ML/L: Oxygen, SBE 43 [ml/l]
# name 6 = sbeox0PS: Oxygen, SBE 43 [% saturation]
# name 7 = sbox0dV/dT: Oxygen, SBE 43 [dov/dt]
# name 8 = oxsolML/L: Oxygen Saturation, Garcia & Gordon [ml/l]
# name 9 = oxsatML/L: Oxygen Saturation, Weiss [ml/l]
# name 10 = ph: pH
# name 11 = flECO-AFL: Fluorescence, WET Labs ECO-AFL/FL [mg/m^3]
# name 12 = n2satML/L: Nitrogen Saturation [ml/l]
# name 13 = c0S/m: Conductivity [S/m]
# name 14 = cpar: CPAR/Corrected Irradiance [%]
# name 15 = sigma-é00: Density [sigma-theta, kg/m^3]
# name 16 = sigma-t00: Density [sigma-t, kg/m^3 ]
# name 17 = par: PAR/Irradiance, Biospherical/Licor
# name 18 = prDM: Pressure, Digiquartz [db]
# name 19 = pumps: Pump Status
# name 20 = scan: Scan Count
# name 21 = svCM: Sound Velocity [Chen-Millero, m/s]
# name 22 = spar: SPAR, Biospherical/Licor
# name 23 = specc: Specific Conductance [uS/cm]
# name 24 = timeS: Time, Elapsed [seconds]
# name 25 = timeY: Time, System [seconds]
# name 26 = accM: Acceleration [m/s^2]
# name 27 = dz/dtM: Descent Rate [m/s]
# name 28 = latitude: Latitude [deg]
# name 29 = longitude: Longitude [deg]
# name 30 = gsw_saA0: Absolute Salinity [g/kg]
# name 31 = gsw_densityA0: density, TEOS-10 [density, kg/m^3]
# name 32 = gsw_sigma0A0: density, TEOS-10 [sigma-0, kg/m^3 ]
# name 33 = gsw_ptA0: potential temperature [ITS-90, deg C]
# name 34 = flag: flag
# span 0 =      0.995,     79.388       
# span 1 =     7.4229,     9.6948       
# span 2 =    33.1235,    33.9845       
# span 3 =  1025.8851,  1026.5730       
# span 4 =     2.4603,     2.7673       
# span 5 =     5.6261,     6.7806       
# span 6 =     87.541,    101.035       
# span 7 =   -0.02874,    0.02513       
# span 8 =    6.41276,    6.81899       
# span 9 =    6.41658,    6.82662       
# span 10 =      8.050,      8.102      
# span 11 =     0.2420,     1.2521      
# span 12 =   11.57264,   12.26946      
# span 13 =   3.395684,   3.685167      
# span 14 = -1.437e+04, 1.0135e+05      
# span 15 =    25.8805,    26.2116      
# span 16 =    25.8805,    26.2102      
# span 17 = 1.0000e-12, 1.0000e-12      
# span 18 =      1.000,     80.000      
# span 19 =          1,          1      
# span 20 =       1370,      19615      
# span 21 =    1478.02,    1488.81      
# span 22 = -2.678e-02, 2.2584e+00      
# span 23 =  52348.129,  53103.344      
# span 24 =     57.029,    817.233      
# span 25 = 1549534052, 1549534812      
# span 26 =      -0.73,       0.69      
# span 27 =     -0.923,      0.939      
# span 28 =   39.98608,   39.98848      
# span 29 =  -72.21900,  -72.21772      
# span 30 =    33.2804,    34.1472      
# span 31 =  1025.8875,  1026.5774      
# span 32 =    25.8829,    26.2162      
# span 33 =     7.4215,     9.6858      
# span 34 = 0.0000e+00, 0.0000e+00      
# interval = decibars: 1                
# start_time = Feb 07 2019 10:06:35 [System UTC, first data scan.]
# bad_flag = -9.990e-29
*END*
      1.974     7.4339    33.1241  1025.8909     2.7536     6.7516     99.768    0.00072    6.76730    6.77549      8.078     0.4722   12.16852   3.396081 -9.990e-29    25.8817    25.8817 1.0000e-12      2.000          1       1370    1478.02 -9.990e-29  52350.953     57.029 1549534052       0.49     -0.415   39.98608  -72.21772    33.2812  1025.8932    25.8840     7.4337 0.0000e+00
      2.986     7.4354    33.1235  1025.8947     2.7540     6.7484     99.725    0.00008    6.76707    6.77525      8.078     0.5415   12.16814   3.396189 5.8333e+04    25.8809    25.8809 1.0000e-12      3.000          1       1780    1478.04 8.2279e-01  52350.225     74.132 1549534069       0.28      0.228   39.98613  -72.21778    33.2804  1025.8969    25.8832     7.4351 0.0000e+00
      3.968     7.4367    33.1235  1025.8991     2.7529     6.7481     99.717    0.00022    6.76723    6.77542      8.078     0.5415   12.16841   3.396357 -1.596e+03    25.8808    25.8807 1.0000e-12      4.000          1       2094    1478.06 2.0062e+00  52350.585     87.192 1549534082      -0.06      0.264   39.98618  -72.21780    33.2805  1025.9014    25.8831     7.4364 0.0000e+00
      4.959     7.4381    33.1237  1025.9037     2.7524     6.7421     99.615   -0.00066    6.76812    6.77632      8.078     0.5044   12.16987   3.396537 5.0640e-11    25.8808    25.8808 1.0000e-12      5.000          1       2152    1478.09 1.9747e+00  52351.308     89.614 1549534084       0.37      0.434   39.98620  -72.21782    33.2807  1025.9060    25.8831     7.4376 0.0000e+00
      5.957     7.4301    33.1241  1025.9097     2.7533     6.7531     99.776    0.00036    6.76820    6.77640      8.078     0.6271   12.17000   3.395883 5.0640e-11    25.8822    25.8821 1.0000e-12      6.000          1       2194    1478.07 1.9747e+00  52354.472     91.392 1549534086      -0.11      0.566   39.98620  -72.21782    33.2807  1025.9117    25.8842     7.4296 0.0000e+00
      6.943     7.4282    33.1242  1025.9146     2.7536     6.7527     99.766    0.00002    6.76857    6.77678      8.078     0.5266   12.17058   3.395786 -9.990e-29    25.8826    25.8825 1.0000e-12      7.000          1       2267    1478.08 -9.990e-29  52355.857     94.403 1549534089       0.02      0.274   39.98621  -72.21783    33.2810  1025.9168    25.8848     7.4276 0.0000e+00
      7.939     7.4258    33.1258  1025.9209     2.7552     6.7637     99.926    0.00069    6.76865    6.77686      8.078     0.5319   12.17072   3.395762 5.0640e-11    25.8842    25.8841 1.0000e-12      8.000          1       2333    1478.09 1.9747e+00  52359.459     97.183 1549534092       0.04      0.342   39.98622  -72.21784    33.2826  1025.9230    25.8864     7.4250 0.0000e+00
      8.924     7.4237    33.1265  1025.9262     2.7553     6.7603     99.882    0.00007    6.76828    6.77648      8.078     0.5280   12.17014   3.395684 5.0640e-11    25.8850    25.8849 1.0000e-12      9.000          1       2410    1478.10 1.9747e+00  52361.614    100.380 1549534095       0.41      0.377   39.98624  -72.21784    33.2833  1025.9284    25.8872     7.4229 0.0000e+00
      9.930     7.4259    33.1246  1025.9290     2.7546     6.7548     99.800   -0.00054    6.76832    6.77652      8.078     0.5384   12.17019   3.395760 5.0640e-11    25.8832    25.8831 1.0000e-12     10.000          1       2437    1478.12 1.9747e+00  52358.965    101.494 1549534096       0.20      0.790   39.98624  -72.21785    33.2816  1025.9313    25.8855     7.4249 0.0000e+00
     10.916     7.4269    33.1250  1025.9338     2.7531     6.7551     99.801   -0.00032    6.76859    6.77680      8.078     0.5319   12.17060   3.395931 5.0640e-11    25.8834    25.8833 1.0000e-12     11.000          1       2503    1478.14 1.9747e+00  52359.981    104.231 1549534099      -0.16      0.369   39.98624  -72.21786    33.2819  1025.9360    25.8857     7.4259 0.0000e+00
     11.905     7.4239    33.1285  1025.9416     2.7513     6.7416     99.600   -0.00119    6.76869    6.77691 -9.990e-29     0.6054   12.17076   3.396032 -9.990e-29    25.8867    25.8865 1.0000e-12     12.000          1       2581    1478.15 -9.990e-29  52366.480    107.505 1549534102       0.33      0.364   39.98626  -72.21788    33.2855  1025.9438    25.8889     7.4227 0.0000e+00
     12.901     7.4239    33.1285  1025.9462     2.7524     6.7578     99.840    0.00039    6.76864    6.77685 -9.990e-29     0.5450   12.17061   3.396072 5.0640e-11    25.8867    25.8865 1.0000e-12     13.000          1       2618    1478.17 1.9747e+00  52367.128    109.051 1549534104      -0.03      0.627   39.98626  -72.21788    33.2854  1025.9483    25.8888     7.4227 0.0000e+00
     13.888     7.4239    33.1282  1025.9505     2.7512     6.7482     99.700   -0.00038    6.76850    6.77671 -9.990e-29     0.6214   12.17035   3.396095 5.0640e-11    25.8864    25.8863 1.0000e-12     14.000          1       2658    1478.18 1.9747e+00  52367.363    110.716 1549534105       0.11      0.568   39.98626  -72.21788    33.2852  1025.9528    25.8887     7.4226 0.0000e+00
     14.890     7.4229    33.1330  1025.9591     2.7512     6.7475     99.698   -0.00053    6.76792    6.77613      8.078     0.5629   12.16938   3.396541 3.2153e+04    25.8904    25.8902 1.0000e-12     15.000          1       2709    1478.20 1.3398e+00  52375.167    112.850 1549534108       0.13      0.509   39.98627  -72.21788    33.2904  1025.9616    25.8930     7.4215 0.0000e+00
     15.876     7.4242    33.1374  1025.9669     2.7525     6.7579     99.873    0.00035    6.76652    6.77472      8.078     0.5530   12.16700   3.397098 7.5324e+04    25.8936    25.8934 1.0000e-12     16.000          1       2781    1478.23 4.8726e-01  52381.720    115.835 1549534111       0.41      0.501   39.98628  -72.21790    33.2948  1025.9695    25.8962     7.4227 0.0000e+00
     16.871     7.4314    33.1410  1025.9733     2.7514     6.7481     99.739   -0.00056    6.76572    6.77390      8.078     0.5638   12.16565   3.398119 2.5285e+03    25.8955    25.8952 1.0000e-12     17.000          1       2819    1478.28 1.9248e+00  52385.695    117.403 1549534112      -0.10      0.653   39.98628  -72.21790    33.2985  1025.9759    25.8981     7.4298 0.0000e+00
     17.855     7.4340    33.1428  1025.9789     2.7507     6.7499     99.769   -0.00006    6.76554    6.77372 -9.990e-29     0.5113   12.16535   3.398557 9.1665e+04    25.8965    25.8963 1.0000e-12     18.000          1       2861    1478.31 1.6457e-01  52388.272    119.169 1549534114       0.15      0.508   39.98630  -72.21792    33.3003  1025.9816    25.8992     7.4324 0.0000e+00
     18.863     7.4389    33.1445  1025.9842     2.7508     6.7485     99.747   -0.00034    6.76556    6.77375 -9.990e-29     0.4949   12.16540   3.399192 8.1413e+04    25.8972    25.8969 1.0000e-12     19.000          1       2896    1478.34 3.6701e-01  52390.163    120.610 1549534115       0.13      0.717   39.98630  -72.21792    33.3020  1025.9868    25.8999     7.4371 0.0000e+00
     19.845     7.4393    33.1444  1025.9886     2.7497     6.7305     99.513   -0.00227    6.76346    6.77161 -9.990e-29     0.5241   12.16184   3.399269 1.0003e+05    25.8971    25.8969 1.0000e-12     20.000          1       2984    1478.36 -6.498e-04  52390.607    124.298 1549534119       0.69      0.460   39.98630  -72.21792    33.3020  1025.9913    25.8998     7.4375 0.0000e+00
     20.842     7.4462    33.1473  1025.9945     2.7505     6.7443     99.729   -0.00073    6.76261    6.77076 -9.990e-29     0.5292   12.16042   3.400182 1.1149e+04    25.8984    25.8981 1.0000e-12     21.000          1       3017    1478.41 1.7545e+00  52393.612    125.661 1549534120      -0.08      0.747   39.98632  -72.21792    33.3048  1025.9972    25.9011     7.4443 0.0000e+00
     21.823     7.4526    33.1508  1026.0009     2.7510     6.7553     99.899    0.00055    6.76214    6.77029 -9.990e-29     0.5513   12.15964   3.401202 5.0640e-11    25.9003    25.9000 1.0000e-12     22.000          1       3062    1478.45 1.9747e+00  52397.724    127.522 1549534122       0.15      0.412   39.98632  -72.21792    33.3093  1026.0043    25.9037     7.4506 0.0000e+00
     22.826     7.4581    33.1527  1026.0063     2.7515     6.7531     99.895    0.00021    6.76025    6.76837      8.079     0.5492   12.15645   3.401869 5.0640e-11    25.9010    25.9007 1.0000e-12     23.000          1       3109    1478.49 1.9747e+00  52399.672    129.493 1549534124       0.22      0.500   39.98632  -72.21793    33.3108  1026.0093    25.9041     7.4560 0.0000e+00
     23.817     7.4675    33.1567  1026.0127     2.7511     6.7432     99.783   -0.00077    6.75787    6.76596      8.079     0.5437   12.15245   3.403142 5.0640e-11    25.9029    25.9026 1.0000e-12     24.000          1       3168    1478.55 1.9747e+00  52403.719    131.970 1549534127       0.55      0.521   39.98633  -72.21794    33.3152  1026.0160    25.9062     7.4653 0.0000e+00
     24.806     7.4812    33.1620  1026.0195     2.7519     6.7515     99.958    0.00031    6.75429    6.76234      8.081     0.5807   12.14644   3.404898 5.0640e-11    25.9052    25.9048 1.0000e-12     25.000          1       3221    1478.63 1.9747e+00  52408.523    134.146 1549534129      -0.21      0.463   39.98634  -72.21794    33.3206  1026.0229    25.9086     7.4789 0.0000e+00
     25.798     7.4911    33.1668  1026.0265     2.7499     6.7307     99.682   -0.00146    6.75221    6.76023 -9.990e-29     0.4855   12.14295   3.406304 -9.990e-29    25.9075    25.9072 1.0000e-12     26.000          1       3263    1478.69 -9.990e-29  52413.472    135.928 1549534131       0.46      0.575   39.98634  -72.21794    33.3259  1026.0303    25.9113     7.4887 0.0000e+00
     26.800     7.5060    33.1725  1026.0335     2.7517     6.7475     99.949    0.00021    6.75093    6.75893 -9.990e-29     0.5986   12.14077   3.408209 -9.990e-29    25.9100    25.9096 1.0000e-12     27.000          1       3292    1478.77 -9.990e-29  52418.592    137.143 1549534132       0.01      0.833   39.98634  -72.21794    33.3319  1026.0375    25.9140     7.5034 0.0000e+00
     27.778     7.5232    33.1792  1026.0408     2.7555     6.7631    100.272    0.00140    6.74471    6.75264 -9.990e-29     0.5285   12.13031   3.410387 -9.990e-29    25.9128    25.9124 1.0000e-12     28.000          1       3360    1478.86 -9.990e-29  52424.418    139.976 1549534135      -0.12      0.245   39.98635  -72.21795    33.3384  1026.0447    25.9167     7.5206 0.0000e+00
     28.772     7.5440    33.1891  1026.0503     2.7542     6.7435    100.024   -0.00039    6.74190    6.74979 -9.990e-29     0.5673   12.12558   3.413304 9.9999e+04    25.9177    25.9173 1.0000e-12     29.000          1       3405    1478.97 0.0000e+00  52433.918    141.836 1549534137       0.23      0.559   39.98636  -72.21796    33.3496  1026.0552    25.9225     7.5413 0.0000e+00
     29.774     7.5623    33.1975  1026.0589     2.7534     6.7281     99.914   -0.00112    6.73399    6.74179      8.083     0.5588   12.11223   3.415747 9.9999e+04    25.9217    25.9213 1.0000e-12     30.000          1       3435    1479.06 0.0000e+00  52441.936    143.069 1549534138       0.09      0.774   39.98636  -72.21796    33.3581  1026.0638    25.9266     7.5595 0.0000e+00
     30.755     7.5928    33.2109  1026.0697     2.7634     6.7504    101.035    0.00502    6.68121    6.68836      8.093     0.4624   12.02349   3.419989 9.9999e+04    25.9280    25.9275 1.0000e-12     31.000          1       3493    1479.21 0.0000e+00  52454.054    145.515 1549534140      -0.20      0.343   39.98636  -72.21796    33.3743  1026.0767    25.9350     7.5899 0.0000e+00
     31.752     7.7397    33.2780  1026.1059     2.7673     6.7393    100.990    0.00300    6.67321    6.68025      8.095     0.4928   12.01010   3.440592 9.9999e+04    25.9598    25.9593 1.0000e-12     32.000          1       3531    1479.88 0.0000e+00  52513.877    147.073 1549534142       0.42      0.635   39.98638  -72.21798    33.4556  1026.1238    25.9777     7.7367 0.0000e+00
     32.751     7.9174    33.3444  1026.1368     2.7640     6.6958    100.386   -0.00122    6.67001    6.67701 -9.990e-29     0.5193   12.00471   3.462406 9.9999e+04    25.9862    25.9857 1.0000e-12     33.000          1       3566    1480.65 0.0000e+00  52565.361    148.543 1549534143      -0.12      0.706   39.98638  -72.21798    33.5195  1026.1526    26.0020     7.9142 0.0000e+00
     33.721     8.0219    33.3841  1026.1571     2.7627     6.7019    100.615    0.00114    6.66094    6.66784 -9.990e-29     0.4929   11.98942   3.474838 9.9999e+04    26.0022    26.0017 1.0000e-12     34.000          1       3665    1481.11 0.0000e+00  52596.960    152.665 1549534147       0.31      0.027   39.98638  -72.21798    33.5524  1026.1676    26.0126     8.0186 0.0000e+00
     34.731     8.0377    33.3918  1026.1655     2.7539     6.6324     99.488   -0.00553    6.66654    6.67350 -9.990e-29     0.5726   11.99882   3.476818 -9.990e-29    26.0059    26.0054 1.0000e-12     35.000          1       3682    1481.20 -9.990e-29  52604.808    153.392 1549534148       0.42      0.747   39.98638  -72.21798    33.5581  1026.1743    26.0147     8.0342 0.0000e+00
     35.734     8.0460    33.3964  1026.1725     2.7513     6.6272     99.469   -0.00472    6.66259    6.66951      8.094     0.5626   11.99217   3.477901 -9.990e-29    26.0083    26.0078 1.0000e-12     36.000          1       3729    1481.25 -9.990e-29  52609.928    155.317 1549534150       0.22      0.794   39.98640  -72.21799    33.5612  1026.1801    26.0160     8.0425 0.0000e+00
     36.718     8.0509    33.4004  1026.1794     2.7493     6.6287     99.554   -0.00334    6.65844    6.66530      8.094     0.5678   11.98519   3.478574 5.0640e-11    26.0107    26.0101 1.0000e-12     37.000          1       3809    1481.29 1.9747e+00  52615.052    158.669 1549534153       0.31      0.820   39.98640  -72.21800    33.5633  1026.1855    26.0168     8.0473 0.0000e+00
     37.703     8.0632    33.4054  1026.1861     2.7487     6.6495     99.891   -0.00010    6.65677    6.66361      8.094     0.4338   11.98238   3.480106 5.0640e-11    26.0129    26.0123 1.0000e-12     38.000          1       3856    1481.36 1.9747e+00  52619.959    160.611 1549534155      -0.30      0.549   39.98641  -72.21800    33.5675  1026.1916    26.0183     8.0595 0.0000e+00
     38.699     8.0713    33.4083  1026.1917     2.7443     6.6157     99.388   -0.00291    6.65644    6.66328      8.094     0.5572   11.98184   3.481139 5.0640e-11    26.0139    26.0134 1.0000e-12     39.000          1       3893    1481.41 1.9747e+00  52622.771    162.180 1549534157       0.41      0.609   39.98642  -72.21800    33.5703  1026.1971    26.0194     8.0675 0.0000e+00
     39.697     8.0789    33.4114  1026.1977     2.7460     6.6393     99.744   -0.00048    6.65630    6.66314      8.094     0.5890   11.98154   3.482020 5.0640e-11    26.0153    26.0147 1.0000e-12     40.000          1       3961    1481.46 1.9747e+00  52626.089    165.005 1549534160       0.20      0.586   39.98643  -72.21801    33.5719  1026.2019    26.0196     8.0750 0.0000e+00
     40.680     8.0810    33.4159  1026.2054     2.7432     6.6127     99.359   -0.00311    6.65538    6.66221      8.094     0.4637   11.97998   3.482655 1.9596e+04    26.0185    26.0179 1.0000e-12     41.000          1       4034    1481.49 1.5877e+00  52632.611    168.039 1549534163       0.40      0.747   39.98644  -72.21802    33.5763  1026.2096    26.0227     8.0769 0.0000e+00
     41.677     8.0848    33.4193  1026.2121     2.7387     6.5875     98.986   -0.00469    6.65499    6.66181      8.094     0.4822   11.97933   3.483346 9.8998e+04    26.0206    26.0200 1.0000e-12     42.000          1       4058    1481.53 1.9771e-02  52637.163    169.029 1549534164       0.08      0.939   39.98644  -72.21802    33.5795  1026.2161    26.0247     8.0807 0.0000e+00
