CalculateIndicators/WaterTemperature/Data/CTD_NYOS/NY1902_07_3_5.cnv
* Sea-Bird SBE 9 Data File:
* FileName = C:\Seabird 9 CTD\Data\2019\201902_Offshore\NY1902_ctd_casts\NY1902_07_3_5.hex
* Software Version Seasave V 7.23.2
* Temperature SN = 4590
* Conductivity SN = 3228
* Number of Bytes Per Scan = 44
* Number of Voltage Words = 5
* Number of Scans Averaged by the Deck Unit = 1
* NMEA Latitude = 39 43.92 N
* NMEA Longitude = 072 07.42 W
* NMEA UTC (Time) = Feb 07 2019  07:23:42
* NMEA baud rate = 4800
** Ship: Seawolf
** Station: 3_5
** Operator: HBB
# nquan = 35
# nvalues = 237                         
# units = specified
# name 0 = depSM: Depth [salt water, m]
# name 1 = t090C: Temperature [ITS-90, deg C]
# name 2 = sal00: Salinity, Practical [PSU]
# name 3 = density00: Density [density, kg/m^3]
# name 4 = sbeox0V: Oxygen raw, SBE 43 [V]
# name 5 = sbeox0ML/L: Oxygen, SBE 43 [ml/l]
# name 6 = sbeox0PS: Oxygen, SBE 43 [% saturation]
# name 7 = sbox0dV/dT: Oxygen, SBE 43 [dov/dt]
# name 8 = oxsolML/L: Oxygen Saturation, Garcia & Gordon [ml/l]
# name 9 = oxsatML/L: Oxygen Saturation, Weiss [ml/l]
# name 10 = ph: pH
# name 11 = flECO-AFL: Fluorescence, WET Labs ECO-AFL/FL [mg/m^3]
# name 12 = n2satML/L: Nitrogen Saturation [ml/l]
# name 13 = c0S/m: Conductivity [S/m]
# name 14 = cpar: CPAR/Corrected Irradiance [%]
# name 15 = sigma-é00: Density [sigma-theta, kg/m^3]
# name 16 = sigma-t00: Density [sigma-t, kg/m^3 ]
# name 17 = par: PAR/Irradiance, Biospherical/Licor
# name 18 = prDM: Pressure, Digiquartz [db]
# name 19 = pumps: Pump Status
# name 20 = scan: Scan Count
# name 21 = svCM: Sound Velocity [Chen-Millero, m/s]
# name 22 = spar: SPAR, Biospherical/Licor
# name 23 = specc: Specific Conductance [uS/cm]
# name 24 = timeS: Time, Elapsed [seconds]
# name 25 = timeY: Time, System [seconds]
# name 26 = accM: Acceleration [m/s^2]
# name 27 = dz/dtM: Descent Rate [m/s]
# name 28 = latitude: Latitude [deg]
# name 29 = longitude: Longitude [deg]
# name 30 = gsw_saA0: Absolute Salinity [g/kg]
# name 31 = gsw_densityA0: density, TEOS-10 [density, kg/m^3]
# name 32 = gsw_sigma0A0: density, TEOS-10 [sigma-0, kg/m^3 ]
# name 33 = gsw_ptA0: potential temperature [ITS-90, deg C]
# name 34 = flag: flag
# span 0 =      1.959,    119.067       
# span 1 =     8.3051,    13.1318       
# span 2 =    33.5198,    35.4362       
# span 3 =  1026.0705,  1027.2396       
# span 4 =     1.8847,     2.7693       
# span 5 =     3.7972,     6.7611       
# span 6 =     60.171,    102.362       
# span 7 =   -0.01781,    0.09516       
# span 8 =    5.90801,    6.61770       
# span 9 =    5.90619,    6.62409       
# span 10 =      8.033,      8.113      
# span 11 =     0.0544,     0.5880      
# span 12 =   10.72125,   11.91646      
# span 13 =   3.512151,   4.160504      
# span 14 = -2.139e+04, 1.0075e+05      
# span 15 =    26.0614,    26.7077      
# span 16 =    26.0613,    26.7043      
# span 17 = 1.0000e-12, 1.0000e-12      
# span 18 =      2.000,    120.000      
# span 19 =          0,          1      
# span 20 =        275,      25612      
# span 21 =    1482.00,    1503.13      
# span 22 = -1.492e-02, 2.3970e+00      
# span 23 =  52694.281,  54549.070      
# span 24 =     11.398,   1067.116      
# span 25 = 1549524235, 1549525291      
# span 26 =      -0.84,       0.63      
# span 27 =     -1.134,      0.831      
# span 28 =   39.73217,   39.73728      
# span 29 =  -72.13068,  -72.12377      
# span 30 =    27.4422,    35.6051      
# span 31 =  1021.2134,  1027.2445      
# span 32 =    21.2042,    26.7127      
# span 33 =     8.3025,    13.1152      
# span 34 = 0.0000e+00, 0.0000e+00      
# interval = decibars: 1                
# start_time = Feb 07 2019 07:23:44 [System UTC, first data scan.]
# bad_flag = -9.990e-29
*END*
      1.959     8.3931    33.6442  1026.1595     1.8847     3.9734     60.171   -0.00543    6.60350    6.60971 -9.990e-29     0.4606   11.89251   3.530412 -9.990e-29    26.1505    26.1504 1.0000e-12      2.000          0        275    1482.31 -9.990e-29  52856.440     11.398 1549524235       0.40     -0.460   39.73217  -72.12377    33.8049  1026.1632    26.1541     8.3929 0.0000e+00
      2.985     8.3943    33.6290  1026.1520     1.9573     4.3730     66.229    0.02126    6.60282    6.60904 -9.990e-29     0.5170   11.89123   3.528815 9.9999e+04    26.1383    26.1383 1.0000e-12      3.000          0        333    1482.31 0.0000e+00  52835.392     13.845 1549524237       0.55      0.426   39.73218  -72.12379    33.7863  1026.1530    26.1394     8.3940 0.0000e+00
      3.975     8.3917    33.5692  1026.1101     2.3256     5.9782     90.513    0.09516    6.60462    6.61083 -9.990e-29     0.5566   11.89464   3.523018 1.5108e+04    26.0918    26.0918 1.0000e-12      4.000          0        665    1482.24 1.6764e+00  52752.002     27.658 1549524251       0.11      0.482   39.73223  -72.12389    33.7266  1026.1115    26.0933     8.3913 0.0000e+00
      4.960     8.3895    33.5329  1026.0865     2.7049     6.7611    102.362    0.04621    6.60508    6.61129 -9.990e-29     0.5103   11.89546   3.519596 5.0640e-11    26.0637    26.0636 1.0000e-12      5.000          1        819    1482.21 1.9747e+00  52701.830     34.083 1549524258       0.07      0.189   39.73225  -72.12394    33.6918  1026.0892    26.0664     8.3890 0.0000e+00
      5.953     8.3888    33.5352  1026.0930     2.7401     6.6192    100.214    0.01068    6.60503    6.61123 -9.990e-29     0.5004   11.89538   3.519794 5.0640e-11    26.0657    26.0656 1.0000e-12      6.000          1        891    1482.22 1.9747e+00  52705.969     37.064 1549524261       0.04      0.346   39.73226  -72.12397    33.6941  1026.0956    26.0683     8.3882 0.0000e+00
      6.945     8.3898    33.5347  1026.0970     2.7520     6.6150    100.147    0.00496    6.60523    6.61144      8.112     0.5263   11.89569   3.519870 5.0640e-11    26.0651    26.0650 1.0000e-12      7.000          1        947    1482.24 1.9747e+00  52705.615     39.413 1549524263      -0.02      0.424   39.73227  -72.12399    33.6936  1026.0996    26.0678     8.3891 0.0000e+00
      7.945     8.3866    33.5368  1026.1037     2.7575     6.6026     99.958    0.00074    6.60541    6.61162      8.112     0.4695   11.89599   3.519802 5.0640e-11    26.0672    26.0671 1.0000e-12      8.000          1       1025    1482.25 1.9747e+00  52709.999     42.662 1549524266       0.34      0.404   39.73229  -72.12401    33.6954  1026.1061    26.0697     8.3858 0.0000e+00
      8.934     8.3821    33.5381  1026.1099     2.7587     6.6023     99.944   -0.00012    6.60609    6.61231      8.112     0.5025   11.89709   3.519575 5.0640e-11    26.0689    26.0688 1.0000e-12      9.000          1       1107    1482.25 1.9747e+00  52713.490     46.063 1549524270      -0.07      0.552   39.73230  -72.12404    33.6968  1026.1125    26.0715     8.3812 0.0000e+00
      9.926     8.3818    33.5381  1026.1146     2.7602     6.6136    100.112    0.00079    6.60620    6.61243      8.112     0.4628   11.89727   3.519590 -9.990e-29    26.0690    26.0689 1.0000e-12     10.000          1       1164    1482.26 -9.990e-29  52714.285     48.452 1549524272       0.20      0.438   39.73230  -72.12406    33.6968  1026.1171    26.0715     8.3808 0.0000e+00
     10.916     8.3781    33.5389  1026.1203     2.7616     6.6166    100.150    0.00034    6.60672    6.61296      8.112     0.4707   11.89816   3.519365 5.0640e-11    26.0702    26.0701 1.0000e-12     11.000          1       1265    1482.27 1.9747e+00  52716.931     52.666 1549524276       0.11      0.270   39.73232  -72.12409    33.6975  1026.1227    26.0727     8.3770 0.0000e+00
     11.905     8.3769    33.5361  1026.1228     2.7630     6.6235    100.255    0.00062    6.60661    6.61284      8.112     0.5111   11.89799   3.519055 5.0640e-11    26.0682    26.0681 1.0000e-12     12.000          1       1332    1482.28 1.9747e+00  52713.918     55.470 1549524279      -0.00      0.418   39.73232  -72.12411    33.6949  1026.1255    26.0708     8.3756 0.0000e+00
     12.905     8.3783    33.5359  1026.1271     2.7638     6.6244    100.274    0.00047    6.60628    6.61251      8.112     0.4692   11.89745   3.519218 5.0640e-11    26.0679    26.0677 1.0000e-12     13.000          1       1376    1482.30 1.9747e+00  52714.004     57.307 1549524281       0.02      0.540   39.73233  -72.12413    33.6948  1026.1297    26.0705     8.3770 0.0000e+00
     13.886     8.3813    33.5359  1026.1311     2.7608     6.6042     99.940   -0.00166    6.60819    6.61445      8.112     0.5057   11.90059   3.519539 5.0640e-11    26.0675    26.0672 1.0000e-12     14.000          1       1484    1482.33 1.9747e+00  52713.958     61.779 1549524285       0.63      0.287   39.73235  -72.12415    33.6948  1026.1338    26.0701     8.3799 0.0000e+00
     14.894     8.3762    33.5358  1026.1365     2.7594     6.5969     99.835   -0.00213    6.60776    6.61401      8.112     0.5115   11.89989   3.519055 5.0640e-11    26.0682    26.0679 1.0000e-12     15.000          1       1521    1482.32 1.9747e+00  52715.666     63.330 1549524287       0.25      0.645   39.73236  -72.12416    33.6941  1026.1387    26.0704     8.3747 0.0000e+00
     15.880     8.3673    33.5359  1026.1424     2.7601     6.6178    100.136    0.00024    6.60882    6.61508      8.112     0.5604   11.90161   3.518320 5.0640e-11    26.0696    26.0693 1.0000e-12     16.000          1       1605    1482.31 1.9747e+00  52718.448     66.829 1549524290       0.24      0.461   39.73237  -72.12419    33.6944  1026.1447    26.0719     8.3657 0.0000e+00
     16.869     8.3648    33.5370  1026.1482     2.7608     6.6209    100.200    0.00042    6.60763    6.61387      8.112     0.5099   11.89965   3.518286 5.0640e-11    26.0708    26.0706 1.0000e-12     17.000          1       1674    1482.32 1.9747e+00  52721.314     69.702 1549524293      -0.09      0.327   39.73238  -72.12422    33.6959  1026.1509    26.0735     8.3631 0.0000e+00
     17.859     8.3735    33.5363  1026.1509     2.7617     6.6218    100.203   -0.00004    6.60836    6.61462      8.112     0.5880   11.90085   3.519020 5.0640e-11    26.0690    26.0687 1.0000e-12     18.000          1       1737    1482.36 1.9747e+00  52718.988     72.339 1549524296       0.27      0.414   39.73240  -72.12424    33.6950  1026.1534    26.0715     8.3716 0.0000e+00
     18.859     8.3681    33.5371  1026.1570     2.7610     6.6187    100.153   -0.00025    6.60856    6.61482      8.112     0.4800   11.90117   3.518664 5.0640e-11    26.0704    26.0702 1.0000e-12     19.000          1       1788    1482.36 1.9747e+00  52721.995     74.476 1549524298       0.03      0.544   39.73240  -72.12425    33.6958  1026.1595    26.0730     8.3662 0.0000e+00
     19.844     8.3612    33.5392  1026.1642     2.7584     6.6064     99.962   -0.00123    6.60891    6.61518      8.112     0.5182   11.90168   3.518296 5.0640e-11    26.0732    26.0728 1.0000e-12     20.000          1       1893    1482.36 1.9747e+00  52727.244     78.821 1549524302       0.40      0.514   39.73242  -72.12428    33.6981  1026.1668    26.0758     8.3592 0.0000e+00
     20.843     8.3594    33.5423  1026.1715     2.7566     6.6016     99.885   -0.00123    6.60925    6.61552      8.112     0.5127   11.90226   3.518473 8.0245e+04    26.0759    26.0756 1.0000e-12     21.000          1       1929    1482.37 3.9008e-01  52732.777     80.352 1549524304      -0.09      0.660   39.73242  -72.12430    33.7012  1026.1741    26.0785     8.3573 0.0000e+00
     21.830     8.3591    33.5427  1026.1764     2.7571     6.6132    100.072    0.00025    6.60852    6.61478      8.112     0.4921   11.90112   3.518512 2.8306e+04    26.0763    26.0760 1.0000e-12     22.000          1       2001    1482.38 1.4157e+00  52734.106     83.314 1549524307      -0.05      0.274   39.73244  -72.12431    33.7015  1026.1789    26.0788     8.3569 0.0000e+00
     22.827     8.3630    33.5379  1026.1766     2.7574     6.6124    100.048   -0.00020    6.60925    6.61553      8.112     0.5058   11.90230   3.518446 -9.990e-29    26.0719    26.0716 1.0000e-12     23.000          1       2093    1482.41 -9.990e-29  52726.964     87.168 1549524311       0.50      0.305   39.73245  -72.12434    33.6966  1026.1791    26.0744     8.3607 0.0000e+00
     23.818     8.3557    33.5432  1026.1865     2.7547     6.5775     99.533   -0.00406    6.60832    6.61458      8.112     0.4873   11.90068   3.518484 -9.990e-29    26.0772    26.0768 1.0000e-12     24.000          1       2150    1482.40 -9.990e-29  52736.834     89.554 1549524313       0.41      0.785   39.73246  -72.12437    33.7035  1026.1901    26.0809     8.3533 0.0000e+00
     24.818     8.3701    33.5494  1026.1937     2.7562     6.6037     99.958   -0.00078    6.60648    6.61273      8.112     0.5261   11.89759   3.520426 -9.990e-29    26.0799    26.0795 1.0000e-12     25.000          1       2215    1482.48 -9.990e-29  52743.054     92.240 1549524316       0.54      0.420   39.73247  -72.12438    33.7099  1026.1975    26.0837     8.3676 0.0000e+00
     25.812     8.3792    33.5526  1026.1994     2.7547     6.5946     99.824   -0.00151    6.60624    6.61248 -9.990e-29     0.4490   11.89718   3.521501 5.0640e-11    26.0810    26.0806 1.0000e-12     26.000          1       2278    1482.54 1.9747e+00  52746.021     94.855 1549524318       0.41      0.653   39.73249  -72.12440    33.7122  1026.2025    26.0842     8.3766 0.0000e+00
     26.801     8.3836    33.5546  1026.2048     2.7519     6.5723     99.580   -0.00287    6.59998    6.60615 -9.990e-29     0.4771   11.88667   3.522199 5.0640e-11    26.0819    26.0815 1.0000e-12     27.000          1       2358    1482.57 1.9747e+00  52748.507     98.228 1549524322       0.17      0.743   39.73250  -72.12442    33.7149  1026.2085    26.0857     8.3809 0.0000e+00
     27.771     8.3914    33.5583  1026.2111     2.7513     6.5860     99.915    0.00049    6.59161    6.59767 -9.990e-29     0.4564   11.87260   3.523387 5.0640e-11    26.0837    26.0833 1.0000e-12     28.000          1       2417    1482.62 1.9747e+00  52752.576    100.654 1549524324      -0.02      0.301   39.73252  -72.12445    33.7197  1026.2157    26.0882     8.3885 0.0000e+00
     28.782     8.4289    33.5704  1026.2195     2.7459     6.5515     99.384   -0.00235    6.59214    6.59820 -9.990e-29     0.4667   11.87347   3.527809 5.0640e-11    26.0876    26.0871 1.0000e-12     29.000          1       2460    1482.80 1.9747e+00  52761.664    102.451 1549524326       0.21      0.501   39.73253  -72.12446    33.7303  1026.2228    26.0909     8.4259 0.0000e+00
     29.770     8.4651    33.5870  1026.2315     2.7340     6.5041     98.713   -0.00378    6.58895    6.59498      8.107     0.4970   11.86811   3.533004 6.0476e+03    26.0951    26.0946 1.0000e-12     30.000          1       2538    1482.97 1.8553e+00  52777.507    105.720 1549524329       0.09      0.377   39.73254  -72.12448    33.7503  1026.2374    26.1010     8.4621 0.0000e+00
     30.760     8.4842    33.5946  1026.2391     2.7293     6.5123     98.816   -0.00101    6.59037    6.59641      8.107     0.4974   11.87049   3.535180 6.8078e+04    26.0981    26.0976 1.0000e-12     31.000          1       2605    1483.06 6.3036e-01  52784.463    108.493 1549524332      -0.00      0.361   39.73256  -72.12450    33.7547  1026.2426    26.1016     8.4810 0.0000e+00
     31.744     8.4634    33.5850  1026.2393     2.7310     6.5369     99.204    0.00191    6.58936    6.59540      8.107     0.5317   11.86881   3.532420 -4.826e+03    26.0938    26.0933 1.0000e-12     32.000          1       2656    1482.99 2.0700e+00  52776.278    110.637 1549524334       0.29      0.428   39.73256  -72.12452    33.7449  1026.2426    26.0971     8.4601 0.0000e+00
     32.751     8.4704    33.5898  1026.2466     2.7264     6.4877     98.428   -0.00346    6.59133    6.59739      8.107     0.4292   11.87211   3.533735 5.0640e-11    26.0965    26.0960 1.0000e-12     33.000          1       2681    1483.04 1.9747e+00  52782.280    111.669 1549524335       0.26      0.831   39.73257  -72.12452    33.7516  1026.2513    26.1013     8.4671 0.0000e+00
     33.750     8.4810    33.5951  1026.2538     2.7267     6.4903     98.621   -0.00194    6.58109    6.58702      8.107     0.4211   11.85486   3.535295 5.0640e-11    26.0991    26.0985 1.0000e-12     34.000          1       2775    1483.10 1.9747e+00  52787.936    115.590 1549524339       0.27      0.644   39.73259  -72.12454    33.7575  1026.2589    26.1043     8.4776 0.0000e+00
     34.724     8.5404    33.6182  1026.2672     2.7153     6.4383     97.879   -0.00432    6.57784    6.58373      8.101     0.3514   11.84938   3.542769 -9.990e-29    26.1081    26.1076 1.0000e-12     35.000          1       2865    1483.37 -9.990e-29  52807.613    119.318 1549524343      -0.16      0.245   39.73261  -72.12458    33.7795  1026.2716    26.1125     8.5368 0.0000e+00
     35.724     8.5547    33.6263  1026.2759     2.7051     6.3967     97.230   -0.00620    6.57889    6.58480      8.102     0.3315   11.85115   3.544971 5.0640e-11    26.1123    26.1117 1.0000e-12     36.000          1       2907    1483.45 1.9747e+00  52816.432    121.082 1549524345       0.40      0.615   39.73262  -72.12458    33.7887  1026.2811    26.1174     8.5510 0.0000e+00
     36.717     8.5417    33.6206  1026.2781     2.7064     6.4416     97.962    0.00010    6.57567    6.58154      8.102     0.3903   11.84573   3.543118 5.0640e-11    26.1098    26.1093 1.0000e-12     37.000          1       2960    1483.41 1.9747e+00  52812.006    123.308 1549524347      -0.14      0.454   39.73264  -72.12461    33.7810  1026.2817    26.1134     8.5379 0.0000e+00
     37.704     8.5626    33.6288  1026.2858     2.7046     6.4303     97.812   -0.00070    6.57413    6.57998      8.102     0.4018   11.84314   3.545825 5.0640e-11    26.1131    26.1125 1.0000e-12     38.000          1       3049    1483.51 1.9747e+00  52819.469    127.019 1549524351      -0.01      0.252   39.73265  -72.12462    33.7892  1026.2894    26.1167     8.5588 0.0000e+00
     38.694     8.5567    33.6282  1026.2908     2.7007     6.4070     97.555   -0.00169    6.56752    6.57329      8.099     0.3607   11.83202   3.545466 5.0640e-11    26.1135    26.1129 1.0000e-12     39.000          1       3127    1483.51 1.9747e+00  52820.545    130.248 1549524354       0.52      0.346   39.73266  -72.12464    33.7906  1026.2960    26.1187     8.5527 0.0000e+00
     39.695     8.5981    33.6449  1026.3021     2.6954     6.3675     96.949   -0.00521    6.56789    6.57366 -9.990e-29     0.3470   11.83264   3.550914 5.0640e-11    26.1203    26.1197 1.0000e-12     40.000          1       3154    1483.70 1.9747e+00  52835.673    131.380 1549524355       0.17      0.815   39.73268  -72.12464    33.8082  1026.3079    26.1261     8.5940 0.0000e+00
     40.688     8.6096    33.6487  1026.3078     2.6910     6.3733     97.039   -0.00247    6.56781    6.57359 -9.990e-29     0.3389   11.83252   3.552157 3.0734e+04    26.1215    26.1208 1.0000e-12     41.000          1       3204    1483.76 1.3678e+00  52838.845    133.462 1549524357      -0.14      0.591   39.73268  -72.12466    33.8099  1026.3120    26.1257     8.6054 0.0000e+00
     41.672     8.6156    33.6514  1026.3136     2.6844     6.3558     96.810   -0.00212    6.56521    6.57095      8.097     0.3176   11.82815   3.552928 -5.676e+02    26.1227    26.1220 1.0000e-12     42.000          1       3328    1483.81 1.9859e+00  52841.949    138.611 1549524362       0.46      0.563   39.73272  -72.12469    33.8119  1026.3171    26.1263     8.6113 0.0000e+00
