CalculateIndicators/WaterTemperature/Data/CTD_NYOS/NY1902_10_4_2.cnv
* Sea-Bird SBE 9 Data File:
* FileName = C:\Seabird 9 CTD\Data\2019\201902_Offshore\NY1902_ctd_casts\NY1902_10_4_2.hex
* Software Version Seasave V 7.23.2
* Temperature SN = 4590
* Conductivity SN = 3228
* Number of Bytes Per Scan = 44
* Number of Voltage Words = 5
* Number of Scans Averaged by the Deck Unit = 1
* NMEA Latitude = 40 27.86 N
* NMEA Longitude = 072 44.07 W
* NMEA UTC (Time) = Feb 10 2019  20:58:35
* NMEA baud rate = 4800
** Ship: Seawolf
** Station: 4.2
** Operator: AJB
# nquan = 35
# nvalues = 76                          
# units = specified
# name 0 = depSM: Depth [salt water, m]
# name 1 = t090C: Temperature [ITS-90, deg C]
# name 2 = sal00: Salinity, Practical [PSU]
# name 3 = density00: Density [density, kg/m^3]
# name 4 = sbeox0V: Oxygen raw, SBE 43 [V]
# name 5 = sbeox0ML/L: Oxygen, SBE 43 [ml/l]
# name 6 = sbeox0PS: Oxygen, SBE 43 [% saturation]
# name 7 = sbox0dV/dT: Oxygen, SBE 43 [dov/dt]
# name 8 = oxsolML/L: Oxygen Saturation, Garcia & Gordon [ml/l]
# name 9 = oxsatML/L: Oxygen Saturation, Weiss [ml/l]
# name 10 = ph: pH
# name 11 = flECO-AFL: Fluorescence, WET Labs ECO-AFL/FL [mg/m^3]
# name 12 = n2satML/L: Nitrogen Saturation [ml/l]
# name 13 = c0S/m: Conductivity [S/m]
# name 14 = cpar: CPAR/Corrected Irradiance [%]
# name 15 = sigma-é00: Density [sigma-theta, kg/m^3]
# name 16 = sigma-t00: Density [sigma-t, kg/m^3 ]
# name 17 = par: PAR/Irradiance, Biospherical/Licor
# name 18 = prDM: Pressure, Digiquartz [db]
# name 19 = pumps: Pump Status
# name 20 = scan: Scan Count
# name 21 = svCM: Sound Velocity [Chen-Millero, m/s]
# name 22 = spar: SPAR, Biospherical/Licor
# name 23 = specc: Specific Conductance [uS/cm]
# name 24 = timeS: Time, Elapsed [seconds]
# name 25 = timeY: Time, System [seconds]
# name 26 = accM: Acceleration [m/s^2]
# name 27 = dz/dtM: Descent Rate [m/s]
# name 28 = latitude: Latitude [deg]
# name 29 = longitude: Longitude [deg]
# name 30 = gsw_saA0: Absolute Salinity [g/kg]
# name 31 = gsw_densityA0: density, TEOS-10 [density, kg/m^3]
# name 32 = gsw_sigma0A0: density, TEOS-10 [sigma-0, kg/m^3 ]
# name 33 = gsw_ptA0: potential temperature [ITS-90, deg C]
# name 34 = flag: flag
# span 0 =      0.946,     38.707       
# span 1 =     5.1419,     5.2233       
# span 2 =    32.4768,    32.5115       
# span 3 =  1025.6644,  1025.8590       
# span 4 =     2.5348,     2.7382       
# span 5 =     6.9418,     7.4310       
# span 6 =     96.997,    103.651       
# span 7 =   -0.00439,    0.11028       
# span 8 =    7.15423,    7.16923       
# span 9 =    7.16774,    7.18293       
# span 10 =      8.133,      8.303      
# span 11 =     0.3640,     0.7038      
# span 12 =   12.81517,   12.84035      
# span 13 =   3.139224,   3.150876      
# span 14 = 7.8957e-14, 1.4959e-13      
# span 15 =    25.6596,    25.6781      
# span 16 =    25.6595,    25.6778      
# span 17 = 1.0000e-12, 1.0000e-12      
# span 18 =      1.000,     39.000      
# span 19 =          1,          1      
# span 20 =        516,      11165      
# span 21 =    1468.11,    1469.11      
# span 22 = 6.6881e+02, 1.2665e+03      
# span 23 =  52072.265,  52124.247      
# span 24 =     21.459,    465.156      
# span 25 = 1549832336, 1549832779      
# span 26 =      -0.72,       0.69      
# span 27 =     -0.967,      0.827      
# span 28 =   40.46414,   40.46442      
# span 29 =  -72.73454,  -72.73220      
# span 30 =    32.6305,    32.6658      
# span 31 =  1025.6654,  1025.8607      
# span 32 =    25.6609,    25.6799      
# span 33 =     5.1418,     5.2204      
# span 34 = 0.0000e+00, 0.0000e+00      
# interval = decibars: 1                
# start_time = Feb 10 2019 20:58:34 [System UTC, first data scan.]
# bad_flag = -9.990e-29
*END*
[from data line 42]
     34.729     5.2005    32.5055  1025.8383     2.6820     6.9524     97.106   -0.00013    7.15953    7.17311 -9.990e-29     0.3712   12.82401   3.148179 8.7812e-14    25.6760    25.6757 1.0000e-12     35.000          1       4659    1468.94 1.1387e+03  52120.015    194.068 1549832508       0.03     -0.342   40.46434  -72.73363    32.6592  1025.8394    25.6772     5.1979 0.0000e+00
     33.733     5.1943    32.5039  1025.8330     2.6832     6.9613     97.223    0.00046    7.16015    7.17374 -9.990e-29     0.3727   12.82505   3.147457 8.6114e-14    25.6754    25.6751 1.0000e-12     34.000          1       4713    1468.90 1.1615e+03  52118.881    196.322 1549832510       0.05     -0.456   40.46433  -72.73362    32.6575  1025.8342    25.6765     5.1918 0.0000e+00
     32.743     5.1897    32.5030  1025.8282     2.6840     6.9607     97.213    0.00014    7.16029    7.17388 -9.990e-29     0.3740   12.82528   3.146972 8.3534e-14    25.6752    25.6749 1.0000e-12     33.000          1       4783    1468.86 1.1974e+03  52118.299    199.239 1549832513      -0.14     -0.297   40.46432  -72.73360    32.6569  1025.8296    25.6766     5.1872 0.0000e+00
     31.749     5.1857    32.5019  1025.8231     2.6837     6.9579     97.163   -0.00006    7.16101    7.17461 -9.990e-29     0.3668   12.82648   3.146450 8.1963e-14    25.6747    25.6745 1.0000e-12     32.000          1       4863    1468.83 1.2201e+03  52117.227    202.579 1549832517      -0.28     -0.304   40.46432  -72.73358    32.6553  1025.8242    25.6758     5.1833 0.0000e+00
     30.753     5.1814    32.5008  1025.8180     2.6844     6.9673     97.295    0.00080    7.16100    7.17459      8.266     0.3921   12.82645   3.145990 8.1417e-14    25.6743    25.6741 1.0000e-12     31.000          1       4955    1468.79 1.2283e+03  52116.265    206.400 1549832520      -0.43     -0.301   40.46432  -72.73356    32.6547  1025.8195    25.6757     5.1791 0.0000e+00
     29.761     5.1761    32.4998  1025.8132     2.6857     6.9684     97.290    0.00048    7.16247    7.17610      8.268     0.4143   12.82892   3.145414 1.0961e-13    25.6742    25.6739 1.0000e-12     30.000          1       5637    1468.76 9.6157e+02  52115.850    234.833 1549832549      -0.12     -0.390   40.46430  -72.73341    32.6538  1025.8147    25.6756     5.1739 0.0000e+00
     28.776     5.1721    32.4988  1025.8083     2.6863     6.9671     97.259    0.00011    7.16340    7.17704      8.279     0.4242   12.83047   3.144942 1.3345e-13    25.6738    25.6736 1.0000e-12     29.000          1       6139    1468.72 7.4626e+02  52115.004    255.768 1549832570      -0.04     -0.347   40.46428  -72.73330    32.6528  1025.8098    25.6753     5.1699 0.0000e+00
     27.783     5.1711    32.4987  1025.8036     2.6882     6.9767     97.395    0.00062    7.16334    7.17697      8.281     0.3833   12.83036   3.144809 1.3670e-13    25.6738    25.6735 1.0000e-12     28.000          1       6189    1468.70 7.3163e+02  52114.326    257.851 1549832572       0.04     -0.333   40.46428  -72.73328    32.6527  1025.8052    25.6753     5.1690 0.0000e+00
     26.788     5.1715    32.4984  1025.7988     2.6876     6.9668     97.254   -0.00022    7.16352    7.17715      8.282     0.3923   12.83066   3.144779 1.3915e-13    25.6736    25.6733 1.0000e-12     27.000          1       6248    1468.68 7.1870e+02  52113.157    260.290 1549832574      -0.02     -0.452   40.46428  -72.73327    32.6525  1025.8003    25.6751     5.1694 0.0000e+00
     25.799     5.1701    32.4981  1025.7940     2.6886     6.9753     97.363    0.00037    7.16418    7.17782      8.283     0.3960   12.83176   3.144593 1.3641e-13    25.6734    25.6732 1.0000e-12     26.000          1       6329    1468.66 7.3319e+02  52112.410    263.653 1549832578       0.02     -0.261   40.46428  -72.73326    32.6521  1025.7956    25.6750     5.1682 0.0000e+00
     24.807     5.1662    32.4971  1025.7890     2.6883     6.9703     97.283   -0.00007    7.16495    7.17861      8.284     0.4006   12.83305   3.144108 1.2451e-13    25.6731    25.6729 1.0000e-12     25.000          1       6421    1468.63 8.0373e+02  52111.496    267.498 1549832582      -0.09     -0.221   40.46428  -72.73324    32.6509  1025.7904    25.6745     5.1643 0.0000e+00
     23.810     5.1612    32.4957  1025.7838     2.6897     6.9794     97.397    0.00043    7.16592    7.17959      8.287     0.4041   12.83467   3.143502 1.0744e-13    25.6725    25.6723 1.0000e-12     24.000          1       6517    1468.59 9.3289e+02  52110.223    271.497 1549832586      -0.22     -0.284   40.46428  -72.73322    32.6493  1025.7850    25.6737     5.1594 0.0000e+00
     22.824     5.1546    32.4936  1025.7782     2.6937     6.9981     97.644    0.00107    7.16693    7.18062      8.286     0.4274   12.83637   3.142719 9.5435e-14    25.6715    25.6714 1.0000e-12     23.000          1       6627    1468.55 1.0484e+03  52108.548    276.093 1549832590      -0.08     -0.157   40.46428  -72.73320    32.6472  1025.7795    25.6728     5.1529 0.0000e+00
     21.826     5.1512    32.4920  1025.7727     2.6965     7.0011     97.683    0.00050    7.16715    7.18084      8.290     0.4347   12.83674   3.142261 9.6570e-14    25.6707    25.6705 1.0000e-12     22.000          1       6893    1468.51 1.0400e+03  52106.611    287.183 1549832601      -0.15     -0.190   40.46427  -72.73314    32.6458  1025.7741    25.6721     5.1496 0.0000e+00
     20.832     5.1497    32.4909  1025.7673     2.7006     7.0163     97.892    0.00078    7.16741    7.18110      8.294     0.4545   12.83718   3.142009 1.0319e-13    25.6700    25.6698 1.0000e-12     21.000          1       7652    1468.49 9.6990e+02  52104.774    318.799 1549832633      -0.36     -0.416   40.46424  -72.73299    32.6448  1025.7689    25.6715     5.1482 0.0000e+00
     19.852     5.1494    32.4906  1025.7626     2.7004     7.0028     97.703   -0.00050    7.16746    7.18115      8.294     0.4760   12.83726   3.141921 9.8982e-14    25.6697    25.6696 1.0000e-12     20.000          1       7778    1468.47 1.0098e+03  52103.734    324.034 1549832638       0.19     -0.284   40.46424  -72.73295    32.6446  1025.7640    25.6713     5.1480 0.0000e+00
     18.845     5.1493    32.4906  1025.7579     2.7001     7.0047     97.730   -0.00012    7.16741    7.18110      8.295     0.4729   12.83718   3.141867 1.0123e-13    25.6698    25.6696 1.0000e-12     19.000          1       7815    1468.46 9.8787e+02  52103.067    325.585 1549832640      -0.06     -0.627   40.46424  -72.73294    32.6446  1025.7594    25.6713     5.1479 0.0000e+00
     17.874     5.1497    32.4905  1025.7532     2.7021     7.0201     97.945    0.00103    7.16738    7.18107      8.298     0.4784   12.83712   3.141848 1.0719e-13    25.6696    25.6695 1.0000e-12     18.000          1       7889    1468.44 9.3301e+02  52102.069    328.655 1549832643      -0.05     -0.144   40.46424  -72.73294    32.6445  1025.7547    25.6712     5.1483 0.0000e+00
     16.865     5.1498    32.4906  1025.7486     2.7036     7.0232     97.991    0.00094    7.16728    7.18097      8.295     0.4892   12.83700   3.141833 1.1906e-13    25.6697    25.6696 1.0000e-12     17.000          1       7931    1468.42 8.4308e+02  52101.500    330.399 1549832644      -0.18     -0.479   40.46424  -72.73292    32.6447  1025.7502    25.6713     5.1486 0.0000e+00
     15.877     5.1507    32.4893  1025.7428     2.7059     7.0329     98.125    0.00127    7.16725    7.18093      8.298     0.5515   12.83700   3.141728 1.3617e-13    25.6686    25.6684 1.0000e-12     16.000          1       7990    1468.41 7.3446e+02  52098.584    332.890 1549832647      -0.72     -0.413   40.46424  -72.73292    32.6431  1025.7442    25.6700     5.1495 0.0000e+00
     14.881     5.1518    32.4859  1025.7353     2.7104     7.0536     98.414    0.00210    7.16728    7.18096      8.296     0.5626   12.83703   3.141495 1.4320e-13    25.6657    25.6656 1.0000e-12     15.000          1       8043    1468.39 6.9841e+02  52092.484    335.069 1549832649      -0.18     -0.462   40.46424  -72.73290    32.6399  1025.7368    25.6673     5.1507 0.0000e+00
     13.881     5.1518    32.4856  1025.7304     2.7149     7.0670     98.602    0.00199    7.16725    7.18093 -9.990e-29     0.7038   12.83701   3.141425 1.4959e-13    25.6655    25.6654 1.0000e-12     14.000          1       8095    1468.38 6.6881e+02  52091.336    337.238 1549832651      -0.31     -0.594   40.46424  -72.73288    32.6396  1025.7320    25.6670     5.1508 0.0000e+00
     12.898     5.1518    32.4820  1025.7229     2.7234     7.0871     98.877    0.00123    7.16757    7.18125 -9.990e-29     0.6004   12.83756   3.141059 1.3593e-13    25.6626    25.6625 1.0000e-12     13.000          1       8645    1468.35 7.4075e+02  52085.468    360.168 1549832674      -0.54     -0.191   40.46422  -72.73277    32.6359  1025.7244    25.6641     5.1508 0.0000e+00
     11.903     5.1504    32.4801  1025.7169     2.7285     7.1050     99.124    0.00155    7.16781    7.18150      8.298     0.6189   12.83797   3.140737 1.2786e-13    25.6612    25.6611 1.0000e-12     12.000          1       9092    1468.33 7.8269e+02  52082.343    378.799 1549832693      -0.22     -0.391   40.46420  -72.73268    32.6340  1025.7184    25.6628     5.1495 0.0000e+00
     10.911     5.1497    32.4814  1025.7134     2.7290     7.0910     98.927   -0.00014    7.16788    7.18156      8.297     0.5787   12.83807   3.140752 1.3091e-13    25.6624    25.6623 1.0000e-12     11.000          1       9173    1468.31 7.6394e+02  52083.760    382.150 1549832696      -0.36     -0.480   40.46420  -72.73266    32.6354  1025.7149    25.6639     5.1489 0.0000e+00
      9.925     5.1495    32.4812  1025.7086     2.7283     7.0878     98.871   -0.00022    7.16869    7.18238      8.299     0.6435   12.83945   3.140654 1.3655e-13    25.6622    25.6621 1.0000e-12     10.000          1       9240    1468.30 7.3224e+02  52082.804    384.961 1549832699       0.16     -0.329   40.46420  -72.73266    32.6350  1025.7100    25.6636     5.1487 0.0000e+00
      8.930     5.1455    32.4793  1025.7029     2.7316     7.1080     99.154    0.00095    7.16856    7.18226      8.299     0.6501   12.83924   3.140100 1.3805e-13    25.6611    25.6611 1.0000e-12      9.000          1       9311    1468.26 7.2441e+02  52080.606    387.911 1549832702      -0.14     -0.321   40.46420  -72.73263    32.6330  1025.7043    25.6625     5.1448 0.0000e+00
      7.933     5.1461    32.4790  1025.6979     2.7344     7.1169     99.282    0.00104    7.16842    7.18211      8.299     0.6255   12.83900   3.140086 1.4016e-13    25.6608    25.6608 1.0000e-12      8.000          1       9382    1468.25 7.1358e+02  52079.254    390.877 1549832705      -0.27     -0.419   40.46420  -72.73262    32.6328  1025.6994    25.6623     5.1455 0.0000e+00
      6.942     5.1457    32.4788  1025.6932     2.7363     7.1183     99.297    0.00053    7.16871    7.18240      8.299     0.6183   12.83947   3.139993 1.3585e-13    25.6607    25.6607 1.0000e-12      7.000          1       9481    1468.23 7.3609e+02  52078.393    395.015 1549832709      -0.48     -0.281   40.46420  -72.73260    32.6326  1025.6947    25.6622     5.1452 0.0000e+00
      5.939     5.1444    32.4789  1025.6887     2.7365     7.1180     99.293    0.00053    7.16865    7.18235 -9.990e-29     0.6158   12.83939   3.139853 1.3127e-13    25.6610    25.6609 1.0000e-12      6.000          1       9737    1468.21 7.7081e+02  52078.250    405.676 1549832720      -0.58     -0.540   40.46419  -72.73254    32.6327  1025.6902    25.6624     5.1440 0.0000e+00
      4.962     5.1438    32.4793  1025.6845     2.7350     7.1111     99.192    0.00044    7.16897    7.18267 -9.990e-29     0.6138   12.83991   3.139794 1.0692e-13    25.6613    25.6613 1.0000e-12      5.000          1      10658    1468.19 9.3365e+02  52078.232    444.042 1549832758       0.00     -0.268   40.46415  -72.73231    32.6331  1025.6860    25.6628     5.1435 0.0000e+00
      3.968     5.1438    32.4792  1025.6797     2.7380     7.1196     99.312    0.00040    7.16898    7.18268      8.299     0.6027   12.83991   3.139740 1.1583e-13    25.6612    25.6612 1.0000e-12      4.000          1      10705    1468.17 8.6358e+02  52077.350    446.017 1549832760       0.01     -0.324   40.46414  -72.73230    32.6331  1025.6813    25.6627     5.1435 0.0000e+00
      2.976     5.1436    32.4793  1025.6753     2.7363     7.1060     99.121   -0.00046    7.16896    7.18266      8.298     0.5939   12.83989   3.139697 1.2079e-13    25.6613    25.6613 1.0000e-12      3.000          1      10789    1468.16 8.2787e+02  52076.890    449.481 1549832764      -0.05     -0.302   40.46414  -72.73228    32.6332  1025.6768    25.6629     5.1434 0.0000e+00
      1.964     5.1446    32.4793  1025.6704     2.7382     7.1245     99.382    0.00099    7.16878    7.18247      8.303     0.5677   12.83958   3.139744 1.1172e-13    25.6612    25.6612 1.0000e-12      2.000          1      11165    1468.15 8.9611e+02  52075.799    465.156 1549832779      -0.61     -0.224   40.46414  -72.73220    32.6333  1025.6721    25.6628     5.1444 0.0000e+00
