CalculateIndicators/WaterTemperature/Data/CTD_NYOS/NY1902_06_1_5.cnv
* Sea-Bird SBE 9 Data File:
* FileName = C:\Seabird 9 CTD\Data\2019\201902_Offshore\NY1902_ctd_casts\NY1902_06_1_5.hex
* Software Version Seasave V 7.23.2
* Temperature SN = 4590
* Conductivity SN = 3228
* Number of Bytes Per Scan = 44
* Number of Voltage Words = 5
* Number of Scans Averaged by the Deck Unit = 1
* NMEA Latitude = 40 02.71 N
* NMEA Longitude = 071 32.56 W
* NMEA UTC (Time) = Feb 06 2019  18:32:58
* NMEA baud rate = 4800
** Ship: Seawolf
** Station: 1_5
** Operator: JES
# nquan = 35
# nvalues = 138                         
# units = specified
# name 0 = depSM: Depth [salt water, m]
# name 1 = t090C: Temperature [ITS-90, deg C]
# name 2 = sal00: Salinity, Practical [PSU]
# name 3 = density00: Density [density, kg/m^3]
# name 4 = sbeox0V: Oxygen raw, SBE 43 [V]
# name 5 = sbeox0ML/L: Oxygen, SBE 43 [ml/l]
# name 6 = sbeox0PS: Oxygen, SBE 43 [% saturation]
# name 7 = sbox0dV/dT: Oxygen, SBE 43 [dov/dt]
# name 8 = oxsolML/L: Oxygen Saturation, Garcia & Gordon [ml/l]
# name 9 = oxsatML/L: Oxygen Saturation, Weiss [ml/l]
# name 10 = ph: pH
# name 11 = flECO-AFL: Fluorescence, WET Labs ECO-AFL/FL [mg/m^3]
# name 12 = n2satML/L: Nitrogen Saturation [ml/l]
# name 13 = c0S/m: Conductivity [S/m]
# name 14 = cpar: CPAR/Corrected Irradiance [%]
# name 15 = sigma-é00: Density [sigma-theta, kg/m^3]
# name 16 = sigma-t00: Density [sigma-t, kg/m^3 ]
# name 17 = par: PAR/Irradiance, Biospherical/Licor
# name 18 = prDM: Pressure, Digiquartz [db]
# name 19 = pumps: Pump Status
# name 20 = scan: Scan Count
# name 21 = svCM: Sound Velocity [Chen-Millero, m/s]
# name 22 = spar: SPAR, Biospherical/Licor
# name 23 = specc: Specific Conductance [uS/cm]
# name 24 = timeS: Time, Elapsed [seconds]
# name 25 = timeY: Time, System [seconds]
# name 26 = accM: Acceleration [m/s^2]
# name 27 = dz/dtM: Descent Rate [m/s]
# name 28 = latitude: Latitude [deg]
# name 29 = longitude: Longitude [deg]
# name 30 = gsw_saA0: Absolute Salinity [g/kg]
# name 31 = gsw_densityA0: density, TEOS-10 [density, kg/m^3]
# name 32 = gsw_sigma0A0: density, TEOS-10 [sigma-0, kg/m^3 ]
# name 33 = gsw_ptA0: potential temperature [ITS-90, deg C]
# name 34 = flag: flag
# span 0 =      1.975,     70.452       
# span 1 =     5.9472,    12.1650       
# span 2 =    32.5095,    34.9666       
# span 3 =  1025.6038,  1026.8498       
# span 4 =     2.0768,     2.7364       
# span 5 =     4.9207,     7.0616       
# span 6 =     70.052,    100.550       
# span 7 =   -0.01687,    0.10529       
# span 8 =    6.04497,    7.03161       
# span 9 =    6.04458,    7.04308       
# span 10 =      8.038,      8.102      
# span 11 =     0.0422,     0.4128      
# span 12 =   10.95301,   12.61323      
# span 13 =   3.212155,   4.015391      
# span 14 = 6.1536e-03, 5.2317e+00      
# span 15 =    25.5900,    26.5334      
# span 16 =    25.5899,    26.5316      
# span 17 = 9.1387e-02, 8.5027e+01      
# span 18 =      2.000,     71.000      
# span 19 =          0,          1      
# span 20 =        378,      17585      
# span 21 =    1471.49,    1498.52      
# span 22 = 1.2049e+03, 1.6697e+03      
# span 23 =  51871.882,  54018.761      
# span 24 =     15.715,    732.648      
# span 25 = 1549477995, 1549478712      
# span 26 =      -0.60,       0.68      
# span 27 =     -1.364,      0.990      
# span 28 =   40.04357,   40.04517      
# span 29 =  -71.54750,  -71.54278      
# span 30 =    32.6646,    35.1314      
# span 31 =  1025.6064,  1026.8563      
# span 32 =    25.5925,    26.5441      
# span 33 =     5.9465,    12.1557      
# span 34 = 0.0000e+00, 0.0000e+00      
# interval = decibars: 1                
# start_time = Feb 06 2019 18:33:00 [System UTC, first data scan.]
# bad_flag = -9.990e-29
*END*
      2.974     5.9600    32.5095  1025.6038     2.2244     5.2119     74.122   -0.01687    7.03161    7.04308      8.051     0.2341   12.61323   3.212155 3.9879e+00    25.5900    25.5899 5.6539e+01      3.000          0        378    1471.49 1.4110e+03  51871.882     15.715 1549477995       0.24     -0.239   40.04517  -71.54278    32.6646  1025.6064    25.5925     5.9597 0.0000e+00
      3.971     5.9657    32.5198  1025.6159     2.1190     4.9314     70.163   -0.01039    7.02838    7.03989      8.054     0.2381   12.60706   3.213556 3.4416e+00    25.5974    25.5974 5.2425e+01      4.000          0        682    1471.54 1.5270e+03  51885.970     28.368 1549478008       0.10      0.227   40.04515  -71.54286    32.6744  1025.6180    25.5995     5.9654 0.0000e+00
      4.955     5.9665    32.5699  1025.6599     2.0768     4.9207     70.052    0.00451    7.02429    7.03587      8.055     0.2457   12.59907   3.218264 3.0413e+00    25.6368    25.6368 5.0903e+01      5.000          0        913    1471.62 1.6697e+03  51958.386     37.999 1549478018       0.03      0.292   40.04514  -71.54292    32.7261  1025.6632    25.6401     5.9661 0.0000e+00
      5.956     5.9634    32.6136  1025.6995     2.2379     5.9273     84.393    0.06459    7.02350    7.03509      8.055     0.2650   12.59759   3.221784 2.9717e+00    25.6718    25.6717 4.8185e+01      6.000          0        930    1471.68 1.6220e+03  52023.008     38.719 1549478018      -0.08      0.476   40.04514  -71.54293    32.7683  1025.7013    25.6736     5.9629 0.0000e+00
      6.946     5.9634    32.6434  1025.7276     2.4905     7.0616    100.550    0.10529    7.02302    7.03461 -9.990e-29     0.2549   12.59666   3.224599 3.0918e+00    25.6953    25.6953 5.0402e+01      7.000          1        993    1471.74 1.6301e+03  52066.601     41.323 1549478021       0.12      0.384   40.04513  -71.54295    32.7996  1025.7305    25.6982     5.9628 0.0000e+00
      7.937     5.9630    32.6601  1025.7455     2.6511     7.0318    100.160    0.04093    7.02053    7.03210 -9.990e-29     0.2833   12.59244   3.225969 3.1273e+00    25.7085    25.7085 5.0307e+01      8.000          1       1069    1471.77 1.6085e+03  52091.426     44.503 1549478024      -0.03      0.269   40.04512  -71.54296    32.8149  1025.7473    25.7104     5.9623 0.0000e+00
      8.933     5.9790    32.6704  1025.7563     2.6899     6.9213     98.673    0.01357    7.01437    7.02585      8.054     0.3444   12.58211   3.228412 2.8500e+00    25.7148    25.7147 4.5915e+01      9.000          1       1135    1471.87 1.6111e+03  52102.374     47.253 1549478027       0.02      0.443   40.04512  -71.54299    32.8264  1025.7589    25.7174     5.9783 0.0000e+00
      9.921     6.0095    32.6807  1025.7654     2.7075     6.8888     98.293    0.00358    7.00841    7.01981      8.054     0.3876   12.57218   3.232102 2.7897e+00    25.7192    25.7191 4.4760e+01     10.000          1       1210    1472.02 1.6044e+03  52109.052     50.389 1549478030      -0.02      0.293   40.04512  -71.54300    32.8379  1025.7689    25.7227     6.0087 0.0000e+00
     10.917     6.0316    32.6860  1025.7714     2.7086     6.8629     97.957    0.00031    7.00597    7.01733      8.054     0.3942   12.56811   3.234564 2.4920e+00    25.7206    25.7205 3.9808e+01     11.000          1       1266    1472.13 1.5973e+03  52110.825     52.698 1549478032       0.19      0.458   40.04511  -71.54302    32.8437  1025.7754    25.7246     6.0307 0.0000e+00
     11.904     6.0860    32.6985  1025.7792     2.7081     6.8404     97.810   -0.00090    6.99354    7.00472      8.054     0.4076   12.54737   3.240551 2.6264e+00    25.7238    25.7237 4.2396e+01     12.000          1       1364    1472.38 1.6137e+03  52113.712     56.792 1549478036       0.34      0.325   40.04510  -71.54304    32.8578  1025.7844    25.7290     6.0850 0.0000e+00
     12.908     6.1247    32.7063  1025.7852     2.7079     6.8417     97.874   -0.00030    6.99033    7.00147      8.054     0.3865   12.54202   3.244613 2.3627e+00    25.7252    25.7251 3.7811e+01     13.000          1       1404    1472.56 1.6002e+03  52114.533     58.458 1549478038       0.04      0.691   40.04510  -71.54306    32.8653  1025.7901    25.7302     6.1237 0.0000e+00
     13.887     6.1564    32.7128  1025.7909     2.7079     6.8297     97.853   -0.00055    6.97956    6.99055      8.054     0.4032   12.52405   3.247872 2.5205e+00    25.7264    25.7263 4.0033e+01     14.000          1       1502    1472.71 1.5881e+03  52115.380     62.532 1549478042       0.16      0.159   40.04509  -71.54308    32.8707  1025.7951    25.7305     6.1553 0.0000e+00
     14.883     6.2061    32.7256  1025.7995     2.7056     6.8047     97.720   -0.00089    6.96351    6.97428      8.052     0.3548   12.49726   3.253589 2.2442e+00    25.7303    25.7302 3.5968e+01     15.000          1       1568    1472.94 1.6026e+03  52120.270     65.272 1549478045      -0.08      0.340   40.04508  -71.54310    32.8861  1025.8056    25.7364     6.2049 0.0000e+00
     15.875     6.2697    32.7405  1025.8079     2.6993     6.7569     97.161   -0.00334    6.95428    6.96491      8.049     0.3377   12.48186   3.260543 2.2362e+00    25.7342    25.7340 3.5298e+01     16.000          1       1617    1473.23 1.5784e+03  52124.300     67.320 1549478047       0.28      0.539   40.04508  -71.54312    32.9019  1025.8147    25.7409     6.2684 0.0000e+00
     16.872     6.3178    32.7530  1025.8163     2.6977     6.7660     97.300   -0.00154    6.95373    6.96436      8.048     0.3644   12.48098   3.265946 1.9829e+00    25.7380    25.7378 3.1462e+01     17.000          1       1651    1473.45 1.5874e+03  52129.252     68.744 1549478048      -0.03      0.708   40.04508  -71.54312    32.9154  1025.8238    25.7455     6.3163 0.0000e+00
     17.859     6.3914    32.7717  1025.8263     2.6965     6.7531     97.369   -0.00052    6.93555    6.94593      8.048     0.2990   12.45059   3.274179 1.7312e+00    25.7434    25.7432 2.7856e+01     18.000          1       1740    1473.78 1.6086e+03  52136.120     72.442 1549478052       0.05      0.325   40.04507  -71.54314    32.9356  1025.8349    25.7520     6.3899 0.0000e+00
     18.852     6.4975    32.7976  1025.8378     2.6908     6.7007     96.840   -0.00299    6.91935    6.92950      8.048     0.2912   12.42352   3.285983 1.4834e+00    25.7503    25.7501 2.3840e+01     19.000          1       1815    1474.25 1.6067e+03  52144.462     75.594 1549478055       0.58      0.618   40.04506  -71.54317    32.9640  1025.8483    25.7609     6.4958 0.0000e+00
     19.849     6.5417    32.8089  1025.8456     2.6836     6.6435     96.003   -0.00744    6.92008    6.93025      8.048     0.2849   12.42473   3.290831 1.0272e+00    25.7536    25.7534 1.6339e+01     20.000          1       1838    1474.45 1.5904e+03  52149.144     76.552 1549478056       0.13      0.990   40.04506  -71.54318    32.9747  1025.8556    25.7636     6.5400 0.0000e+00
     20.839     6.5711    32.8187  1025.8541     2.6772     6.6632     96.370   -0.00188    6.91418    6.92427      8.046     0.2682   12.41485   3.293782 1.2676e+00    25.7575    25.7573 2.0120e+01     21.000          1       1947    1474.60 1.5872e+03  52155.627     81.093 1549478061       0.03      0.208   40.04506  -71.54321    32.9786  1025.8595    25.7629     6.5693 0.0000e+00
     21.825     6.5819    32.8235  1025.8611     2.6726     6.6475     96.215   -0.00162    6.90900    6.91902      8.043     0.3260   12.40620   3.295145 1.0778e+00    25.7599    25.7597 1.7061e+01     22.000          1       2019    1474.66 1.5825e+03  52160.292     84.081 1549478064       0.41      0.449   40.04506  -71.54322    32.9829  1025.8660    25.7648     6.5800 0.0000e+00
     22.827     6.5924    32.8265  1025.8667     2.6720     6.6491     96.257   -0.00101    6.90764    6.91763      8.043     0.2806   12.40394   3.296372 8.3325e-01    25.7609    25.7606 1.3071e+01     23.000          1       2046    1474.72 1.5684e+03  52162.283     85.210 1549478065       0.13      0.814   40.04506  -71.54324    32.9858  1025.8716    25.7658     6.5905 0.0000e+00
     23.816     6.6176    32.8330  1025.8731     2.6719     6.6520     96.344   -0.00027    6.90444    6.91440      8.043     0.2670   12.39858   3.299163 8.7285e-01    25.7628    25.7625 1.3584e+01     24.000          1       2110    1474.85 1.5564e+03  52165.388     87.862 1549478067      -0.09      0.413   40.04505  -71.54325    32.9920  1025.8778    25.7674     6.6155 0.0000e+00
     24.807     6.6519    32.8420  1025.8803     2.6673     6.6161     95.981   -0.00179    6.89311    6.90291      8.042     0.2437   12.37963   3.302992 7.6165e-01    25.7654    25.7651 1.1820e+01     25.000          1       2197    1475.01 1.5518e+03  52169.569     91.491 1549478071       0.03      0.371   40.04504  -71.54328    33.0010  1025.8849    25.7700     6.6497 0.0000e+00
     25.792     6.6727    32.8482  1025.8871     2.6667     6.5988     96.168    0.00011    6.86170    6.87108      8.042     0.2210   12.32711   3.305447 6.6696e-01    25.7676    25.7673 1.0280e+01     26.000          1       2253    1475.11 1.5409e+03  52173.439     93.819 1549478073       0.31      0.388   40.04504  -71.54329    33.0076  1025.8920    25.7725     6.6704 0.0000e+00
     26.799     6.7142    32.8606  1025.8961     2.6667     6.5715     96.165    0.00018    6.83358    6.84257      8.041     0.2000   12.28017   3.310860 5.3222e-01    25.7720    25.7716 8.1742e+00     27.000          1       2281    1475.31 1.5357e+03  52180.656     94.997 1549478074       0.12      0.781   40.04504  -71.54330    33.0270  1025.9064    25.7823     6.7118 0.0000e+00
     27.785     7.0368    32.9436  1025.9228     2.6502     6.4250     94.628   -0.00684    6.78968    6.79808      8.038     0.2002   12.20683   3.347532 5.3905e-01    25.7943    25.7940 8.2628e+00     28.000          1       2349    1476.69 1.5332e+03  52213.953     97.834 1549478077      -0.12      0.349   40.04504  -71.54332    33.1197  1025.9406    25.8121     7.0343 0.0000e+00
     28.766     7.4103    33.0417  1025.9534     2.6226     6.2902     93.741   -0.00368    6.71025    6.71768      8.038     0.1372   12.07313   3.389791 4.4605e-01    25.8207    25.8203 6.9076e+00     29.000          1       2452    1478.27 1.5477e+03  52257.123    102.118 1549478082       0.19      0.177   40.04503  -71.54334    33.2228  1025.9748    25.8421     7.4076 0.0000e+00
     29.773     7.5747    33.1303  1026.0043     2.6166     6.2542     93.222   -0.00605    6.70892    6.71634      8.040     0.1351   12.07078   3.413515 3.6669e-01    25.8671    25.8667 5.6377e+00     30.000          1       2479    1479.03 1.5374e+03  52343.346    103.241 1549478083       0.19      0.684   40.04502  -71.54336    33.3219  1026.0337    25.8965     7.5719 0.0000e+00
     30.759     7.7508    33.2043  1026.0418     2.6109     6.2535     93.283   -0.00315    6.70385    6.71121      8.043     0.1436   12.06232   3.434687 3.7719e-01    25.9002    25.8998 5.7956e+00     31.000          1       2522    1479.81 1.5366e+03  52405.366    105.062 1549478085      -0.14      0.562   40.04502  -71.54336    33.3817  1026.0599    25.9183     7.7479 0.0000e+00
     31.757     7.7952    33.2401  1026.0682     2.6035     6.2533     93.050   -0.00241    6.72042    6.72806      8.047     0.1632   12.08942   3.441117 3.1220e-01    25.9220    25.9216 4.8279e+00     32.000          1       2603    1480.04 1.5472e+03  52446.313    108.430 1549478088       0.23      0.380   40.04502  -71.54339    33.4081  1026.0787    25.9326     7.7921 0.0000e+00
     32.742     7.6656    33.2607  1026.1075     2.6107     6.3646     94.358    0.00623    6.74522    6.75326      8.057     0.1536   12.13004   3.430645 2.7299e-01    25.9567    25.9563 4.2463e+00     33.000          1       2684    1479.59 1.5553e+03  52508.070    111.779 1549478091       0.02      0.524   40.04502  -71.54342    33.4189  1026.1103    25.9596     7.6625 0.0000e+00
     33.744     7.5799    33.2759  1026.1363     2.6265     6.4284     95.318    0.00854    6.74415    6.75217      8.056     0.1611   12.12826   3.424263 2.4784e-01    25.9809    25.9804 3.7708e+00     34.000          1       2725    1479.29 1.5210e+03  52551.825    113.491 1549478093       0.09      0.602   40.04502  -71.54342    33.4317  1026.1371    25.9817     7.5767 0.0000e+00
     34.724     7.5194    33.3221  1026.1858     2.6569     6.4606     96.011    0.00227    6.72899    6.73692      8.067     0.1894   12.10176   3.423517 2.2124e-01    26.0258    26.0253 3.3667e+00     35.000          1       2903    1479.14 1.5211e+03  52633.341    120.916 1549478100       0.27      0.103   40.04500  -71.54348    33.4813  1026.1891    26.0291     7.5161 0.0000e+00
     35.723     7.5996    33.3928  1026.2345     2.6625     6.4818     96.394    0.00341    6.72429    6.73217      8.067     0.2315   12.09382   3.437547 2.0556e-01    26.0700    26.0695 3.0916e+00     36.000          1       2946    1479.55 1.5037e+03  52714.483    122.723 1549478102      -0.05      0.434   40.04500  -71.54349    33.5557  1026.2405    26.0760     7.5962 0.0000e+00
     36.711     7.6613    33.4330  1026.2619     2.6708     6.4645     96.540    0.00134    6.69623    6.70373      8.069     0.2048   12.04695   3.446941 1.8452e-01    26.0928    26.0923 2.7732e+00     37.000          1       3059    1479.85 1.5023e+03  52756.816    127.430 1549478107       0.02      0.140   40.04499  -71.54352    33.5975  1026.2689    26.0999     7.6577 0.0000e+00
     37.704     7.8603    33.4802  1026.2746     2.6683     6.4050     95.930   -0.00333    6.67669    6.68393      8.071     0.2264   12.01417   3.470046 1.5250e-01    26.1013    26.1007 2.2769e+00     38.000          1       3137    1480.68 1.4932e+03  52775.285    130.672 1549478110       0.26      0.450   40.04498  -71.54354    33.6544  1026.2892    26.1158     7.8567 0.0000e+00
     38.701     7.9126    33.4925  1026.2813     2.6674     6.4165     96.160   -0.00085    6.67271    6.67990 -9.990e-29     0.2513   12.00766   3.475071 1.4721e-01    26.1034    26.1028 2.1912e+00     39.000          1       3178    1480.91 1.4885e+03  52780.585    132.375 1549478112      -0.05      0.583   40.04498  -71.54356    33.6577  1026.2888    26.1109     7.9088 0.0000e+00
     39.685     8.0315    33.5474  1026.3113     2.6720     6.3781     96.593    0.00133    6.60317    6.60947      8.075     0.1883   11.89104   3.493497 1.2483e-01    26.1289    26.1283 1.9005e+00     40.000          1       3307    1481.45 1.5225e+03  52830.385    137.759 1549478117       0.15      0.203   40.04498  -71.54359    33.7404  1026.3404    26.1580     8.0275 0.0000e+00
     40.690     8.5138    33.6842  1026.3503     2.6630     6.2515     95.193   -0.00811    6.56722    6.57305 -9.990e-29     0.1633   11.83086   3.549560 9.9516e-02    26.1639    26.1632 1.5039e+00     41.000          1       3364    1483.45 1.5112e+03  52911.091    140.135 1549478120       0.20      0.677   40.04498  -71.54360    33.8741  1026.3766    26.1902     8.5096 0.0000e+00
     41.674     8.6368    33.7157  1026.3607     2.6543     6.2692     95.578   -0.00073    6.55916    6.56489      8.071     0.1667   11.81734   3.561692 1.0238e-01    26.1699    26.1692 1.5254e+00     42.000          1       3484    1483.96 1.4887e+03  52927.870    145.108 1549478125       0.12      0.174   40.04496  -71.54364    33.8843  1026.3703    26.1795     8.6325 0.0000e+00
     42.670     8.7202    33.7457  1026.3758     2.6516     6.2392     95.425   -0.00121    6.53828    6.54374      8.070     0.1478   11.78232   3.572420 8.7660e-02    26.1805    26.1798 1.2918e+00     43.000          1       3587    1484.33 1.4732e+03  52952.207    149.411 1549478129      -0.12      0.521   40.04496  -71.54367    33.9172  1026.3876    26.1923     8.7158 0.0000e+00
