CalculateIndicators/WaterTemperature/Data/CTD_NYOS/NY1902_06_1_6.cnv
* Sea-Bird SBE 9 Data File:
* FileName = C:\Seabird 9 CTD\Data\2019\201902_Offshore\NY1902_ctd_casts\NY1902_06_1_6.hex
* Software Version Seasave V 7.23.2
* Temperature SN = 4590
* Conductivity SN = 3228
* Number of Bytes Per Scan = 44
* Number of Voltage Words = 5
* Number of Scans Averaged by the Deck Unit = 1
* NMEA Latitude = 39 48.31 N
* NMEA Longitude = 071 27.30 W
* NMEA UTC (Time) = Feb 06 2019  21:01:58
* NMEA baud rate = 4800
** Ship: Seawolf
** Station: 1_6
** Operator: AJB
# nquan = 35
# nvalues = 1211                        
# units = specified
# name 0 = depSM: Depth [salt water, m]
# name 1 = t090C: Temperature [ITS-90, deg C]
# name 2 = sal00: Salinity, Practical [PSU]
# name 3 = density00: Density [density, kg/m^3]
# name 4 = sbeox0V: Oxygen raw, SBE 43 [V]
# name 5 = sbeox0ML/L: Oxygen, SBE 43 [ml/l]
# name 6 = sbeox0PS: Oxygen, SBE 43 [% saturation]
# name 7 = sbox0dV/dT: Oxygen, SBE 43 [dov/dt]
# name 8 = oxsolML/L: Oxygen Saturation, Garcia & Gordon [ml/l]
# name 9 = oxsatML/L: Oxygen Saturation, Weiss [ml/l]
# name 10 = ph: pH
# name 11 = flECO-AFL: Fluorescence, WET Labs ECO-AFL/FL [mg/m^3]
# name 12 = n2satML/L: Nitrogen Saturation [ml/l]
# name 13 = c0S/m: Conductivity [S/m]
# name 14 = cpar: CPAR/Corrected Irradiance [%]
# name 15 = sigma-é00: Density [sigma-theta, kg/m^3]
# name 16 = sigma-t00: Density [sigma-t, kg/m^3 ]
# name 17 = par: PAR/Irradiance, Biospherical/Licor
# name 18 = prDM: Pressure, Digiquartz [db]
# name 19 = pumps: Pump Status
# name 20 = scan: Scan Count
# name 21 = svCM: Sound Velocity [Chen-Millero, m/s]
# name 22 = spar: SPAR, Biospherical/Licor
# name 23 = specc: Specific Conductance [uS/cm]
# name 24 = timeS: Time, Elapsed [seconds]
# name 25 = timeY: Time, System [seconds]
# name 26 = accM: Acceleration [m/s^2]
# name 27 = dz/dtM: Descent Rate [m/s]
# name 28 = latitude: Latitude [deg]
# name 29 = longitude: Longitude [deg]
# name 30 = gsw_saA0: Absolute Salinity [g/kg]
# name 31 = gsw_densityA0: density, TEOS-10 [density, kg/m^3]
# name 32 = gsw_sigma0A0: density, TEOS-10 [sigma-0, kg/m^3 ]
# name 33 = gsw_ptA0: potential temperature [ITS-90, deg C]
# name 34 = flag: flag
# span 0 =      0.968,    600.492       
# span 1 =     5.3218,    13.8044       
# span 2 =    32.8495,    35.6878       
# span 3 =  1025.8166,  1030.4423       
# span 4 =     1.5428,     2.8748       
# span 5 =     2.9524,     7.0158       
# span 6 =     46.695,    106.546       
# span 7 =   -0.04280,    0.04842       
# span 8 =    5.80855,    7.01805       
# span 9 =    5.80562,    7.03290       
# span 10 =      7.772,     16.503      
# span 11 =    -0.0645,     0.7210      
# span 12 =   10.55415,   12.55876      
# span 13 =   3.274642,   4.247293      
# span 14 = 9.6590e-14, 9.9999e+04      
# span 15 =    25.8121,    27.6640      
# span 16 =    25.8121,    27.6579      
# span 17 = 1.0000e-12, 9.9840e+01      
# span 18 =      1.000,    606.000      
# span 19 =          0,          1      
# span 20 =        255,      56622      
# span 21 =    1473.37,    1505.60      
# span 22 = -1.232e+00, 1.1627e+03      
# span 23 =  52252.335,  56136.012      
# span 24 =     10.585,   2359.192      
# span 25 = 1549486930, 1549489278      
# span 26 =      -1.04,       0.83      
# span 27 =     -2.231,      1.216      
# span 28 =   39.79717,   39.80522      
# span 29 =  -71.46607,  -71.45512      
# span 30 =    33.0021,    35.8612      
# span 31 =  1025.8193,  1030.4453      
# span 32 =    25.8092,    27.6670      
# span 33 =     5.2709,    13.7891      
# span 34 = 0.0000e+00, 0.0000e+00      
# interval = decibars: 1                
# start_time = Feb 06 2019 21:01:59 [System UTC, first data scan.]
# bad_flag = -9.990e-29
*END*
[from data line 581]
    576.742     5.4739    35.0346  1030.3188     1.9895     4.9673     71.016    0.00190    6.99459    7.00904     14.838    -0.0536   12.51999   3.417689 1.3850e-13    27.6521    27.6461 1.0000e-12    582.000          1      23299    1482.25 7.2202e+02  56077.357    970.747 1549487890       0.14      0.917   39.80126  -71.46018    35.1998  1030.3195    27.6528     5.4245 0.0000e+00
    577.728     5.4686    35.0343  1030.3237     1.9898     4.9566     70.858    0.00064    6.99508    7.00953     13.637    -0.0562   12.52081   3.417258 1.3966e-13    27.6525    27.6465 1.0000e-12    583.000          1      23325    1482.25 7.1605e+02  56079.412    971.853 1549487891      -0.05      0.917   39.80126  -71.46018    35.1999  1030.3249    27.6536     5.4191 0.0000e+00
    578.717     5.4649    35.0341  1030.3287     1.9896     4.9489     70.748   -0.00004    6.99513    7.00958     14.052    -0.0509   12.52088   3.416972 1.4484e-13    27.6528    27.6468 1.0000e-12    584.000          1      23350    1482.25 6.9070e+02  56081.215    972.881 1549487892       0.07      0.934   39.80126  -71.46018    35.2000  1030.3300    27.6541     5.4153 0.0000e+00
    579.708     5.4631    35.0338  1030.3333     1.9896     4.9473     70.729   -0.00012    6.99473    7.00917     14.285    -0.0484   12.52022   3.416853 1.6314e-13    27.6528    27.6467 1.0000e-12    585.000          1      23372    1482.26 6.1368e+02  56082.053    973.793 1549487893       0.13      1.025   39.80125  -71.46018    35.2000  1030.3348    27.6543     5.4134 0.0000e+00
    580.708     5.4591    35.0331  1030.3379     1.9923     4.9646     70.942    0.00033    6.99809    7.01259     14.505    -0.0498   12.52578   3.416492 1.4883e-13    27.6528    27.6467 1.0000e-12    586.000          1      23446    1482.26 6.7452e+02  56083.276    976.888 1549487896      -0.01      0.904   39.80124  -71.46020    35.1995  1030.3396    27.6545     5.4093 0.0000e+00
    581.689     5.4405    35.0314  1030.3436     1.9954     4.9852     71.191    0.00085    7.00255    7.01713     14.883    -0.0520   12.53315   3.414588 1.4744e-13    27.6537    27.6476 1.0000e-12    587.000          1      23541    1482.20 6.7885e+02  56087.954    980.828 1549487900       0.25      0.704   39.80124  -71.46022    35.1966  1030.3443    27.6544     5.3907 0.0000e+00
    582.676     5.4331    35.0319  1030.3495     1.9950     4.9738     71.055    0.00009    6.99985    7.01439     15.103 -9.990e-29   12.52871   3.414042 1.7367e-13    27.6550    27.6489 1.0000e-12    588.000          1      23566    1482.19 5.7625e+02  56092.031    981.857 1549487901       0.09      0.973   39.80123  -71.46022    35.1975  1030.3506    27.6560     5.3833 0.0000e+00
    583.675     5.4186    35.0310  1030.3554     1.9983     4.9883     71.237    0.00020    7.00229    7.01687     15.263    -0.0371   12.53273   3.412788 1.5395e-13    27.6560    27.6500 1.0000e-12    589.000          1      23679    1482.14 6.5224e+02  56096.592    986.581 1549487906      -0.11      0.622   39.80121  -71.46024    35.1979  1030.3574    27.6581     5.3687 0.0000e+00
    584.657     5.4133    35.0302  1030.3600     2.0011     4.9975     71.360    0.00004    7.00319    7.01778     15.081    -0.0510   12.53421   3.412360 1.4336e-13    27.6560    27.6500 1.0000e-12    590.000          1      23868    1482.14 6.9746e+02  56097.919    994.445 1549487914       0.25      0.192   39.80119  -71.46027    35.1980  1030.3628    27.6588     5.3633 0.0000e+00
    585.649     5.4134    35.0302  1030.3646     2.0003     4.9813     71.123   -0.00144    7.00376    7.01836     14.819    -0.0533   12.53516   3.412440 1.4493e-13    27.6560    27.6500 1.0000e-12    591.000          1      23975    1482.15 6.9001e+02  56098.677    998.904 1549487918       0.34      0.752   39.80118  -71.46028    35.1983  1030.3676    27.6590     5.3634 0.0000e+00
    586.648     5.4096    35.0295  1030.3691     2.0003     4.9910     71.262   -0.00044    7.00369    7.01829     15.044    -0.0578   12.53504   3.412023 1.4503e-13    27.6559    27.6499 1.0000e-12    592.000          1      24061    1482.15 6.8953e+02  56099.684   1002.519 1549487922      -0.09      0.545   39.80117  -71.46030    35.1969  1030.3716    27.6584     5.3595 0.0000e+00
    587.636     5.4030    35.0293  1030.3744     2.0016     5.0033     71.408   -0.00007    7.00663    7.02128     15.017    -0.0493   12.53989   3.411444 1.4103e-13    27.6566    27.6505 1.0000e-12    593.000          1      24285    1482.14 7.0947e+02  56102.394   1011.823 1549487931       0.14      0.716   39.80115  -71.46034    35.1966  1030.3768    27.6590     5.3529 0.0000e+00
    588.620     5.3890    35.0289  1030.3805     2.0031     5.0196     71.614    0.00072    7.00924    7.02393     15.299    -0.0553   12.54421   3.410142 1.3898e-13    27.6580    27.6519 1.0000e-12    594.000          1      24370    1482.10 7.1965e+02  56107.515   1015.376 1549487935      -0.01      0.705   39.80114  -71.46036    35.1958  1030.3826    27.6600     5.3388 0.0000e+00
    589.596     5.3800    35.0289  1030.3863     2.0039     5.0215     71.642    0.00066    7.00912    7.02381     15.229    -0.0517   12.54401   3.409394 1.5145e-13    27.6590    27.6530 1.0000e-12    595.000          1      24409    1482.08 6.6077e+02  56111.339   1016.997 1549487936       0.01      0.625   39.80113  -71.46036    35.1961  1030.3886    27.6613     5.3298 0.0000e+00
    590.602     5.3682    35.0281  1030.3918     2.0055     5.0260     71.700    0.00051    7.00970    7.02441     12.423    -0.0489   12.54497   3.408245 1.6166e-13    27.6598    27.6537 1.0000e-12    596.000          1      24490    1482.05 6.2043e+02  56115.034   1020.365 1549487940       0.15      0.606   39.80112  -71.46037    35.1947  1030.3937    27.6617     5.3180 0.0000e+00
    591.590     5.3550    35.0275  1030.3977     2.0086     5.0392     71.839    0.00029    7.01453    7.02932      8.211    -0.0399   12.55295   3.407030 1.3955e-13    27.6609    27.6549 1.0000e-12    597.000          1      24676    1482.01 7.2151e+02  56119.576   1028.114 1549487947       0.15      0.472   39.80110  -71.46041    35.1940  1030.3995    27.6628     5.3047 0.0000e+00
    592.571     5.3393    35.0270  1030.4040     2.0102     5.0533     72.023    0.00088    7.01617    7.03098      8.123    -0.0432   12.55565   3.405629 1.3101e-13    27.6625    27.6564 1.0000e-12    598.000          1      24752    1481.96 7.6304e+02  56125.175   1031.291 1549487951      -0.00      0.451   39.80108  -71.46042    35.1939  1030.4061    27.6645     5.2890 0.0000e+00
    593.565     5.3342    35.0269  1030.4092     2.0109     5.0506     71.984    0.00034    7.01629    7.03111      8.121    -0.0471   12.55586   3.405257 1.3376e-13    27.6630    27.6570 1.0000e-12    599.000          1      24800    1481.96 7.4765e+02  56127.568   1033.299 1549487953      -0.04      0.468   39.80108  -71.46042    35.1943  1030.4117    27.6655     5.2839 0.0000e+00
    594.549     5.3347    35.0265  1030.4133     2.0106     5.0546     72.030    0.00031    7.01728    7.03212      8.150    -0.0463   12.55750   3.405312 1.2831e-13    27.6627    27.6566 1.0000e-12    600.000          1      24856    1481.98 7.7932e+02  56127.537   1035.632 1549487955       0.01      0.433   39.80108  -71.46044    35.1940  1030.4159    27.6652     5.2842 0.0000e+00
    595.538     5.3326    35.0266  1030.4183 -9.990e-29     5.0551     72.031    0.00018    7.01788    7.03273      8.149    -0.0292   12.55848   3.405184 1.3147e-13    27.6630    27.6569 1.0000e-12    601.000          1      24895    1481.99 7.6066e+02  56129.118   1037.238 1549487957       0.31      0.580   39.80108  -71.46044    35.1942  1030.4209    27.6656     5.2821 0.0000e+00
    596.536     5.3293    35.0262  1030.4230     2.0131     5.0559     72.052    0.00021    7.01697    7.03181      8.149    -0.0402   12.55699   3.404860 1.3958e-13    27.6631    27.6570 1.0000e-12    602.000          1      24922    1481.99 7.2082e+02  56130.453   1038.364 1549487958       0.11      0.857   39.80106  -71.46044    35.1934  1030.4253    27.6654     5.2787 0.0000e+00
    597.530     5.3251    35.0264  1030.4283     2.0138     5.0688     72.229    0.00081    7.01771    7.03255      8.144    -0.0426   12.55820   3.404585 1.4103e-13    27.6638    27.6577 1.0000e-12    603.000          1      25050    1481.99 7.1570e+02  56133.013   1043.702 1549487963       0.08      0.828   39.80105  -71.46046    35.1941  1030.4310    27.6665     5.2744 0.0000e+00
    598.506     5.3243    35.0262  1030.4327     2.0116     5.0377     71.783   -0.00151    7.01805    7.03290      8.144    -0.0524   12.55876   3.404534 1.3139e-13    27.6637    27.6576 1.0000e-12    604.000          1      25141    1482.00 7.6091e+02  56133.646   1047.483 1549487967      -0.07      0.889   39.80104  -71.46048    35.1938  1030.4354    27.6663     5.2736 0.0000e+00
    599.516     5.3223    35.0262  1030.4376     2.0118     5.0439     71.875   -0.00095    7.01762    7.03247      8.141    -0.0504   12.55806   3.404401 1.5593e-13    27.6639    27.6578 1.0000e-12    605.000          1      25182    1482.01 7.0767e+02  56135.062   1049.203 1549487968       0.08      0.913   39.80103  -71.46048    35.1939  1030.4404    27.6667     5.2714 0.0000e+00
    600.492     5.3218    35.0262  1030.4423     2.0138     5.0669     72.210    0.00063    7.01686    7.03168      8.114    -0.0455   12.55680   3.404432 1.4598e-13    27.6640    27.6579 1.0000e-12    606.000          1      25457    1482.02 6.9952e+02  56136.012   1060.672 1549487980      -0.42     -0.045   39.80099  -71.46054    35.1943  1030.4453    27.6670     5.2709 0.0000e+00
    599.507     5.3257    35.0260  1030.4370     2.0133     5.0604     72.122    0.00020    7.01640    7.03122      8.109    -0.0394   12.55605   3.404763 1.2324e-13    27.6634    27.6573 1.0000e-12    605.000          1      25420    1482.02 8.0702e+02  56133.626   1059.110 1549487978      -0.47     -0.396   39.80100  -71.46052    35.1945  1030.4404    27.6667     5.2748 0.0000e+00
    598.499     5.3312    35.0259  1030.4315     2.0131     5.0571     72.073   -0.00004    7.01668    7.03150      8.129    -0.0464   12.55650   3.405199 1.2860e-13    27.6626    27.6565 1.0000e-12    604.000          1      25951    1482.03 7.7926e+02  56130.760   1081.265 1549488001      -0.08     -0.604   39.80093  -71.46061    35.1943  1030.4349    27.6659     5.2804 0.0000e+00
    597.515     5.3340    35.0261  1030.4268     2.0128     5.0549     72.041   -0.00009    7.01676    7.03158      8.146    -0.0470   12.55663   3.405439 1.4223e-13    27.6625    27.6564 1.0000e-12    603.000          1      27267    1482.03 7.0212e+02  56129.436   1136.085 1549488055       0.10     -0.412   39.80077  -71.46082    35.1946  1030.4302    27.6658     5.2833 0.0000e+00
    596.521     5.3389    35.0262  1030.4216     2.0129     5.0557     72.062    0.00004    7.01578    7.03059      8.150    -0.0425   12.55503   3.405826 1.5080e-13    27.6619    27.6558 1.0000e-12    602.000          1      28848    1482.04 6.6371e+02  56127.042   1201.938 1549488121       0.19     -0.588   39.80059  -71.46108    35.1945  1030.4249    27.6651     5.2882 0.0000e+00
    595.529     5.3341    35.0263  1030.4178     2.0148     5.0605     72.129   -0.00002    7.01580    7.03061      8.159    -0.0412   12.55505   3.405362 1.5015e-13    27.6626    27.6565 1.0000e-12    601.000          1      32265    1481.99 6.6641e+02  56128.193   1344.349 1549488264      -0.11     -0.640   39.80020  -71.46164    35.1947  1030.4211    27.6658     5.2835 0.0000e+00
    594.552     5.3415    35.0263  1030.4123     2.0138     5.0531     72.044   -0.00012    7.01394    7.02872      8.153    -0.0423   12.55198   3.406007 1.4816e-13    27.6617    27.6556 1.0000e-12    600.000          1      32428    1482.01 6.7494e+02  56124.907   1351.125 1549488270      -0.00     -0.315   39.80017  -71.46168    35.1949  1030.4157    27.6651     5.2910 0.0000e+00
    593.573     5.3493    35.0265  1030.4069 -9.990e-29     5.0503     72.009   -0.00013    7.01336    7.02813 -9.990e-29 -9.990e-29   12.55103   3.406690 1.5205e-13    27.6609    27.6549 1.0000e-12    599.000          1      32505    1482.02 6.5794e+02  56121.713   1354.318 1549488274      -0.16     -0.211   39.80016  -71.46169    35.1951  1030.4102    27.6643     5.2989 0.0000e+00
    592.578     5.3490    35.0266  1030.4024     2.0133     5.0471     71.966   -0.00029    7.01316    7.02793 -9.990e-29    -0.0487   12.55070   3.406611 1.4493e-13    27.6610    27.6549 1.0000e-12    598.000          1      32529    1482.00 6.9001e+02  56121.238   1355.328 1549488275      -0.75     -0.689   39.80016  -71.46170    35.1950  1030.4057    27.6643     5.2986 0.0000e+00
    591.576     5.3496    35.0267  1030.3977     2.0137     5.0517     72.032    0.00008    7.01306    7.02782 -9.990e-29    -0.0411   12.55053   3.406638 1.4303e-13    27.6609    27.6549 1.0000e-12    597.000          1      32547    1481.99 6.9915e+02  56120.290   1356.079 1549488275      -0.43     -1.166   39.80016  -71.46170    35.1952  1030.4011    27.6643     5.2994 0.0000e+00
    590.583     5.3515    35.0265  1030.3928     2.0132     5.0472     71.969   -0.00017    7.01293    7.02769 -9.990e-29    -0.0370   12.55031   3.406748 1.4369e-13    27.6606    27.6546 1.0000e-12    596.000          1      32574    1481.98 6.9601e+02  56118.737   1357.200 1549488276       0.27     -1.083   39.80016  -71.46170    35.1950  1030.3962    27.6639     5.3013 0.0000e+00
    589.613     5.3544    35.0269  1030.3882     2.0126     5.0439     71.936   -0.00001    7.01164    7.02638      8.154    -0.0393   12.54819   3.406995 1.5021e-13    27.6605    27.6545 1.0000e-12    595.000          1      32667    1481.98 6.6560e+02  56117.516   1361.080 1549488280      -0.05     -0.046   39.80014  -71.46172    35.1953  1030.3914    27.6638     5.3043 0.0000e+00
    588.625     5.3553    35.0268  1030.3834     2.0139     5.0522     72.097    0.00074    7.00748    7.02215      8.154    -0.0472   12.54134   3.407026 1.4956e-13    27.6603    27.6543 1.0000e-12    594.000          1      32706    1481.96 6.6869e+02  56116.243   1362.711 1549488282      -0.46     -0.617   39.80014  -71.46173    35.1952  1030.3867    27.6636     5.3053 0.0000e+00
    587.624     5.3579    35.0269  1030.3786     2.0141     5.0508     72.090    0.00067    7.00630    7.02094      8.155    -0.0519   12.53937   3.407236 1.4554e-13    27.6601    27.6541 1.0000e-12    593.000          1      32725    1481.96 6.8713e+02  56114.836   1363.510 1549488283      -0.41     -0.993   39.80014  -71.46174    35.1954  1030.3820    27.6635     5.3079 0.0000e+00
    586.626     5.3637    35.0273  1030.3735     2.0135     5.0408     71.952   -0.00006    7.00577    7.02040 -9.990e-29    -0.0460   12.53849   3.407854 1.4336e-13    27.6598    27.6537 1.0000e-12    592.000          1      32747    1481.97 6.9759e+02  56112.683   1364.407 1549488284      -0.00     -1.175   39.80012  -71.46174    35.1970  1030.3778    27.6640     5.3138 0.0000e+00
    585.644     5.3872    35.0271  1030.3657     2.0113     5.0189     71.642   -0.00140    7.00552    7.02015 -9.990e-29    -0.0281   12.53807   3.409959 1.4165e-13    27.6568    27.6507 1.0000e-12    591.000          1      32780    1482.04 7.0598e+02  56103.416   1365.807 1549488285       0.30     -0.821   39.80012  -71.46174    35.1972  1030.3702    27.6613     5.3373 0.0000e+00
