CalculateIndicators/WaterTemperature/Data/CTD_NYOS/NY1902_11_4_6.cnv
* Sea-Bird SBE 9 Data File:
* FileName = C:\Seabird 9 CTD\Data\2019\201902_Offshore\NY1902_ctd_casts\NY1902_11_4_6.hex
* Software Version Seasave V 7.23.2
* Temperature SN = 4590
* Conductivity SN = 3228
* Number of Bytes Per Scan = 44
* Number of Voltage Words = 5
* Number of Scans Averaged by the Deck Unit = 1
* NMEA Latitude = 39 29.37 N
* NMEA Longitude = 072 22.43 W
* NMEA UTC (Time) = Feb 11 2019  09:13:21
* NMEA baud rate = 4800
** Ship: Seawolf
** Station: 4.6
** Operator: HBB
# nquan = 35
# nvalues = 268                         
# units = specified
# name 0 = depSM: Depth [salt water, m]
# name 1 = t090C: Temperature [ITS-90, deg C]
# name 2 = sal00: Salinity, Practical [PSU]
# name 3 = density00: Density [density, kg/m^3]
# name 4 = sbeox0V: Oxygen raw, SBE 43 [V]
# name 5 = sbeox0ML/L: Oxygen, SBE 43 [ml/l]
# name 6 = sbeox0PS: Oxygen, SBE 43 [% saturation]
# name 7 = sbox0dV/dT: Oxygen, SBE 43 [dov/dt]
# name 8 = oxsolML/L: Oxygen Saturation, Garcia & Gordon [ml/l]
# name 9 = oxsatML/L: Oxygen Saturation, Weiss [ml/l]
# name 10 = ph: pH
# name 11 = flECO-AFL: Fluorescence, WET Labs ECO-AFL/FL [mg/m^3]
# name 12 = n2satML/L: Nitrogen Saturation [ml/l]
# name 13 = c0S/m: Conductivity [S/m]
# name 14 = cpar: CPAR/Corrected Irradiance [%]
# name 15 = sigma-é00: Density [sigma-theta, kg/m^3]
# name 16 = sigma-t00: Density [sigma-t, kg/m^3 ]
# name 17 = par: PAR/Irradiance, Biospherical/Licor
# name 18 = prDM: Pressure, Digiquartz [db]
# name 19 = pumps: Pump Status
# name 20 = scan: Scan Count
# name 21 = svCM: Sound Velocity [Chen-Millero, m/s]
# name 22 = spar: SPAR, Biospherical/Licor
# name 23 = specc: Specific Conductance [uS/cm]
# name 24 = timeS: Time, Elapsed [seconds]
# name 25 = timeY: Time, System [seconds]
# name 26 = accM: Acceleration [m/s^2]
# name 27 = dz/dtM: Descent Rate [m/s]
# name 28 = latitude: Latitude [deg]
# name 29 = longitude: Longitude [deg]
# name 30 = gsw_saA0: Absolute Salinity [g/kg]
# name 31 = gsw_densityA0: density, TEOS-10 [density, kg/m^3]
# name 32 = gsw_sigma0A0: density, TEOS-10 [sigma-0, kg/m^3 ]
# name 33 = gsw_ptA0: potential temperature [ITS-90, deg C]
# name 34 = flag: flag
# span 0 =      0.991,    133.936       
# span 1 =     8.4324,    12.4841       
# span 2 =    33.1939,    35.1862       
# span 3 =  1025.7892,  1027.2447       
# span 4 =     1.9057,     2.7432       
# span 5 =     4.0910,     7.2398       
# span 6 =     61.895,    104.487       
# span 7 =   -0.01529,    0.16631       
# span 8 =    5.98427,    7.39377       
# span 9 =    5.98327,    7.39482       
# span 10 =      8.236,      8.442      
# span 11 =     0.0496,     1.3704      
# span 12 =   10.84986,   13.38792      
# span 13 =   3.495501,   4.071236      
# span 14 = -2.229e+04, 1.1252e+05      
# span 15 =    25.7535,    26.6445      
# span 16 =    25.7534,    26.6410      
# span 17 = 1.0000e-12, 1.0000e-12      
# span 18 =      1.000,    135.000      
# span 19 =          0,          1      
# span 20 =        303,      22751      
# span 21 =    1481.96,    1500.90      
# span 22 = -2.472e-01, 2.4148e+00      
# span 23 =  52154.773,  54311.337      
# span 24 =     12.574,    947.915      
# span 25 = 1549876412, 1549877348      
# span 26 =      -0.57,       0.46      
# span 27 =     -0.821,      0.820      
# span 28 =   39.48884,   39.48950      
# span 29 =  -72.37388,  -72.37324      
# span 30 =    33.3564,    35.3526      
# span 31 =  1025.7952,  1027.2486      
# span 32 =    25.7634,    26.6485      
# span 33 =     8.4322,    12.4662      
# span 34 = 0.0000e+00, 0.0000e+00      
# interval = decibars: 1                
# start_time = Feb 11 2019 09:13:20 [System UTC, first data scan.]
# bad_flag = -9.990e-29
*END*
      1.984     8.4324    33.2404  1025.8370     1.9057     4.0910     61.895    0.00213    6.60963    6.61561      8.236     0.3762   11.90632   3.495501 5.0640e-11    25.8279    25.8278 1.0000e-12      2.000          0        303    1481.96 1.9747e+00  52276.234     12.574 1549876412       0.23     -0.038   39.48950  -72.37388    33.3964  1025.8385    25.8294     8.4322 0.0000e+00
      2.975     8.4613    33.2603  1025.8527     2.0073     4.4726     67.737    0.01431    6.60274    6.60860      8.252     0.3675   11.89513   3.500251 5.0640e-11    25.8391    25.8390 1.0000e-12      3.000          0        455    1482.11 1.9747e+00  52298.391     18.899 1549876419       0.05      0.275   39.48948  -72.37386    33.4188  1025.8562    25.8425     8.4610 0.0000e+00
      3.969     8.4825    33.2425  1025.8401     1.9940     4.3027     65.255   -0.00381    6.59374    6.59948      8.252     0.3944   11.88010   3.500593 5.0640e-11    25.8219    25.8219 1.0000e-12      4.000          0        507    1482.18 1.9747e+00  52269.019     21.099 1549876421       0.01      0.431   39.48948  -72.37386    33.4019  1025.8444    25.8262     8.4821 0.0000e+00
      4.963     8.5143    33.2557  1025.8503     1.9761     4.2089     63.927   -0.00890    6.58392    6.58947      8.255     0.4302   11.86437   3.504945 5.0640e-11    25.8275    25.8274 1.0000e-12      5.000          0        556    1482.33 1.9747e+00  52281.308     23.120 1549876423       0.08      0.504   39.48948  -72.37386    33.4174  1025.8562    25.8334     8.5138 0.0000e+00
      5.954     8.5968    33.2309  1025.8228     1.9553     4.1388     62.913   -0.00975    6.57859    6.58404      8.260     0.4109   11.85585   3.510016 5.0640e-11    25.7955    25.7954 1.0000e-12      6.000          0        607    1482.63 1.9747e+00  52228.271     25.269 1549876425      -0.04      0.461   39.48948  -72.37385    33.3925  1025.8288    25.8015     8.5962 0.0000e+00
      6.945     8.6621    33.1950  1025.7892     1.9428     4.1235     62.839   -0.00518    6.56213    6.56766      8.265     0.4156   11.82492   3.512475 -9.990e-29    25.7574    25.7573 1.0000e-12      7.000          0        667    1482.84 -9.990e-29  52163.584     27.759 1549876428      -0.03      0.387   39.48948  -72.37384    33.3564  1025.7952    25.7634     8.6613 0.0000e+00
      7.941     8.6821    33.1939  1025.7899     2.1298     5.3420     81.578    0.09442    6.54857    6.55421      8.268     0.4330   11.79908   3.515628 5.0640e-11    25.7535    25.7534 1.0000e-12      8.000          0        713    1482.93 1.9747e+00  52154.773     29.679 1549876429       0.12      0.538   39.48948  -72.37384    33.3703  1025.8076    25.7712     8.6813 0.0000e+00
      8.930     8.6989    33.8007  1026.2672     2.4743     6.8402    104.487    0.16631    6.54646    6.55208 -9.990e-29     0.4314   11.79536   3.574167 5.0640e-11    26.2263    26.2262 1.0000e-12      9.000          1        765    1483.76 1.9747e+00  53015.213     31.833 1549876432      -0.08      0.457   39.48948  -72.37384    33.9719  1026.2787    26.2378     8.6979 0.0000e+00
      9.924     8.7073    33.8018  1026.2714     2.6260     6.6037    100.888    0.06616    6.54563    6.55124 -9.990e-29     0.4791   11.79395   3.574315 5.0640e-11    26.2259    26.2258 1.0000e-12     10.000          1        818    1483.81 1.9747e+00  53012.494     34.054 1549876434      -0.02      0.455   39.48948  -72.37384    33.9649  1026.2764    26.2310     8.7063 0.0000e+00
     10.914     8.7117    33.8051  1026.2778     2.6860     6.4759     98.958    0.02159    6.54406    6.54966 -9.990e-29     0.5210   11.79132   3.574998 4.5473e+04    26.2279    26.2277 1.0000e-12     11.000          1        874    1483.84 1.0767e+00  53016.785     36.387 1549876436       0.04      0.423   39.48948  -72.37384    33.9674  1026.2823    26.2323     8.7106 0.0000e+00
     11.909     8.7229    33.8093  1026.2839     2.7039     6.4466     98.514    0.00952    6.54381    6.54940      8.275     0.4416   11.79089   3.576434 9.8886e+04    26.2294    26.2292 1.0000e-12     12.000          1        922    1483.91 2.1972e-02  53020.833     38.354 1549876438      -0.00      0.511   39.48948  -72.37384    33.9713  1026.2881    26.2336     8.7217 0.0000e+00
     12.901     8.7254    33.8110  1026.2894     2.7141     6.4421     98.450    0.00438    6.54345    6.54904      8.278     0.3948   11.79029   3.576828 1.8761e+04    26.2303    26.2301 1.0000e-12     13.000          1        975    1483.94 1.6042e+00  53023.292     40.568 1549876440      -0.01      0.449   39.48948  -72.37384    33.9726  1026.2933    26.2343     8.7241 0.0000e+00
     13.890     8.7274    33.8121  1026.2945     2.7215     6.4567     98.686    0.00329    6.54268    6.54826      8.281     0.4257   11.78899   3.577112 -8.242e+02    26.2309    26.2307 1.0000e-12     14.000          1       1029    1483.96 1.9910e+00  53025.016     42.826 1549876443       0.02      0.434   39.48948  -72.37384    33.9733  1026.2981    26.2345     8.7260 0.0000e+00
     14.887     8.7309    33.8135  1026.2997     2.7257     6.4653     98.820    0.00265    6.54250    6.54807 -9.990e-29     0.4135   11.78868   3.577616 5.0640e-11    26.2315    26.2313 1.0000e-12     15.000          1       1069    1483.99 1.9747e+00  53026.951     44.505 1549876444       0.09      0.589   39.48948  -72.37384    33.9747  1026.3032    26.2351     8.7294 0.0000e+00
     15.877     8.7337    33.8144  1026.3044     2.7280     6.4616     98.772    0.00114    6.54190    6.54747      8.282     1.3704   11.78768   3.577979 5.0640e-11    26.2318    26.2315 1.0000e-12     16.000          1       1115    1484.02 1.9747e+00  53028.236     46.432 1549876446      -0.09      0.523   39.48948  -72.37382    33.9754  1026.3079    26.2352     8.7320 0.0000e+00
     16.872     8.7362    33.8153  1026.3094     2.7287     6.4573     98.736    0.00034    6.53991    6.54546      8.280     0.9684   11.78434   3.578325 -9.990e-29    26.2321    26.2319 1.0000e-12     17.000          1       1165    1484.05 -9.990e-29  53029.627     48.513 1549876448      -0.01      0.490   39.48948  -72.37382    33.9762  1026.3127    26.2355     8.7344 0.0000e+00
     17.855     8.7409    33.8175  1026.3148     2.7299     6.4636     98.860    0.00082    6.53817    6.54369      8.282     0.3414   11.78143   3.579101 5.0640e-11    26.2331    26.2328 1.0000e-12     18.000          1       1221    1484.08 1.9747e+00  53032.299     50.834 1549876451       0.06      0.390   39.48948  -72.37382    33.9794  1026.3190    26.2372     8.7391 0.0000e+00
     18.859     8.7577    33.8221  1026.3205     2.7291     6.4519     98.693   -0.00056    6.53733    6.54284      8.285     0.3859   11.78001   3.581054 5.0640e-11    26.2342    26.2339 1.0000e-12     19.000          1       1254    1484.17 1.9747e+00  53035.732     52.219 1549876452       0.11      0.678   39.48948  -72.37382    33.9835  1026.3241    26.2378     8.7557 0.0000e+00
     19.842     8.7614    33.8231  1026.3251     2.7296     6.4596     98.824    0.00041    6.53641    6.54191      8.292     0.4216   11.77847   3.581515 5.0640e-11    26.2343    26.2340 1.0000e-12     20.000          1       1296    1484.20 1.9747e+00  53036.903     53.975 1549876454      -0.10      0.563   39.48948  -72.37382    33.9843  1026.3287    26.2379     8.7593 0.0000e+00
     20.845     8.7685    33.8253  1026.3304     2.7295     6.4568     98.787    0.00003    6.53607    6.54157      8.295     0.4139   11.77791   3.582454 2.3494e+04    26.2350    26.2347 1.0000e-12     21.000          1       1332    1484.24 1.5108e+00  53039.124     55.470 1549876455      -0.01      0.666   39.48948  -72.37382    33.9869  1026.3342    26.2389     8.7663 0.0000e+00
     21.824     8.7730    33.8271  1026.3356     2.7275     6.4404     98.596   -0.00109    6.53208    6.53753      8.296     0.4125   11.77123   3.583010 1.1252e+05    26.2357    26.2354 1.0000e-12     22.000          1       1396    1484.28 -2.472e-01  53041.276     58.145 1549876458      -0.04      0.259   39.48948  -72.37381    33.9880  1026.3389    26.2391     8.7707 0.0000e+00
     22.824     8.7864    33.8312  1026.3412     2.7283     6.4530     98.808    0.00043    6.53083    6.53626      8.296     0.3743   11.76914   3.584789 5.5665e+04    26.2368    26.2365 1.0000e-12     23.000          1       1436    1484.35 8.7547e-01  53044.676     59.786 1549876460       0.02      0.591   39.48946  -72.37380    33.9935  1026.3456    26.2412     8.7840 0.0000e+00
     23.812     8.8013    33.8351  1026.3466     2.7271     6.4420     98.640   -0.00076    6.53086    6.53629      8.298     0.3930   11.76918   3.586553 -1.844e+03    26.2376    26.2373 1.0000e-12     24.000          1       1475    1484.43 2.0111e+00  53047.653     61.428 1549876461       0.13      0.572   39.48946  -72.37380    33.9973  1026.3509    26.2420     8.7987 0.0000e+00
     24.813     8.8079    33.8367  1026.3513     2.7265     6.4416     98.634   -0.00063    6.53079    6.53622      8.301     0.4030   11.76909   3.587291 5.0640e-11    26.2378    26.2374 1.0000e-12     25.000          1       1506    1484.47 1.9747e+00  53048.955     62.726 1549876462       0.03      0.760   39.48946  -72.37380    33.9983  1026.3551    26.2417     8.8053 0.0000e+00
     25.798     8.8083    33.8369  1026.3559     2.7268     6.4494     98.757    0.00028    6.53059    6.53602      8.302     0.3819   11.76873   3.587357 5.0640e-11    26.2379    26.2375 1.0000e-12     26.000          1       1553    1484.49 1.9747e+00  53049.842     64.665 1549876464      -0.12      0.507   39.48946  -72.37380    33.9982  1026.3596    26.2416     8.8055 0.0000e+00
     26.794     8.8082    33.8366  1026.3597     2.7267     6.4448     98.722   -0.00013    6.52830    6.53369      8.306     0.4501   11.76490   3.587269 5.0640e-11    26.2378    26.2373 1.0000e-12     27.000          1       1598    1484.50 1.9747e+00  53050.296     66.538 1549876466       0.00      0.544   39.48946  -72.37380    33.9969  1026.3631    26.2406     8.8054 0.0000e+00
     27.781     8.8151    33.8390  1026.3657     2.7275     6.4506     98.840    0.00048    6.52628    6.53165      8.306     0.4072   11.76152   3.588322 -9.990e-29    26.2386    26.2381 1.0000e-12     28.000          1       1646    1484.55 -9.990e-29  53052.583     68.534 1549876468       0.05      0.477   39.48946  -72.37380    34.0008  1026.3697    26.2426     8.8122 0.0000e+00
     28.777     8.8277    33.8422  1026.3707     2.7274     6.4469     98.797    0.00005    6.52540    6.53075      8.309     0.4123   11.76005   3.589838 -9.990e-29    26.2391    26.2386 1.0000e-12     29.000          1       1680    1484.62 -9.990e-29  53054.910     69.968 1549876470       0.11      0.670   39.48946  -72.37380    34.0043  1026.3750    26.2434     8.8247 0.0000e+00
     29.772     8.8364    33.8444  1026.3756     2.7270     6.4444     98.759   -0.00024    6.52538    6.53074      8.308     0.4153   11.76002   3.590848 5.0640e-11    26.2395    26.2390 1.0000e-12     30.000          1       1715    1484.67 1.9747e+00  53056.727     71.418 1549876471      -0.04      0.705   39.48946  -72.37380    34.0061  1026.3796    26.2434     8.8333 0.0000e+00
     30.763     8.8430    33.8458  1026.3803     2.7252     6.4353     98.621   -0.00093    6.52529    6.53064      8.308     0.4298   11.75986   3.591608 4.6698e+04    26.2396    26.2391 1.0000e-12     31.000          1       1760    1484.71 1.0525e+00  53057.993     73.282 1549876473      -0.07      0.541   39.48946  -72.37380    34.0073  1026.3840    26.2433     8.8398 0.0000e+00
     31.750     8.8432    33.8462  1026.3850     2.7261     6.4493     98.843    0.00062    6.52475    6.53010      8.313     0.3737   11.75896   3.591662 1.0325e+05    26.2399    26.2393 1.0000e-12     32.000          1       1814    1484.73 -6.421e-02  53059.075     75.547 1549876475      -0.03      0.424   39.48946  -72.37380    34.0073  1026.3885    26.2433     8.8398 0.0000e+00
     32.746     8.8446    33.8467  1026.3899     2.7255     6.4404     98.707   -0.00050    6.52475    6.53010      8.320     0.3996   11.75895   3.591917 9.9999e+04    26.2401    26.2396 1.0000e-12     33.000          1       1851    1484.75 0.0000e+00  53060.271     77.098 1549876477       0.30      0.599   39.48946  -72.37380    34.0081  1026.3935    26.2437     8.8412 0.0000e+00
     33.741     8.8470    33.8475  1026.3946     2.7254     6.4431     98.759   -0.00007    6.52402    6.52935      8.320     0.3919   11.75773   3.592217 8.4945e+03    26.2403    26.2398 1.0000e-12     34.000          1       1885    1484.78 1.8070e+00  53061.422     78.505 1549876478      -0.09      0.745   39.48946  -72.37379    34.0086  1026.3980    26.2437     8.8434 0.0000e+00
     34.731     8.8486    33.8480  1026.3993     2.7239     6.4322     98.608   -0.00097    6.52303    6.52836      8.323     0.4666   11.75608   3.592476 4.8129e+01    26.2405    26.2399 1.0000e-12     35.000          1       1929    1484.80 1.9737e+00  53062.422     80.336 1549876480      -0.01      0.540   39.48946  -72.37378    34.0093  1026.4029    26.2440     8.8449 0.0000e+00
     35.719     8.8549    33.8499  1026.4043     2.7253     6.4493     98.877    0.00083    6.52258    6.52791 -9.990e-29     0.5742   11.75534   3.593271 5.0640e-11    26.2410    26.2404 1.0000e-12     36.000          1       1984    1484.84 1.9747e+00  53064.356     82.611 1549876482      -0.08      0.417   39.48946  -72.37378    34.0112  1026.4079    26.2446     8.8511 0.0000e+00
     36.715     8.8590    33.8515  1026.4095     2.7243     6.4379     98.692   -0.00058    6.52321    6.52854      8.324     1.3192   11.75637   3.593834 5.0640e-11    26.2416    26.2410 1.0000e-12     37.000          1       2021    1484.87 1.9747e+00  53066.303     84.163 1549876484       0.35      0.602   39.48946  -72.37378    34.0126  1026.4129    26.2451     8.8552 0.0000e+00
     37.710     8.8608    33.8515  1026.4138     2.7238     6.4374     98.698   -0.00046    6.52231    6.52763      8.326     0.5048   11.75487   3.594037 5.0640e-11    26.2413    26.2407 1.0000e-12     38.000          1       2058    1484.90 1.9747e+00  53066.596     85.708 1549876486      -0.15      0.680   39.48946  -72.37378    34.0126  1026.4172    26.2448     8.8568 0.0000e+00
     38.695     8.8574    33.8507  1026.4183     2.7236     6.4408     98.752    0.00004    6.52219    6.52751      8.332     0.3963   11.75468   3.593664 5.0640e-11    26.2413    26.2407 1.0000e-12     39.000          1       2107    1484.90 1.9747e+00  53066.951     87.739 1549876488       0.12      0.445   39.48946  -72.37378    34.0115  1026.4214    26.2445     8.8533 0.0000e+00
     39.694     8.8647    33.8524  1026.4230     2.7239     6.4415     98.782    0.00009    6.52094    6.52624      8.334     0.4189   11.75258   3.594539 -9.990e-29    26.2415    26.2408 1.0000e-12     40.000          1       2145    1484.95 -9.990e-29  53068.362     89.348 1549876489      -0.04      0.616   39.48946  -72.37378    34.0132  1026.4262    26.2447     8.8605 0.0000e+00
     40.680     8.8657    33.8530  1026.4278     2.7227     6.4351     98.673   -0.00061    6.52170    6.52701 -9.990e-29     0.3949   11.75385   3.594761 9.9999e+04    26.2418    26.2411 1.0000e-12     41.000          1       2195    1484.97 0.0000e+00  53069.566     91.408 1549876491       0.04      0.452   39.48946  -72.37378    34.0142  1026.4313    26.2453     8.8614 0.0000e+00
     41.677     8.8716    33.8549  1026.4329     2.7213     6.4287     98.567   -0.00110    6.52220    6.52752 -9.990e-29     0.4295   11.75469   3.595536 9.9999e+04    26.2424    26.2417 1.0000e-12     42.000          1       2231    1485.01 0.0000e+00  53071.667     92.930 1549876493       0.09      0.641   39.48946  -72.37378    34.0161  1026.4364    26.2459     8.8672 0.0000e+00
