CalculateIndicators/WaterTemperature/Data/CTD_NYOS/NY1902_06_3_6.cnv
* Sea-Bird SBE 9 Data File:
* FileName = C:\Seabird 9 CTD\Data\2019\201902_Offshore\NY1902_ctd_casts\NY1902_06_3_6.hex
* Software Version Seasave V 7.23.2
* Temperature SN = 4590
* Conductivity SN = 3228
* Number of Bytes Per Scan = 44
* Number of Voltage Words = 5
* Number of Scans Averaged by the Deck Unit = 1
* NMEA Latitude = 39 28.43 N
* NMEA Longitude = 072 01.48 W
* NMEA UTC (Time) = Feb 07 2019  04:12:53
* NMEA baud rate = 4800
** Ship: Seawolf
** Station: 3_6
** Operator: HBB
# nquan = 35
# nvalues = 1172                        
# units = specified
# name 0 = depSM: Depth [salt water, m]
# name 1 = t090C: Temperature [ITS-90, deg C]
# name 2 = sal00: Salinity, Practical [PSU]
# name 3 = density00: Density [density, kg/m^3]
# name 4 = sbeox0V: Oxygen raw, SBE 43 [V]
# name 5 = sbeox0ML/L: Oxygen, SBE 43 [ml/l]
# name 6 = sbeox0PS: Oxygen, SBE 43 [% saturation]
# name 7 = sbox0dV/dT: Oxygen, SBE 43 [dov/dt]
# name 8 = oxsolML/L: Oxygen Saturation, Garcia & Gordon [ml/l]
# name 9 = oxsatML/L: Oxygen Saturation, Weiss [ml/l]
# name 10 = ph: pH
# name 11 = flECO-AFL: Fluorescence, WET Labs ECO-AFL/FL [mg/m^3]
# name 12 = n2satML/L: Nitrogen Saturation [ml/l]
# name 13 = c0S/m: Conductivity [S/m]
# name 14 = cpar: CPAR/Corrected Irradiance [%]
# name 15 = sigma-é00: Density [sigma-theta, kg/m^3]
# name 16 = sigma-t00: Density [sigma-t, kg/m^3 ]
# name 17 = par: PAR/Irradiance, Biospherical/Licor
# name 18 = prDM: Pressure, Digiquartz [db]
# name 19 = pumps: Pump Status
# name 20 = scan: Scan Count
# name 21 = svCM: Sound Velocity [Chen-Millero, m/s]
# name 22 = spar: SPAR, Biospherical/Licor
# name 23 = specc: Specific Conductance [uS/cm]
# name 24 = timeS: Time, Elapsed [seconds]
# name 25 = timeY: Time, System [seconds]
# name 26 = accM: Acceleration [m/s^2]
# name 27 = dz/dtM: Descent Rate [m/s]
# name 28 = latitude: Latitude [deg]
# name 29 = longitude: Longitude [deg]
# name 30 = gsw_saA0: Absolute Salinity [g/kg]
# name 31 = gsw_densityA0: density, TEOS-10 [density, kg/m^3]
# name 32 = gsw_sigma0A0: density, TEOS-10 [sigma-0, kg/m^3 ]
# name 33 = gsw_ptA0: potential temperature [ITS-90, deg C]
# name 34 = flag: flag
# span 0 =      0.982,    581.733       
# span 1 =     5.8473,    13.3942       
# span 2 =    33.0221,    35.6590       
# span 3 =  1025.8428,  1030.3024       
# span 4 =     1.5566,     2.7837       
# span 5 =     3.0060,     7.5683       
# span 6 =     47.672,    101.138       
# span 7 =   -0.03120,    0.04002       
# span 8 =    5.85751,    7.49420       
# span 9 =    5.85519,    7.49547       
# span 10 =      7.904,      9.497      
# span 11 =    -0.0610,     0.9749      
# span 12 =   10.63526,   13.57959      
# span 13 =   3.363111,   4.208051      
# span 14 = -1.060e+04, 1.0601e+05      
# span 15 =    25.8383,    27.6183      
# span 16 =    25.8383,    27.6118      
# span 17 = 1.0000e-12, 1.0000e-12      
# span 18 =      1.000,    587.000      
# span 19 =          1,          1      
# span 20 =        266,      72099      
# span 21 =    1476.81,    1505.28      
# span 22 = -1.186e-01, 2.1839e+00      
# span 23 =  52278.590,  55976.016      
# span 24 =     11.057,   3004.090      
# span 25 = 1549512785, 1549515778      
# span 26 =      -1.13,       0.90      
# span 27 =     -1.643,      1.115      
# span 28 =   39.47396,   39.47855      
# span 29 =  -72.02945,  -72.02474      
# span 30 =    33.1785,    35.8281      
# span 31 =  1025.8450,  1030.3054      
# span 32 =    25.8404,    27.6214      
# span 33 =     5.7957,    13.3686      
# span 34 = 0.0000e+00, 0.0000e+00      
# interval = decibars: 1                
# start_time = Feb 07 2019 04:12:54 [System UTC, first data scan.]
# bad_flag = -9.990e-29
*END*
[from data line 830]
    339.111     9.1320    35.2185  1028.8152     1.5893     3.1856     49.576   -0.00017    6.42573    6.43102      8.401    -0.0222   11.57908   3.763546 5.0217e+04    27.2741    27.2679 1.0000e-12    342.000          1      51004    1492.58 9.8306e-01  55127.005   2125.143 1549514899       0.06     -0.309   39.47707  -72.02813    35.3885  1028.8204    27.2793     9.0940 0.0000e+00
    338.131     9.1470    35.2202  1028.8095     1.5877     3.1762     49.467   -0.00055    6.42092    6.42614      8.015    -0.0283   11.57112   3.765044 -9.990e-29    27.2730    27.2668 1.0000e-12    341.000          1      52050    1492.62 -9.990e-29  55125.288   2168.715 1549514943      -0.45     -0.602   39.47716  -72.02818    35.3898  1028.8143    27.2779     9.1091 0.0000e+00
    337.121     9.1557    35.2214  1028.8044     1.5865     3.1660     49.304   -0.00135    6.42125    6.42647      8.693    -0.0297   11.57167   3.766082 -9.990e-29    27.2725    27.2664 1.0000e-12    340.000          1      52051    1492.64 -9.990e-29  55124.395   2168.745 1549514943      -0.25     -0.989   39.47717  -72.02818    35.3925  1028.8104    27.2786     9.1179 0.0000e+00
    336.151     9.1715    35.2210  1028.7970     1.5851     3.1711     49.397    0.00017    6.41959    6.42478      8.429    -0.0348   11.56892   3.767355 -9.990e-29    27.2696    27.2635 1.0000e-12    339.000          1      52125    1492.68 -9.990e-29  55119.443   2171.835 1549514946      -0.20     -0.250   39.47718  -72.02820    35.3907  1028.8019    27.2746     9.1338 0.0000e+00
    335.147     9.1760    35.2212  1028.7919     1.5848     3.1678     49.349   -0.00010    6.41923    6.42442      8.797    -0.0356   11.56833   3.767812 -9.990e-29    27.2690    27.2629 1.0000e-12    338.000          1      52155    1492.68 -9.990e-29  55118.139   2173.097 1549514947      -0.55     -0.752   39.47718  -72.02820    35.3915  1028.7972    27.2745     9.1383 0.0000e+00
    334.161     9.1816    35.2212  1028.7863     1.5840     3.1622     49.262   -0.00046    6.41918    6.42437      8.687    -0.0258   11.56825   3.768238 -9.990e-29    27.2680    27.2619 1.0000e-12    337.000          1      52201    1492.69 -9.990e-29  55116.069   2175.001 1549514949       0.29     -0.571   39.47718  -72.02820    35.3909  1028.7913    27.2730     9.1441 0.0000e+00
    333.179     9.1838    35.2210  1028.7814     1.5834     3.1608     49.239   -0.00037    6.41918    6.42437      7.958    -0.0266   11.56825   3.768358 -9.990e-29    27.2675    27.2614 1.0000e-12    336.000          1      52246    1492.68 -9.990e-29  55114.658   2176.860 1549514951      -0.54     -0.502   39.47718  -72.02820    35.3903  1028.7860    27.2723     9.1464 0.0000e+00
    332.169     9.1831    35.2211  1028.7770     1.5833     3.1611     49.245   -0.00026    6.41908    6.42427      8.508    -0.0183   11.56809   3.768259 -9.990e-29    27.2678    27.2617 1.0000e-12    335.000          1      52267    1492.66 -9.990e-29  55114.392   2177.764 1549514952      -0.31     -0.951   39.47718  -72.02820    35.3905  1028.7817    27.2725     9.1458 0.0000e+00
    331.192     9.1839    35.2210  1028.7723     1.5825     3.1533     49.191   -0.00027    6.41035    6.41541      8.551    -0.0266   11.55367   3.768273 5.0640e-11    27.2675    27.2614 1.0000e-12    334.000          1      52325    1492.65 1.9747e+00  55113.343   2180.177 1549514954       0.18     -0.388   39.47720  -72.02820    35.3903  1028.7769    27.2722     9.1468 0.0000e+00
    330.194     9.2199    35.2227  1028.7630     1.5813     3.1441     49.097   -0.00057    6.40378    6.40874      8.759    -0.0246   11.54274   3.772160 5.0640e-11    27.2630    27.2569 1.0000e-12    333.000          1      52372    1492.76 1.9747e+00  55106.919   2182.111 1549514956      -0.13     -0.603   39.47720  -72.02820    35.3959  1028.7706    27.2707     9.1827 0.0000e+00
    329.217     9.2762    35.2215  1028.7480     1.5793     3.1321     48.944   -0.00102    6.39921    6.40410      8.042    -0.0185   11.53519   3.777251 5.0640e-11    27.2528    27.2467 1.0000e-12    332.000          1      52421    1492.95 1.9747e+00  55091.642   2184.162 1549514958       0.08     -0.456   39.47720  -72.02822    35.3939  1028.7550    27.2599     9.2390 0.0000e+00
    328.214     9.2961    35.2280  1028.7451     1.5778     3.1250     48.844   -0.00124    6.39793    6.40280      8.051    -0.0104   11.53306   3.779725 -9.990e-29    27.2546    27.2485 1.0000e-12    331.000          1      52448    1493.01 -9.990e-29  55095.492   2185.304 1549514960      -0.39     -0.720   39.47720  -72.02822    35.4005  1028.7522    27.2618     9.2590 0.0000e+00
    327.221     9.3164    35.2277  1028.7369     1.5760     3.1175     48.740   -0.00140    6.39619    6.40104      7.978    -0.0336   11.53017   3.781562 -9.990e-29    27.2510    27.2449 1.0000e-12    330.000          1      52479    1493.07 -9.990e-29  55089.858   2186.579 1549514961       0.14     -0.856   39.47720  -72.02822    35.4001  1028.7439    27.2581     9.2794 0.0000e+00
    326.233     9.3355    35.2291  1028.7302     1.5734     3.1104     48.643   -0.00114    6.39430    6.39913      8.121    -0.0219   11.52704   3.783416 -9.990e-29    27.2490    27.2429 1.0000e-12    329.000          1      52531    1493.13 -9.990e-29  55086.876   2188.750 1549514963       0.10     -0.483   39.47721  -72.02822    35.4010  1028.7369    27.2557     9.2985 0.0000e+00
    325.259     9.3551    35.2317  1028.7244     1.5723     3.1104     48.684   -0.00012    6.38905    6.39379      7.941    -0.0261   11.51832   3.785451 -9.990e-29    27.2478    27.2417 1.0000e-12    328.000          1      52609    1493.18 -9.990e-29  55085.394   2191.982 1549514966      -0.50     -0.225   39.47722  -72.02822    35.4033  1028.7308    27.2543     9.3182 0.0000e+00
    324.251     9.3693    35.2325  1028.7180     1.5717     3.1061     48.625   -0.00039    6.38784    6.39257      7.955    -0.0170   11.51632   3.786851 -9.990e-29    27.2460    27.2399 1.0000e-12    327.000          1      52627    1493.22 -9.990e-29  55082.670   2192.761 1549514967      -0.56     -0.834   39.47722  -72.02822    35.4044  1028.7247    27.2528     9.3324 0.0000e+00
    323.256     9.3794    35.2329  1028.7121     1.5713     3.1022     48.566   -0.00068    6.38762    6.39234      7.947    -0.0261   11.51594   3.787784 -9.990e-29    27.2446    27.2386 1.0000e-12    326.000          1      52652    1493.24 -9.990e-29  55080.221   2193.778 1549514968       0.05     -1.063   39.47722  -72.02822    35.4046  1028.7186    27.2513     9.3427 0.0000e+00
    322.276     9.3971    35.2346  1028.7059     1.5710     3.1043     48.616   -0.00011    6.38534    6.39004      7.941    -0.0281   11.51217   3.789613 -9.990e-29    27.2431    27.2370 1.0000e-12    325.000          1      52684    1493.29 -9.990e-29  55078.074   2195.108 1549514969       0.18     -0.778   39.47722  -72.02822    35.4067  1028.7127    27.2499     9.3604 0.0000e+00
    321.273     9.4046    35.2358  1028.7010     1.5699     3.0971     48.504   -0.00053    6.38531    6.39000      8.034    -0.0179   11.51211   3.790301 -9.990e-29    27.2428    27.2367 1.0000e-12    324.000          1      52724    1493.30 -9.990e-29  55077.481   2196.771 1549514971      -0.01     -0.673   39.47722  -72.02823    35.4070  1028.7071    27.2489     9.3680 0.0000e+00
    320.299     9.4228    35.2376  1028.6948 -9.990e-29     3.0991     48.545    0.00033    6.38406    6.38874      8.001    -0.0288   11.51004   3.792110 -9.990e-29    27.2411    27.2351 1.0000e-12    323.000          1      52815    1493.36 -9.990e-29  55075.141   2200.573 1549514975      -0.44     -0.305   39.47724  -72.02824    35.4082  1028.7005    27.2469     9.3863 0.0000e+00
    319.303     9.4245    35.2380  1028.6903     1.5695     3.1020     48.595    0.00057    6.38343    6.38810      7.957    -0.0298   11.50899   3.792230 -9.990e-29    27.2411    27.2351 1.0000e-12    322.000          1      52837    1493.35 -9.990e-29  55074.702   2201.503 1549514976      -0.34     -0.778   39.47724  -72.02824    35.4083  1028.6957    27.2466     9.3881 0.0000e+00
    318.303     9.4256    35.2384  1028.6859     1.5689     3.0954     48.501   -0.00006    6.38210    6.38675      7.956    -0.0359   11.50680   3.792324 -9.990e-29    27.2413    27.2353 1.0000e-12    321.000          1      52859    1493.33 -9.990e-29  55074.430   2202.427 1549514977      -0.16     -1.025   39.47724  -72.02824    35.4087  1028.6913    27.2467     9.3893 0.0000e+00
    317.313     9.4303    35.2387  1028.6809     1.5689     3.0939     48.492   -0.00010    6.38027    6.38489      7.957    -0.0320   11.50378   3.792757 -9.990e-29    27.2407    27.2347 1.0000e-12    320.000          1      52894    1493.34 -9.990e-29  55073.122   2203.878 1549514978       0.28     -0.798   39.47724  -72.02824    35.4090  1028.6863    27.2462     9.3941 0.0000e+00
    316.328     9.4520    35.2392  1028.6730     1.5685     3.0901     48.452   -0.00019    6.37770    6.38228      7.958    -0.0236   11.49949   3.794860 -9.990e-29    27.2375    27.2315 1.0000e-12    319.000          1      52956    1493.40 -9.990e-29  55068.327   2206.448 1549514981       0.03     -0.352   39.47724  -72.02826    35.4099  1028.6788    27.2433     9.4159 0.0000e+00
    315.340     9.4640    35.2412  1028.6680     1.5673     3.0786     48.333   -0.00065    6.36959    6.37405      7.952    -0.0365   11.48612   3.796125 -9.990e-29    27.2370    27.2310 1.0000e-12    318.000          1      53008    1493.43 -9.990e-29  55067.771   2208.605 1549514983      -0.17     -0.474   39.47724  -72.02826    35.4117  1028.6736    27.2427     9.4280 0.0000e+00
    314.348     9.4757    35.2418  1028.6620     1.5672     3.0795     48.375   -0.00021    6.36587    6.37028      7.947    -0.0209   11.47987   3.797372 -9.990e-29    27.2356    27.2296 1.0000e-12    317.000          1      53039    1493.45 -9.990e-29  55065.436   2209.909 1549514984      -0.16     -0.709   39.47724  -72.02826    35.4136  1028.6685    27.2422     9.4398 0.0000e+00
    313.353     9.5151    35.2408  1028.6499     1.5666     3.0748     48.324   -0.00038    6.36288    6.36725      7.945    -0.0171   11.47492   3.801105 -9.990e-29    27.2283    27.2223 1.0000e-12    316.000          1      53065    1493.58 -9.990e-29  55054.539   2211.012 1549514985      -0.11     -0.865   39.47724  -72.02826    35.4141  1028.6576    27.2361     9.4792 0.0000e+00
    312.358     9.5496    35.2449  1028.6425     1.5653     3.0686     48.238   -0.00060    6.36127    6.36562      8.159    -0.0196   11.47225   3.804729 -9.990e-29    27.2256    27.2196 1.0000e-12    315.000          1      53109    1493.69 -9.990e-29  55051.964   2212.827 1549514987       0.10     -0.658   39.47725  -72.02826    35.4181  1028.6503    27.2335     9.5137 0.0000e+00
    311.376     9.5846    35.2506  1028.6364     1.5629     3.0543     48.114   -0.00054    6.34797    6.35213      8.183    -0.0262   11.45017   3.808394 2.6794e+03    27.2243    27.2183 1.0000e-12    314.000          1      53189    1493.81 1.9218e+00  55051.586   2216.165 1549514990      -0.48     -0.370   39.47726  -72.02826    35.4222  1028.6429    27.2308     9.5487 0.0000e+00
    310.386     9.5993    35.2514  1028.6301     1.5635     3.0557     48.204    0.00010    6.33909    6.34312      7.911    -0.0281   11.43542   3.809942 3.1051e+03    27.2224    27.2165 1.0000e-12    313.000          1      53218    1493.85 1.9134e+00  55048.823   2217.391 1549514992      -0.11     -0.769   39.47726  -72.02826    35.4242  1028.6374    27.2299     9.5635 0.0000e+00
    309.395     9.6336    35.2546  1028.6220     1.5635     3.0576     48.238    0.00038    6.33850    6.34252      7.917    -0.0264   11.43451   3.813759 9.2308e+04    27.2191    27.2131 1.0000e-12    312.000          1      53243    1493.96 1.5187e-01  55045.290   2218.396 1549514993      -0.20     -0.880   39.47726  -72.02826    35.4305  1028.6318    27.2291     9.5978 0.0000e+00
    308.393     9.6913    35.2613  1028.6126     1.5633     3.0507     48.181   -0.00006    6.33178    6.33570 -9.990e-29    -0.0167   11.42330   3.820177 9.9910e+04    27.2147    27.2087 1.0000e-12    311.000          1      53263    1494.16 1.7581e-03  55041.353   2219.262 1549514994      -0.19     -1.081   39.47726  -72.02826    35.4407  1028.6252    27.2273     9.6555 0.0000e+00
    307.397     9.7619    35.2676  1028.6007     1.5618     3.0425     48.071   -0.00032    6.32915    6.33304 -9.990e-29    -0.0286   11.41893   3.827218 6.1018e+04    27.2077    27.2017 1.0000e-12    310.000          1      53322    1494.41 7.6976e-01  55034.023   2221.727 1549514996      -0.24     -0.647   39.47727  -72.02828    35.4445  1028.6113    27.2184     9.7261 0.0000e+00
    306.419     9.8381    35.2730  1028.5871     1.5604     3.0338     47.975   -0.00046    6.32378    6.32760 -9.990e-29    -0.0302   11.41003   3.834686 9.4110e+03    27.1991    27.1930 1.0000e-12    309.000          1      53399    1494.67 1.7889e+00  55024.796   2224.922 1549514999       0.08     -0.504   39.47728  -72.02828    35.4472  1028.5955    27.2076     9.8022 0.0000e+00
    305.436     9.8426    35.2745  1028.5830     1.5610     3.0405     48.115    0.00062    6.31919    6.32294 -9.990e-29    -0.0355   11.40239   3.835107 -9.990e-29    27.1994    27.1934 1.0000e-12    308.000          1      53440    1494.67 -9.990e-29  55025.254   2226.622 1549515001      -0.48     -0.503   39.47728  -72.02828    35.4476  1028.5906    27.2071     9.8069 0.0000e+00
    304.428     9.8507    35.2754  1028.5777     1.5608     3.0347     48.057    0.00017    6.31468    6.31837 -9.990e-29    -0.0148   11.39493   3.835920 -9.990e-29    27.1987    27.1927 1.0000e-12    307.000          1      53461    1494.69 -9.990e-29  55024.011   2227.499 1549515002      -0.39     -0.964   39.47728  -72.02828    35.4485  1028.5853    27.2065     9.8150 0.0000e+00
    303.441     9.8833    35.2785  1028.5698     1.5598     3.0264     47.952   -0.00032    6.31127    6.31491      7.918    -0.0246   11.38928   3.839385 -9.990e-29    27.1956    27.1895 1.0000e-12    306.000          1      53506    1494.79 -9.990e-29  55020.834   2229.367 1549515004       0.22     -0.620   39.47728  -72.02829    35.4527  1028.5783    27.2042     9.8477 0.0000e+00
    302.456     9.9446    35.2828  1028.5579     1.5605     3.0300     48.046    0.00036    6.30656    6.31013      7.919    -0.0324   11.38143   3.845521 -9.990e-29    27.1885    27.1824 1.0000e-12    305.000          1      53579    1495.00 -9.990e-29  55013.149   2232.421 1549515007      -0.11     -0.325   39.47728  -72.02830    35.4562  1028.5658    27.1965     9.9089 0.0000e+00
    301.465     9.9578    35.2864  1028.5539     1.5609     3.0279     48.048    0.00026    6.30168    6.30518      7.920    -0.0291   11.37334   3.847051 -9.990e-29    27.1891    27.1830 1.0000e-12    304.000          1      53625    1495.04 -9.990e-29  55014.880   2234.352 1549515009      -0.12     -0.507   39.47728  -72.02830    35.4594  1028.5614    27.1967     9.9223 0.0000e+00
    300.472     9.9867    35.2881  1028.5456     1.5610     3.0221     48.024    0.00004    6.29275    6.29613 -9.990e-29    -0.0297   11.35853   3.849992 -9.990e-29    27.1854    27.1794 1.0000e-12    303.000          1      53664    1495.13 -9.990e-29  55010.395   2235.945 1549515010       0.02     -0.631   39.47728  -72.02830    35.4618  1028.5537    27.1936     9.9512 0.0000e+00
