CalculateIndicators/WaterTemperature/Data/CTD_NYOS/NY1902_06_1_5.cnv
* Sea-Bird SBE 9 Data File:
* FileName = C:\Seabird 9 CTD\Data\2019\201902_Offshore\NY1902_ctd_casts\NY1902_06_1_5.hex
* Software Version Seasave V 7.23.2
* Temperature SN = 4590
* Conductivity SN = 3228
* Number of Bytes Per Scan = 44
* Number of Voltage Words = 5
* Number of Scans Averaged by the Deck Unit = 1
* NMEA Latitude = 40 02.71 N
* NMEA Longitude = 071 32.56 W
* NMEA UTC (Time) = Feb 06 2019  18:32:58
* NMEA baud rate = 4800
** Ship: Seawolf
** Station: 1_5
** Operator: JES
# nquan = 35
# nvalues = 138                         
# units = specified
# name 0 = depSM: Depth [salt water, m]
# name 1 = t090C: Temperature [ITS-90, deg C]
# name 2 = sal00: Salinity, Practical [PSU]
# name 3 = density00: Density [density, kg/m^3]
# name 4 = sbeox0V: Oxygen raw, SBE 43 [V]
# name 5 = sbeox0ML/L: Oxygen, SBE 43 [ml/l]
# name 6 = sbeox0PS: Oxygen, SBE 43 [% saturation]
# name 7 = sbox0dV/dT: Oxygen, SBE 43 [dov/dt]
# name 8 = oxsolML/L: Oxygen Saturation, Garcia & Gordon [ml/l]
# name 9 = oxsatML/L: Oxygen Saturation, Weiss [ml/l]
# name 10 = ph: pH
# name 11 = flECO-AFL: Fluorescence, WET Labs ECO-AFL/FL [mg/m^3]
# name 12 = n2satML/L: Nitrogen Saturation [ml/l]
# name 13 = c0S/m: Conductivity [S/m]
# name 14 = cpar: CPAR/Corrected Irradiance [%]
# name 15 = sigma-é00: Density [sigma-theta, kg/m^3]
# name 16 = sigma-t00: Density [sigma-t, kg/m^3 ]
# name 17 = par: PAR/Irradiance, Biospherical/Licor
# name 18 = prDM: Pressure, Digiquartz [db]
# name 19 = pumps: Pump Status
# name 20 = scan: Scan Count
# name 21 = svCM: Sound Velocity [Chen-Millero, m/s]
# name 22 = spar: SPAR, Biospherical/Licor
# name 23 = specc: Specific Conductance [uS/cm]
# name 24 = timeS: Time, Elapsed [seconds]
# name 25 = timeY: Time, System [seconds]
# name 26 = accM: Acceleration [m/s^2]
# name 27 = dz/dtM: Descent Rate [m/s]
# name 28 = latitude: Latitude [deg]
# name 29 = longitude: Longitude [deg]
# name 30 = gsw_saA0: Absolute Salinity [g/kg]
# name 31 = gsw_densityA0: density, TEOS-10 [density, kg/m^3]
# name 32 = gsw_sigma0A0: density, TEOS-10 [sigma-0, kg/m^3 ]
# name 33 = gsw_ptA0: potential temperature [ITS-90, deg C]
# name 34 = flag: flag
# span 0 =      1.975,     70.452       
# span 1 =     5.9472,    12.1650       
# span 2 =    32.5095,    34.9666       
# span 3 =  1025.6038,  1026.8498       
# span 4 =     2.0768,     2.7364       
# span 5 =     4.9207,     7.0616       
# span 6 =     70.052,    100.550       
# span 7 =   -0.01687,    0.10529       
# span 8 =    6.04497,    7.03161       
# span 9 =    6.04458,    7.04308       
# span 10 =      8.038,      8.102      
# span 11 =     0.0422,     0.4128      
# span 12 =   10.95301,   12.61323      
# span 13 =   3.212155,   4.015391      
# span 14 = 6.1536e-03, 5.2317e+00      
# span 15 =    25.5900,    26.5334      
# span 16 =    25.5899,    26.5316      
# span 17 = 9.1387e-02, 8.5027e+01      
# span 18 =      2.000,     71.000      
# span 19 =          0,          1      
# span 20 =        378,      17585      
# span 21 =    1471.49,    1498.52      
# span 22 = 1.2049e+03, 1.6697e+03      
# span 23 =  51871.882,  54018.761      
# span 24 =     15.715,    732.648      
# span 25 = 1549477995, 1549478712      
# span 26 =      -0.60,       0.68      
# span 27 =     -1.364,      0.990      
# span 28 =   40.04357,   40.04517      
# span 29 =  -71.54750,  -71.54278      
# span 30 =    32.6646,    35.1314      
# span 31 =  1025.6064,  1026.8563      
# span 32 =    25.5925,    26.5441      
# span 33 =     5.9465,    12.1557      
# span 34 = 0.0000e+00, 0.0000e+00      
# interval = decibars: 1                
# start_time = Feb 06 2019 18:33:00 [System UTC, first data scan.]
# bad_flag = -9.990e-29
*END*
[from data line 125]
     13.886     6.1863    32.7254  1025.7971     2.7049     6.8439     97.888    0.00100    6.99152    7.00268      8.046     0.4128   12.54397   3.250966 2.3148e+00    25.7326    25.7325 3.4312e+01     14.000          1      16204    1472.84 1.4984e+03  52124.933    675.133 1549478655       0.04     -0.607   40.04370  -71.54712    32.8764  1025.7958    25.7313     6.1852 0.0000e+00
     12.900     6.1340    32.7127  1025.7891     2.7104     6.8894     98.305    0.00247    7.00821    7.01962      8.045     0.3507   12.57174   3.245312 2.1672e+00    25.7292    25.7290 3.4368e+01     13.000          1      16693    1472.60 1.5857e+03  52121.077    695.484 1549478675      -0.07     -0.441   40.04366  -71.54726    32.8642  1025.7881    25.7282     6.1329 0.0000e+00
     11.907     6.0606    32.6974  1025.7814     2.7152     6.8997     98.415    0.00166    7.01081    7.02225      8.045     0.3977   12.57614   3.237428 2.4147e+00    25.7261    25.7259 3.8258e+01     12.000          1      16756    1472.27 1.5843e+03  52119.490    698.108 1549478678       0.08     -0.341   40.04366  -71.54728    32.8472  1025.7792    25.7238     6.0596 0.0000e+00
     10.919     6.0198    32.6874  1025.7740     2.7197     6.9189     98.540    0.00112    7.02145    7.03302 -9.990e-29     0.3869   12.59394   3.233174 2.4187e+00    25.7232    25.7231 3.8326e+01     11.000          1      16835    1472.08 1.5846e+03  52116.355    701.435 1549478681      -0.09     -0.315   40.04365  -71.54730    32.8394  1025.7735    25.7227     6.0189 0.0000e+00
      9.919     5.9977    32.6769  1025.7638     2.7210     6.9218     98.553    0.00081    7.02344    7.03504 -9.990e-29     0.3332   12.59729   3.230074 2.5058e+00    25.7176    25.7175 3.9794e+01     10.000          1      16878    1471.97 1.5881e+03  52106.995    703.226 1549478683       0.02     -0.527   40.04364  -71.54731    32.8265  1025.7614    25.7153     5.9968 0.0000e+00
      8.940     5.9472    32.6626  1025.7541     2.7262     6.9514     98.967    0.00240    7.02398    7.03558 -9.990e-29     0.2395   12.59824   3.224623 2.6329e+00    25.7125    25.7124 4.1893e+01      9.000          1      16949    1471.73 1.5910e+03  52100.474    706.187 1549478686      -0.11     -0.203   40.04364  -71.54733    32.8146  1025.7536    25.7120     5.9465 0.0000e+00
      7.936     5.9603    32.6595  1025.7454     2.7295     6.9532     98.999    0.00154    7.02350    7.03510 -9.990e-29     0.2378   12.59745   3.225507 2.8240e+00    25.7085    25.7084 4.4900e+01      8.000          1      17013    1471.76 1.5899e+03  52091.472    708.837 1549478688      -0.23     -0.346   40.04364  -71.54735    32.8123  1025.7456    25.7086     5.9596 0.0000e+00
      6.944     5.9588    32.6590  1025.7405     2.7335     6.9620     99.125    0.00123    7.02342    7.03502 -9.990e-29     0.2282   12.59733   3.225351 2.8619e+00    25.7082    25.7081 4.5907e+01      7.000          1      17077    1471.74 1.6040e+03  52090.439    711.483 1549478691      -0.06     -0.512   40.04362  -71.54738    32.8125  1025.7412    25.7089     5.9583 0.0000e+00
      5.953     5.9604    32.6587  1025.7355     2.7344     6.9543     99.014    0.00017    7.02359    7.03518 -9.990e-29     0.2073   12.59760   3.225448 3.2591e+00    25.7078    25.7077 5.2377e+01      6.000          1      17136    1471.73 1.6071e+03  52088.841    713.940 1549478693       0.07     -0.405   40.04362  -71.54739    32.8125  1025.7365    25.7088     5.9599 0.0000e+00
      4.963     5.9599    32.6583  1025.7306     2.7356     6.9568     99.060    0.00042    7.02281    7.03439 -9.990e-29     0.1991   12.59632   3.225364 3.8124e+00    25.7075    25.7075 6.1118e+01      5.000          1      17217    1471.71 1.6031e+03  52087.719    717.335 1549478697      -0.00     -0.275   40.04362  -71.54741    32.8126  1025.7319    25.7089     5.9595 0.0000e+00
      3.968     5.9644    32.6581  1025.7252     2.7359     6.9586     99.089    0.00035    7.02260    7.03418 -9.990e-29     0.1860   12.59597   3.225721 4.2349e+00    25.7068    25.7067 6.8905e+01      4.000          1      17278    1471.71 1.6271e+03  52085.381    719.870 1549478699      -0.25     -0.423   40.04360  -71.54743    32.8128  1025.7269    25.7084     5.9640 0.0000e+00
      2.975     5.9659    32.6581  1025.7205     2.7357     6.9541     99.024   -0.00011    7.02263    7.03421      8.045     0.1982   12.59602   3.225805 4.8864e+00    25.7066    25.7066 7.9387e+01      3.000          1      17357    1471.70 1.6250e+03  52084.263    723.160 1549478703       0.07     -0.313   40.04360  -71.54745    32.8128  1025.7221    25.7082     5.9656 0.0000e+00
      1.975     5.9670    32.6582  1025.7157     2.7364     6.9554     99.041   -0.00026    7.02270    7.03428      8.045     0.1705   12.59615   3.225879 5.2317e+00    25.7065    25.7065 8.5027e+01      2.000          1      17585    1471.69 1.6252e+03  52083.280    732.648 1549478712      -0.26     -0.275   40.04357  -71.54750    32.8129  1025.7175    25.7082     5.9669 0.0000e+00
