CalculateIndicators/WaterTemperature/Data/CTD_NYOS/NY1902_06_2_6.cnv
* Sea-Bird SBE 9 Data File:
* FileName = C:\Seabird 9 CTD\Data\2019\201902_Offshore\NY1902_ctd_casts\NY1902_06_2_6.hex
* Software Version Seasave V 7.23.2
* Temperature SN = 4590
* Conductivity SN = 3228
* Number of Bytes Per Scan = 44
* Number of Voltage Words = 5
* Number of Scans Averaged by the Deck Unit = 1
* NMEA Latitude = 39 41.96 N
* NMEA Longitude = 071 45.67 W
* NMEA UTC (Time) = Feb 07 2019  00:12:36
* NMEA baud rate = 4800
** Ship: Seawolf
** Station: 2_6
** Operator: HBB
# nquan = 35
# nvalues = 1008                        
# units = specified
# name 0 = depSM: Depth [salt water, m]
# name 1 = t090C: Temperature [ITS-90, deg C]
# name 2 = sal00: Salinity, Practical [PSU]
# name 3 = density00: Density [density, kg/m^3]
# name 4 = sbeox0V: Oxygen raw, SBE 43 [V]
# name 5 = sbeox0ML/L: Oxygen, SBE 43 [ml/l]
# name 6 = sbeox0PS: Oxygen, SBE 43 [% saturation]
# name 7 = sbox0dV/dT: Oxygen, SBE 43 [dov/dt]
# name 8 = oxsolML/L: Oxygen Saturation, Garcia & Gordon [ml/l]
# name 9 = oxsatML/L: Oxygen Saturation, Weiss [ml/l]
# name 10 = ph: pH
# name 11 = flECO-AFL: Fluorescence, WET Labs ECO-AFL/FL [mg/m^3]
# name 12 = n2satML/L: Nitrogen Saturation [ml/l]
# name 13 = c0S/m: Conductivity [S/m]
# name 14 = cpar: CPAR/Corrected Irradiance [%]
# name 15 = sigma-é00: Density [sigma-theta, kg/m^3]
# name 16 = sigma-t00: Density [sigma-t, kg/m^3 ]
# name 17 = par: PAR/Irradiance, Biospherical/Licor
# name 18 = prDM: Pressure, Digiquartz [db]
# name 19 = pumps: Pump Status
# name 20 = scan: Scan Count
# name 21 = svCM: Sound Velocity [Chen-Millero, m/s]
# name 22 = spar: SPAR, Biospherical/Licor
# name 23 = specc: Specific Conductance [uS/cm]
# name 24 = timeS: Time, Elapsed [seconds]
# name 25 = timeY: Time, System [seconds]
# name 26 = accM: Acceleration [m/s^2]
# name 27 = dz/dtM: Descent Rate [m/s]
# name 28 = latitude: Latitude [deg]
# name 29 = longitude: Longitude [deg]
# name 30 = gsw_saA0: Absolute Salinity [g/kg]
# name 31 = gsw_densityA0: density, TEOS-10 [density, kg/m^3]
# name 32 = gsw_sigma0A0: density, TEOS-10 [sigma-0, kg/m^3 ]
# name 33 = gsw_ptA0: potential temperature [ITS-90, deg C]
# name 34 = flag: flag
# span 0 =      0.986,    500.537       
# span 1 =     6.5641,    13.8116       
# span 2 =    33.0324,    35.6830       
# span 3 =  1025.8892,  1029.8506       
# span 4 =     1.5516,     2.8202       
# span 5 =     2.9906,     7.2680       
# span 6 =     47.549,    106.075       
# span 7 =   -0.02085,    0.15740       
# span 8 =    5.80616,    6.96323       
# span 9 =    5.80323,    6.97074       
# span 10 =      4.934,     12.645      
# span 11 =    -0.0565,     1.3405      
# span 12 =   10.54983,   12.53139      
# span 13 =   3.342312,   4.250583      
# span 14 = -6.897e+03, 1.0551e+05      
# span 15 =    25.8800,    27.5485      
# span 16 =    25.8800,    27.5422      
# span 17 = 1.0000e-12, 4.8198e-01      
# span 18 =      1.000,    505.000      
# span 19 =          1,          1      
# span 20 =        -28,      76111      
# span 21 =    1475.91,    1505.71      
# span 22 = -1.089e-01, 2.1356e+00      
# span 23 =  52354.072,  55731.335      
# span 24 =     -1.218,   3171.255      
# span 25 = 1549498357, 1549501529      
# span 26 =      -0.95,       0.60      
# span 27 =     -1.669,      0.894      
# span 28 =   39.69944,   39.70617      
# span 29 =  -71.78385,  -71.76118      
# span 30 =    33.1893,    35.8548      
# span 31 =  1025.8916,  1029.8536      
# span 32 =    25.8824,    27.5515      
# span 33 =     6.5171,    13.7937      
# span 34 = 0.0000e+00, 0.0000e+00      
# interval = decibars: 1                
# start_time = Feb 07 2019 00:12:38 [System UTC, first data scan.]
# bad_flag = -9.990e-29
*END*
[from data line 498]
    495.585     6.6024    35.0825  1029.8238     1.8387     4.2666     62.653    0.00000    6.80985    6.82115      8.074    -0.0329   12.21473   3.521752 1.4137e+04    27.5448    27.5385 1.0000e-12    500.000          1      39853    1485.44 1.6955e+00  55718.753   1660.515 1549500018       0.38      0.693   39.70328  -71.77320    35.2494  1029.8260    27.5471     6.5558 0.0000e+00
    496.581     6.5959    35.0823  1029.8291     1.8397     4.2736     62.752    0.00038    6.81022    6.82154      8.081    -0.0228   12.21535   3.521208 7.1222e+04    27.5455    27.5392 1.0000e-12    501.000          1      39939    1485.43 5.6827e-01  55721.162   1664.069 1549500022      -0.05      0.704   39.70328  -71.77321    35.2496  1029.8316    27.5481     6.5492 0.0000e+00
    497.572     6.5904    35.0819  1029.8342     1.8404     4.2770     62.793    0.00036    6.81130    6.82263      8.100    -0.0316   12.21712   3.520726 9.7604e+03    27.5459    27.5397 1.0000e-12    502.000          1      40056    1485.42 1.7820e+00  55722.997   1668.975 1549500027      -0.09      0.753   39.70328  -71.77325    35.2493  1029.8368    27.5487     6.5437 0.0000e+00
    498.556     6.5826    35.0813  1029.8393     1.8408     4.2836     62.874    0.00019    6.81301    6.82437      4.934    -0.0399   12.21996   3.520034 5.0640e-11    27.5465    27.5402 1.0000e-12    503.000          1      40674    1485.41 1.9747e+00  55725.186   1694.713 1549500053      -0.07      0.371   39.70332  -71.77342    35.2491  1029.8423    27.5495     6.5358 0.0000e+00
    499.547     6.5721    35.0809  1029.8451 -9.990e-29     4.2848     62.873   -0.00020    6.81496    6.82635      5.284    -0.0352   12.22319   3.519058 3.6676e+04    27.5476    27.5414 1.0000e-12    504.000          1      40879    1485.38 1.2504e+00  55728.586   1703.257 1549500061       0.19      0.444   39.70334  -71.77348    35.2485  1029.8479    27.5505     6.5253 0.0000e+00
    500.537     6.5641    35.0806  1029.8506     1.8432     4.2857     62.901    0.00009    6.81344    6.82480      5.501    -0.0403   12.22067   3.518365 8.0995e+04    27.5485    27.5422 1.0000e-12    505.000          1      40986    1485.37 3.7527e-01  55731.335   1707.691 1549500066      -0.43      0.086   39.70334  -71.77350    35.2485  1029.8536    27.5515     6.5171 0.0000e+00
    499.550     6.5711    35.0806  1029.8450     1.8444     4.2942     63.034    0.00068    6.81257    6.82393      5.587    -0.0096   12.21924   3.519000 -6.646e+03    27.5475    27.5412 1.0000e-12    504.000          1      41022    1485.38 2.1059e+00  55728.403   1709.194 1549500067      -0.22     -0.417   39.70334  -71.77350    35.2489  1029.8484    27.5509     6.5243 0.0000e+00
    498.542     6.5766    35.0807  1029.8397     1.8442     4.2880     62.936   -0.00001    6.81328    6.82464      5.762    -0.0303   12.22041   3.519504 5.0640e-11    27.5469    27.5406 1.0000e-12    503.000          1      41079    1485.38 1.9747e+00  55726.261   1711.595 1549500070      -0.13     -0.738   39.70334  -71.77353    35.2494  1029.8434    27.5505     6.5298 0.0000e+00
    497.557     6.5817    35.0808  1029.8345     1.8440     4.2865     62.916   -0.00003    6.81302    6.82438      6.194    -0.0279   12.21998   3.519926 5.0640e-11    27.5462    27.5400 1.0000e-12    502.000          1      41289    1485.39 1.9747e+00  55724.071   1720.314 1549500078       0.22     -0.664   39.70336  -71.77360    35.2493  1029.8381    27.5498     6.5350 0.0000e+00
    496.555     6.5879    35.0810  1029.8291     1.8436     4.2824     62.869   -0.00018    6.81165    6.82298      6.565    -0.0298   12.21771   3.520478 5.0640e-11    27.5455    27.5393 1.0000e-12    501.000          1      41554    1485.40 1.9747e+00  55721.720   1731.372 1549500089      -0.01     -0.968   39.70339  -71.77366    35.2496  1029.8329    27.5492     6.5413 0.0000e+00
    495.576     6.6004    35.0815  1029.8233     1.8425     4.2763     62.793   -0.00025    6.81021    6.82152      6.891    -0.0271   12.21533   3.521650 5.0640e-11    27.5443    27.5380 1.0000e-12    500.000          1      41953    1485.43 1.9747e+00  55717.985   1747.984 1549500106       0.07     -0.522   39.70342  -71.77379    35.2503  1029.8270    27.5481     6.5538 0.0000e+00
    494.589     6.6229    35.0823  1029.8161     1.8414     4.2646     62.679   -0.00013    6.80382    6.81503      7.226    -0.0273   12.20478   3.523773 1.7177e+04    27.5419    27.5356 1.0764e-03    499.000          1      42435    1485.50 1.4094e+00  55711.544   1768.086 1549500126      -0.14     -0.340   39.70346  -71.77392    35.2514  1029.8200    27.5459     6.5764 0.0000e+00
    493.605     6.6440    35.0832  1029.8091     1.8371     4.2428     62.391   -0.00110    6.80038    6.81152      7.298    -0.0180   12.19908   3.525779 -2.488e+02    27.5397    27.5334 2.8855e-04    498.000          1      42562    1485.57 -9.990e-29  55705.586   1773.377 1549500131       0.02     -0.299   39.70346  -71.77397    35.2526  1029.8134    27.5440     6.5975 0.0000e+00
    492.618     6.6562    35.0839  1029.8033     1.8361     4.2446     62.457   -0.00007    6.79603    6.80710      7.920    -0.0145   12.19190   3.526921 7.3639e-03    27.5386    27.5323 1.4542e-04    497.000          1      42626    1485.60 1.9747e+00  55702.127   1776.022 1549500134      -0.07     -0.389   39.70348  -71.77398    35.2533  1029.8075    27.5428     6.6097 0.0000e+00
    491.630     6.6660    35.0842  1029.7976     1.8356     4.2376     62.387   -0.00033    6.79251    6.80353      8.786 -9.990e-29   12.18609   3.527858 2.2896e-03    27.5375    27.5312 4.5213e-05    496.000          1      42658    1485.62 1.9747e+00  55698.844   1777.369 1549500135      -0.37     -0.637   39.70346  -71.77398    35.2541  1029.8022    27.5422     6.6196 0.0000e+00
    490.634     6.6767    35.0846  1029.7918     1.8348     4.2305     62.297   -0.00067    6.79082    6.80180      7.957 -9.990e-29   12.18328   3.528842 2.4359e-02    27.5364    27.5301 4.8103e-04    495.000          1      42680    1485.65 1.9747e+00  55695.506   1778.271 1549500136      -0.30     -0.953   39.70346  -71.77398    35.2547  1029.7965    27.5412     6.6303 0.0000e+00
    489.641     6.6890    35.0847  1029.7855     1.8339     4.2238     62.213   -0.00093    6.78939    6.80035      7.488 -9.990e-29   12.18094   3.530007 3.5778e-02    27.5348    27.5285 7.0654e-04    494.000          1      42700    1485.68 1.9747e+00  55691.217   1779.141 1549500137      -0.10     -1.131   39.70348  -71.77400    35.2555  1029.7908    27.5402     6.6427 0.0000e+00
    488.649     6.7047    35.0853  1029.7791     1.8324     4.2158     62.098   -0.00129    6.78894    6.79990      7.500    -0.0276   12.18018   3.531492 6.6870e-02    27.5331    27.5269 1.3205e-03    493.000          1      42724    1485.72 -9.990e-29  55686.677   1780.110 1549500138       0.11     -1.100   39.70348  -71.77400    35.2564  1029.7847    27.5388     6.6584 0.0000e+00
    487.658     6.7224    35.0863  1029.7728     1.8295     4.2037     61.931   -0.00145    6.78774    6.79867      7.523    -0.0229   12.17819   3.533125 2.5013e-01    27.5315    27.5252 4.8179e-03    492.000          1      42772    1485.78 1.9747e+00  55682.099   1782.118 1549500140       0.06     -0.689   39.70348  -71.77403    35.2569  1029.7780    27.5367     6.6762 0.0000e+00
    486.676     6.7326    35.0869  1029.7672     1.8278     4.2070     62.025    0.00004    6.78284    6.79370      7.568    -0.0334   12.17010   3.534019 3.2100e-01    27.5306    27.5243 6.3384e-03    491.000          1      42849    1485.80 1.9747e+00  55679.094   1785.341 1549500143      -0.82     -0.542   39.70348  -71.77404    35.2569  1029.7719    27.5353     6.6864 0.0000e+00
    485.676     6.7427    35.0873  1029.7615     1.8271     4.2006     61.960   -0.00012    6.77963    6.79044      7.580    -0.0205   12.16479   3.535000 1.3017e-01    27.5295    27.5232 2.5706e-03    490.000          1      42870    1485.83 1.9747e+00  55675.893   1786.223 1549500144      -0.32     -1.064   39.70348  -71.77406    35.2579  1029.7667    27.5348     6.6966 0.0000e+00
    484.693     6.7589    35.0881  1029.7551     1.8259     4.1860     61.782   -0.00098    6.77550    6.78623      7.591    -0.0219   12.15798   3.536551 9.3755e-02    27.5279    27.5216 1.8514e-03    489.000          1      42897    1485.87 1.9747e+00  55671.395   1787.323 1549500145       0.22     -1.015   39.70348  -71.77406    35.2591  1029.7606    27.5334     6.7128 0.0000e+00
    483.705     6.7717    35.0885  1029.7491     1.8239     4.1734     61.623   -0.00144    6.77259    6.78328      7.604    -0.0145   12.15316   3.537758 1.9868e-01    27.5265    27.5202 3.9235e-03    488.000          1      42925    1485.91 1.9747e+00  55667.558   1788.496 1549500146       0.02     -0.849   39.70348  -71.77407    35.2599  1029.7548    27.5323     6.7256 0.0000e+00
    482.707     6.8032    35.0894  1029.7405     1.8215     4.1602     61.432   -0.00201    6.77204    6.78272      7.616    -0.0373   12.15226   3.540821 2.2258e-01    27.5229    27.5166 4.3955e-03    487.000          1      42952    1486.01 1.9747e+00  55658.652   1789.622 1549500147      -0.02     -0.886   39.70349  -71.77408    35.2621  1029.7473    27.5297     6.7572 0.0000e+00
    481.726     6.8388    35.0903  1029.7314     1.8164     4.1457     61.258   -0.00132    6.76771    6.77832     10.841    -0.0321   12.14510   3.544022 2.3963e-01    27.5187    27.5124 4.7320e-03    486.000          1      43033    1486.14 1.9747e+00  55648.475   1793.020 1549500151      -0.07     -0.286   39.70350  -71.77410    35.2617  1029.7372    27.5246     6.7927 0.0000e+00
    480.742     6.8586    35.0920  1029.7253     1.8141     4.1356     61.128   -0.00136    6.76559    6.77616     12.357    -0.0372   12.14158   3.545974 1.0117e-01    27.5173    27.5110 1.9979e-03    485.000          1      43083    1486.20 -9.990e-29  55644.375   1795.063 1549500153      -0.51     -0.576   39.70350  -71.77412    35.2635  1029.7312    27.5233     6.8125 0.0000e+00
    479.740     6.8704    35.0920  1029.7189     1.8134     4.1361     61.136   -0.00100    6.76541    6.77598     12.404    -0.0265   12.14129   3.546997 2.4104e-01    27.5157    27.5093 4.7600e-03    484.000          1      43102    1486.23 1.9747e+00  55640.006   1795.869 1549500154      -0.39     -1.000   39.70350  -71.77412    35.2632  1029.7247    27.5214     6.8244 0.0000e+00
    478.744     6.8750    35.0922  1029.7138     1.8126     4.1346     61.119   -0.00081    6.76474    6.77530     12.506    -0.0216   12.14018   3.547339 7.9580e-01    27.5152    27.5089 1.5715e-02    483.000          1      43126    1486.23 1.9747e+00  55638.293   1796.858 1549500155       0.10     -1.109   39.70350  -71.77412    35.2629  1029.7192    27.5205     6.8291 0.0000e+00
    477.765     6.8800    35.0927  1029.7091     1.8109     4.1259     61.001   -0.00106    6.76375    6.77429     12.645    -0.0257   12.13854   3.547771 1.1176e+00    27.5149    27.5086 2.2069e-02    482.000          1      43163    1486.23 1.9747e+00  55636.931   1798.437 1549500156       0.26     -0.673   39.70352  -71.77414    35.2631  1029.7140    27.5200     6.8341 0.0000e+00
    476.769     6.8866    35.0933  1029.7039     1.8089     4.1186     60.902   -0.00107    6.76272    6.77325     12.499    -0.0230   12.13685   3.548370 1.3650e+00    27.5144    27.5081 2.6954e-02    481.000          1      43207    1486.24 1.9747e+00  55634.990   1800.246 1549500158       0.12     -0.573   39.70352  -71.77415    35.2634  1029.7088    27.5193     6.8408 0.0000e+00
    475.794     6.8997    35.0938  1029.6979     1.8083     4.1223     61.029    0.00039    6.75457    6.76496      6.372    -0.0517   12.12336   3.549577 2.2721e+00    27.5131    27.5068 4.4903e-02    480.000          1      43295    1486.28 1.9747e+00  55631.224   1803.916 1549500162      -0.08     -0.099   39.70352  -71.77418    35.2638  1029.7026    27.5178     6.8540 0.0000e+00
    474.807     6.9094    35.0945  1029.6925     1.8078     4.1145     60.937   -0.00011    6.75198    6.76233      7.735    -0.0263   12.11908   3.550596 2.2616e+00    27.5122    27.5059 4.4660e-02    479.000          1      43319    1486.30 1.9747e+00  55628.655   1804.917 1549500163      -0.66     -0.623   39.70352  -71.77418    35.2657  1029.6981    27.5180     6.8637 0.0000e+00
    473.803     6.9276    35.0953  1029.6858     1.8068     4.1030     60.780   -0.00095    6.75057    6.76090      7.739    -0.0375   12.11677   3.552405 1.3815e+00    27.5104    27.5040 2.7280e-02    478.000          1      43334    1486.36 1.9747e+00  55623.622   1805.549 1549500163      -0.71     -1.102   39.70352  -71.77418    35.2677  1029.6924    27.5170     6.8820 0.0000e+00
    472.800     6.9437    35.0958  1029.6792     1.8058     4.0952     60.673   -0.00136    6.74964    6.75995      7.740    -0.0331   12.11522   3.553865 1.2522e+00    27.5085    27.5022 2.4727e-02    477.000          1      43350    1486.40 1.9747e+00  55618.997   1806.217 1549500164      -0.31     -1.446   39.70352  -71.77418    35.2678  1029.6856    27.5149     6.8981 0.0000e+00
    471.813     6.9612    35.0963  1029.6724     1.8029     4.0807     60.461   -0.00193    6.74927    6.75957      7.746    -0.0281   12.11460   3.555443 1.1213e+00    27.5065    27.5001 2.2143e-02    476.000          1      43382    1486.45 1.9747e+00  55613.714   1807.542 1549500165       0.39     -1.018   39.70353  -71.77420    35.2679  1029.6784    27.5125     6.9157 0.0000e+00
    470.842     6.9909    35.0975  1029.6644     1.7971     4.0687     60.316   -0.00074    6.74564    6.75589      7.781    -0.0378   12.10861   3.558119 1.3957e+00    27.5033    27.4969 2.7705e-02    475.000          1      43485    1486.56 1.9747e+00  55605.962   1811.842 1549500170      -0.17      0.071   39.70354  -71.77424    35.2676  1029.6692    27.5081     6.9454 0.0000e+00
    469.852     6.9966    35.0982  1029.6596     1.7968     4.0641     60.267   -0.00087    6.74352    6.75373      7.778    -0.0481   12.10510   3.558729 1.5043e+00    27.5030    27.4967 2.9704e-02    474.000          1      43520    1486.56 1.9747e+00  55604.679   1813.295 1549500171      -0.58     -0.585   39.70354  -71.77424    35.2690  1029.6649    27.5084     6.9512 0.0000e+00
    468.852     7.0039    35.0985  1029.6541     1.7958     4.0601     60.221   -0.00086    6.74217    6.75236      7.782    -0.0398   12.10288   3.559353 1.7219e+00    27.5022    27.4959 3.4004e-02    473.000          1      43539    1486.57 1.9747e+00  55602.159   1814.067 1549500172      -0.47     -1.035   39.70354  -71.77424    35.2690  1029.6593    27.5074     6.9585 0.0000e+00
    467.858     7.0091    35.0986  1029.6489     1.7951     4.0573     60.181   -0.00093    6.74186    6.75205      7.786    -0.0392   12.10236   3.559819 1.5830e+00    27.5016    27.4953 3.1260e-02    472.000          1      43558    1486.58 1.9747e+00  55600.120   1814.868 1549500173      -0.10     -1.250   39.70354  -71.77425    35.2693  1029.6542    27.5069     6.9638 0.0000e+00
    466.863     7.0159    35.0987  1029.6434     1.7944     4.0555     60.156   -0.00085    6.74171    6.75189      7.791    -0.0144   12.10210   3.560394 1.6829e+00    27.5007    27.4944 3.3234e-02    471.000          1      43580    1486.59 1.9747e+00  55597.596   1815.812 1549500174       0.17     -1.180   39.70354  -71.77426    35.2692  1029.6486    27.5059     6.9707 0.0000e+00
