CalculateIndicators/WaterTemperature/Data/CTD_NYOS/NY1902_07_3_4.cnv
* Sea-Bird SBE 9 Data File:
* FileName = C:\Seabird 9 CTD\Data\2019\201902_Offshore\NY1902_ctd_casts\NY1902_07_3_4.hex
* Software Version Seasave V 7.23.2
* Temperature SN = 4590
* Conductivity SN = 3228
* Number of Bytes Per Scan = 44
* Number of Voltage Words = 5
* Number of Scans Averaged by the Deck Unit = 1
* NMEA Latitude = 39 59.15 N
* NMEA Longitude = 072 13.06 W
* NMEA UTC (Time) = Feb 07 2019  10:06:34
* NMEA baud rate = 4800
** Ship: Seawolf
** Station: 3_4
** Operator: HBB
# nquan = 35
# nvalues = 158                         
# units = specified
# name 0 = depSM: Depth [salt water, m]
# name 1 = t090C: Temperature [ITS-90, deg C]
# name 2 = sal00: Salinity, Practical [PSU]
# name 3 = density00: Density [density, kg/m^3]
# name 4 = sbeox0V: Oxygen raw, SBE 43 [V]
# name 5 = sbeox0ML/L: Oxygen, SBE 43 [ml/l]
# name 6 = sbeox0PS: Oxygen, SBE 43 [% saturation]
# name 7 = sbox0dV/dT: Oxygen, SBE 43 [dov/dt]
# name 8 = oxsolML/L: Oxygen Saturation, Garcia & Gordon [ml/l]
# name 9 = oxsatML/L: Oxygen Saturation, Weiss [ml/l]
# name 10 = ph: pH
# name 11 = flECO-AFL: Fluorescence, WET Labs ECO-AFL/FL [mg/m^3]
# name 12 = n2satML/L: Nitrogen Saturation [ml/l]
# name 13 = c0S/m: Conductivity [S/m]
# name 14 = cpar: CPAR/Corrected Irradiance [%]
# name 15 = sigma-é00: Density [sigma-theta, kg/m^3]
# name 16 = sigma-t00: Density [sigma-t, kg/m^3 ]
# name 17 = par: PAR/Irradiance, Biospherical/Licor
# name 18 = prDM: Pressure, Digiquartz [db]
# name 19 = pumps: Pump Status
# name 20 = scan: Scan Count
# name 21 = svCM: Sound Velocity [Chen-Millero, m/s]
# name 22 = spar: SPAR, Biospherical/Licor
# name 23 = specc: Specific Conductance [uS/cm]
# name 24 = timeS: Time, Elapsed [seconds]
# name 25 = timeY: Time, System [seconds]
# name 26 = accM: Acceleration [m/s^2]
# name 27 = dz/dtM: Descent Rate [m/s]
# name 28 = latitude: Latitude [deg]
# name 29 = longitude: Longitude [deg]
# name 30 = gsw_saA0: Absolute Salinity [g/kg]
# name 31 = gsw_densityA0: density, TEOS-10 [density, kg/m^3]
# name 32 = gsw_sigma0A0: density, TEOS-10 [sigma-0, kg/m^3 ]
# name 33 = gsw_ptA0: potential temperature [ITS-90, deg C]
# name 34 = flag: flag
# span 0 =      0.995,     79.388       
# span 1 =     7.4229,     9.6948       
# span 2 =    33.1235,    33.9845       
# span 3 =  1025.8851,  1026.5730       
# span 4 =     2.4603,     2.7673       
# span 5 =     5.6261,     6.7806       
# span 6 =     87.541,    101.035       
# span 7 =   -0.02874,    0.02513       
# span 8 =    6.41276,    6.81899       
# span 9 =    6.41658,    6.82662       
# span 10 =      8.050,      8.102      
# span 11 =     0.2420,     1.2521      
# span 12 =   11.57264,   12.26946      
# span 13 =   3.395684,   3.685167      
# span 14 = -1.437e+04, 1.0135e+05      
# span 15 =    25.8805,    26.2116      
# span 16 =    25.8805,    26.2102      
# span 17 = 1.0000e-12, 1.0000e-12      
# span 18 =      1.000,     80.000      
# span 19 =          1,          1      
# span 20 =       1370,      19615      
# span 21 =    1478.02,    1488.81      
# span 22 = -2.678e-02, 2.2584e+00      
# span 23 =  52348.129,  53103.344      
# span 24 =     57.029,    817.233      
# span 25 = 1549534052, 1549534812      
# span 26 =      -0.73,       0.69      
# span 27 =     -0.923,      0.939      
# span 28 =   39.98608,   39.98848      
# span 29 =  -72.21900,  -72.21772      
# span 30 =    33.2804,    34.1472      
# span 31 =  1025.8875,  1026.5774      
# span 32 =    25.8829,    26.2162      
# span 33 =     7.4215,     9.6858      
# span 34 = 0.0000e+00, 0.0000e+00      
# interval = decibars: 1                
# start_time = Feb 07 2019 10:06:35 [System UTC, first data scan.]
# bad_flag = -9.990e-29
*END*
[from data line 83]
     74.420     8.5824    33.6300  1026.4524     2.6677     6.3689     96.897    0.00229    6.57282    6.57864 -9.990e-29     0.3503   11.84102   3.548657 5.0640e-11    26.1116    26.1104 1.0000e-12     75.000          1       8151    1484.20 1.9747e+00  52841.162    339.603 1549534334      -0.10     -0.193   39.98694  -72.21831    33.7831  1026.4502    26.1095     8.5747 0.0000e+00
     73.410     8.5868    33.6300  1026.4470     2.6694     6.3698     96.915    0.00171    6.57253    6.57835 -9.990e-29     0.3166   11.84054   3.549081 5.0640e-11    26.1108    26.1097 1.0000e-12     74.000          1       8189    1484.20 1.9747e+00  52839.335    341.175 1549534336      -0.14     -0.685   39.98694  -72.21832    33.7839  1026.4456    26.1094     8.5792 0.0000e+00
     72.425     8.5757    33.6263  1026.4413     2.6723     6.3799     96.947    0.00097    6.58085    6.58679      8.099     0.2546   11.85447   3.547890 5.0640e-11    26.1097    26.1085 1.0000e-12     73.000          1       8306    1484.14 1.9747e+00  52836.042    346.024 1549534341      -0.68     -0.482   39.98696  -72.21832    33.7823  1026.4415    26.1098     8.5682 0.0000e+00
     71.430     8.5412    33.6171  1026.4349     2.6759     6.3941     97.093    0.00092    6.58554    6.59154      8.102     0.4175   11.86232   3.543801 5.0640e-11    26.1077    26.1066 1.0000e-12     72.000          1       8373    1483.98 1.9747e+00  52830.197    348.829 1549534344      -0.31     -0.491   39.98697  -72.21833    33.7725  1026.4347    26.1075     8.5338 0.0000e+00
     70.437     8.5034    33.6074  1026.4286     2.6797     6.4116     97.328    0.00156    6.58758    6.59360      8.102     0.4216   11.86572   3.539410 5.0640e-11    26.1058    26.1047 1.0000e-12     71.000          1       8440    1483.81 1.9747e+00  52824.551    351.625 1549534346      -0.10     -0.569   39.98698  -72.21834    33.7626  1026.4281    26.1054     8.4961 0.0000e+00
     69.456     8.4633    33.5952  1026.4207     2.6819     6.4101     97.161   -0.00071    6.59740    6.60354      8.100     0.2633   11.88221   3.534803 5.0640e-11    26.1024    26.1013 1.0000e-12     70.000          1       8587    1483.63 1.9747e+00  52815.951    357.756 1549534352      -0.14     -0.174   39.98700  -72.21834    33.7526  1026.4219    26.1037     8.4561 0.0000e+00
     68.456     8.4409    33.5864  1026.4126     2.6818     6.4174     97.237    0.00005    6.59978    6.60595      8.099     0.3519   11.88620   3.531769 5.0640e-11    26.0989    26.0978 1.0000e-12     69.000          1       8630    1483.52 1.9747e+00  52808.047    359.536 1549534354      -0.02     -0.484   39.98700  -72.21834    33.7422  1026.4127    26.0990     8.4339 0.0000e+00
     67.471     8.4048    33.5742  1026.4041     2.6813     6.4168     97.195   -0.00011    6.60199    6.60819 -9.990e-29     0.2870   11.88991   3.527455 5.0640e-11    26.0948    26.0937 1.0000e-12     68.000          1       8740    1483.35 1.9747e+00  52798.461    364.105 1549534359      -0.28     -0.103   39.98702  -72.21834    33.7314  1026.4052    26.0960     8.3980 0.0000e+00
     66.465     8.3978    33.5713  1026.3982     2.6802     6.4199     97.130   -0.00008    6.60966    6.61596      8.098     0.2989   11.90278   3.526384 -9.990e-29    26.0935    26.0925 1.0000e-12     67.000          1       8814    1483.30 -9.990e-29  52795.333    367.203 1549534362      -0.56     -0.781   39.98702  -72.21834    33.7272  1026.3985    26.0938     8.3910 0.0000e+00
     65.480     8.3576    33.5575  1026.3890     2.6816     6.4305     97.217    0.00023    6.61452    6.62088      8.098     0.2847   11.91093   3.521382 9.9999e+04    26.0887    26.0877 1.0000e-12     66.000          1       8907    1483.12 0.0000e+00  52784.416    371.091 1549534366       0.11     -0.527   39.98705  -72.21834    33.7130  1026.3890    26.0887     8.3509 0.0000e+00
     64.492     8.2975    33.5382  1026.3785     2.6839     6.4465     97.318    0.00035    6.62420    6.63068 -9.990e-29     0.3546   11.92721   3.514109 2.2534e+04    26.0826    26.0817 1.0000e-12     65.000          1       9022    1482.85 1.5297e+00  52770.544    375.890 1549534371       0.05     -0.382   39.98706  -72.21834    33.6936  1026.3783    26.0825     8.2910 0.0000e+00
     63.494     8.2735    33.5267  1026.3685     2.6835     6.4421     97.254   -0.00010    6.62399    6.63047      8.096     0.3257   11.92685   3.510780 9.1924e+02    26.0772    26.0763 1.0000e-12     64.000          1       9078    1482.73 1.9565e+00  52759.254    378.216 1549534373      -0.19     -0.526   39.98706  -72.21834    33.6816  1026.3680    26.0767     8.2670 0.0000e+00
     62.502     8.2431    33.5125  1026.3574     2.6798     6.4460     96.979   -0.00093    6.64688    6.65365      8.097     0.4561   11.96526   3.506428 5.0640e-11    26.0706    26.0697 1.0000e-12     63.000          1       9202    1482.58 1.9747e+00  52745.739    383.383 1549534378      -0.35     -0.791   39.98708  -72.21836    33.6648  1026.3549    26.0681     8.2368 0.0000e+00
     61.511     8.1299    33.4747  1026.3402     2.6905     6.4997     97.787    0.00216    6.64682    6.65359      8.095     0.6306   11.96520   3.492751 5.2321e+04    26.0578    26.0569 1.0000e-12     62.000          1       9929    1482.09 9.4151e-01  52718.303    413.685 1549534408       0.02     -0.558   39.98718  -72.21837    33.6277  1026.3383    26.0559     8.1237 0.0000e+00
     60.524     8.1054    33.4642  1026.3311     2.6955     6.5005     97.732   -0.00024    6.65138    6.65819      8.092     0.5531   11.97286   3.489975 6.7209e+02    26.0531    26.0522 1.0000e-12     61.000          1      10691    1481.97 1.9614e+00  52708.598    445.413 1549534440      -0.05     -0.532   39.98728  -72.21838    33.6219  1026.3329    26.0550     8.0993 0.0000e+00
     59.526     8.1010    33.4623  1026.3256     2.6936     6.4905     97.581   -0.00083    6.65145    6.65827      8.092     0.5632   11.97300   3.489384 5.0640e-11    26.0523    26.0514 1.0000e-12     60.000          1      10746    1481.94 1.9747e+00  52706.253    447.718 1549534442      -0.08     -0.541   39.98728  -72.21838    33.6202  1026.3277    26.0543     8.0951 0.0000e+00
     58.538     8.0995    33.4607  1026.3200     2.6920     6.4909     97.586    0.00006    6.65147    6.65829      8.091     0.4091   11.97304   3.489098 5.0640e-11    26.0512    26.0503 1.0000e-12     59.000          1      10856    1481.91 1.9747e+00  52703.663    452.295 1549534447      -0.23     -0.329   39.98730  -72.21838    33.6191  1026.3225    26.0536     8.0937 0.0000e+00
     57.551     8.0992    33.4601  1026.3151     2.6918     6.4891     97.555    0.00006    6.65169    6.65851      8.091     0.4365   11.97340   3.488984 -9.990e-29    26.0508    26.0499 1.0000e-12     58.000          1      10933    1481.89 -9.990e-29  52702.232    455.481 1549534450      -0.57     -0.360   39.98732  -72.21838    33.6186  1026.3176    26.0533     8.0934 0.0000e+00
     56.549     8.0987    33.4599  1026.3104     2.6913     6.4863     97.514   -0.00014    6.65167    6.65849      8.089     0.5159   11.97337   3.488871 5.0640e-11    26.0507    26.0498 1.0000e-12     57.000          1      10967    1481.87 1.9747e+00  52701.410    456.935 1549534452       0.01     -0.671   39.98732  -72.21838    33.6184  1026.3129    26.0532     8.0930 0.0000e+00
     55.561     8.0989    33.4591  1026.3052     2.6892     6.4778     97.370   -0.00043    6.65274    6.65958      8.089     0.5374   11.97518   3.488785 5.0640e-11    26.0500    26.0492 1.0000e-12     56.000          1      11078    1481.86 1.9747e+00  52699.598    461.527 1549534456      -0.09     -0.328   39.98734  -72.21840    33.6177  1026.3078    26.0526     8.0934 0.0000e+00
     54.577     8.0915    33.4568  1026.2999     2.6873     6.4736     97.276   -0.00038    6.65494    6.66180      8.088     0.4258   11.97889   3.487820 -9.990e-29    26.0493    26.0485 1.0000e-12     55.000          1      11162    1481.81 -9.990e-29  52697.387    465.026 1549534460      -0.09     -0.266   39.98734  -72.21840    33.6149  1026.3021    26.0515     8.0861 0.0000e+00
     53.579     8.0812    33.4518  1026.2930     2.6880     6.4801     97.374    0.00033    6.65493    6.66179      8.088     0.4701   11.97890   3.486377 -9.990e-29    26.0469    26.0461 1.0000e-12     54.000          1      11219    1481.75 -9.990e-29  52692.160    467.398 1549534462       0.07     -0.369   39.98734  -72.21840    33.6099  1026.2952    26.0491     8.0759 0.0000e+00
     52.586     8.0795    33.4476  1026.2853     2.6933     6.5048     97.744    0.00162    6.65498    6.66183      8.090     0.6437   11.97899   3.485814 9.9999e+04    26.0438    26.0430 1.0000e-12     53.000          1      11302    1481.72 0.0000e+00  52685.841    470.860 1549534466      -0.01     -0.280   39.98736  -72.21840    33.6059  1026.2877    26.0462     8.0743 0.0000e+00
     51.604     8.0795    33.4466  1026.2800     2.6969     6.5025     97.694   -0.00006    6.65603    6.66289      8.090     0.3987   11.98080   3.485691 9.9999e+04    26.0430    26.0422 1.0000e-12     52.000          1      11411    1481.70 0.0000e+00  52683.794    475.425 1549534470      -0.36     -0.174   39.98736  -72.21840    33.6051  1026.2826    26.0456     8.0743 0.0000e+00
     50.599     8.0792    33.4458  1026.2748     2.6977     6.5094     97.798    0.00051    6.65599    6.66285      8.090     0.4619   11.98074   3.485504 -9.990e-29    26.0424    26.0417 1.0000e-12     51.000          1      11437    1481.69 -9.990e-29  52682.153    476.509 1549534471      -0.69     -0.753   39.98736  -72.21840    33.6039  1026.2770    26.0446     8.0741 0.0000e+00
     49.595     8.0742    33.4398  1026.2662     2.7007     6.5277     98.068    0.00178    6.65625    6.66311 -9.990e-29     0.4738   11.98119   3.484448 -9.990e-29    26.0384    26.0377 1.0000e-12     50.000          1      11491    1481.64 -9.990e-29  52674.062    478.741 1549534473      -0.17     -0.892   39.98737  -72.21841    33.5978  1026.2685    26.0406     8.0693 0.0000e+00
     48.613     8.0685    33.4352  1026.2589     2.7040     6.5319     98.113    0.00104    6.65757    6.66445 -9.990e-29     0.5526   11.98344   3.483453 -9.990e-29    26.0356    26.0349 1.0000e-12     49.000          1      11605    1481.60 -9.990e-29  52668.218    483.513 1549534478      -0.29     -0.560   39.98738  -72.21842    33.5931  1026.2611    26.0378     8.0636 0.0000e+00
     47.624     8.0660    33.4332  1026.2532     2.7082     6.5474     98.342    0.00151    6.65778    6.66466 -9.990e-29     0.5138   11.98380   3.483036 -9.990e-29    26.0344    26.0337 1.0000e-12     48.000          1      11673    1481.57 -9.990e-29  52665.394    486.322 1549534481      -0.62     -0.582   39.98740  -72.21842    33.5914  1026.2556    26.0368     8.0613 0.0000e+00
     46.626     8.0650    33.4310  1026.2471     2.7086     6.5421     98.262    0.00062    6.65787    6.66475      8.091     0.5448   11.98395   3.482718 8.9541e+03    26.0329    26.0322 1.0000e-12     47.000          1      11831    1481.55 1.7979e+00  52661.894    492.917 1549534488      -0.18     -0.387   39.98741  -72.21842    33.5895  1026.2497    26.0354     8.0604 0.0000e+00
     45.635     8.0621    33.4274  1026.2401     2.7151     6.5648     98.614    0.00135    6.65704    6.66391      8.093     0.5738   11.98266   3.482087 -9.990e-29    26.0304    26.0297 1.0000e-12     46.000          1      13027    1481.52 -9.990e-29  52656.787    542.735 1549534537      -0.30     -0.334   39.98759  -72.21849    33.5860  1026.2428    26.0331     8.0575 0.0000e+00
     44.650     8.0750    33.4249  1026.2316     2.7235     6.5966     99.121    0.00276    6.65505    6.66188      8.094     0.4787   11.97940   3.483031 -9.990e-29    26.0265    26.0258 1.0000e-12     45.000          1      13238    1481.54 -9.990e-29  52649.387    551.547 1549534546      -0.03     -0.306   39.98762  -72.21852    33.5842  1026.2349    26.0298     8.0706 0.0000e+00
     43.656     8.0867    33.4223  1026.2233     2.7309     6.6175     99.435    0.00266    6.65510    6.66192      8.097     0.4719   11.97951   3.483770 -9.990e-29    26.0228    26.0221 1.0000e-12     44.000          1      13305    1481.57 -9.990e-29  52642.382    554.321 1549534549      -0.02     -0.406   39.98764  -72.21852    33.5814  1026.2264    26.0259     8.0823 0.0000e+00
     42.668     8.0860    33.4198  1026.2169     2.7387     6.6335     99.669    0.00172    6.65558    6.66241 -9.990e-29     0.6416   11.98034   3.483395 5.0640e-11    26.0209    26.0202 1.0000e-12     43.000          1      13392    1481.55 1.9747e+00  52638.246    557.952 1549534553      -0.03     -0.230   39.98765  -72.21852    33.5785  1026.2196    26.0237     8.0818 0.0000e+00
     41.673     8.0831    33.4166  1026.2102     2.7426     6.6413     99.764    0.00110    6.65698    6.66382      8.099     0.5995   11.98270   3.482769 1.4625e+03    26.0188    26.0182 1.0000e-12     42.000          1      13478    1481.52 1.9458e+00  52633.746    561.522 1549534556      -0.09     -0.263   39.98766  -72.21854    33.5751  1026.2128    26.0214     8.0789 0.0000e+00
     40.683     8.0751    33.4134  1026.2043     2.7447     6.6435     99.777    0.00044    6.65840    6.66527      8.099     0.6246   11.98507   3.481698 3.6894e+04    26.0174    26.0169 1.0000e-12     41.000          1      13555    1481.47 1.2461e+00  52630.505    564.764 1549534559       0.03     -0.325   39.98767  -72.21854    33.5717  1026.2068    26.0199     8.0711 0.0000e+00
     39.688     8.0656    33.4106  1026.1990     2.7444     6.6417     99.722    0.00013    6.66023    6.66712 -9.990e-29     0.5545   11.98815   3.480482 5.9568e+04    26.0166    26.0160 1.0000e-12     40.000          1      13634    1481.41 7.9839e-01  52628.127    568.029 1549534563      -0.02     -0.282   39.98768  -72.21855    33.5683  1026.2010    26.0186     8.0616 0.0000e+00
     38.702     8.0486    33.4038  1026.1916     2.7462     6.6512     99.816    0.00048    6.66350    6.67043 -9.990e-29     0.5801   11.99366   3.478282 -9.990e-29    26.0138    26.0132 1.0000e-12     39.000          1      13779    1481.32 -9.990e-29  52621.838    574.088 1549534569      -0.41     -0.191   39.98770  -72.21856    33.5615  1026.1936    26.0158     8.0447 0.0000e+00
     37.701     8.0406    33.4012  1026.1862     2.7456     6.6435     99.699   -0.00037    6.66355    6.67048      8.099     0.5285   11.99373   3.477252 -9.990e-29    26.0129    26.0124 1.0000e-12     38.000          1      13812    1481.27 -9.990e-29  52619.444    575.442 1549534570      -0.03     -0.642   39.98770  -72.21856    33.5586  1026.1880    26.0147     8.0368 0.0000e+00
     36.710     8.0390    33.3975  1026.1789     2.7514     6.6753    100.145    0.00151    6.66560    6.67255      8.099     0.5231   11.99722   3.476794 -9.990e-29    26.0102    26.0097 1.0000e-12     37.000          1      13943    1481.24 -9.990e-29  52613.879    580.934 1549534576       0.05     -0.390   39.98772  -72.21857    33.5556  1026.1813    26.0126     8.0354 0.0000e+00
     35.732     8.0387    33.3948  1026.1723     2.7559     6.6935    100.258    0.00080    6.67623    6.68332      8.102     0.5217   12.01509   3.476421 -9.990e-29    26.0081    26.0076 1.0000e-12     36.000          1      14043    1481.22 -9.990e-29  52609.435    585.083 1549534580      -0.29     -0.257   39.98774  -72.21858    33.5524  1026.1743    26.0101     8.0351 0.0000e+00
     34.722     7.9549    33.3629  1026.1549     2.7592     6.7248    100.456    0.00124    6.69431    6.70161      8.100     0.5040   12.04551   3.465376 7.3912e+04    25.9953    25.9948 1.0000e-12     35.000          1      14105    1480.85 5.1514e-01  52583.660    587.682 1549534582      -0.14     -0.510   39.98774  -72.21858    33.5145  1026.1524    25.9927     7.9515 0.0000e+00
