CalculateIndicators/WaterTemperature/Data/CTD_NYOS/NY1902_11_4_6.cnv
* Sea-Bird SBE 9 Data File:
* FileName = C:\Seabird 9 CTD\Data\2019\201902_Offshore\NY1902_ctd_casts\NY1902_11_4_6.hex
* Software Version Seasave V 7.23.2
* Temperature SN = 4590
* Conductivity SN = 3228
* Number of Bytes Per Scan = 44
* Number of Voltage Words = 5
* Number of Scans Averaged by the Deck Unit = 1
* NMEA Latitude = 39 29.37 N
* NMEA Longitude = 072 22.43 W
* NMEA UTC (Time) = Feb 11 2019  09:13:21
* NMEA baud rate = 4800
** Ship: Seawolf
** Station: 4.6
** Operator: HBB
# nquan = 35
# nvalues = 268                         
# units = specified
# name 0 = depSM: Depth [salt water, m]
# name 1 = t090C: Temperature [ITS-90, deg C]
# name 2 = sal00: Salinity, Practical [PSU]
# name 3 = density00: Density [density, kg/m^3]
# name 4 = sbeox0V: Oxygen raw, SBE 43 [V]
# name 5 = sbeox0ML/L: Oxygen, SBE 43 [ml/l]
# name 6 = sbeox0PS: Oxygen, SBE 43 [% saturation]
# name 7 = sbox0dV/dT: Oxygen, SBE 43 [dov/dt]
# name 8 = oxsolML/L: Oxygen Saturation, Garcia & Gordon [ml/l]
# name 9 = oxsatML/L: Oxygen Saturation, Weiss [ml/l]
# name 10 = ph: pH
# name 11 = flECO-AFL: Fluorescence, WET Labs ECO-AFL/FL [mg/m^3]
# name 12 = n2satML/L: Nitrogen Saturation [ml/l]
# name 13 = c0S/m: Conductivity [S/m]
# name 14 = cpar: CPAR/Corrected Irradiance [%]
# name 15 = sigma-é00: Density [sigma-theta, kg/m^3]
# name 16 = sigma-t00: Density [sigma-t, kg/m^3 ]
# name 17 = par: PAR/Irradiance, Biospherical/Licor
# name 18 = prDM: Pressure, Digiquartz [db]
# name 19 = pumps: Pump Status
# name 20 = scan: Scan Count
# name 21 = svCM: Sound Velocity [Chen-Millero, m/s]
# name 22 = spar: SPAR, Biospherical/Licor
# name 23 = specc: Specific Conductance [uS/cm]
# name 24 = timeS: Time, Elapsed [seconds]
# name 25 = timeY: Time, System [seconds]
# name 26 = accM: Acceleration [m/s^2]
# name 27 = dz/dtM: Descent Rate [m/s]
# name 28 = latitude: Latitude [deg]
# name 29 = longitude: Longitude [deg]
# name 30 = gsw_saA0: Absolute Salinity [g/kg]
# name 31 = gsw_densityA0: density, TEOS-10 [density, kg/m^3]
# name 32 = gsw_sigma0A0: density, TEOS-10 [sigma-0, kg/m^3 ]
# name 33 = gsw_ptA0: potential temperature [ITS-90, deg C]
# name 34 = flag: flag
# span 0 =      0.991,    133.936       
# span 1 =     8.4324,    12.4841       
# span 2 =    33.1939,    35.1862       
# span 3 =  1025.7892,  1027.2447       
# span 4 =     1.9057,     2.7432       
# span 5 =     4.0910,     7.2398       
# span 6 =     61.895,    104.487       
# span 7 =   -0.01529,    0.16631       
# span 8 =    5.98427,    7.39377       
# span 9 =    5.98327,    7.39482       
# span 10 =      8.236,      8.442      
# span 11 =     0.0496,     1.3704      
# span 12 =   10.84986,   13.38792      
# span 13 =   3.495501,   4.071236      
# span 14 = -2.229e+04, 1.1252e+05      
# span 15 =    25.7535,    26.6445      
# span 16 =    25.7534,    26.6410      
# span 17 = 1.0000e-12, 1.0000e-12      
# span 18 =      1.000,    135.000      
# span 19 =          0,          1      
# span 20 =        303,      22751      
# span 21 =    1481.96,    1500.90      
# span 22 = -2.472e-01, 2.4148e+00      
# span 23 =  52154.773,  54311.337      
# span 24 =     12.574,    947.915      
# span 25 = 1549876412, 1549877348      
# span 26 =      -0.57,       0.46      
# span 27 =     -0.821,      0.820      
# span 28 =   39.48884,   39.48950      
# span 29 =  -72.37388,  -72.37324      
# span 30 =    33.3564,    35.3526      
# span 31 =  1025.7952,  1027.2486      
# span 32 =    25.7634,    26.6485      
# span 33 =     8.4322,    12.4662      
# span 34 = 0.0000e+00, 0.0000e+00      
# interval = decibars: 1                
# start_time = Feb 11 2019 09:13:20 [System UTC, first data scan.]
# bad_flag = -9.990e-29
*END*
[from data line 42]
     43.658     8.8634    33.8524  1026.4414     2.7233     6.4445     98.873    0.00077    6.51795    6.52321      8.334     0.4005   11.74757   3.594575 -9.990e-29    26.2417    26.2410 1.0000e-12     44.000          1       2313    1485.01 -9.990e-29  53071.215     96.350 1549876496       0.08      0.562   39.48946  -72.37378    34.0130  1026.4444    26.2447     8.8588 0.0000e+00
     44.653     8.8740    33.8554  1026.4466     2.7234     6.4374     98.837    0.00021    6.51320    6.51840      8.337     0.3458   11.73964   3.596002 -9.990e-29    26.2425    26.2417 1.0000e-12     45.000          1       2356    1485.07 -9.990e-29  53073.836     98.105 1549876498      -0.11      0.578   39.48946  -72.37378    34.0174  1026.4507    26.2466     8.8692 0.0000e+00
     45.639     8.9038    33.8629  1026.4523     2.7204     6.4130     98.493   -0.00190    6.51108    6.51625      8.338     0.3640   11.73609   3.599598 5.0640e-11    26.2437    26.2429 1.0000e-12     46.000          1       2398    1485.20 1.9747e+00  53078.315     99.895 1549876500       0.25      0.495   39.48946  -72.37378    34.0261  1026.4574    26.2487     8.8990 0.0000e+00
     46.643     8.9220    33.8675  1026.4576     2.7188     6.4125     98.483   -0.00143    6.51133    6.51651      8.340     0.3427   11.73651   3.601685 5.0640e-11    26.2444    26.2436 1.0000e-12     47.000          1       2427    1485.29 1.9747e+00  53081.495    101.067 1549876501       0.09      0.814   39.48946  -72.37378    34.0302  1026.4622    26.2490     8.9170 0.0000e+00
     47.627     8.9332    33.8698  1026.4622     2.7159     6.4035     98.346   -0.00160    6.51125    6.51643      8.341     0.3720   11.73636   3.602958 5.0640e-11    26.2445    26.2437 1.0000e-12     48.000          1       2471    1485.35 1.9747e+00  53083.038    102.926 1549876503      -0.16      0.540   39.48945  -72.37378    34.0324  1026.4667    26.2490     8.9281 0.0000e+00
     48.620     8.9323    33.8708  1026.4676     2.7155     6.4096     98.484   -0.00024    6.50831    6.51345      8.341     0.3735   11.73143   3.602901 5.0640e-11    26.2454    26.2446 1.0000e-12     49.000          1       2514    1485.37 1.9747e+00  53085.095    104.711 1549876505       0.07      0.559   39.48944  -72.37376    34.0322  1026.4712    26.2490     8.9271 0.0000e+00
     49.614     8.9342    33.8723  1026.4730     2.7139     6.3989     98.349   -0.00091    6.50635    6.51146 -9.990e-29     0.3695   11.72813   3.603331 -9.990e-29    26.2463    26.2455 1.0000e-12     50.000          1       2550    1485.39 -9.990e-29  53087.532    106.225 1549876506       0.06      0.649   39.48944  -72.37376    34.0344  1026.4772    26.2505     8.9289 0.0000e+00
     50.606     8.9535    33.8781  1026.4791     2.7117     6.3888     98.234   -0.00122    6.50368    6.50876 -9.990e-29     0.3247   11.72368   3.605744 9.9999e+04    26.2478    26.2470 1.0000e-12     51.000          1       2591    1485.49 0.0000e+00  53092.047    107.902 1549876508      -0.08      0.610   39.48944  -72.37376    34.0408  1026.4837    26.2524     8.9481 0.0000e+00
     51.597     8.9694    33.8828  1026.4847     2.7082     6.3698     97.997   -0.00208    6.50006    6.50509      8.338     0.3741   11.71760   3.607728 9.9999e+04    26.2490    26.2481 1.0000e-12     52.000          1       2633    1485.57 0.0000e+00  53095.779    109.687 1549876509       0.04      0.555   39.48944  -72.37376    34.0459  1026.4897    26.2539     8.9639 0.0000e+00
     52.589     8.9903    33.8886  1026.4906     2.7049     6.3613     97.900   -0.00174    6.49775    6.50275      8.339     0.2910   11.71374   3.610261 8.8656e+04    26.2503    26.2494 1.0000e-12     53.000          1       2678    1485.67 2.2399e-01  53100.174    111.559 1549876511      -0.06      0.538   39.48944  -72.37376    34.0520  1026.4956    26.2554     8.9847 0.0000e+00
     53.579     9.0090    33.8944  1026.4966     2.7028     6.3541     97.876   -0.00117    6.49200    6.49693      8.341     0.3113   11.70413   3.612550 -1.228e+03    26.2519    26.2510 1.0000e-12     54.000          1       2720    1485.76 1.9990e+00  53104.826    113.273 1549876513       0.18      0.547   39.48944  -72.37376    34.0576  1026.5016    26.2568     9.0033 0.0000e+00
     54.577     9.0211    33.8971  1026.5014     2.7028     6.3558     97.980   -0.00027    6.48680    6.49166 -9.990e-29     0.3024   11.69547   3.613961 5.0640e-11    26.2521    26.2511 1.0000e-12     55.000          1       2753    1485.83 1.9747e+00  53106.623    114.660 1549876514      -0.03      0.730   39.48944  -72.37376    34.0604  1026.5064    26.2571     9.0152 0.0000e+00
     55.563     9.0557    33.9059  1026.5072     2.6999     6.3393     97.713   -0.00162    6.48772    6.49259 -9.990e-29     0.2929   11.69699   3.618385 5.0640e-11    26.2535    26.2525 1.0000e-12     56.000          1       2791    1485.98 1.9747e+00  53112.077    116.251 1549876516       0.03      0.598   39.48944  -72.37376    34.0732  1026.5153    26.2616     9.0497 0.0000e+00
     56.559     9.0876    33.9116  1026.5112     2.6967     6.3342     97.573   -0.00173    6.49177    6.49670 -9.990e-29     0.3137   11.70373   3.621550 -9.990e-29    26.2529    26.2520 1.0000e-12     57.000          1       2838    1486.12 -9.990e-29  53113.890    118.191 1549876518      -0.15      0.508   39.48944  -72.37374    34.0753  1026.5165    26.2582     9.0815 0.0000e+00
     57.551     9.0834    33.9104  1026.5154     2.6930     6.3251     97.380   -0.00215    6.49526    6.50024 -9.990e-29     0.3270   11.70952   3.620734 -9.990e-29    26.2526    26.2516 1.0000e-12     58.000          1       2889    1486.12 -9.990e-29  53113.653    120.345 1549876520       0.30      0.473   39.48944  -72.37374    34.0703  1026.5177    26.2550     9.0772 0.0000e+00
     58.540     9.0367    33.9064  1026.5243     2.6956     6.3603     97.910    0.00166    6.49611    6.50109 -9.990e-29     0.3643   11.71093   3.616176 -9.990e-29    26.2569    26.2559 1.0000e-12     59.000          1       2928    1485.96 -9.990e-29  53118.899    121.965 1549876522      -0.07      0.637   39.48944  -72.37374    34.0668  1026.5271    26.2597     9.0304 0.0000e+00
     59.534     9.0339    33.9067  1026.5296     2.6947     6.3479     97.700   -0.00004    6.49730    6.50230 -9.990e-29     0.3356   11.71290   3.616051 -9.990e-29    26.2577    26.2567 1.0000e-12     60.000          1       2961    1485.97 -9.990e-29  53120.650    123.333 1549876523       0.18      0.674   39.48944  -72.37374    34.0678  1026.5328    26.2609     9.0275 0.0000e+00
     60.530     9.0281    33.9057  1026.5343     2.6961     6.3569     97.826    0.00048    6.49814    6.50315 -9.990e-29     0.3255   11.71430   3.615406 9.9999e+04    26.2578    26.2568 1.0000e-12     61.000          1       2999    1485.96 0.0000e+00  53121.199    124.911 1549876525      -0.16      0.665   39.48944  -72.37374    34.0661  1026.5370    26.2606     9.0216 0.0000e+00
     61.517     9.0175    33.9045  1026.5396     2.6963     6.3552     97.779   -0.00020    6.49961    6.50465 -9.990e-29     0.3082   11.71675   3.614335 9.9999e+04    26.2586    26.2575 1.0000e-12     62.000          1       3051    1485.94 0.0000e+00  53122.415    127.094 1549876527       0.17      0.403   39.48944  -72.37374    34.0645  1026.5419    26.2610     9.0109 0.0000e+00
     62.508     9.0126    33.9038  1026.5443     2.6987     6.3738     98.056    0.00122    6.50012    6.50516 -9.990e-29     0.3182   11.71758   3.613878 5.0719e+04    26.2588    26.2577 1.0000e-12     63.000          1       3099    1485.93 9.7313e-01  53123.141    129.104 1549876529      -0.12      0.498   39.48944  -72.37374    34.0639  1026.5469    26.2614     9.0059 0.0000e+00
     63.500     8.9971    33.9019  1026.5498     2.6975     6.3595     97.834   -0.00046    6.50032    6.50537      8.344     0.2928   11.71791   3.612306 -1.155e+03    26.2598    26.2587 1.0000e-12     64.000          1       3137    1485.89 1.9975e+00  53124.494    130.660 1549876530       0.42      0.571   39.48944  -72.37374    34.0618  1026.5522    26.2621     8.9903 0.0000e+00
     64.501     9.0017    33.9039  1026.5553     2.6981     6.3651     97.905   -0.00014    6.50130    6.50636      8.342     0.3283   11.71955   3.613007 5.0640e-11    26.2606    26.2595 1.0000e-12     65.000          1       3167    1485.93 1.9747e+00  53126.947    131.899 1549876532      -0.06      0.820   39.48944  -72.37374    34.0644  1026.5580    26.2635     8.9947 0.0000e+00
     65.481     8.9988    33.9036  1026.5600     2.6974     6.3629     97.858   -0.00038    6.50224    6.50732      8.344     0.3745   11.72111   3.612720 5.0640e-11    26.2609    26.2598 1.0000e-12     66.000          1       3216    1485.93 1.9747e+00  53127.805    133.964 1549876534      -0.03      0.404   39.48944  -72.37374    34.0637  1026.5625    26.2633     8.9918 0.0000e+00
     66.479     8.9894    33.9021  1026.5649     2.6991     6.3796     98.068    0.00074    6.50523    6.51035      8.347     0.3342   11.72608   3.611753 5.0640e-11    26.2612    26.2601 1.0000e-12     67.000          1       3266    1485.91 1.9747e+00  53128.461    136.060 1549876536      -0.10      0.450   39.48944  -72.37374    34.0621  1026.5673    26.2636     8.9822 0.0000e+00
     67.468     8.9726    33.8995  1026.5701     2.7002     6.3770     98.104    0.00042    6.50020    6.50525      8.347     0.3521   11.71764   3.609866 5.0640e-11    26.2618    26.2607 1.0000e-12     68.000          1       3314    1485.86 1.9747e+00  53129.118    138.044 1549876538       0.46      0.475   39.48944  -72.37374    34.0579  1026.5712    26.2630     8.9654 0.0000e+00
     68.467     8.9650    33.8999  1026.5762     2.7044     6.3426     98.434    0.00182    6.44356    6.44789      8.345     0.3073   11.62276   3.609421 5.0640e-11    26.2634    26.2622 1.0000e-12     69.000          1       3345    1485.85 1.9747e+00  53132.082    139.334 1549876539      -0.03      0.787   39.48944  -72.37374    34.0600  1026.5786    26.2659     8.9577 0.0000e+00
     69.450     8.9958    33.9094  1026.5832     2.7085     6.3599     98.974    0.00524    6.42580    6.42991      8.345     0.3132   11.59304   3.613986 5.0640e-11    26.2660    26.2648 1.0000e-12     70.000          1       3385    1485.99 1.9747e+00  53139.180    140.985 1549876541       0.01      0.562   39.48944  -72.37373    34.0779  1026.5922    26.2750     8.9884 0.0000e+00
     70.450     9.3586    34.0118  1026.6089     2.6861     6.1636     96.443   -0.00981    6.39073    6.39440      8.344     0.2985   11.53431   3.658727 5.2001e+04    26.2878    26.2865 1.0000e-12     71.000          1       3424    1487.47 9.4782e-01  53205.698    142.644 1549876542      -0.14      0.598   39.48944  -72.37372    34.1973  1026.6309    26.3098     9.3508 0.0000e+00
     71.437     9.6258    34.0901  1026.6306     2.6601     6.0580     95.131   -0.01137    6.36806    6.37144      8.343     0.1727   11.49631   3.691247 1.0043e+05    26.3054    26.3040 1.0000e-12     72.000          1       3479    1488.55 -8.467e-03  53260.962    144.917 1549876545       0.23      0.384   39.48942  -72.37372    34.2791  1026.6551    26.3300     9.6178 0.0000e+00
     72.430     9.8263    34.1425  1026.6424     2.6378     5.9863     93.986   -0.01288    6.36936    6.37276      8.343     0.1932   11.49845   3.714224 7.5735e+04    26.3130    26.3117 1.0000e-12     73.000          1       3521    1489.36 4.7915e-01  53293.449    146.672 1549876546      -0.08      0.579   39.48942  -72.37372    34.3245  1026.6614    26.3320     9.8180 0.0000e+00
     73.419     9.8678    34.1569  1026.6511     2.6247     5.9726     93.780   -0.00912    6.36880    6.37220 -9.990e-29     0.2171   11.49747   3.719011 9.0506e+03    26.3173    26.3159 1.0000e-12     74.000          1       3559    1489.54 1.7960e+00  53305.886    148.239 1549876548       0.23      0.586   39.48942  -72.37372    34.3338  1026.6661    26.3323     9.8594 0.0000e+00
     74.421     9.8532    34.1563  1026.6577     2.6239     6.0110     94.389   -0.00278    6.36838    6.37177 -9.990e-29     0.2395   11.49677   3.717180 1.1465e+03    26.3193    26.3179 1.0000e-12     75.000          1       3591    1489.51 1.9521e+00  53308.750    149.598 1549876549      -0.08      0.746   39.48942  -72.37372    34.3283  1026.6688    26.3305     9.8447 0.0000e+00
     75.402     9.8567    34.1605  1026.6649     2.6244     6.0342     94.763    0.00058    6.36764    6.37102 -9.990e-29     0.2537   11.49551   3.717732 5.0640e-11    26.3221    26.3206 1.0000e-12     76.000          1       3646    1489.54 1.9747e+00  53314.667    151.895 1549876552       0.01      0.349   39.48942  -72.37372    34.3302  1026.6742    26.3314     9.8481 0.0000e+00
     76.399     9.8605    34.1624  1026.6702     2.6228     6.0188     94.577   -0.00069    6.36384    6.36718 -9.990e-29     0.2093   11.48914   3.718197 5.0640e-11    26.3229    26.3214 1.0000e-12     77.000          1       3694    1489.58 1.9747e+00  53316.987    153.863 1549876554      -0.07      0.497   39.48942  -72.37372    34.3309  1026.6786    26.3313     9.8518 0.0000e+00
     77.387     9.8680    34.1670  1026.6770     2.6215     6.0149     94.564   -0.00039    6.36068    6.36398 -9.990e-29     0.2478   11.48384   3.719371 -9.990e-29    26.3252    26.3238 1.0000e-12     78.000          1       3739    1489.62 -9.990e-29  53322.643    155.733 1549876556       0.30      0.491   39.48942  -72.37372    34.3354  1026.6854    26.3336     9.8592 0.0000e+00
     78.388     9.8930    34.1732  1026.6822     2.6209     6.0024     94.506   -0.00078    6.35140    6.35458 -9.990e-29     0.2068   11.46827   3.722241 -9.990e-29    26.3259    26.3244 1.0000e-12     79.000          1       3771    1489.74 -9.990e-29  53326.904    157.072 1549876557      -0.04      0.742   39.48942  -72.37372    34.3407  1026.6898    26.3335     9.8840 0.0000e+00
     79.373     9.9207    34.1827  1026.6894     2.6180     5.9873     94.344   -0.00119    6.34623    6.34934      8.343     0.2198   11.45965   3.726059 5.0640e-11    26.3287    26.3272 1.0000e-12     80.000          1       3817    1489.87 1.9747e+00  53335.357    159.007 1549876559      -0.01      0.480   39.48942  -72.37371    34.3530  1026.6992    26.3385     9.9116 0.0000e+00
     80.369     9.9952    34.2014  1026.6958     2.6082     5.9358     93.522   -0.00510    6.34692    6.35005      8.343     0.1733   11.46079   3.734719 3.5676e+04    26.3307    26.3292 1.0000e-12     81.000          1       3861    1490.17 1.2702e+00  53347.352    160.850 1549876561      -0.06      0.544   39.48942  -72.37370    34.3705  1026.7046    26.3396     9.9860 0.0000e+00
     81.358     9.9979    34.2017  1026.7001     2.6003     5.9109     93.288   -0.00402    6.33618    6.33917      8.342     0.1704   11.44280   3.734716 1.0049e+05    26.3305    26.3289 1.0000e-12     82.000          1       3909    1490.20 -9.731e-03  53347.873    162.848 1549876563       0.09      0.489   39.48942  -72.37370    34.3675  1026.7063    26.3368     9.9885 0.0000e+00
     82.351    10.0074    34.2049  1026.7055     2.5977     5.9126     93.464   -0.00120    6.32610    6.32897      8.342     0.1547   11.42596   3.736112 5.9064e+04    26.3314    26.3298 1.0000e-12     83.000          1       3952    1490.26 8.0836e-01  53350.751    164.605 1549876564      -0.03      0.573   39.48942  -72.37370    34.3723  1026.7130    26.3389     9.9979 0.0000e+00
