CalculateIndicators/WaterTemperature/Data/CTD_NYOS/NY1902_07_3_5.cnv
* Sea-Bird SBE 9 Data File:
* FileName = C:\Seabird 9 CTD\Data\2019\201902_Offshore\NY1902_ctd_casts\NY1902_07_3_5.hex
* Software Version Seasave V 7.23.2
* Temperature SN = 4590
* Conductivity SN = 3228
* Number of Bytes Per Scan = 44
* Number of Voltage Words = 5
* Number of Scans Averaged by the Deck Unit = 1
* NMEA Latitude = 39 43.92 N
* NMEA Longitude = 072 07.42 W
* NMEA UTC (Time) = Feb 07 2019  07:23:42
* NMEA baud rate = 4800
** Ship: Seawolf
** Station: 3_5
** Operator: HBB
# nquan = 35
# nvalues = 237                         
# units = specified
# name 0 = depSM: Depth [salt water, m]
# name 1 = t090C: Temperature [ITS-90, deg C]
# name 2 = sal00: Salinity, Practical [PSU]
# name 3 = density00: Density [density, kg/m^3]
# name 4 = sbeox0V: Oxygen raw, SBE 43 [V]
# name 5 = sbeox0ML/L: Oxygen, SBE 43 [ml/l]
# name 6 = sbeox0PS: Oxygen, SBE 43 [% saturation]
# name 7 = sbox0dV/dT: Oxygen, SBE 43 [dov/dt]
# name 8 = oxsolML/L: Oxygen Saturation, Garcia & Gordon [ml/l]
# name 9 = oxsatML/L: Oxygen Saturation, Weiss [ml/l]
# name 10 = ph: pH
# name 11 = flECO-AFL: Fluorescence, WET Labs ECO-AFL/FL [mg/m^3]
# name 12 = n2satML/L: Nitrogen Saturation [ml/l]
# name 13 = c0S/m: Conductivity [S/m]
# name 14 = cpar: CPAR/Corrected Irradiance [%]
# name 15 = sigma-é00: Density [sigma-theta, kg/m^3]
# name 16 = sigma-t00: Density [sigma-t, kg/m^3 ]
# name 17 = par: PAR/Irradiance, Biospherical/Licor
# name 18 = prDM: Pressure, Digiquartz [db]
# name 19 = pumps: Pump Status
# name 20 = scan: Scan Count
# name 21 = svCM: Sound Velocity [Chen-Millero, m/s]
# name 22 = spar: SPAR, Biospherical/Licor
# name 23 = specc: Specific Conductance [uS/cm]
# name 24 = timeS: Time, Elapsed [seconds]
# name 25 = timeY: Time, System [seconds]
# name 26 = accM: Acceleration [m/s^2]
# name 27 = dz/dtM: Descent Rate [m/s]
# name 28 = latitude: Latitude [deg]
# name 29 = longitude: Longitude [deg]
# name 30 = gsw_saA0: Absolute Salinity [g/kg]
# name 31 = gsw_densityA0: density, TEOS-10 [density, kg/m^3]
# name 32 = gsw_sigma0A0: density, TEOS-10 [sigma-0, kg/m^3 ]
# name 33 = gsw_ptA0: potential temperature [ITS-90, deg C]
# name 34 = flag: flag
# span 0 =      1.959,    119.067       
# span 1 =     8.3051,    13.1318       
# span 2 =    33.5198,    35.4362       
# span 3 =  1026.0705,  1027.2396       
# span 4 =     1.8847,     2.7693       
# span 5 =     3.7972,     6.7611       
# span 6 =     60.171,    102.362       
# span 7 =   -0.01781,    0.09516       
# span 8 =    5.90801,    6.61770       
# span 9 =    5.90619,    6.62409       
# span 10 =      8.033,      8.113      
# span 11 =     0.0544,     0.5880      
# span 12 =   10.72125,   11.91646      
# span 13 =   3.512151,   4.160504      
# span 14 = -2.139e+04, 1.0075e+05      
# span 15 =    26.0614,    26.7077      
# span 16 =    26.0613,    26.7043      
# span 17 = 1.0000e-12, 1.0000e-12      
# span 18 =      2.000,    120.000      
# span 19 =          0,          1      
# span 20 =        275,      25612      
# span 21 =    1482.00,    1503.13      
# span 22 = -1.492e-02, 2.3970e+00      
# span 23 =  52694.281,  54549.070      
# span 24 =     11.398,   1067.116      
# span 25 = 1549524235, 1549525291      
# span 26 =      -0.84,       0.63      
# span 27 =     -1.134,      0.831      
# span 28 =   39.73217,   39.73728      
# span 29 =  -72.13068,  -72.12377      
# span 30 =    27.4422,    35.6051      
# span 31 =  1021.2134,  1027.2445      
# span 32 =    21.2042,    26.7127      
# span 33 =     8.3025,    13.1152      
# span 34 = 0.0000e+00, 0.0000e+00      
# interval = decibars: 1                
# start_time = Feb 07 2019 07:23:44 [System UTC, first data scan.]
# bad_flag = -9.990e-29
*END*
[from data line 166]
     71.429     9.7011    34.0083  1026.5541     2.5511     5.8466     91.371    0.00042    6.39878    6.40246      8.098     0.2026   11.54888   3.687154 5.0640e-11    26.2290    26.2276 1.0000e-12     72.000          1      15520    1488.73 1.9747e+00  53130.078    646.636 1549524870      -0.30     -0.340   39.73517  -72.12783    34.1651  1026.5540    26.2289     9.6931 0.0000e+00
     70.438     9.7412    34.0208  1026.5525     2.5487     5.8372     91.313    0.00102    6.39255    6.39616      8.096     0.1944   11.53841   3.691949 1.6917e+04    26.2320    26.2307 1.0000e-12     71.000          1      16330    1488.87 1.6406e+00  53138.771    680.394 1549524904      -0.09     -0.418   39.73533  -72.12805    34.1769  1026.5519    26.2313     9.7333 0.0000e+00
     69.471     9.7921    34.0382  1026.5532     2.5454     5.8192     90.984   -0.00042    6.39579    6.39943 -9.990e-29     0.2161   11.54386   3.698636 -1.824e+03    26.2372    26.2359 1.0000e-12     70.000          1      17382    1489.06 2.0107e+00  53152.288    724.190 1549524948      -0.44     -0.231   39.73554  -72.12833    34.1979  1026.5552    26.2393     9.7843 0.0000e+00
     68.455     9.7783    34.0330  1026.5468     2.5459     5.8186     90.977   -0.00072    6.39566    6.39929 -9.990e-29     0.1819   11.54363   3.696647 5.0640e-11    26.2354    26.2341 1.0000e-12     69.000          1      17301    1488.99 1.9747e+00  53147.105    720.828 1549524944      -0.60     -0.822   39.73552  -72.12831    34.1911  1026.5476    26.2362     9.7705 0.0000e+00
     67.469     9.7247    34.0160  1026.5380     2.5485     5.8552     91.260    0.00107    6.41594    6.41982      8.094     0.1695   11.57765   3.689785 -9.990e-29    26.2310    26.2297 1.0000e-12     68.000          1      17346    1488.76 -9.990e-29  53133.512    722.708 1549524946       0.10     -0.639   39.73553  -72.12833    34.1717  1026.5371    26.2300     9.7171 0.0000e+00
     66.482     9.6893    34.0047  1026.5307     2.5509     5.8708     91.216   -0.00043    6.43619    6.44033      8.094     0.1706   11.61161   3.685377 -9.990e-29    26.2280    26.2268 1.0000e-12     67.000          1      17393    1488.60 -9.990e-29  53124.332    724.682 1549524948      -0.82     -0.491   39.73554  -72.12834    34.1603  1026.5296    26.2270     9.6818 0.0000e+00
     65.472     9.5502    33.9596  1026.5139     2.5622     5.9393     92.154    0.00380    6.44494    6.44919      8.095     0.1759   11.62633   3.667043 5.0640e-11    26.2157    26.2145 1.0000e-12     66.000          1      17434    1488.02 1.9747e+00  53088.973    726.356 1549524950      -0.30     -0.796   39.73554  -72.12835    34.1034  1026.5039    26.2056     9.5429 0.0000e+00
     64.499     9.3508    33.8920  1026.4896     2.5831     6.0292     93.015    0.00323    6.48194    6.48664      8.100     0.2456   11.68839   3.642490 5.0640e-11    26.1954    26.1943 1.0000e-12     65.000          1      17536    1487.20 1.9747e+00  53035.097    730.627 1549524954      -0.07     -0.398   39.73556  -72.12838    34.0389  1026.4819    26.1879     9.3437 0.0000e+00
     63.505     9.2278    33.8535  1026.4749     2.5939     6.0966     93.990    0.00800    6.48646    6.49123      8.100     0.2540   11.69598   3.627253 5.0640e-11    26.1851    26.1840 1.0000e-12     64.000          1      17567    1486.68 1.9747e+00  53006.383    731.898 1549524956      -0.37     -0.614   39.73557  -72.12838    33.9978  1026.4654    26.1756     9.2209 0.0000e+00
     62.502     9.1743    33.8388  1026.4674     2.6003     6.1069     94.112    0.00644    6.48903    6.49383      8.100     0.2323   11.70028   3.621242 5.0640e-11    26.1822    26.1811 1.0000e-12     63.000          1      17595    1486.45 1.9747e+00  52996.450    733.094 1549524957       0.04     -0.857   39.73558  -72.12839    33.9865  1026.4607    26.1754     9.1676 0.0000e+00
     61.519     9.1182    33.8216  1026.4586     2.6066     6.1035     94.040    0.00298    6.49030    6.49511      8.100     0.2529   11.70238   3.614721 -9.990e-29    26.1777    26.1766 1.0000e-12     62.000          1      17643    1486.21 -9.990e-29  52983.731    735.100 1549524959       0.07     -0.453   39.73559  -72.12841    33.9724  1026.4541    26.1733     9.1115 0.0000e+00
     60.524     9.0425    33.7968  1026.4467     2.6134     6.1449     94.273    0.00251    6.51815    6.52331      8.102     0.2383   11.74911   3.605417 5.0640e-11    26.1703    26.1692 1.0000e-12     61.000          1      17743    1485.88 1.9747e+00  52964.543    739.234 1549524963      -0.48     -0.482   39.73561  -72.12843    33.9477  1026.4425    26.1660     9.0360 0.0000e+00
     59.532     8.9716    33.7733  1026.4351     2.6197     6.1963     94.783    0.00472    6.53731    6.54272      8.102     0.2607   11.78123   3.595917 5.0640e-11    26.1631    26.1621 1.0000e-12     60.000          1      17790    1485.57 1.9747e+00  52946.454    741.214 1549524965      -0.47     -0.921   39.73562  -72.12844    33.9162  1026.4247    26.1526     8.9653 0.0000e+00
     58.532     8.8965    33.7523  1026.4260     2.6248     6.2150     95.085    0.00539    6.53627    6.54166      8.105     0.3013   11.77947   3.587480 5.0640e-11    26.1584    26.1575 1.0000e-12     59.000          1      17813    1485.25 1.9747e+00  52932.433    742.161 1549524966      -0.03     -1.134   39.73562  -72.12846    33.8998  1026.4192    26.1516     8.8903 0.0000e+00
     57.546     8.8112    33.7260  1026.4144     2.6404     6.2495     95.555    0.00332    6.54024    6.54568      8.106     0.3761   11.78615   3.577550 5.0640e-11    26.1512    26.1502 1.0000e-12     58.000          1      17902    1484.89 1.9747e+00  52913.920    745.861 1549524969       0.08     -0.393   39.73563  -72.12848    33.8773  1026.4106    26.1474     8.8051 0.0000e+00
     56.567     8.7836    33.7152  1026.4058     2.6493     6.2683     95.763    0.00174    6.54567    6.55117 -9.990e-29     0.2812   11.79526   3.574400 5.0640e-11    26.1470    26.1461 1.0000e-12     57.000          1      17999    1484.76 1.9747e+00  52904.201    749.897 1549524974      -0.37     -0.317   39.73566  -72.12850    33.8709  1026.4054    26.1467     8.7776 0.0000e+00
     55.563     8.7604    33.7063  1026.3978     2.6513     6.2785     95.920    0.00236    6.54555    6.55105 -9.990e-29     0.3504   11.79506   3.571261 -9.990e-29    26.1436    26.1427 1.0000e-12     56.000          1      18020    1484.64 -9.990e-29  52896.072    750.802 1549524974      -0.36     -0.788   39.73566  -72.12851    33.8605  1026.3963    26.1421     8.7546 0.0000e+00
     54.569     8.7491    33.7040  1026.3932     2.6529     6.2751     95.870    0.00124    6.54541    6.55091 -9.990e-29     0.3070   11.79482   3.570127 9.9999e+04    26.1435    26.1426 1.0000e-12     55.000          1      18061    1484.58 0.0000e+00  52894.634    752.512 1549524976       0.20     -0.630   39.73567  -72.12853    33.8598  1026.3930    26.1433     8.7433 0.0000e+00
     53.578     8.7486    33.7030  1026.3879     2.6548     6.2736     95.832    0.00022    6.54641    6.55193 -9.990e-29     0.2954   11.79653   3.570117 4.2232e+04    26.1428    26.1419 1.0000e-12     54.000          1      18163    1484.56 1.1407e+00  52892.706    756.763 1549524980      -0.47     -0.199   39.73569  -72.12855    33.8606  1026.3892    26.1440     8.7429 0.0000e+00
     52.592     8.7331    33.6979  1026.3819     2.6572     6.2899     96.021    0.00122    6.55056    6.55613 -9.990e-29     0.2857   11.80349   3.568208 -3.507e+03    26.1412    26.1403 1.0000e-12     53.000          1      18238    1484.48 2.0440e+00  52888.358    759.886 1549524983       0.14     -0.475   39.73570  -72.12858    33.8558  1026.3833    26.1427     8.7276 0.0000e+00
     51.602     8.7309    33.6963  1026.3764     2.6594     6.2984     96.141    0.00139    6.55122    6.55679 -9.990e-29     0.2784   11.80458   3.567775 5.0640e-11    26.1403    26.1394 1.0000e-12     52.000          1      18273    1484.46 1.9747e+00  52885.961    761.331 1549524985      -0.65     -0.542   39.73570  -72.12858    33.8538  1026.3775    26.1414     8.7255 0.0000e+00
     50.597     8.7170    33.6917  1026.3704     2.6614     6.3019     96.194    0.00113    6.55122    6.55679      8.105     0.3399   11.80458   3.566083 4.6727e+04    26.1388    26.1380 1.0000e-12     51.000          1      18348    1484.38 1.0520e+00  52881.942    764.441 1549524988      -0.14     -0.650   39.73572  -72.12861    33.8497  1026.3719    26.1403     8.7117 0.0000e+00
     49.620     8.7090    33.6888  1026.3648     2.6645     6.3093     96.311    0.00108    6.55094    6.55651      8.103     0.4297   11.80413   3.565162 4.4133e+04    26.1377    26.1369 1.0000e-12     50.000          1      18487    1484.33 1.1032e+00  52878.930    770.232 1549524994      -0.25     -0.259   39.73576  -72.12864    33.8480  1026.3673    26.1403     8.7038 0.0000e+00
     48.614     8.7115    33.6892  1026.3602     2.6633     6.2993     96.118   -0.00022    6.55375    6.55936      8.103     0.3494   11.80886   3.565315 4.6129e+03    26.1377    26.1369 1.0000e-12     49.000          1      18565    1484.32 1.8836e+00  52878.361    773.520 1549524997      -0.05     -0.543   39.73577  -72.12867    33.8478  1026.3622    26.1397     8.7064 0.0000e+00
     47.627     8.6832    33.6788  1026.3519     2.6673     6.3286     96.474    0.00157    6.55992    6.56560      8.106     0.3410   11.81923   3.561737 5.0640e-11    26.1339    26.1331 1.0000e-12     48.000          1      18717    1484.19 1.9747e+00  52869.412    779.847 1549525003      -0.03     -0.332   39.73580  -72.12871    33.8375  1026.3540    26.1360     8.6783 0.0000e+00
     46.634     8.6299    33.6579  1026.3392     2.6797     6.3723     97.089    0.00226    6.56342    6.56914      8.107     0.3544   11.82510   3.554663 5.0487e+04    26.1257    26.1249 1.0000e-12     47.000          1      18872    1483.95 9.7772e-01  52851.242    786.298 1549525010      -0.03     -0.445   39.73583  -72.12875    33.8142  1026.3395    26.1260     8.6250 0.0000e+00
     45.638     8.6669    33.6724  1026.3403     2.6742     6.3444     96.786    0.00178    6.55506    6.56068      8.103     0.3947   11.81105   3.559461 8.6436e+04    26.1313    26.1306 1.0000e-12     46.000          1      19598    1484.09 2.6783e-01  52862.683    816.559 1549525040       0.09     -0.481   39.73599  -72.12896    33.8300  1026.3416    26.1326     8.6621 0.0000e+00
     44.660     8.7062    33.6879  1026.3418     2.6656     6.3167     96.328    0.00139    6.55749    6.56314      8.101     0.3612   11.81513   3.564626 -9.990e-29    26.1374    26.1367 1.0000e-12     45.000          1      20631    1484.24 -9.990e-29  52875.012    859.597 1549525083      -0.19     -0.082   39.73622  -72.12927    33.8475  1026.3445    26.1402     8.7015 0.0000e+00
     43.660     8.6828    33.6784  1026.3334     2.6703     6.3338     96.527    0.00138    6.56168    6.56738      8.102     0.3230   11.82217   3.561341 -9.990e-29    26.1336    26.1329 1.0000e-12     44.000          1      20504    1484.12 -9.990e-29  52866.259    854.272 1549525078      -0.01     -0.394   39.73619  -72.12923    33.8356  1026.3343    26.1345     8.6782 0.0000e+00
     42.672     8.6511    33.6665  1026.3245     2.6774     6.3751     97.129    0.00410    6.56352    6.56924      8.102     0.3353   11.82527   3.557296 -9.990e-29    26.1292    26.1285 1.0000e-12     43.000          1      20555    1483.97 -9.990e-29  52856.063    856.417 1549525080      -0.66     -0.431   39.73620  -72.12924    33.8236  1026.3254    26.1301     8.6466 0.0000e+00
     41.663     8.6405    33.6633  1026.3190     2.6792     6.3690     96.980    0.00200    6.56737    6.57314      8.102     0.4068   11.83173   3.556105 5.0640e-11    26.1282    26.1275 1.0000e-12     42.000          1      20605    1483.91 1.9747e+00  52853.149    858.515 1549525082      -0.42     -0.630   39.73621  -72.12925    33.8216  1026.3209    26.1300     8.6362 0.0000e+00
     40.676     8.6251    33.6575  1026.3123     2.6815     6.3701     96.913    0.00051    6.57295    6.57880      8.103     0.5584   11.84111   3.554025 5.0640e-11    26.1260    26.1254 1.0000e-12     41.000          1      20672    1483.83 1.9747e+00  52847.844    861.287 1549525085      -0.29     -0.684   39.73622  -72.12926    33.8149  1026.3134    26.1272     8.6208 0.0000e+00
     39.692     8.5791    33.6407  1026.3017     2.6895     6.4189     97.533    0.00308    6.58125    6.58719      8.106     0.3601   11.85504   3.548061 5.0640e-11    26.1199    26.1193 1.0000e-12     40.000          1      20737    1483.62 1.9747e+00  52833.873    864.016 1549525088       0.16     -0.339   39.73625  -72.12928    33.7962  1026.3014    26.1196     8.5750 0.0000e+00
     38.699     8.5308    33.6234  1026.2910     2.7001     6.4544     98.049    0.00358    6.58284    6.58880      8.107     0.4396   11.85770   3.542039 -9.990e-29    26.1137    26.1131 1.0000e-12     39.000          1      20810    1483.41 -9.990e-29  52819.772    867.062 1549525091      -0.16     -0.328   39.73626  -72.12930    33.7791  1026.2909    26.1136     8.5268 0.0000e+00
     37.707     8.5273    33.6216  1026.2856     2.7072     6.4636     98.168    0.00178    6.58429    6.59027      8.107     0.3871   11.86016   3.541895 -9.990e-29    26.1128    26.1122 1.0000e-12     38.000          1      20872    1483.37 -9.990e-29  52817.404    869.627 1549525093      -0.74     -0.476   39.73627  -72.12932    33.7814  1026.2887    26.1160     8.5234 0.0000e+00
     36.708     8.5129    33.6158  1026.2787     2.7082     6.4616     98.093    0.00073    6.58718    6.59320      8.107     0.4153   11.86503   3.539582 5.0640e-11    26.1105    26.1099 1.0000e-12     37.000          1      20923    1483.30 1.9747e+00  52811.784    871.756 1549525095      -0.13     -0.584   39.73629  -72.12933    33.7711  1026.2783    26.1101     8.5091 0.0000e+00
     35.720     8.4828    33.6054  1026.2706     2.7106     6.4793     98.228    0.00119    6.59625    6.60238      8.107     0.4734   11.88028   3.535959 1.5312e+04    26.1069    26.1064 1.0000e-12     36.000          1      21004    1483.16 1.6723e+00  52803.424    875.106 1549525099      -0.15     -0.454   39.73630  -72.12934    33.7620  1026.2712    26.1075     8.4791 0.0000e+00
     34.734     8.4482    33.5895  1026.2589     2.7159     6.5059     98.627    0.00275    6.59641    6.60255      8.109     0.4513   11.88054   3.531159 9.7948e+04    26.0997    26.0991 1.0000e-12     35.000          1      21054    1482.99 4.0512e-02  52788.165    877.206 1549525101      -0.01     -0.473   39.73631  -72.12936    33.7446  1026.2584    26.0992     8.4446 0.0000e+00
     33.734     8.4334    33.5848  1026.2529     2.7213     6.5206     98.783    0.00201    6.60091    6.60710      8.110     0.4547   11.88813   3.529531 3.7329e+04    26.0982    26.0977 1.0000e-12     34.000          1      21123    1482.91 1.2376e+00  52784.314    880.092 1549525104      -0.12     -0.348   39.73633  -72.12938    33.7419  1026.2540    26.0994     8.4300 0.0000e+00
     32.765     8.4005    33.5675  1026.2398     2.7252     6.5399     98.893    0.00163    6.61311    6.61944      8.112     0.4494   11.90865   3.524231 -9.990e-29    26.0896    26.0891 1.0000e-12     33.000          1      21231    1482.75 -9.990e-29  52766.731    884.578 1549525108      -0.67     -0.230   39.73634  -72.12940    33.7176  1026.2354    26.0853     8.3971 0.0000e+00
     31.746     8.3598    33.5538  1026.2306     2.7280     6.5603     99.198    0.00330    6.61336    6.61970 -9.990e-29     0.4486   11.90908   3.519492 -9.990e-29    26.0850    26.0845 1.0000e-12     32.000          1      21244    1482.56 -9.990e-29  52756.263    885.113 1549525109      -0.84     -0.901   39.73634  -72.12940    33.7067  1026.2285    26.0829     8.3565 0.0000e+00
