CalculateIndicators/WaterTemperature/Data/CTD_NYOS/NY1902_07_3_5.cnv
* Sea-Bird SBE 9 Data File:
* FileName = C:\Seabird 9 CTD\Data\2019\201902_Offshore\NY1902_ctd_casts\NY1902_07_3_5.hex
* Software Version Seasave V 7.23.2
* Temperature SN = 4590
* Conductivity SN = 3228
* Number of Bytes Per Scan = 44
* Number of Voltage Words = 5
* Number of Scans Averaged by the Deck Unit = 1
* NMEA Latitude = 39 43.92 N
* NMEA Longitude = 072 07.42 W
* NMEA UTC (Time) = Feb 07 2019  07:23:42
* NMEA baud rate = 4800
** Ship: Seawolf
** Station: 3_5
** Operator: HBB
# nquan = 35
# nvalues = 237                         
# units = specified
# name 0 = depSM: Depth [salt water, m]
# name 1 = t090C: Temperature [ITS-90, deg C]
# name 2 = sal00: Salinity, Practical [PSU]
# name 3 = density00: Density [density, kg/m^3]
# name 4 = sbeox0V: Oxygen raw, SBE 43 [V]
# name 5 = sbeox0ML/L: Oxygen, SBE 43 [ml/l]
# name 6 = sbeox0PS: Oxygen, SBE 43 [% saturation]
# name 7 = sbox0dV/dT: Oxygen, SBE 43 [dov/dt]
# name 8 = oxsolML/L: Oxygen Saturation, Garcia & Gordon [ml/l]
# name 9 = oxsatML/L: Oxygen Saturation, Weiss [ml/l]
# name 10 = ph: pH
# name 11 = flECO-AFL: Fluorescence, WET Labs ECO-AFL/FL [mg/m^3]
# name 12 = n2satML/L: Nitrogen Saturation [ml/l]
# name 13 = c0S/m: Conductivity [S/m]
# name 14 = cpar: CPAR/Corrected Irradiance [%]
# name 15 = sigma-é00: Density [sigma-theta, kg/m^3]
# name 16 = sigma-t00: Density [sigma-t, kg/m^3 ]
# name 17 = par: PAR/Irradiance, Biospherical/Licor
# name 18 = prDM: Pressure, Digiquartz [db]
# name 19 = pumps: Pump Status
# name 20 = scan: Scan Count
# name 21 = svCM: Sound Velocity [Chen-Millero, m/s]
# name 22 = spar: SPAR, Biospherical/Licor
# name 23 = specc: Specific Conductance [uS/cm]
# name 24 = timeS: Time, Elapsed [seconds]
# name 25 = timeY: Time, System [seconds]
# name 26 = accM: Acceleration [m/s^2]
# name 27 = dz/dtM: Descent Rate [m/s]
# name 28 = latitude: Latitude [deg]
# name 29 = longitude: Longitude [deg]
# name 30 = gsw_saA0: Absolute Salinity [g/kg]
# name 31 = gsw_densityA0: density, TEOS-10 [density, kg/m^3]
# name 32 = gsw_sigma0A0: density, TEOS-10 [sigma-0, kg/m^3 ]
# name 33 = gsw_ptA0: potential temperature [ITS-90, deg C]
# name 34 = flag: flag
# span 0 =      1.959,    119.067       
# span 1 =     8.3051,    13.1318       
# span 2 =    33.5198,    35.4362       
# span 3 =  1026.0705,  1027.2396       
# span 4 =     1.8847,     2.7693       
# span 5 =     3.7972,     6.7611       
# span 6 =     60.171,    102.362       
# span 7 =   -0.01781,    0.09516       
# span 8 =    5.90801,    6.61770       
# span 9 =    5.90619,    6.62409       
# span 10 =      8.033,      8.113      
# span 11 =     0.0544,     0.5880      
# span 12 =   10.72125,   11.91646      
# span 13 =   3.512151,   4.160504      
# span 14 = -2.139e+04, 1.0075e+05      
# span 15 =    26.0614,    26.7077      
# span 16 =    26.0613,    26.7043      
# span 17 = 1.0000e-12, 1.0000e-12      
# span 18 =      2.000,    120.000      
# span 19 =          0,          1      
# span 20 =        275,      25612      
# span 21 =    1482.00,    1503.13      
# span 22 = -1.492e-02, 2.3970e+00      
# span 23 =  52694.281,  54549.070      
# span 24 =     11.398,   1067.116      
# span 25 = 1549524235, 1549525291      
# span 26 =      -0.84,       0.63      
# span 27 =     -1.134,      0.831      
# span 28 =   39.73217,   39.73728      
# span 29 =  -72.13068,  -72.12377      
# span 30 =    27.4422,    35.6051      
# span 31 =  1021.2134,  1027.2445      
# span 32 =    21.2042,    26.7127      
# span 33 =     8.3025,    13.1152      
# span 34 = 0.0000e+00, 0.0000e+00      
# interval = decibars: 1                
# start_time = Feb 07 2019 07:23:44 [System UTC, first data scan.]
# bad_flag = -9.990e-29
*END*
[from data line 125]
    112.107    12.6559    35.2017  1027.1230     2.0281     4.0974     68.666    0.00626    5.96713    5.96591 -9.990e-29     0.1816   10.82142   4.088430 -9.990e-29    26.6210    26.6180 1.0000e-12    113.000          1      11439    1501.15 -9.990e-29  54292.392    476.596 1549524700       0.18     -0.428   39.73436  -72.12681    35.3616  1027.1219    26.6198    12.6407 0.0000e+00
    111.114    12.6225    35.1823  1027.1103     2.0383     4.1105     68.867    0.00342    5.96877    5.96756 -9.990e-29     0.1803   10.82422   4.083407 5.0640e-11    26.6125    26.6096 1.0000e-12    112.000          1      11509    1501.00 1.9747e+00  54270.122    479.496 1549524703       0.05     -0.342   39.73437  -72.12683    35.3448  1027.1112    26.6135    12.6074 0.0000e+00
    110.126    12.6074    35.1728  1027.1015     2.0443     4.1144     68.916    0.00106    5.97021    5.96902 -9.990e-29     0.1874   10.82668   4.081098 5.0640e-11    26.6081    26.6052 1.0000e-12    111.000          1      11589    1500.92 1.9747e+00  54258.742    482.817 1549524706      -0.12     -0.307   39.73438  -72.12684    35.3371  1027.1038    26.6104    12.5925 0.0000e+00
    109.131    12.6015    35.1686  1027.0949     2.0461     4.1198     68.988    0.00104    5.97172    5.97055      8.045     0.2118   10.82926   4.080092 -9.990e-29    26.6060    26.6031 1.0000e-12    110.000          1      11645    1500.88 -9.990e-29  54253.215    485.158 1549524709       0.03     -0.378   39.73440  -72.12686    35.3333  1027.0976    26.6087    12.5867 0.0000e+00
    108.138    12.5924    35.1619  1027.0870     2.0505     4.1365     69.247    0.00181    5.97359    5.97243      8.046     0.1745   10.83242   4.078437 5.0640e-11    26.6025    26.5996 1.0000e-12    109.000          1      11705    1500.82 1.9747e+00  54244.739    487.679 1549524711      -0.36     -0.427   39.73441  -72.12687    35.3262  1027.0895    26.6050    12.5778 0.0000e+00
    107.148    12.5769    35.1540  1027.0795     2.0543     4.1480     69.380    0.00148    5.97863    5.97752      8.047     0.2008   10.84100   4.076122 5.0640e-11    26.5994    26.5965 1.0000e-12    108.000          1      11767    1500.75 1.9747e+00  54235.539    490.250 1549524714       0.16     -0.372   39.73443  -72.12689    35.3188  1027.0823    26.6023    12.5624 0.0000e+00
    106.150    12.5517    35.1383  1027.0679     2.0586     4.1626     69.609    0.00192    5.97997    5.97887      8.049     0.2351   10.84327   4.071889 5.0640e-11    26.5922    26.5893 1.0000e-12    107.000          1      11819    1500.63 1.9747e+00  54217.144    492.420 1549524716      -0.05     -0.522   39.73444  -72.12690    35.3019  1027.0698    26.5941    12.5374 0.0000e+00
    105.179    12.5297    35.1256  1027.0580     2.0688     4.1987     70.193    0.00345    5.98157    5.98049      8.049     0.1875   10.84599   4.068585 5.0640e-11    26.5866    26.5838 1.0000e-12    106.000          1      11912    1500.52 1.9747e+00  54202.395    496.284 1549524720      -0.47     -0.137   39.73446  -72.12692    35.2910  1027.0613    26.5900    12.5155 0.0000e+00
    104.162    12.5279    35.1240  1027.0526     2.0707     4.1990     70.186    0.00244    5.98276    5.98169      8.049     0.1731   10.84803   4.068158 5.0640e-11    26.5857    26.5829 1.0000e-12    105.000          1      11936    1500.50 1.9747e+00  54199.892    497.297 1549524721      -0.21     -0.721   39.73446  -72.12692    35.2890  1027.0556    26.5888    12.5139 0.0000e+00
    103.184    12.5092    35.1108  1027.0416     2.0784     4.2236     70.535    0.00261    5.98798    5.98696      8.050     0.1882   10.85691   4.064808 5.0640e-11    26.5791    26.5764 1.0000e-12    104.000          1      12019    1500.40 1.9747e+00  54183.895    500.749 1549524724      -0.58     -0.280   39.73448  -72.12694    35.2745  1027.0437    26.5812    12.4953 0.0000e+00
    102.186    12.4878    35.0986  1027.0319     2.0822     4.2321     70.658    0.00215    5.98954    5.98854      8.050     0.1858   10.85955   4.061494 5.0640e-11    26.5738    26.5711 1.0000e-12    103.000          1      12063    1500.30 1.9747e+00  54169.744    502.571 1549524726       0.09     -0.490   39.73448  -72.12696    35.2629  1027.0345    26.5764    12.4741 0.0000e+00
    101.194    12.4724    35.0896  1027.0236     2.0869     4.2449     70.830    0.00174    5.99309    5.99213      8.052     0.1712   10.86556   4.059001 -9.990e-29    26.5699    26.5672 1.0000e-12    102.000          1      12128    1500.22 -9.990e-29  54159.221    505.280 1549524729      -0.11     -0.403   39.73450  -72.12697    35.2536  1027.0260    26.5723    12.4588 0.0000e+00
    100.206    12.4346    35.0726  1027.0134     2.0949     4.2742     71.226    0.00230    6.00095    6.00007      8.054     0.2590   10.87887   4.053570 7.2727e+03    26.5640    26.5614 1.0000e-12    101.000          1      12214    1500.05 1.8311e+00  54140.911    508.875 1549524733       0.06     -0.230   39.73452  -72.12700    35.2367  1027.0159    26.5666    12.4212 0.0000e+00
     99.212    12.4068    35.0582  1027.0032     2.1034     4.3118     71.710    0.00355    6.01283    6.01208      8.058     0.1351   10.89901   4.049061 1.0022e+05    26.5582    26.5556 1.0000e-12    100.000          1      12274    1499.93 -4.330e-03  54124.686    511.382 1549524735      -0.18     -0.469   39.73452  -72.12701    35.2195  1027.0036    26.5587    12.3935 0.0000e+00
     98.222    12.3431    35.0258  1026.9861     2.1178     4.3817     72.763    0.00804    6.02194    6.02128      8.060     0.0929   10.91440   4.039420 9.9999e+04    26.5455    26.5429 1.0000e-12     99.000          1      12316    1499.66 0.0000e+00  54089.259    513.131 1549524737       0.02     -0.572   39.73453  -72.12702    35.1860  1026.9859    26.5452    12.3299 0.0000e+00
     97.221    12.2900    34.9989  1026.9712     2.1366     4.4466     73.824    0.01037    6.02315    6.02250      8.062     0.0949   10.91644   4.031334 8.6662e+03    26.5348    26.5323 1.0000e-12     98.000          1      12359    1499.43 1.8036e+00  54059.855    514.923 1549524739      -0.06     -0.592   39.73454  -72.12702    35.1575  1026.9698    26.5334    12.2771 0.0000e+00
     96.246    12.1879    34.9517  1026.9502     2.1732     4.5328     74.799    0.00318    6.05999    6.05974      8.069     0.0839   10.97872   4.016796 5.0640e-11    26.5180    26.5155 1.0000e-12     97.000          1      12507    1499.01 1.9747e+00  54010.180    521.096 1549524745      -0.43     -0.073   39.73456  -72.12707    35.1121  1026.9502    26.5181    12.1752 0.0000e+00
     95.247    12.1668    34.9405  1026.9411     2.1806     4.5908     75.443    0.00659    6.08516    6.08518      8.071     0.0868   11.02116   4.013326 5.0640e-11    26.5133    26.5109 1.0000e-12     96.000          1      12529    1498.91 1.9747e+00  53997.494    521.979 1549524746      -0.65     -0.723   39.73458  -72.12706    35.0985  1026.9393    26.5115    12.1542 0.0000e+00
     94.246    12.1003    34.9041  1026.9212     2.1968     4.6706     76.822    0.01359    6.07982    6.07978      8.073     0.1031   11.01211   4.001960 5.8144e+04    26.4978    26.4954 1.0000e-12     95.000          1      12549    1498.62 8.2651e-01  53956.771    522.840 1549524746      -0.23     -1.100   39.73458  -72.12706    35.0502  1026.9104    26.4870    12.0879 0.0000e+00
     93.251    11.8011    34.7802  1026.8777     2.2510     4.8716     79.795    0.01919    6.10405    6.10429      8.079     0.0802   11.05299   3.960257 1.0075e+05    26.4581    26.4558 1.0000e-12     94.000          1      12935    1497.43 -1.492e-02  53834.008    538.924 1549524763       0.04     -0.831   39.73465  -72.12716    34.9218  1026.8638    26.4442    11.7891 0.0000e+00
     92.264    11.3289    34.5817  1026.8081     2.3386     5.1641     83.441    0.01561    6.18880    6.18999      8.088     0.0913   11.19589   3.895068 2.4758e+03    26.3919    26.3898 1.0000e-12     93.000          1      13878    1495.55 1.9258e+00  53637.065    578.204 1549524802      -0.49     -0.773   39.73484  -72.12741    34.7219  1026.7937    26.3775    11.3174 0.0000e+00
     91.275    11.1398    34.5134  1026.7855     2.3688     5.2452     84.625    0.01380    6.19821    6.19950      8.089     0.0845   11.21176   3.870811 5.0640e-11    26.3733    26.3713 1.0000e-12     92.000          1      13951    1494.79 1.9747e+00  53574.934    581.240 1549524805       0.08     -0.566   39.73486  -72.12743    34.6588  1026.7752    26.3630    11.1285 0.0000e+00
     90.288    11.0421    34.4769  1026.7705     2.3899     5.2666     84.812    0.00591    6.20973    6.21116      8.091     0.0801   11.23112   3.858359 5.0640e-11    26.3625    26.3605 1.0000e-12     91.000          1      14014    1494.39 1.9747e+00  53540.707    583.868 1549524807      -0.57     -0.438   39.73486  -72.12744    34.6269  1026.7638    26.3560    11.0310 0.0000e+00
     89.290    10.9801    34.4556  1026.7607     2.3969     5.2916     84.972    0.00437    6.22747    6.22910      8.093     0.0991   11.26103   3.850458 -9.990e-29    26.3571    26.3552 1.0000e-12     90.000          1      14055    1494.13 -9.990e-29  53521.625    585.584 1549524809       0.07     -0.567   39.73488  -72.12745    34.6067  1026.7549    26.3514    10.9691 0.0000e+00
     88.303    10.8721    34.4093  1026.7397     2.4113     5.3636     85.840    0.00667    6.24830    6.25017      8.094     0.1252   11.29602   3.834921 5.0640e-11    26.3404    26.3385 1.0000e-12     89.000          1      14115    1493.68 1.9747e+00  53476.031    588.075 1549524812      -0.36     -0.366   39.73488  -72.12746    34.5530  1026.7284    26.3291    10.8613 0.0000e+00
     87.310    10.7179    34.3587  1026.7235     2.4298     5.4280     86.799    0.00808    6.25353    6.25546      8.094     0.1451   11.30484   3.815917 5.0640e-11    26.3284    26.3265 1.0000e-12     88.000          1      14169    1493.06 1.9747e+00  53433.029    590.324 1549524814       0.13     -0.414   39.73490  -72.12748    34.5079  1026.7166    26.3214    10.7073 0.0000e+00
     86.321    10.6663    34.3390  1026.7129     2.4398     5.4346     86.839    0.00389    6.25827    6.26026      8.094     0.1358   11.31279   3.809418 5.0640e-11    26.3221    26.3203 1.0000e-12     87.000          1      14221    1492.83 1.9747e+00  53414.440    592.486 1549524816      -0.49     -0.466   39.73490  -72.12750    34.4915  1026.7085    26.3178    10.6559 0.0000e+00
     85.318    10.6367    34.3296  1026.7063     2.4438     5.4425     86.827    0.00202    6.26819    6.27030      8.095     0.1436   11.32949   3.805786 4.6309e+04    26.3200    26.3182 1.0000e-12     86.000          1      14269    1492.70 1.0602e+00  53406.138    594.497 1549524818      -0.19     -0.598   39.73492  -72.12751    34.4832  1026.7029    26.3166    10.6265 0.0000e+00
     84.335    10.5679    34.3026  1026.6930     2.4522     5.4943     87.256    0.00274    6.29678    6.29923      8.097     0.1428   11.37748   3.796152 3.3282e+04    26.3110    26.3093 1.0000e-12     85.000          1      14340    1492.41 1.3175e+00  53380.751    597.469 1549524821      -0.53     -0.553   39.73494  -72.12752    34.4513  1026.6858    26.3039    10.5578 0.0000e+00
     83.335    10.4780    34.2741  1026.6822     2.4592     5.5306     87.799    0.00499    6.29920    6.30168      8.098     0.1573   11.38153   3.784864 4.8618e+03    26.3045    26.3028 1.0000e-12     84.000          1      14369    1492.04 1.8787e+00  53357.187    598.665 1549524822      -0.02     -0.838   39.73494  -72.12754    34.4224  1026.6748    26.2971    10.4681 0.0000e+00
     82.347    10.3499    34.2335  1026.6685     2.4734     5.5763     88.440    0.00504    6.30526    6.30782      8.099     0.1455   11.39170   3.769019 -5.267e+02    26.2951    26.2934 1.0000e-12     83.000          1      14454    1491.52 1.9851e+00  53324.193    602.208 1549524826      -0.02     -0.490   39.73496  -72.12756    34.3833  1026.6624    26.2889    10.3402 0.0000e+00
     81.350    10.2881    34.2084  1026.6552     2.4812     5.6113     88.645    0.00370    6.33012    6.33297      8.101     0.2985   11.43343   3.760446 -9.990e-29    26.2862    26.2845 1.0000e-12     82.000          1      14545    1491.25 -9.990e-29  53300.349    605.998 1549524830      -0.27     -0.973   39.73498  -72.12758    34.3550  1026.6466    26.2776    10.2785 0.0000e+00
     80.360    10.1471    34.1684  1026.6440     2.4977     5.6797     89.634    0.00624    6.33658    6.33951      8.101     0.1237   11.44432   3.743701 -9.990e-29    26.2791    26.2775 1.0000e-12     81.000          1      14634    1490.68 -9.990e-29  53271.165    609.721 1549524833       0.04     -0.688   39.73499  -72.12760    34.3182  1026.6380    26.2732    10.1378 0.0000e+00
     79.368    10.0677    34.1399  1026.6309     2.5096     5.7029     89.851    0.00318    6.34705    6.35011      8.101     0.1717   11.46190   3.733797 -9.990e-29    26.2704    26.2688 1.0000e-12     80.000          1      14762    1490.34 -9.990e-29  53246.155    615.031 1549524839      -0.55     -0.793   39.73502  -72.12764    34.2928  1026.6274    26.2669    10.0585 0.0000e+00
     78.374    10.0313    34.1294  1026.6244     2.5126     5.7015     89.818    0.00153    6.34781    6.35088      8.100     0.1414   11.46319   3.729736 5.0640e-11    26.2684    26.2668 1.0000e-12     79.000          1      14821    1490.18 1.9747e+00  53238.046    617.488 1549524841       0.09     -0.706   39.73503  -72.12765    34.2861  1026.6239    26.2678    10.0223 0.0000e+00
     77.392    10.0084    34.1210  1026.6173     2.5197     5.7270     90.117    0.00154    6.35499    6.35814      8.098     0.1964   11.47527   3.727025 5.0640e-11    26.2657    26.2642 1.0000e-12     78.000          1      14961    1490.08 1.9747e+00  53230.184    623.354 1549524847      -0.04     -0.347   39.73506  -72.12768    34.2806  1026.6190    26.2674     9.9995 0.0000e+00
     76.398     9.9997    34.1171  1026.6112     2.5210     5.7273     90.071    0.00048    6.35858    6.36178      8.098     0.1918   11.48130   3.725709 1.0045e+04    26.2641    26.2626 1.0000e-12     77.000          1      15002    1490.02 1.7763e+00  53225.759    625.030 1549524849      -0.29     -0.534   39.73506  -72.12769    34.2758  1026.6122    26.2651     9.9909 0.0000e+00
     75.403     9.9558    34.1001  1026.6008     2.5252     5.7453     90.279    0.00083    6.36392    6.36718      8.099     0.1610   11.49033   3.719825 6.1365e+04    26.2582    26.2567 1.0000e-12     76.000          1      15101    1489.83 7.6291e-01  53209.998    629.184 1549524853      -0.03     -0.459   39.73509  -72.12772    34.2576  1026.6011    26.2584     9.9471 0.0000e+00
     74.412     9.9375    34.0899  1026.5915     2.5270     5.7524     90.300    0.00028    6.37034    6.37368 -9.990e-29     0.1982   11.50114   3.717103 -9.990e-29    26.2533    26.2518 1.0000e-12     75.000          1      15176    1489.73 -9.990e-29  53198.739    632.310 1549524856      -0.28     -0.540   39.73510  -72.12774    34.2475  1026.5918    26.2536     9.9290 0.0000e+00
     73.414     9.8745    34.0642  1026.5776     2.5331     5.7849     90.673    0.00133    6.37990    6.38334      8.097     0.1765   11.51719   3.708627 5.0640e-11    26.2438    26.2424 1.0000e-12     74.000          1      15282    1489.46 1.9747e+00  53174.673    636.725 1549524860      -0.15     -0.495   39.73512  -72.12776    34.2206  1026.5770    26.2432     9.8662 0.0000e+00
