CalculateIndicators/WaterTemperature/Data/CTD_NYOS/NY1902_11_4_7.cnv
* Sea-Bird SBE 9 Data File:
* FileName = C:\Seabird 9 CTD\Data\2019\201902_Offshore\NY1902_ctd_casts\NY1902_11_4_7.hex
* Software Version Seasave V 7.23.2
* Temperature SN = 4590
* Conductivity SN = 3228
* Number of Bytes Per Scan = 44
* Number of Voltage Words = 5
* Number of Scans Averaged by the Deck Unit = 1
* NMEA Latitude = 39 14.69 N
* NMEA Longitude = 072 16.94 W
* NMEA UTC (Time) = Feb 11 2019  11:40:20
* NMEA baud rate = 4800
** Ship: Seawolf
** Station: 4.7
** Operator: AJB
# nquan = 35
# nvalues = 979                         
# units = specified
# name 0 = depSM: Depth [salt water, m]
# name 1 = t090C: Temperature [ITS-90, deg C]
# name 2 = sal00: Salinity, Practical [PSU]
# name 3 = density00: Density [density, kg/m^3]
# name 4 = sbeox0V: Oxygen raw, SBE 43 [V]
# name 5 = sbeox0ML/L: Oxygen, SBE 43 [ml/l]
# name 6 = sbeox0PS: Oxygen, SBE 43 [% saturation]
# name 7 = sbox0dV/dT: Oxygen, SBE 43 [dov/dt]
# name 8 = oxsolML/L: Oxygen Saturation, Garcia & Gordon [ml/l]
# name 9 = oxsatML/L: Oxygen Saturation, Weiss [ml/l]
# name 10 = ph: pH
# name 11 = flECO-AFL: Fluorescence, WET Labs ECO-AFL/FL [mg/m^3]
# name 12 = n2satML/L: Nitrogen Saturation [ml/l]
# name 13 = c0S/m: Conductivity [S/m]
# name 14 = cpar: CPAR/Corrected Irradiance [%]
# name 15 = sigma-é00: Density [sigma-theta, kg/m^3]
# name 16 = sigma-t00: Density [sigma-t, kg/m^3 ]
# name 17 = par: PAR/Irradiance, Biospherical/Licor
# name 18 = prDM: Pressure, Digiquartz [db]
# name 19 = pumps: Pump Status
# name 20 = scan: Scan Count
# name 21 = svCM: Sound Velocity [Chen-Millero, m/s]
# name 22 = spar: SPAR, Biospherical/Licor
# name 23 = specc: Specific Conductance [uS/cm]
# name 24 = timeS: Time, Elapsed [seconds]
# name 25 = timeY: Time, System [seconds]
# name 26 = accM: Acceleration [m/s^2]
# name 27 = dz/dtM: Descent Rate [m/s]
# name 28 = latitude: Latitude [deg]
# name 29 = longitude: Longitude [deg]
# name 30 = gsw_saA0: Absolute Salinity [g/kg]
# name 31 = gsw_densityA0: density, TEOS-10 [density, kg/m^3]
# name 32 = gsw_sigma0A0: density, TEOS-10 [sigma-0, kg/m^3 ]
# name 33 = gsw_ptA0: potential temperature [ITS-90, deg C]
# name 34 = flag: flag
# span 0 =      1.973,    486.708       
# span 1 =     6.9088,    13.6793       
# span 2 =    33.8320,    35.6989       
# span 3 =  1026.2824,  1029.7492       
# span 4 =     1.5702,     2.7600       
# span 5 =     3.0151,     6.5572       
# span 6 =     48.436,    100.163       
# span 7 =   -0.01514,    0.01807       
# span 8 =    5.82015,    6.75855       
# span 9 =    5.81743,    6.76901       
# span 10 =      4.983,     10.464      
# span 11 =    -0.0726,     0.6423      
# span 12 =   10.57250,   12.12990      
# span 13 =   3.550982,   4.243621      
# span 14 = -1.146e+04, 1.0341e+05      
# span 15 =    26.2733,    27.5146      
# span 16 =    26.2733,    27.5081      
# span 17 = 1.0000e-12, 1.0000e-12      
# span 18 =      2.000,    491.000      
# span 19 =          1,          1      
# span 20 =       1910,      47784      
# span 21 =    1483.14,    1505.84      
# span 22 = -8.762e-01, 2.7646e+01      
# span 23 =  53084.722,  55641.384      
# span 24 =     79.537,   1990.966      
# span 25 = 1549885299, 1549887211      
# span 26 =      -0.50,       0.34      
# span 27 =     -0.855,      0.889      
# span 28 =   39.24252,   39.24488      
# span 29 =  -72.28224,  -72.27941      
# span 30 =    33.9929,    35.8699      
# span 31 =  1026.2858,  1029.7518      
# span 32 =    26.2740,    27.5174      
# span 33 =     6.8620,    13.6570      
# span 34 = 0.0000e+00, 0.0000e+00      
# interval = decibars: 1                
# start_time = Feb 11 2019 11:40:20 [System UTC, first data scan.]
# bad_flag = -9.990e-29
*END*
[from data line 166]
    166.658    13.3978    35.6895  1027.5939     1.8704     3.5892     61.276   -0.00165    5.85745    5.85519      8.430    -0.0372   10.63434   4.215105 1.6887e-11    26.8509    26.8460 1.0000e-12    168.000          1       8636    1505.10 5.9242e+00  54887.342    359.810 1549885579       0.02      0.663   39.24452  -72.28172    35.8557  1027.5959    26.8530    13.3741 0.0000e+00
    167.647    13.3799    35.6879  1027.6009     1.8683     3.5865     61.217   -0.00130    5.85869    5.85644      8.431    -0.0333   10.63639   4.213301 1.6880e-11    26.8534    26.8485 1.0000e-12    169.000          1       8675    1505.06 5.9242e+00  54888.296    361.410 1549885581      -0.02      0.625   39.24452  -72.28172    35.8550  1027.6036    26.8561    13.3561 0.0000e+00
    168.639    13.3682    35.6864  1027.6066     1.8668     3.5851     61.181   -0.00101    5.85987    5.85763      8.432    -0.0195   10.63836   4.212036 1.6880e-11    26.8547    26.8497 1.0000e-12    170.000          1       8712    1505.03 5.9242e+00  54888.469    362.942 1549885582       0.01      0.653   39.24452  -72.28172    35.8535  1027.6093    26.8574    13.3442 0.0000e+00
    169.631    13.3592    35.6857  1027.6124     1.8648     3.5813     61.067   -0.00133    5.86443    5.86225      8.434    -0.0398   10.64593   4.211143 2.1748e-11    26.8560    26.8510 1.0000e-12    171.000          1       8747    1505.02 4.7852e+00  54889.372    364.419 1549885584       0.05      0.661   39.24452  -72.28172    35.8530  1027.6153    26.8589    13.3351 0.0000e+00
    170.625    13.3498    35.6846  1027.6179     1.8621     3.5729     60.912   -0.00175    5.86565    5.86349 -9.990e-29    -0.0202   10.64796   4.210070 1.9879e-11    26.8571    26.8521 1.0000e-12    172.000          1       8783    1505.00 5.2226e+00  54889.824    365.902 1549885585      -0.06      0.692   39.24451  -72.28171    35.8512  1027.6203    26.8595    13.3256 0.0000e+00
    171.615    13.3110    35.6821  1027.6285     1.8605     3.5739     60.909   -0.00104    5.86750    5.86536      8.435    -0.0138   10.65104   4.205982 1.6911e-11    26.8631    26.8581 1.0000e-12    173.000          1       8823    1504.89 5.9171e+00  54892.493    367.587 1549885587      -0.00      0.591   39.24450  -72.28170    35.8484  1027.6306    26.8652    13.2867 0.0000e+00
    172.604    13.2996    35.6810  1027.6345     1.8592     3.5739     60.879   -0.00074    5.87047    5.86836      8.434    -0.0482   10.65597   4.204884 1.6880e-11    26.8647    26.8597 1.0000e-12    174.000          1       8865    1504.87 5.9242e+00  54893.307    369.315 1549885589      -0.02      0.578   39.24450  -72.28170    35.8482  1027.6372    26.8674    13.2752 0.0000e+00
    173.598    13.2848    35.6796  1027.6410     1.8585     3.5747     60.869   -0.00061    5.87272    5.87064      8.431    -0.0380   10.65971   4.203244 1.6880e-11    26.8667    26.8616 1.0000e-12    175.000          1       8900    1504.83 5.9242e+00  54894.102    370.808 1549885590       0.10      0.649   39.24450  -72.28170    35.8461  1027.6432    26.8689    13.2602 0.0000e+00
    174.589    13.2623    35.6779  1027.6487     1.8573     3.5730     60.831   -0.00054    5.87373    5.87166      8.432    -0.0184   10.66139   4.200855 1.6880e-11    26.8699    26.8649 1.0000e-12    176.000          1       8938    1504.77 5.9242e+00  54895.535    372.375 1549885592      -0.08      0.657   39.24450  -72.28170    35.8441  1027.6507    26.8719    13.2376 0.0000e+00
    175.580    13.2439    35.6763  1027.6558     1.8563     3.5699     60.770   -0.00077    5.87441    5.87235      8.432    -0.0279   10.66253   4.198988 1.6880e-11    26.8725    26.8674 1.0000e-12    177.000          1       8975    1504.73 5.9242e+00  54896.690    373.907 1549885593       0.10      0.626   39.24450  -72.28170    35.8431  1027.6583    26.8750    13.2191 0.0000e+00
    176.573    13.2367    35.6754  1027.6611     1.8560     3.5729     60.806   -0.00028    5.87594    5.87390      8.434    -0.0387   10.66507   4.198304 1.6880e-11    26.8733    26.8682 1.0000e-12    178.000          1       9012    1504.72 5.9242e+00  54897.101    375.460 1549885595      -0.09      0.665   39.24450  -72.28169    35.8429  1027.6641    26.8763    13.2118 0.0000e+00
    177.561    13.2302    35.6747  1027.6663     1.8541     3.5654     60.653   -0.00106    5.87836    5.87635      8.434    -0.0492   10.66909   4.197619 1.6880e-11    26.8741    26.8690 1.0000e-12    179.000          1       9051    1504.72 5.9242e+00  54897.595    377.097 1549885597       0.11      0.577   39.24450  -72.28168    35.8421  1027.6692    26.8771    13.2052 0.0000e+00
    178.558    13.2195    35.6735  1027.6721     1.8529     3.5636     60.608   -0.00104    5.87973    5.87774      8.435    -0.0397   10.67138   4.196441 1.6880e-11    26.8754    26.8703 1.0000e-12    180.000          1       9084    1504.69 5.9242e+00  54898.167    378.443 1549885598       0.03      0.737   39.24450  -72.28168    35.8405  1027.6747    26.8781    13.1943 0.0000e+00
    179.547    13.1993    35.6719  1027.6794     1.8507     3.5608     60.507   -0.00115    5.88498    5.88305      8.436    -0.0396   10.68011   4.194339 1.6880e-11    26.8783    26.8732 1.0000e-12    181.000          1       9125    1504.64 5.9242e+00  54899.505    380.152 1549885600      -0.10      0.600   39.24449  -72.28168    35.8391  1027.6822    26.8811    13.1740 0.0000e+00
    180.536    13.1831    35.6704  1027.6860     1.8444     3.5441     60.027   -0.00328    5.90411    5.90242      8.437    -0.0300   10.71193   4.192605 3.2339e-11    26.8805    26.8753 1.0000e-12    182.000          1       9167    1504.60 3.9029e+00  54900.321    381.937 1549885602       0.06      0.546   39.24448  -72.28168    35.8374  1027.6887    26.8831    13.1577 0.0000e+00
    181.531    13.1316    35.6635  1027.6959     1.8314     3.4894     59.015   -0.00796    5.91270    5.91111      8.438    -0.0199   10.72621   4.186149 3.5866e-11    26.8857    26.8805 1.0000e-12    183.000          1       9203    1504.44 3.2371e+00  54899.016    383.436 1549885603       0.03      0.661   39.24448  -72.28167    35.8238  1027.6933    26.8831    13.1061 0.0000e+00
    182.520    12.9951    35.6510  1027.7187     1.8193     3.4543     58.376   -0.00890    5.91730    5.91577      8.437    -0.0307   10.73387   4.171242 1.6614e-11    26.9036    26.8984 1.0000e-12    184.000          1       9238    1503.99 5.9619e+00  54902.676    384.895 1549885604       0.04      0.671   39.24448  -72.28166    35.8094  1027.7147    26.8996    12.9697 0.0000e+00
    183.515    12.9282    35.6450  1027.7322     1.8115     3.4505     58.280   -0.00609    5.92063    5.91914      8.441    -0.0305   10.73942   4.164353 1.6880e-11    26.9124    26.9073 1.0000e-12    185.000          1       9272    1503.78 5.9242e+00  54904.981    386.304 1549885606      -0.03      0.722   39.24448  -72.28166    35.8060  1027.7303    26.9105    12.9027 0.0000e+00
    184.502    12.8862    35.6396  1027.7411     1.8045     3.4445     58.150   -0.00407    5.92352    5.92207      8.439    -0.0311   10.74424   4.159808 1.7114e-11    26.9167    26.9116 1.0000e-12    186.000          1       9312    1503.65 5.9242e+00  54904.556    387.955 1549885608      -0.03      0.598   39.24448  -72.28166    35.8016  1027.7399    26.9155    12.8606 0.0000e+00
    185.499    12.8587    35.6360  1027.7484     1.7978     3.4248     57.785   -0.00474    5.92668    5.92527      8.439    -0.0465   10.74951   4.156836 1.7747e-11    26.9194    26.9143 1.0000e-12    187.000          1       9347    1503.57 -9.990e-29  54904.306    389.428 1549885609       0.03      0.674   39.24448  -72.28166    35.7985  1027.7476    26.9187    12.8331 0.0000e+00
    186.485    12.8323    35.6322  1027.7552     1.7928     3.4236     57.753   -0.00270    5.92810    5.92671      8.439    -0.0347   10.75187   4.153964 1.7240e-11    26.9218    26.9167 1.0000e-12    188.000          1       9391    1503.49 5.9242e+00  54903.700    391.259 1549885611      -0.09      0.546   39.24448  -72.28166    35.7955  1027.7551    26.9216    12.8066 0.0000e+00
    187.479    12.8094    35.6297  1027.7625     1.7896     3.4194     57.677   -0.00200    5.92852    5.92713      8.438    -0.0327   10.75257   4.151632 1.6881e-11    26.9245    26.9194 1.0000e-12    189.000          1       9430    1503.43 5.9242e+00  54904.379    392.869 1549885612       0.11      0.607   39.24448  -72.28166    35.7943  1027.7633    26.9254    12.7835 0.0000e+00
    188.469    12.8016    35.6285  1027.7676     1.7863     3.4101     57.513   -0.00219    5.92922    5.92783 -9.990e-29    -0.0128   10.75374   4.150858 1.6880e-11    26.9252    26.9200 1.0000e-12    190.000          1       9464    1503.42 5.9242e+00  54904.520    394.311 1549885614       0.01      0.689   39.24448  -72.28166    35.7938  1027.7690    26.9266    12.7755 0.0000e+00
    189.463    12.7992    35.6280  1027.7721     1.7834     3.4019     57.369   -0.00240    5.92983    5.92846 -9.990e-29    -0.0456   10.75476   4.150699 1.6880e-11    26.9253    26.9201 1.0000e-12    191.000          1       9496    1503.42 5.9242e+00  54904.778    395.626 1549885615       0.06      0.744   39.24448  -72.28166    35.7942  1027.7741    26.9273    12.7730 0.0000e+00
    190.455    12.7945    35.6270  1027.7767     1.7817     3.4040     57.391   -0.00133    5.93138    5.93002      8.442    -0.0297   10.75733   4.150197 1.6880e-11    26.9255    26.9202 1.0000e-12    192.000          1       9531    1503.42 5.9242e+00  54904.663    397.094 1549885617      -0.09      0.709   39.24448  -72.28166    35.7933  1027.7789    26.9277    12.7682 0.0000e+00
    191.445    12.7876    35.6260  1027.7818     1.7798     3.4044     57.339   -0.00104    5.93730    5.93602      8.443    -0.0320   10.76719   4.149524 1.6880e-11    26.9261    26.9208 1.0000e-12    193.000          1       9573    1503.42 5.9242e+00  54904.975    398.839 1549885618      -0.05      0.580   39.24448  -72.28166    35.7929  1027.7845    26.9288    12.7612 0.0000e+00
    192.434    12.7667    35.6232  1027.7883     1.7767     3.3945     57.141   -0.00171    5.94055    5.93931      8.443    -0.0292   10.77260   4.147024 1.6880e-11    26.9281    26.9228 1.0000e-12    194.000          1       9616    1503.36 5.9242e+00  54904.814    400.639 1549885620       0.04      0.543   39.24447  -72.28165    35.7882  1027.7895    26.9293    12.7402 0.0000e+00
    193.428    12.7202    35.6184  1027.7986     1.7738     3.3856     56.990   -0.00200    5.94063    5.93939 -9.990e-29    -0.0275   10.77274   4.141980 1.7380e-11    26.9337    26.9284 1.0000e-12    195.000          1       9652    1503.22 5.8072e+00  54906.083    402.115 1549885622       0.07      0.661   39.24446  -72.28164    35.7832  1027.7995    26.9347    12.6936 0.0000e+00
    194.419    12.7045    35.6169  1027.8050     1.7705     3.3751     56.804   -0.00241    5.94160    5.94037 -9.990e-29    -0.0505   10.77435   4.140498 2.5293e-11    26.9357    26.9304 1.0000e-12    196.000          1       9685    1503.18 3.9558e+00  54907.022    403.516 1549885623       0.01      0.711   39.24446  -72.28164    35.7833  1027.8073    26.9380    12.6777 0.0000e+00
    195.414    12.7033    35.6163  1027.8093     1.7698     3.3842     56.941   -0.00067    5.94333    5.94212 -9.990e-29    -0.0373   10.77724   4.140431 1.7844e-11    26.9355    26.9301 1.0000e-12    197.000          1       9722    1503.19 5.8333e+00  54906.980    405.031 1549885625      -0.07      0.681   39.24446  -72.28164    35.7833  1027.8120    26.9382    12.6765 0.0000e+00
    196.398    12.6932    35.6146  1027.8144     1.7676     3.3783     56.793   -0.00127    5.94843    5.94728 -9.990e-29    -0.0374   10.78571   4.139276 1.6857e-11    26.9362    26.9308 1.0000e-12    198.000          1       9767    1503.17 5.9242e+00  54906.781    406.899 1549885627      -0.02      0.516   39.24446  -72.28164    35.7813  1027.8169    26.9387    12.6663 0.0000e+00
    197.395    12.6780    35.6126  1027.8205     1.7667     3.3819     56.814   -0.00065    5.95257    5.95148 -9.990e-29    -0.0290   10.79261   4.137585 1.6880e-11    26.9377    26.9323 1.0000e-12    199.000          1       9802    1503.13 5.9242e+00  54907.051    408.376 1549885628       0.11      0.655   39.24446  -72.28164    35.7790  1027.8226    26.9399    12.6510 0.0000e+00
    198.385    12.6421    35.6086  1027.8290     1.7644     3.3752     56.663   -0.00122    5.95672    5.95568      8.445    -0.0363   10.79952   4.133529 1.6880e-11    26.9417    26.9363 1.0000e-12    200.000          1       9838    1503.03 5.9242e+00  54907.584    409.873 1549885629      -0.04      0.678   39.24446  -72.28164    35.7734  1027.8301    26.9428    12.6149 0.0000e+00
    199.378    12.6088    35.6052  1027.8376     1.7616     3.3650     56.470   -0.00195    5.95898    5.95796      8.447    -0.0301   10.80327   4.129986 1.6880e-11    26.9458    26.9403 1.0000e-12    201.000          1       9876    1502.93 5.9242e+00  54908.822    411.453 1549885631      -0.03      0.642   39.24446  -72.28164    35.7703  1027.8389    26.9470    12.5815 0.0000e+00
    200.367    12.5708    35.6006  1027.8462     1.7584     3.3587     56.353   -0.00174    5.96013    5.95913      8.448    -0.0360   10.80520   4.125806 1.6880e-11    26.9497    26.9443 1.0000e-12    202.000          1       9916    1502.81 5.9242e+00  54909.026    413.141 1549885633       0.01      0.586   39.24446  -72.28164    35.7655  1027.8473    26.9508    12.5434 0.0000e+00
    201.360    12.5586    35.5990  1027.8519     1.7556     3.3521     56.199   -0.00207    5.96477    5.96383 -9.990e-29    -0.0372   10.81292   4.124658 -9.990e-29    26.9509    26.9455 1.0000e-12    203.000          1       9953    1502.78 5.9242e+00  54909.319    414.664 1549885634       0.04      0.650   39.24446  -72.28164    35.7655  1027.8541    26.9532    12.5312 0.0000e+00
    202.349    12.5485    35.5974  1027.8571     1.7529     3.3504     56.138   -0.00144    5.96814    5.96724 -9.990e-29    -0.0371   10.81852   4.123440 9.9999e+04    26.9517    26.9462 1.0000e-12    204.000          1       9991    1502.77 2.0812e+00  54909.273    416.269 1549885636      -0.04      0.629   39.24446  -72.28164    35.7629  1027.8586    26.9533    12.5209 0.0000e+00
    203.342    12.5127    35.5932  1027.8655     1.7487     3.3322     55.812   -0.00293    5.97036    5.96949      8.449    -0.0325   10.82222   4.119495 8.7233e+04    26.9555    26.9500 1.0000e-12    205.000          1      10026    1502.66 4.9529e-01  54909.685    417.693 1549885637       0.12      0.673   39.24445  -72.28162    35.7582  1027.8666    26.9567    12.4851 0.0000e+00
    204.337    12.4908    35.5906  1027.8724     1.7450     3.3240     55.663   -0.00275    5.97168    5.97082      8.449    -0.0233   10.82442   4.117158 3.0320e+03    26.9579    26.9524 1.0000e-12    206.000          1      10059    1502.60 5.7088e+00  54910.307    419.076 1549885639      -0.04      0.741   39.24444  -72.28162    35.7559  1027.8737    26.9593    12.4630 0.0000e+00
    205.324    12.4684    35.5879  1027.8792     1.7409     3.3167     55.530   -0.00226    5.97295    5.97211      8.451    -0.0356   10.82654   4.114799 1.6878e-11    26.9602    26.9547 1.0000e-12    207.000          1      10103    1502.53 5.9247e+00  54910.703    420.929 1549885640      -0.10      0.540   39.24444  -72.28162    35.7539  1027.8811    26.9621    12.4405 0.0000e+00
    206.315    12.4574    35.5865  1027.8848     1.7383     3.3154     55.489   -0.00148    5.97488    5.97407      8.454    -0.0383   10.82977   4.113693 1.6880e-11    26.9613    26.9557 1.0000e-12    208.000          1      10145    1502.51 5.9242e+00  54911.076    422.660 1549885642       0.11      0.567   39.24444  -72.28162    35.7532  1027.8873    26.9638    12.4294 0.0000e+00
