CalculateIndicators/WaterTemperature/Data/CTD_NYOS/NY1902_06_1_6.cnv
* Sea-Bird SBE 9 Data File:
* FileName = C:\Seabird 9 CTD\Data\2019\201902_Offshore\NY1902_ctd_casts\NY1902_06_1_6.hex
* Software Version Seasave V 7.23.2
* Temperature SN = 4590
* Conductivity SN = 3228
* Number of Bytes Per Scan = 44
* Number of Voltage Words = 5
* Number of Scans Averaged by the Deck Unit = 1
* NMEA Latitude = 39 48.31 N
* NMEA Longitude = 071 27.30 W
* NMEA UTC (Time) = Feb 06 2019  21:01:58
* NMEA baud rate = 4800
** Ship: Seawolf
** Station: 1_6
** Operator: AJB
# nquan = 35
# nvalues = 1211                        
# units = specified
# name 0 = depSM: Depth [salt water, m]
# name 1 = t090C: Temperature [ITS-90, deg C]
# name 2 = sal00: Salinity, Practical [PSU]
# name 3 = density00: Density [density, kg/m^3]
# name 4 = sbeox0V: Oxygen raw, SBE 43 [V]
# name 5 = sbeox0ML/L: Oxygen, SBE 43 [ml/l]
# name 6 = sbeox0PS: Oxygen, SBE 43 [% saturation]
# name 7 = sbox0dV/dT: Oxygen, SBE 43 [dov/dt]
# name 8 = oxsolML/L: Oxygen Saturation, Garcia & Gordon [ml/l]
# name 9 = oxsatML/L: Oxygen Saturation, Weiss [ml/l]
# name 10 = ph: pH
# name 11 = flECO-AFL: Fluorescence, WET Labs ECO-AFL/FL [mg/m^3]
# name 12 = n2satML/L: Nitrogen Saturation [ml/l]
# name 13 = c0S/m: Conductivity [S/m]
# name 14 = cpar: CPAR/Corrected Irradiance [%]
# name 15 = sigma-é00: Density [sigma-theta, kg/m^3]
# name 16 = sigma-t00: Density [sigma-t, kg/m^3 ]
# name 17 = par: PAR/Irradiance, Biospherical/Licor
# name 18 = prDM: Pressure, Digiquartz [db]
# name 19 = pumps: Pump Status
# name 20 = scan: Scan Count
# name 21 = svCM: Sound Velocity [Chen-Millero, m/s]
# name 22 = spar: SPAR, Biospherical/Licor
# name 23 = specc: Specific Conductance [uS/cm]
# name 24 = timeS: Time, Elapsed [seconds]
# name 25 = timeY: Time, System [seconds]
# name 26 = accM: Acceleration [m/s^2]
# name 27 = dz/dtM: Descent Rate [m/s]
# name 28 = latitude: Latitude [deg]
# name 29 = longitude: Longitude [deg]
# name 30 = gsw_saA0: Absolute Salinity [g/kg]
# name 31 = gsw_densityA0: density, TEOS-10 [density, kg/m^3]
# name 32 = gsw_sigma0A0: density, TEOS-10 [sigma-0, kg/m^3 ]
# name 33 = gsw_ptA0: potential temperature [ITS-90, deg C]
# name 34 = flag: flag
# span 0 =      0.968,    600.492       
# span 1 =     5.3218,    13.8044       
# span 2 =    32.8495,    35.6878       
# span 3 =  1025.8166,  1030.4423       
# span 4 =     1.5428,     2.8748       
# span 5 =     2.9524,     7.0158       
# span 6 =     46.695,    106.546       
# span 7 =   -0.04280,    0.04842       
# span 8 =    5.80855,    7.01805       
# span 9 =    5.80562,    7.03290       
# span 10 =      7.772,     16.503      
# span 11 =    -0.0645,     0.7210      
# span 12 =   10.55415,   12.55876      
# span 13 =   3.274642,   4.247293      
# span 14 = 9.6590e-14, 9.9999e+04      
# span 15 =    25.8121,    27.6640      
# span 16 =    25.8121,    27.6579      
# span 17 = 1.0000e-12, 9.9840e+01      
# span 18 =      1.000,    606.000      
# span 19 =          0,          1      
# span 20 =        255,      56622      
# span 21 =    1473.37,    1505.60      
# span 22 = -1.232e+00, 1.1627e+03      
# span 23 =  52252.335,  56136.012      
# span 24 =     10.585,   2359.192      
# span 25 = 1549486930, 1549489278      
# span 26 =      -1.04,       0.83      
# span 27 =     -2.231,      1.216      
# span 28 =   39.79717,   39.80522      
# span 29 =  -71.46607,  -71.45512      
# span 30 =    33.0021,    35.8612      
# span 31 =  1025.8193,  1030.4453      
# span 32 =    25.8092,    27.6670      
# span 33 =     5.2709,    13.7891      
# span 34 = 0.0000e+00, 0.0000e+00      
# interval = decibars: 1                
# start_time = Feb 06 2019 21:01:59 [System UTC, first data scan.]
# bad_flag = -9.990e-29
*END*
[from data line 1037]
    172.602    13.1410    35.6480  1027.6419     1.8196     3.5309     60.091    0.01130    5.87598    5.87394      7.990    -0.0303   10.66531   4.187668 4.3130e-13    26.8715    26.8665 1.0000e-12    174.000          1      47697    1504.30 2.3186e+02  54870.960   1987.327 1549488907      -0.26     -1.040   39.79846  -71.46422    35.8334  1027.6587    26.8883    13.1168 0.0000e+00
    171.607    13.1686    35.6499  1027.6332     1.8254     3.5338     60.208    0.00970    5.86931    5.86718      7.990    -0.0386   10.65420   4.190367 4.2883e-13    26.8673    26.8624 1.0000e-12    173.000          1      47714    1504.39 2.3319e+02  54869.085   1988.061 1549488907      -0.24     -1.232   39.79846  -71.46424    35.8336  1027.6487    26.8829    13.1445 0.0000e+00
    170.618    13.1868    35.6507  1027.6256     1.8305     3.5358     60.288    0.00802    5.86492    5.86274      7.990    -0.0398   10.64695   4.191982 4.2549e-13    26.8642    26.8593 1.0000e-12    172.000          1      47731    1504.43 2.3502e+02  54866.630   1988.761 1549488908      -0.13     -1.362   39.79846  -71.46424    35.8323  1027.6395    26.8782    13.1628 0.0000e+00
    169.622    13.2052    35.6548  1027.6205     1.8352     3.5441     60.435    0.00728    5.86424    5.86205 -9.990e-29    -0.0458   10.64579   4.194288 4.2554e-13    26.8635    26.8587 1.0000e-12    171.000          1      47747    1504.48 2.3499e+02  54869.433   1989.426 1549488909      -0.10     -1.434   39.79846  -71.46424    35.8374  1027.6352    26.8783    13.1813 0.0000e+00
    168.621    13.2181    35.6569  1027.6149     1.8403     3.5570     60.665    0.00730    5.86337    5.86116 -9.990e-29    -0.0518   10.64433   4.195543 4.2699e-13    26.8625    26.8576 1.0000e-12    170.000          1      47764    1504.51 2.3420e+02  54869.303   1990.108 1549488909      -0.04     -1.487   39.79846  -71.46424    35.8377  1027.6283    26.8759    13.1943 0.0000e+00
    167.630    13.2743    35.6636  1027.6041     1.8464     3.5713     60.913    0.00704    5.86296    5.86075 -9.990e-29    -0.0496   10.64364   4.202195 4.3111e-13    26.8562    26.8514 1.0000e-12    169.000          1      47786    1504.68 2.3196e+02  54870.208   1991.041 1549488910       0.35     -1.320   39.79846  -71.46424    35.8486  1027.6206    26.8728    13.2506 0.0000e+00
    166.654    13.3197    35.6649  1027.5913     1.8527     3.5788     61.053    0.00543    5.86174    5.85952      7.995    -0.0390   10.64162   4.206211 4.3110e-13    26.8480    26.8431 1.0000e-12    168.000          1      47818    1504.82 2.3197e+02  54864.775   1992.357 1549488912       0.24     -0.798   39.79846  -71.46426    35.8446  1027.6037    26.8605    13.2961 0.0000e+00
    165.657    13.3260    35.6679  1027.5878     1.8559     3.5755     61.014    0.00348    5.86011    5.85786      7.995    -0.0393   10.63889   4.206933 4.2962e-13    26.8489    26.8441 1.0000e-12    167.000          1      47843    1504.82 2.3276e+02  54867.418   1993.427 1549488913      -0.20     -0.841   39.79844  -71.46426    35.8460  1027.5990    26.8601    13.3026 0.0000e+00
    164.665    13.3314    35.6690  1027.5831     1.8589     3.5792     61.092    0.00290    5.85874    5.85648      7.997    -0.0459   10.63663   4.207458 4.3496e-13    26.8487    26.8439 1.0000e-12    166.000          1      47868    1504.82 2.2991e+02  54867.571   1994.477 1549488914      -0.00     -0.969   39.79844  -71.46426    35.8464  1027.5937    26.8593    13.3080 0.0000e+00
    163.677    13.3400    35.6701  1027.5777     1.8610     3.5814     61.139    0.00246    5.85777    5.85550      7.998    -0.0521   10.63501   4.208343 4.3605e-13    26.8477    26.8429 1.0000e-12    165.000          1      47893    1504.84 2.2933e+02  54867.178   1995.512 1549488915      -0.01     -0.937   39.79844  -71.46426    35.8471  1027.5880    26.8581    13.3168 0.0000e+00
    162.686    13.3506    35.6716  1027.5722     1.8623     3.5803     61.127    0.00177    5.85713    5.85485      7.999    -0.0514   10.63394   4.209503 4.3284e-13    26.8466    26.8419 1.0000e-12    164.000          1      47915    1504.86 2.3103e+02  54867.221   1996.397 1549488916      -0.17     -1.033   39.79844  -71.46428    35.8486  1027.5825    26.8570    13.3276 0.0000e+00
    161.692    13.3613    35.6714  1027.5654     1.8630     3.5794     61.115    0.00134    5.85685    5.85457      7.999    -0.0499   10.63348   4.210304 4.3390e-13    26.8443    26.8396 1.0000e-12    163.000          1      47933    1504.88 2.3054e+02  54864.822   1997.176 1549488916      -0.18     -1.174   39.79844  -71.46428    35.8466  1027.5743    26.8533    13.3384 0.0000e+00
    160.701    13.3667    35.6729  1027.5609     1.8638     3.5792     61.113    0.00096    5.85671    5.85443      7.999    -0.0399   10.63324   4.211004 9.3676e-13    26.8443    26.8396 1.0000e-12    162.000          1      47951    1504.88 1.1573e+02  54865.548   1997.914 1549488917      -0.13     -1.291   39.79844  -71.46428    35.8486  1027.5703    26.8537    13.3439 0.0000e+00
    159.706    13.3712    35.6729  1027.5556     1.8652     3.5840     61.199    0.00129    5.85637    5.85409      7.999    -0.0398   10.63268   4.211336 1.1296e-12    26.8434    26.8387 1.0000e-12    161.000          1      47968    1504.88 8.8644e+01  54864.235   1998.623 1549488918      -0.08     -1.364   39.79844  -71.46428    35.8480  1027.5645    26.8523    13.3485 0.0000e+00
    158.715    13.3763    35.6735  1027.5505     1.8670     3.5917     61.338    0.00199    5.85557    5.85328      7.999    -0.0398   10.63134   4.211745 1.0960e-12    26.8427    26.8381 1.0000e-12    160.000          1      47985    1504.88 9.1879e+01  54863.697   1999.336 1549488919      -0.03     -1.403   39.79844  -71.46428    35.8475  1027.5585    26.8508    13.3538 0.0000e+00
    157.719    13.3777    35.6741  1027.5462     1.8681     3.5950     61.402    0.00222    5.85495    5.85265      7.999    -0.0398   10.63031   4.211890 8.8303e-13    26.8429    26.8383 1.0000e-12    159.000          1      48003    1504.87 1.2112e+02  54863.744   2000.074 1549488919       0.04     -1.396   39.79844  -71.46428    35.8480  1027.5542    26.8509    13.3553 0.0000e+00
    156.726    13.3791    35.6745  1027.5417     1.8685     3.5898     61.320    0.00114    5.85426    5.85195      7.999    -0.0500   10.62917   4.211980 4.5959e-13    26.8428    26.8383 1.0000e-12    158.000          1      48023    1504.86 2.2161e+02  54863.493   2000.927 1549488920       0.18     -1.302   39.79843  -71.46429    35.8479  1027.5494    26.8505    13.3569 0.0000e+00
    155.740    13.3852    35.6752  1027.5366     1.8691     3.5871     61.289    0.00054    5.85287    5.85054      7.999    -0.0412   10.62685   4.212633 4.3815e-13    26.8421    26.8376 1.0000e-12    157.000          1      48049    1504.86 2.2823e+02  54862.991   2001.990 1549488921       0.24     -1.048   39.79842  -71.46430    35.8488  1027.5444    26.8499    13.3631 0.0000e+00
    154.749    13.3935    35.6759  1027.5310     1.8703     3.5899     61.360    0.00083    5.85049    5.84813      8.000    -0.0409   10.62290   4.213409 4.3743e-13    26.8410    26.8364 1.0000e-12    156.000          1      48075    1504.87 2.2861e+02  54862.309   2003.094 1549488922       0.02     -0.898   39.79842  -71.46430    35.8489  1027.5383    26.8483    13.3715 0.0000e+00
    153.757    13.4018    35.6769  1027.5256     1.8730     3.5973     61.563    0.00189    5.84325    5.84080      8.002    -0.0596   10.61089   4.214327 4.4468e-13    26.8400    26.8355 1.0000e-12    155.000          1      48102    1504.88 2.2490e+02  54861.916   2004.221 1549488924       0.03     -0.909   39.79842  -71.46430    35.8502  1027.5331    26.8475    13.3799 0.0000e+00
    152.775    13.4151    35.6776  1027.5190     1.8749     3.5994     61.660    0.00210    5.83744    5.83492      8.003    -0.0392   10.60125   4.215662 4.5746e-13    26.8378    26.8333 1.0000e-12    154.000          1      48129    1504.91 2.1860e+02  54860.378   2005.346 1549488925      -0.01     -0.857   39.79842  -71.46430    35.8508  1027.5263    26.8452    13.3934 0.0000e+00
    151.784    13.4314    35.6799  1027.5129     1.8775     3.6036     61.770    0.00210    5.83388    5.83132      8.005 -9.990e-29   10.59538   4.217644 4.4867e-13    26.8362    26.8317 1.0000e-12    153.000          1      48149    1504.95 2.2290e+02  54860.752   2006.175 1549488925      -0.31     -0.992   39.79842  -71.46430    35.8548  1027.5216    26.8449    13.4098 0.0000e+00
    150.786    13.4630    35.6816  1027.5031     1.8804     3.6131     61.988    0.00310    5.82877    5.82614      8.008 -9.990e-29   10.58691   4.221255 4.4422e-13    26.8309    26.8264 1.0000e-12    152.000          1      48165    1505.04 2.2511e+02  54857.812   2006.831 1549488926      -0.42     -1.245   39.79842  -71.46431    35.8599  1027.5144    26.8423    13.4415 0.0000e+00
    149.783    13.5063    35.6817  1027.4896     1.8838     3.6285     62.252    0.00445    5.82871    5.82608      8.008 -9.990e-29   10.58681   4.225294 4.4345e-13    26.8220    26.8175 1.0000e-12    151.000          1      48180    1505.17 2.2551e+02  54851.275   2007.447 1549488927      -0.31     -1.481   39.79842  -71.46432    35.8580  1027.4995    26.8319    13.4849 0.0000e+00
    148.789    13.5321    35.6840  1027.4815     1.8872     3.6392     62.445    0.00498    5.82789    5.82525      8.008 -9.990e-29   10.58548   4.228143 4.4571e-13    26.8184    26.8140 1.0000e-12    150.000          1      48197    1505.24 2.2437e+02  54850.305   2008.166 1549488927       0.09     -1.556   39.79842  -71.46432    35.8612  1027.4920    26.8289    13.5109 0.0000e+00
    147.807    13.5674    35.6824  1027.4685     1.8926     3.6528     62.701    0.00515    5.82571    5.82304      8.012    -0.0398   10.58190   4.231586 4.5148e-13    26.8099    26.8055 1.0000e-12    149.000          1      48220    1505.34 2.2150e+02  54842.619   2009.106 1549488928       0.40     -1.269   39.79840  -71.46432    35.8611  1027.4802    26.8216    13.5462 0.0000e+00
    146.820    13.6130    35.6832  1027.4551     1.8992     3.6747     63.097    0.00634    5.82394    5.82124      8.012    -0.0398   10.57897   4.235751 4.5127e-13    26.8010    26.7966 1.0000e-12    148.000          1      48243    1505.47 2.2160e+02  54836.730   2010.096 1549488929       0.08     -1.008   39.79840  -71.46434    35.8583  1027.4640    26.8099    13.5919 0.0000e+00
    145.824    13.6158    35.6816  1027.4488     1.9045     3.6882     63.341    0.00645    5.82279    5.82008      8.015    -0.0501   10.57709   4.235863 4.4875e-13    26.7991    26.7948 1.0000e-12    147.000          1      48265    1505.46 2.2285e+02  54833.687   2010.985 1549488930      -0.12     -1.060   39.79840  -71.46434    35.8571  1027.4581    26.8084    13.5948 0.0000e+00
    144.831    13.6356    35.6783  1027.4377     1.9102     3.6996     63.546    0.00597    5.82184    5.81912      8.016    -0.0349   10.57552   4.237413 4.5064e-13    26.7925    26.7881 1.0000e-12    146.000          1      48286    1505.50 2.2192e+02  54825.806   2011.891 1549488931      -0.00     -1.123   39.79840  -71.46434    35.8536  1027.4468    26.8016    13.6148 0.0000e+00
    143.844    13.6500    35.6777  1027.4297     1.9160     3.7156     63.838    0.00638    5.82035    5.81761      8.017    -0.0348   10.57307   4.238688 4.5866e-13    26.7890    26.7847 1.0000e-12    145.000          1      48309    1505.53 2.1803e+02  54822.353   2012.829 1549488932       0.05     -1.082   39.79840  -71.46434    35.8526  1027.4385    26.7978    13.6293 0.0000e+00
    142.855    13.6620    35.6764  1027.4217     1.9203     3.7231     63.974    0.00573    5.81969    5.81694      8.017    -0.0399   10.57197   4.239645 4.5817e-13    26.7854    26.7811 1.0000e-12    144.000          1      48329    1505.55 2.1826e+02  54818.310   2013.676 1549488933      -0.10     -1.095   39.79840  -71.46434    35.8509  1027.4302    26.7939    13.6414 0.0000e+00
    141.856    13.6681    35.6750  1027.4149     1.9234     3.7266     64.039    0.00490    5.81921    5.81646 -9.990e-29    -0.0398   10.57118   4.240008 4.5621e-13    26.7830    26.7788 1.0000e-12    143.000          1      48347    1505.56 2.1920e+02  54814.956   2014.417 1549488934      -0.21     -1.222   39.79840  -71.46434    35.8490  1027.4230    26.7912    13.6477 0.0000e+00
    140.858    13.6764    35.6752  1027.4088     1.9266     3.7313     64.124    0.00424    5.81897    5.81621 -9.990e-29    -0.0398   10.57078   4.240834 4.5621e-13    26.7814    26.7771 1.0000e-12    142.000          1      48366    1505.57 2.1920e+02  54813.444   2015.200 1549488935      -0.02     -1.326   39.79838  -71.46434    35.8494  1027.4172    26.7898    13.6561 0.0000e+00
    139.871    13.6881    35.6746  1027.4015     1.9303     3.7392     64.263    0.00401    5.81864    5.81588 -9.990e-29    -0.0506   10.57025   4.241823 8.2130e-13    26.7785    26.7743 1.0000e-12    141.000          1      48390    1505.59 1.4458e+02  54810.591   2016.202 1549488936       0.28     -1.152   39.79838  -71.46436    35.8483  1027.4094    26.7864    13.6680 0.0000e+00
    138.883    13.6953    35.6744  1027.3954     1.9340     3.7437     64.347    0.00324    5.81801    5.81524      8.020    -0.0447   10.56920   4.242401 1.2291e-12    26.7768    26.7726 1.0000e-12    140.000          1      48419    1505.59 8.1294e+01  54808.676   2017.401 1549488937       0.14     -0.879   39.79838  -71.46436    35.8474  1027.4028    26.7842    13.6753 0.0000e+00
    137.904    13.6975    35.6745  1027.3906     1.9364     3.7447     64.375    0.00240    5.81706    5.81428      8.019    -0.0183   10.56764   4.242520 6.1090e-13    26.7764    26.7722 1.0000e-12    139.000          1      48446    1505.59 1.8416e+02  54807.945   2018.521 1549488938      -0.09     -0.823   39.79838  -71.46438    35.8469  1027.3974    26.7833    13.6777 0.0000e+00
    136.907    13.7006    35.6737  1027.3848     1.9377     3.7448     64.393    0.00206    5.81559    5.81279      8.020    -0.0398   10.56525   4.242682 4.6077e-13    26.7751    26.7709 1.0000e-12    138.000          1      48463    1505.58 2.1713e+02  54805.834   2019.269 1549488939      -0.42     -1.023   39.79838  -71.46438    35.8460  1027.3917    26.7819    13.6808 0.0000e+00
    135.908    13.7030    35.6731  1027.3795     1.9384     3.7437     64.381    0.00159    5.81493    5.81212      8.021    -0.0398   10.56417   4.242815 4.6036e-13    26.7741    26.7701 1.0000e-12    137.000          1      48479    1505.57 2.1722e+02  54804.180   2019.899 1549488939      -0.47     -1.323   39.79838  -71.46438    35.8454  1027.3862    26.7809    13.6835 0.0000e+00
    134.910    13.7065    35.6733  1027.3743     1.9402     3.7486     64.464    0.00163    5.81495    5.81214      8.021    -0.0398   10.56422   4.243126 4.6329e-13    26.7735    26.7694 1.0000e-12    136.000          1      48494    1505.56 2.1585e+02  54803.260   2020.526 1549488940      -0.22     -1.542   39.79838  -71.46438    35.8455  1027.3811    26.7803    13.6870 0.0000e+00
    133.919    13.7119    35.6735  1027.3689     1.9444     3.7677     64.792    0.00333    5.81502    5.81221      8.021    -0.0398   10.56435   4.243629 4.6835e-13    26.7725    26.7684 1.0000e-12    135.000          1      48510    1505.56 2.1352e+02  54802.251   2021.220 1549488941       0.10     -1.564   39.79838  -71.46438    35.8455  1027.3756    26.7792    13.6926 0.0000e+00
