CalculateIndicators/WaterTemperature/Data/CTD_NYOS/NY1902_07_3_5.cnv
* Sea-Bird SBE 9 Data File:
* FileName = C:\Seabird 9 CTD\Data\2019\201902_Offshore\NY1902_ctd_casts\NY1902_07_3_5.hex
* Software Version Seasave V 7.23.2
* Temperature SN = 4590
* Conductivity SN = 3228
* Number of Bytes Per Scan = 44
* Number of Voltage Words = 5
* Number of Scans Averaged by the Deck Unit = 1
* NMEA Latitude = 39 43.92 N
* NMEA Longitude = 072 07.42 W
* NMEA UTC (Time) = Feb 07 2019  07:23:42
* NMEA baud rate = 4800
** Ship: Seawolf
** Station: 3_5
** Operator: HBB
# nquan = 35
# nvalues = 237                         
# units = specified
# name 0 = depSM: Depth [salt water, m]
# name 1 = t090C: Temperature [ITS-90, deg C]
# name 2 = sal00: Salinity, Practical [PSU]
# name 3 = density00: Density [density, kg/m^3]
# name 4 = sbeox0V: Oxygen raw, SBE 43 [V]
# name 5 = sbeox0ML/L: Oxygen, SBE 43 [ml/l]
# name 6 = sbeox0PS: Oxygen, SBE 43 [% saturation]
# name 7 = sbox0dV/dT: Oxygen, SBE 43 [dov/dt]
# name 8 = oxsolML/L: Oxygen Saturation, Garcia & Gordon [ml/l]
# name 9 = oxsatML/L: Oxygen Saturation, Weiss [ml/l]
# name 10 = ph: pH
# name 11 = flECO-AFL: Fluorescence, WET Labs ECO-AFL/FL [mg/m^3]
# name 12 = n2satML/L: Nitrogen Saturation [ml/l]
# name 13 = c0S/m: Conductivity [S/m]
# name 14 = cpar: CPAR/Corrected Irradiance [%]
# name 15 = sigma-é00: Density [sigma-theta, kg/m^3]
# name 16 = sigma-t00: Density [sigma-t, kg/m^3 ]
# name 17 = par: PAR/Irradiance, Biospherical/Licor
# name 18 = prDM: Pressure, Digiquartz [db]
# name 19 = pumps: Pump Status
# name 20 = scan: Scan Count
# name 21 = svCM: Sound Velocity [Chen-Millero, m/s]
# name 22 = spar: SPAR, Biospherical/Licor
# name 23 = specc: Specific Conductance [uS/cm]
# name 24 = timeS: Time, Elapsed [seconds]
# name 25 = timeY: Time, System [seconds]
# name 26 = accM: Acceleration [m/s^2]
# name 27 = dz/dtM: Descent Rate [m/s]
# name 28 = latitude: Latitude [deg]
# name 29 = longitude: Longitude [deg]
# name 30 = gsw_saA0: Absolute Salinity [g/kg]
# name 31 = gsw_densityA0: density, TEOS-10 [density, kg/m^3]
# name 32 = gsw_sigma0A0: density, TEOS-10 [sigma-0, kg/m^3 ]
# name 33 = gsw_ptA0: potential temperature [ITS-90, deg C]
# name 34 = flag: flag
# span 0 =      1.959,    119.067       
# span 1 =     8.3051,    13.1318       
# span 2 =    33.5198,    35.4362       
# span 3 =  1026.0705,  1027.2396       
# span 4 =     1.8847,     2.7693       
# span 5 =     3.7972,     6.7611       
# span 6 =     60.171,    102.362       
# span 7 =   -0.01781,    0.09516       
# span 8 =    5.90801,    6.61770       
# span 9 =    5.90619,    6.62409       
# span 10 =      8.033,      8.113      
# span 11 =     0.0544,     0.5880      
# span 12 =   10.72125,   11.91646      
# span 13 =   3.512151,   4.160504      
# span 14 = -2.139e+04, 1.0075e+05      
# span 15 =    26.0614,    26.7077      
# span 16 =    26.0613,    26.7043      
# span 17 = 1.0000e-12, 1.0000e-12      
# span 18 =      2.000,    120.000      
# span 19 =          0,          1      
# span 20 =        275,      25612      
# span 21 =    1482.00,    1503.13      
# span 22 = -1.492e-02, 2.3970e+00      
# span 23 =  52694.281,  54549.070      
# span 24 =     11.398,   1067.116      
# span 25 = 1549524235, 1549525291      
# span 26 =      -0.84,       0.63      
# span 27 =     -1.134,      0.831      
# span 28 =   39.73217,   39.73728      
# span 29 =  -72.13068,  -72.12377      
# span 30 =    27.4422,    35.6051      
# span 31 =  1021.2134,  1027.2445      
# span 32 =    21.2042,    26.7127      
# span 33 =     8.3025,    13.1152      
# span 34 = 0.0000e+00, 0.0000e+00      
# interval = decibars: 1                
# start_time = Feb 07 2019 07:23:44 [System UTC, first data scan.]
# bad_flag = -9.990e-29
*END*
[from data line 83]
     84.336    10.4559    34.2655  1026.6839     2.4791     5.5045     87.722   -0.00518    6.27489    6.27708      8.076     0.1324   11.34080   3.784491 5.0640e-11    26.3017    26.2999 1.0000e-12     85.000          1       6200    1491.97 1.9747e+00  53350.039    258.280 1549524482       0.06      0.415   39.73329  -72.12544    34.4391  1026.6961    26.3139    10.4459 0.0000e+00
     85.325    10.5607    34.3026  1026.6988     2.4645     5.4364     87.147   -0.00456    6.23818    6.23994      8.075     0.0805   11.27909   3.798257 5.0640e-11    26.3123    26.3105 1.0000e-12     86.000          1       6325    1492.40 1.9747e+00  53382.631    263.512 1549524487       0.42      0.437   39.73331  -72.12548    34.4790  1026.7131    26.3266    10.5505 0.0000e+00
     86.318    10.7182    34.3482  1026.7108     2.4513     5.3741     86.394   -0.00631    6.22046    6.22200      8.072     0.0920   11.24927   3.817532 5.0640e-11    26.3201    26.3183 1.0000e-12     87.000          1       6377    1493.03 1.9747e+00  53417.594    265.667 1549524489      -0.15      0.459   39.73332  -72.12549    34.5242  1026.7247    26.3341    10.7078 0.0000e+00
     87.313    10.8833    34.4127  1026.7358     2.4283     5.3052     85.415   -0.00582    6.21109    6.21253      8.071     0.1438   11.23350   3.839255 5.0640e-11    26.3410    26.3391 1.0000e-12     88.000          1       6473    1493.70 1.9747e+00  53478.107    269.662 1549524493       0.18      0.288   39.73333  -72.12552    34.5865  1026.7478    26.3530    10.8726 0.0000e+00
     88.299    10.9419    34.4333  1026.7457     2.4170     5.2833     85.272   -0.00215    6.19583    6.19709      8.069     0.1403   11.20783   3.846668 5.0640e-11    26.3466    26.3447 1.0000e-12     89.000          1       6565    1493.95 1.9747e+00  53496.756    273.493 1549524497       0.07      0.331   39.73336  -72.12554    34.6052  1026.7562    26.3571    10.9310 0.0000e+00
     89.293    11.0250    34.4639  1026.7590     2.4062     5.2325     84.562   -0.00456    6.18776    6.18892      8.069     0.1013   11.19422   3.857706 5.0640e-11    26.3555    26.3535 1.0000e-12     90.000          1       6624    1494.30 1.9747e+00  53525.086    275.940 1549524500      -0.05      0.380   39.73336  -72.12556    34.6369  1026.7702    26.3668    11.0140 0.0000e+00
     90.285    11.1105    34.4941  1026.7713     2.3943     5.2104     84.306   -0.00172    6.18033    6.18142      8.068     0.0826   11.18175   3.868478 7.4261e+04    26.3635    26.3615 1.0000e-12     91.000          1       6728    1494.65 5.0825e-01  53552.466    280.295 1549524504       0.07      0.213   39.73338  -72.12559    34.6636  1026.7797    26.3720    11.0994 0.0000e+00
     91.276    11.1483    34.5113  1026.7822     2.3886     5.1845     84.028   -0.00212    6.17000    6.17097      8.068     0.0800   11.16431   3.873860 6.2362e+04    26.3701    26.3680 1.0000e-12     92.000          1       6807    1494.82 7.4322e-01  53570.343    283.567 1549524507       0.12      0.408   39.73340  -72.12562    34.6813  1026.7911    26.3790    11.1369 0.0000e+00
     92.271    11.2023    34.5331  1026.7938     2.3795     5.1407     83.469   -0.00373    6.15876    6.15960      8.067     0.1302   11.14538   3.881311 2.7295e+04    26.3773    26.3752 1.0000e-12     93.000          1       6868    1495.05 1.4357e+00  53591.721    286.111 1549524510      -0.00      0.393   39.73340  -72.12563    34.7043  1026.8035    26.3870    11.1908 0.0000e+00
     93.262    11.4589    34.6348  1026.8297     2.3475     4.9616     81.343   -0.01134    6.09935    6.09952      8.061     0.0773   11.04521   3.917083 2.6073e+03    26.4093    26.4071 1.0000e-12     94.000          1       6974    1496.08 1.9232e+00  53689.497    290.543 1549524514       0.08      0.316   39.73343  -72.12566    34.8177  1026.8481    26.4277    11.4471 0.0000e+00
     94.255    11.7487    34.7508  1026.8696     2.3010     4.7744     78.664   -0.01781    6.06926    6.06911      8.056     0.0555   10.99449   3.956763 5.0640e-11    26.4454    26.4431 1.0000e-12     95.000          1       7052    1497.24 1.9747e+00  53802.230    293.782 1549524517       0.21      0.363   39.73344  -72.12568    34.9368  1026.8902    26.4660    11.7366 0.0000e+00
     95.243    11.9396    34.8318  1026.9006     2.2550     4.6669     77.289   -0.01039    6.03819    6.03769      8.050     0.0544   10.94197   3.982806 5.0640e-11    26.4723    26.4699 1.0000e-12     96.000          1       7144    1498.00 1.9747e+00  53883.356    297.606 1549524521      -0.06      0.223   39.73346  -72.12571    35.0131  1026.9172    26.4890    11.9271 0.0000e+00
     96.238    12.1610    34.9275  1026.9365     2.2111     4.5119     74.882   -0.01521    6.02529    6.02466      8.047     0.0611   10.92017   4.014008 5.0640e-11    26.5043    26.5018 1.0000e-12     97.000          1       7219    1498.89 1.9747e+00  53980.932    300.738 1549524524       0.01      0.363   39.73347  -72.12573    35.1100  1026.9537    26.5215    12.1483 0.0000e+00
     97.228    12.2328    34.9630  1026.9546     2.1806     4.4732     74.322   -0.00630    6.01874    6.01804      8.045     0.0666   10.90904   4.023827 5.0640e-11    26.5181    26.5156 1.0000e-12     98.000          1       7307    1499.19 1.9747e+00  54019.233    304.428 1549524528      -0.01      0.243   39.73349  -72.12575    35.1381  1026.9660    26.5295    12.2199 0.0000e+00
     98.216    12.2664    34.9852  1026.9697     2.1633     4.4214     73.655   -0.00518    6.00289    6.00202      8.039     0.0697   10.88221   4.029458 5.0640e-11    26.5288    26.5263 1.0000e-12     99.000          1       7396    1499.35 1.9747e+00  54045.143    308.137 1549524532       0.08      0.282   39.73350  -72.12578    35.1610  1026.9815    26.5407    12.2534 0.0000e+00
     99.219    12.3646    35.0318  1026.9911     2.1399     4.3377     72.289   -0.00862    6.00056    5.99967      8.037     0.0942   10.87827   4.043743 5.0640e-11    26.5459    26.5434 1.0000e-12    100.000          1       7471    1499.75 1.9747e+00  54094.873    311.264 1549524535       0.16      0.468   39.73352  -72.12580    35.2074  1027.0026    26.5576    12.3513 0.0000e+00
    100.199    12.4306    35.0635  1027.0071     2.1135     4.2637     71.188   -0.00776    5.98929    5.98829      8.035     0.1119   10.85919   4.053189 -9.990e-29    26.5577    26.5551 1.0000e-12    101.000          1       7582    1500.03 -9.990e-29  54128.968    315.859 1549524539       0.10      0.351   39.73354  -72.12583    35.2368  1027.0168    26.5674    12.4172 0.0000e+00
    101.200    12.4629    35.0800  1027.0180     2.1022     4.2508     70.970   -0.00453    5.98961    5.98861      8.035     0.1722   10.85971   4.057839 9.9999e+04    26.5642    26.5615 1.0000e-12    102.000          1       7641    1500.17 0.0000e+00  54147.320    318.320 1549524542      -0.02      0.360   39.73355  -72.12585    35.2512  1027.0259    26.5722    12.4493 0.0000e+00
    102.191    12.4828    35.0927  1027.0283     2.0933     4.2341     70.738   -0.00276    5.98553    5.98449 -9.990e-29     0.1487   10.85279   4.061102 -9.990e-29    26.5702    26.5675 1.0000e-12    103.000          1       7769    1500.27 -9.990e-29  54162.369    323.669 1549524547       0.45      0.499   39.73358  -72.12589    35.2637  1027.0362    26.5781    12.4691 0.0000e+00
    103.185    12.5067    35.1069  1027.0391     2.0857     4.2169     70.493   -0.00176    5.98197    5.98089      8.035     0.1429   10.84671   4.064727 5.0640e-11    26.5766    26.5739 1.0000e-12    104.000          1       7880    1500.39 1.9747e+00  54178.979    328.282 1549524552       0.19      0.322   39.73360  -72.12592    35.2761  1027.0455    26.5830    12.4927 0.0000e+00
    104.172    12.5296    35.1214  1027.0503     2.0752     4.1800     69.919   -0.00296    5.97834    5.97723      8.035     0.1842   10.84054   4.068435 5.0640e-11    26.5834    26.5806 1.0000e-12    105.000          1       7985    1500.50 1.9747e+00  54196.014    332.658 1549524556       0.14      0.339   39.73362  -72.12595    35.2901  1027.0562    26.5893    12.5155 0.0000e+00
    105.164    12.5499    35.1348  1027.0611     2.0679     4.1607     69.643   -0.00246    5.97432    5.97317      8.035     0.2085   10.83370   4.071875 5.0640e-11    26.5898    26.5870 1.0000e-12    106.000          1       8068    1500.60 1.9747e+00  54211.994    336.143 1549524560      -0.05      0.270   39.73364  -72.12597    35.3039  1027.0672    26.5960    12.5357 0.0000e+00
    106.152    12.5776    35.1511  1027.0727     2.0589     4.1405     69.334   -0.00149    5.97182    5.97064      8.035     0.1846   10.82945   4.076237 5.0640e-11    26.5971    26.5942 1.0000e-12    107.000          1       8169    1500.73 1.9747e+00  54230.953    340.343 1549524564       0.01      0.214   39.73366  -72.12600    35.3197  1027.0784    26.6028    12.5632 0.0000e+00
    107.151    12.5906    35.1588  1027.0806     2.0548     4.1312     69.193   -0.00106    5.97059    5.96940      8.035     0.1743   10.82736   4.078338 5.0640e-11    26.6005    26.5976 1.0000e-12    108.000          1       8252    1500.80 1.9747e+00  54240.156    343.792 1549524567       0.26      0.314   39.73368  -72.12603    35.3275  1027.0863    26.6063    12.5760 0.0000e+00
    108.140    12.6045    35.1675  1027.0890     2.0495     4.1117     68.886   -0.00192    5.96886    5.96765      8.035     0.1646   10.82439   4.080625 -9.990e-29    26.6045    26.6016 1.0000e-12    109.000          1       8346    1500.87 -9.990e-29  54250.614    347.713 1549524571       0.22      0.418   39.73370  -72.12605    35.3361  1027.0947    26.6102    12.5898 0.0000e+00
    109.132    12.6099    35.1716  1027.0956     2.0478     4.1165     68.972   -0.00020    5.96842    5.96721      8.035     0.2222   10.82365   4.081523 5.0640e-11    26.6067    26.6038 1.0000e-12    110.000          1       8439    1500.91 1.9747e+00  54256.082    351.584 1549524575      -0.04      0.233   39.73371  -72.12608    35.3393  1027.1005    26.6117    12.5950 0.0000e+00
    110.119    12.6136    35.1742  1027.1012     2.0483     4.1184     69.022   -0.00004    5.96680    5.96558      8.035     0.1617   10.82089   4.082200 4.6460e+03    26.6079    26.6050 1.0000e-12    111.000          1       8548    1500.94 1.8830e+00  54259.586    356.110 1549524580       0.05      0.233   39.73373  -72.12611    35.3419  1027.1063    26.6130    12.5986 0.0000e+00
    111.118    12.6203    35.1785  1027.1077     2.0454     4.1057     68.809   -0.00096    5.96681    5.96558 -9.990e-29     0.2447   10.82090   4.083346 8.9236e+04    26.6100    26.6070 1.0000e-12    112.000          1       8608    1500.99 2.1255e-01  54265.173    358.640 1549524582       0.11      0.366   39.73374  -72.12613    35.3462  1027.1127    26.6150    12.6053 0.0000e+00
    112.105    12.6256    35.1825  1027.1142     2.0440     4.1021     68.833   -0.00012    5.95946    5.95817      8.035     0.1934   10.80841   4.084305 1.0033e+05    26.6121    26.6091 1.0000e-12    113.000          1       8750    1501.03 -6.464e-03  54270.448    364.523 1549524588       0.04      0.160   39.73377  -72.12617    35.3501  1027.1191    26.6170    12.6104 0.0000e+00
    113.101    12.7056    35.2310  1027.1403     2.0288     4.0346     67.791   -0.00411    5.95151    5.95013      8.035     0.2477   10.79490   4.097712 3.9018e+03    26.6339    26.6308 1.0000e-12    114.000          1       8883    1501.37 1.8977e+00  54325.883    370.093 1549524594       0.12      0.290   39.73379  -72.12621    35.4041  1027.1492    26.6429    12.6902 0.0000e+00
    114.093    12.7905    35.2765  1027.1630     2.0132     3.9897     67.111   -0.00389    5.94494    5.94350 -9.990e-29     0.1879   10.78375   4.110744 5.0640e-11    26.6524    26.6492 1.0000e-12    115.000          1       9043    1501.72 1.9747e+00  54376.445    376.733 1549524600       0.13      0.418   39.73383  -72.12626    35.4497  1027.1718    26.6612    12.7748 0.0000e+00
    115.088    12.8507    35.3061  1027.1782     2.0016     3.9597     66.716   -0.00254    5.93518    5.93364 -9.990e-29     0.1452   10.76721   4.119475 5.0640e-11    26.6633    26.6601 1.0000e-12    116.000          1       9284    1501.98 1.9747e+00  54408.810    386.792 1549524610       0.06      0.397   39.73389  -72.12632    35.4768  1027.1850    26.6702    12.8349 0.0000e+00
    116.074    12.9033    35.3306  1027.1909     1.9908     3.9244     66.261   -0.00234    5.92268    5.92101      8.034     0.1497   10.74604   4.127302 5.0640e-11    26.6718    26.6686 1.0000e-12    117.000          1       9512    1502.20 1.9747e+00  54435.321    396.299 1549524620       0.31      0.373   39.73394  -72.12638    35.5024  1027.1985    26.6794    12.8872 0.0000e+00
    117.070    12.9745    35.3626  1027.2058     1.9773     3.8816     65.631   -0.00267    5.91429    5.91252      8.033     0.1210   10.73185   4.137436 5.0640e-11    26.6824    26.6791 1.0000e-12    118.000          1       9659    1502.49 1.9747e+00  54469.511    402.403 1549524626       0.20      0.314   39.73397  -72.12641    35.5324  1027.2117    26.6883    12.9583 0.0000e+00
    118.058    13.0111    35.3806  1027.2167     1.9694     3.8654     65.426   -0.00101    5.90801    5.90619      8.033     0.1025   10.72125   4.142974 4.0851e+04    26.6889    26.6856 1.0000e-12    119.000          1       9814    1502.65 1.1680e+00  54489.463    408.880 1549524633       0.02      0.192   39.73401  -72.12645    35.5508  1027.2228    26.6952    12.9947 0.0000e+00
    119.067    13.1318    35.4362  1027.2396     1.9484     3.7972     64.259   -0.00345    5.90919    5.90737 -9.990e-29     0.0589   10.72324   4.160504 -2.139e+04    26.7077    26.7043 1.0000e-12    120.000          1      10071    1503.13 2.3970e+00  54549.070    419.588 1549524643      -0.08      0.339   39.73406  -72.12650    35.6051  1027.2445    26.7127    13.1152 0.0000e+00
    118.052    13.0373    35.3911  1027.2194     1.9625     3.8614     65.340    0.00161    5.90969    5.90787      8.034     0.0830   10.72407   4.146103 5.0640e-11    26.6918    26.6884 1.0000e-12    119.000          1      10063    1502.75 1.9747e+00  54499.974    419.240 1549524643      -0.36     -0.182   39.73406  -72.12651    35.5562  1027.2217    26.6941    13.0209 0.0000e+00
    117.059    12.9914    35.3710  1027.2088     1.9713     3.8883     65.726    0.00148    5.91602    5.91428      8.037     0.1176   10.73478   4.139496 5.0640e-11    26.6854    26.6822 1.0000e-12    118.000          1      10360    1502.55 1.9747e+00  54478.589    431.643 1549524655      -0.13     -0.372   39.73412  -72.12657    35.5364  1027.2113    26.6880    12.9751 0.0000e+00
    116.067    12.9275    35.3420  1027.1948     1.9824     3.9228     66.168    0.00098    5.92851    5.92689      8.039     0.1462   10.75590   4.130178 5.0640e-11    26.6758    26.6726 1.0000e-12    117.000          1      11112    1502.29 1.9747e+00  54447.439    462.943 1549524687      -0.22     -0.296   39.73429  -72.12674    35.5073  1027.1974    26.6783    12.9115 0.0000e+00
    115.074    12.8699    35.3142  1027.1805     1.9910     3.9700     66.819    0.00410    5.94142    5.93994      8.042     0.1319   10.77776   4.121108 5.0640e-11    26.6657    26.6625 1.0000e-12    116.000          1      11255    1502.05 1.9747e+00  54417.116    468.923 1549524693      -0.24     -0.598   39.73432  -72.12678    35.4745  1027.1793    26.6645    12.8541 0.0000e+00
    114.100    12.7777    35.2709  1027.1612     2.0073     4.0263     67.555    0.00430    5.95997    5.95868      8.044     0.2409   10.80927   4.107814 5.0640e-11    26.6505    26.6474 1.0000e-12    115.000          1      11355    1501.67 1.9747e+00  54370.490    473.077 1549524697      -0.24     -0.178   39.73434  -72.12679    35.4335  1027.1619    26.6513    12.7621 0.0000e+00
