CalculateIndicators/WaterTemperature/Data/CTD_NYOS/NY1902_11_4_5.cnv
* Sea-Bird SBE 9 Data File:
* FileName = C:\Seabird 9 CTD\Data\2019\201902_Offshore\NY1902_ctd_casts\NY1902_11_4_5.hex
* Software Version Seasave V 7.23.2
* Temperature SN = 4590
* Conductivity SN = 3228
* Number of Bytes Per Scan = 44
* Number of Voltage Words = 5
* Number of Scans Averaged by the Deck Unit = 1
* NMEA Latitude = 39 44.13 N
* NMEA Longitude = 072 27.92 W
* NMEA UTC (Time) = Feb 11 2019  06:44:47
* NMEA baud rate = 4800
** Ship: Seawolf
** Station: 4.5
** Operator: HBB
# nquan = 35
# nvalues = 158                         
# units = specified
# name 0 = depSM: Depth [salt water, m]
# name 1 = t090C: Temperature [ITS-90, deg C]
# name 2 = sal00: Salinity, Practical [PSU]
# name 3 = density00: Density [density, kg/m^3]
# name 4 = sbeox0V: Oxygen raw, SBE 43 [V]
# name 5 = sbeox0ML/L: Oxygen, SBE 43 [ml/l]
# name 6 = sbeox0PS: Oxygen, SBE 43 [% saturation]
# name 7 = sbox0dV/dT: Oxygen, SBE 43 [dov/dt]
# name 8 = oxsolML/L: Oxygen Saturation, Garcia & Gordon [ml/l]
# name 9 = oxsatML/L: Oxygen Saturation, Weiss [ml/l]
# name 10 = ph: pH
# name 11 = flECO-AFL: Fluorescence, WET Labs ECO-AFL/FL [mg/m^3]
# name 12 = n2satML/L: Nitrogen Saturation [ml/l]
# name 13 = c0S/m: Conductivity [S/m]
# name 14 = cpar: CPAR/Corrected Irradiance [%]
# name 15 = sigma-é00: Density [sigma-theta, kg/m^3]
# name 16 = sigma-t00: Density [sigma-t, kg/m^3 ]
# name 17 = par: PAR/Irradiance, Biospherical/Licor
# name 18 = prDM: Pressure, Digiquartz [db]
# name 19 = pumps: Pump Status
# name 20 = scan: Scan Count
# name 21 = svCM: Sound Velocity [Chen-Millero, m/s]
# name 22 = spar: SPAR, Biospherical/Licor
# name 23 = specc: Specific Conductance [uS/cm]
# name 24 = timeS: Time, Elapsed [seconds]
# name 25 = timeY: Time, System [seconds]
# name 26 = accM: Acceleration [m/s^2]
# name 27 = dz/dtM: Descent Rate [m/s]
# name 28 = latitude: Latitude [deg]
# name 29 = longitude: Longitude [deg]
# name 30 = gsw_saA0: Absolute Salinity [g/kg]
# name 31 = gsw_densityA0: density, TEOS-10 [density, kg/m^3]
# name 32 = gsw_sigma0A0: density, TEOS-10 [sigma-0, kg/m^3 ]
# name 33 = gsw_ptA0: potential temperature [ITS-90, deg C]
# name 34 = flag: flag
# span 0 =      0.997,     79.382       
# span 1 =     7.8408,    11.2591       
# span 2 =    33.0638,    34.8121       
# span 3 =  1025.7745,  1026.9419       
# span 4 =     2.0853,     2.7382       
# span 5 =     4.6635,     7.7736       
# span 6 =     71.305,     99.953       
# span 7 =   -0.03366,    0.08854       
# span 8 =    6.16058,    7.86190       
# span 9 =    6.16163,    7.85940       
# span 10 =      8.208,      8.431      
# span 11 =     0.1734,     1.3583      
# span 12 =   11.14587,   14.28533      
# span 13 =   3.433788,   3.912605      
# span 14 = -5.597e+03, 1.4212e+05      
# span 15 =    25.7654,    26.5838      
# span 16 =    25.7653,    26.5820      
# span 17 = 1.0000e-12, 1.0000e-12      
# span 18 =      1.000,     80.000      
# span 19 =          0,          1      
# span 20 =        346,      17885      
# span 21 =    1479.80,    1495.37      
# span 22 = -8.317e-01, 2.0852e+00      
# span 23 =  52146.342,  53961.799      
# span 24 =     14.394,    745.187      
# span 25 = 1549867501, 1549868231      
# span 26 =      -0.33,       0.24      
# span 27 =     -0.572,      0.576      
# span 28 =   39.73514,   39.73556      
# span 29 =  -72.46541,  -72.46290      
# span 30 =    33.2261,    34.9686      
# span 31 =  1025.7814,  1026.9391      
# span 32 =    25.7723,    26.5810      
# span 33 =     7.8404,    11.2491      
# span 34 = 0.0000e+00, 0.0000e+00      
# interval = decibars: 1                
# start_time = Feb 11 2019 06:44:46 [System UTC, first data scan.]
# bad_flag = -9.990e-29
*END*
[from data line 125]
     32.745     7.9413    33.5067  1026.2607     2.7231     6.5867     98.715    0.00047    6.67250    6.67969      8.376     0.3351   12.00718   3.478193 -9.990e-29    26.1102    26.1097 1.0000e-12     33.000          1      11411    1480.94 -9.990e-29  52789.635    475.397 1549867962       0.02     -0.312   39.73528  -72.46382    33.6664  1026.2639    26.1134     7.9381 0.0000e+00
     31.754     7.9459    33.5094  1026.2575     2.7277     6.6047     98.978    0.00109    6.67291    6.68010      8.376     0.3536   12.00783   3.478812 5.0640e-11    26.1116    26.1111 1.0000e-12     32.000          1      11491    1480.95 1.9747e+00  52791.604    478.745 1549867965      -0.06     -0.311   39.73528  -72.46382    33.6691  1026.2608    26.1148     7.9428 0.0000e+00
     30.760     7.9385    33.5104  1026.2549     2.7262     6.5918     98.754   -0.00030    6.67493    6.68216      8.376     0.3364   12.01122   3.478092 4.2142e+04    26.1134    26.1130 1.0000e-12     31.000          1      11582    1480.90 1.1425e+00  52794.152    482.542 1549867969       0.03     -0.243   39.73528  -72.46380    33.6689  1026.2571    26.1158     7.9355 0.0000e+00
     29.768     7.9055    33.5030  1026.2493     2.7279     6.6063     98.913    0.00062    6.67890    6.68618      8.376     0.3645   12.01783   3.474410 -5.284e+03    26.1124    26.1120 1.0000e-12     30.000          1      12469    1480.75 2.0790e+00  52791.034    519.489 1549868006      -0.15     -0.217   39.73526  -72.46368    33.6616  1026.2517    26.1148     7.9026 0.0000e+00
     28.777     7.8998    33.5017  1026.2446     2.7298     6.6111     98.977    0.00049    6.67942    6.68671 -9.990e-29     0.3460   12.01871   3.473756 -9.990e-29    26.1123    26.1119 1.0000e-12     29.000          1      12653    1480.71 -9.990e-29  52790.036    527.186 1549868013      -0.03     -0.412   39.73526  -72.46366    33.6605  1026.2471    26.1148     7.8970 0.0000e+00
     27.784     7.9009    33.5016  1026.2398     2.7306     6.6083     98.946    0.00017    6.67866    6.68593 -9.990e-29     0.3505   12.01744   3.473800 -9.990e-29    26.1120    26.1116 1.0000e-12     28.000          1      12704    1480.70 -9.990e-29  52788.921    529.283 1549868015       0.04     -0.429   39.73526  -72.46364    33.6604  1026.2423    26.1146     7.8982 0.0000e+00
     26.791     7.9045    33.5020  1026.2350     2.7313     6.6118     99.000    0.00042    6.67865    6.68592 -9.990e-29     0.3482   12.01742   3.474160 -9.990e-29    26.1118    26.1114 1.0000e-12     27.000          1      12754    1480.70 -9.990e-29  52787.945    531.383 1549868018      -0.16     -0.479   39.73526  -72.46364    33.6612  1026.2378    26.1146     7.9019 0.0000e+00
     25.803     7.9063    33.5024  1026.2305     2.7321     6.6127     99.009    0.00032    6.67889    6.68617 -9.990e-29     0.3158   12.01783   3.474273 2.5641e+03    26.1118    26.1115 1.0000e-12     26.000          1      12812    1480.69 1.9241e+00  52787.369    533.791 1549868020       0.13     -0.389   39.73526  -72.46364    33.6612  1026.2330    26.1143     7.9038 0.0000e+00
     24.803     7.9049    33.5024  1026.2260     2.7317     6.6069     98.925   -0.00020    6.67867    6.68594 -9.990e-29     0.3384   12.01746   3.474102 4.8765e+04    26.1120    26.1117 1.0000e-12     25.000          1      12857    1480.67 1.0117e+00  52786.968    535.653 1549868022       0.02     -0.564   39.73526  -72.46362    33.6611  1026.2285    26.1145     7.9025 0.0000e+00
     23.824     7.9050    33.5024  1026.2215     2.7287     6.5869     98.629   -0.00154    6.67844    6.68571 -9.990e-29     0.3507   12.01708   3.474075 7.3397e+04    26.1120    26.1116 1.0000e-12     24.000          1      12923    1480.65 5.2531e-01  52786.268    538.406 1549868025      -0.10     -0.233   39.73524  -72.46362    33.6613  1026.2241    26.1146     7.9026 0.0000e+00
     22.821     7.9069    33.5025  1026.2167     2.7320     6.6165     99.072    0.00129    6.67845    6.68573 -9.990e-29     0.3218   12.01710   3.474210 1.4565e+04    26.1118    26.1115 1.0000e-12     23.000          1      12965    1480.64 1.6871e+00  52785.322    540.177 1549868026       0.08     -0.510   39.73524  -72.46361    33.6613  1026.2193    26.1143     7.9047 0.0000e+00
     21.830     7.9076    33.5026  1026.2121     2.7328     6.6107     98.981    0.00021    6.67870    6.68597      8.375     0.3311   12.01750   3.474231 1.2146e+02    26.1117    26.1114 1.0000e-12     22.000          1      13018    1480.63 1.9723e+00  52784.612    542.394 1549868029      -0.18     -0.449   39.73524  -72.46360    33.6614  1026.2146    26.1143     7.9054 0.0000e+00
     20.840     7.9061    33.5025  1026.2077     2.7278     6.5760     98.464   -0.00235    6.67867    6.68594      8.376     0.3231   12.01746   3.474035 1.0703e+05    26.1119    26.1116 1.0000e-12     21.000          1      13075    1480.61 -1.388e-01  52784.185    544.736 1549868031       0.10     -0.414   39.73524  -72.46360    33.6612  1026.2101    26.1143     7.9040 0.0000e+00
     19.844     7.9055    33.5024  1026.2031     2.7277     6.5928     98.713    0.00011    6.67877    6.68605      8.385     0.3374   12.01764   3.473933 9.9999e+04    26.1118    26.1116 1.0000e-12     20.000          1      13123    1480.59 0.0000e+00  52783.466    546.770 1549868033      -0.06     -0.524   39.73524  -72.46358    33.6611  1026.2055    26.1143     7.9036 0.0000e+00
     18.856     7.9061    33.5022  1026.1983     2.7321     6.6197     99.116    0.00213    6.67872    6.68599      8.386     0.3539   12.01754   3.473920 9.9999e+04    26.1116    26.1114 1.0000e-12     19.000          1      13179    1480.57 0.0000e+00  52782.429    549.070 1549868035       0.01     -0.415   39.73524  -72.46358    33.6609  1026.2007    26.1140     7.9042 0.0000e+00
     17.861     7.9050    33.5023  1026.1939     2.7341     6.6161     99.066    0.00095    6.67849    6.68576      8.389     0.4910   12.01717   3.473792 -9.990e-29    26.1118    26.1115 1.0000e-12     18.000          1      13231    1480.55 -9.990e-29  52782.069    551.258 1549868037       0.04     -0.455   39.73524  -72.46356    33.6610  1026.1964    26.1143     7.9033 0.0000e+00
     16.870     7.9077    33.5023  1026.1890     2.7361     6.6216     99.132    0.00085    6.67953    6.68681      8.390     0.3316   12.01889   3.473997 -9.990e-29    26.1114    26.1112 1.0000e-12     17.000          1      13286    1480.55 -9.990e-29  52780.835    553.554 1549868040      -0.04     -0.439   39.73524  -72.46356    33.6611  1026.1915    26.1139     7.9061 0.0000e+00
     15.876     7.9036    33.5019  1026.1847     2.7345     6.6042     98.872   -0.00081    6.67951    6.68680      8.387     0.3899   12.01886   3.473505 -9.990e-29    26.1117    26.1115 1.0000e-12     16.000          1      13335    1480.51 -9.990e-29  52780.614    555.586 1549868042      -0.01     -0.494   39.73524  -72.46356    33.6603  1026.1869    26.1139     7.9020 0.0000e+00
     14.886     7.8989    33.5016  1026.1805     2.7354     6.6154     99.047    0.00056    6.67910    6.68638      8.388     0.3218   12.01818   3.473039 5.0640e-11    26.1121    26.1119 1.0000e-12     15.000          1      13390    1480.48 1.9747e+00  52780.571    557.895 1549868044       0.03     -0.421   39.73524  -72.46354    33.6602  1026.1829    26.1145     7.8975 0.0000e+00
     13.893     7.9028    33.5018  1026.1756     2.7373     6.6212     99.131    0.00066    6.67922    6.68650      8.390     0.3238   12.01837   3.473379 7.7169e+04    26.1117    26.1115 1.0000e-12     14.000          1      13446    1480.48 4.5083e-01  52779.234    560.193 1549868046       0.03     -0.436   39.73524  -72.46354    33.6606  1026.1781    26.1142     7.9014 0.0000e+00
     12.896     7.9024    33.5018  1026.1710     2.7374     6.6177     99.078    0.00016    6.67924    6.68652      8.387     0.4373   12.01841   3.473285 8.9794e+04    26.1117    26.1115 1.0000e-12     13.000          1      13512    1480.46 2.0152e-01  52778.660    562.960 1549868049      -0.08     -0.435   39.73524  -72.46354    33.6604  1026.1734    26.1141     7.9012 0.0000e+00
     11.909     7.9017    33.5013  1026.1662     2.7362     6.6116     98.911   -0.00068    6.68439    6.69174      8.416     0.2860   12.02700   3.473011 -5.597e+03    26.1114    26.1113 1.0000e-12     12.000          1      15793    1480.44 2.0852e+00  52777.500    657.996 1549868144       0.05     -0.436   39.73518  -72.46321    33.6587  1026.1676    26.1129     7.9005 0.0000e+00
     10.915     7.8716    33.4959  1026.1617     2.7372     6.6230     99.082    0.00055    6.68440    6.69176      8.417     0.3273   12.02702   3.469785 1.5582e+04    26.1115    26.1114 1.0000e-12     11.000          1      15803    1480.30 1.6670e+00  52776.445    658.406 1549868145       0.05     -0.334   39.73518  -72.46322    33.6535  1026.1633    26.1131     7.8705 0.0000e+00
      9.924     7.8694    33.4946  1026.1565     2.7376     6.6181     99.007   -0.00015    6.68450    6.69186      8.417     0.3178   12.02719   3.469490 1.0249e+05    26.1109    26.1107 1.0000e-12     10.000          1      15874    1480.28 -4.928e-02  52774.525    661.377 1549868148      -0.06     -0.378   39.73518  -72.46320    33.6529  1026.1586    26.1129     7.8684 0.0000e+00
      8.930     7.8707    33.4946  1026.1517     2.7378     6.6218     99.033    0.00011    6.68653    6.69391      8.418     0.3049   12.03057   3.469561 3.5881e+04    26.1106    26.1105 1.0000e-12      9.000          1      15930    1480.27 1.2661e+00  52773.498    663.696 1549868150       0.03     -0.427   39.73518  -72.46320    33.6529  1026.1538    26.1128     7.8698 0.0000e+00
      7.938     7.8583    33.4925  1026.1473     2.7347     6.6047     98.768   -0.00099    6.68709    6.69448      8.417     0.2995   12.03151   3.468164 1.3395e+04    26.1108    26.1106 1.0000e-12      8.000          1      15996    1480.20 1.7102e+00  52772.862    666.469 1549868153       0.04     -0.359   39.73518  -72.46318    33.6502  1026.1490    26.1124     7.8576 0.0000e+00
      6.948     7.8531    33.4907  1026.1420     2.7350     6.6152     98.907    0.00036    6.68831    6.69572 -9.990e-29     0.3122   12.03354   3.467537 -9.990e-29    26.1101    26.1100 1.0000e-12      7.000          1      16072    1480.16 -9.990e-29  52770.877    669.634 1549868156      -0.13     -0.311   39.73518  -72.46318    33.6489  1026.1441    26.1122     7.8525 0.0000e+00
      5.956     7.8497    33.4903  1026.1377     2.7365     6.6224     99.000    0.00070    6.68930    6.69672      8.418     0.2975   12.03521   3.467114 1.0909e+04    26.1103    26.1102 1.0000e-12      6.000          1      16129    1480.13 1.7593e+00  52770.570    672.008 1549868158       0.02     -0.415   39.73518  -72.46316    33.6481  1026.1394    26.1120     7.8492 0.0000e+00
      4.960     7.8408    33.4881  1026.1326     2.7364     6.6160     98.921    0.00007    6.68820    6.69560      8.420     0.6702   12.03336   3.466099 6.6467e+04    26.1098    26.1097 1.0000e-12      5.000          1      16188    1480.08 6.6217e-01  52768.867    674.455 1549868161       0.06     -0.392   39.73518  -72.46316    33.6462  1026.1347    26.1118     7.8404 0.0000e+00
      3.972     7.8464    33.4897  1026.1286 -9.990e-29     6.6187     99.014    0.00047    6.68458    6.69194      8.423     0.2896   12.02733   3.466789 2.0228e+04    26.1103    26.1102 1.0000e-12      4.000          1      16270    1480.09 1.5752e+00  52769.217    677.868 1549868164      -0.08     -0.278   39.73518  -72.46314    33.6488  1026.1312    26.1130     7.8461 0.0000e+00
      2.978     7.8643    33.4930  1026.1240     2.7371     6.6105     98.914   -0.00016    6.68304    6.69037      8.422     0.3288   12.02475   3.468710 -6.123e+02    26.1103    26.1102 1.0000e-12      3.000          1      16326    1480.14 1.9868e+00  52768.760    680.210 1549868166       0.02     -0.423   39.73516  -72.46314    33.6527  1026.1272    26.1135     7.8640 0.0000e+00
      1.980     7.8748    33.4952  1026.1195     2.7352     6.6002     98.756   -0.00083    6.68339    6.69073      8.421     0.3380   12.02533   3.469768 4.4186e+03    26.1104    26.1104 1.0000e-12      2.000          1      16477    1480.17 1.8874e+00  52768.604    686.488 1549868173      -0.06     -0.331   39.73516  -72.46311    33.6545  1026.1224    26.1133     7.8746 0.0000e+00
      0.997     7.8758    33.4953  1026.1149     2.7382     7.7736     98.903   -0.00071    7.86190    7.85940      8.431     1.3583   14.28533   3.469747 -9.990e-29    26.1103    26.1103 1.0000e-12      1.000          1      17885    1480.16 -9.990e-29  52767.840    745.187 1549868231      -0.13     -0.279   39.73514  -72.46290    33.6538  1026.1172    26.1126     7.8757 0.0000e+00
