CalculateIndicators/WaterTemperature/Data/CTD_NYOS/NY1902_06_2_6.cnv
* Sea-Bird SBE 9 Data File:
* FileName = C:\Seabird 9 CTD\Data\2019\201902_Offshore\NY1902_ctd_casts\NY1902_06_2_6.hex
* Software Version Seasave V 7.23.2
* Temperature SN = 4590
* Conductivity SN = 3228
* Number of Bytes Per Scan = 44
* Number of Voltage Words = 5
* Number of Scans Averaged by the Deck Unit = 1
* NMEA Latitude = 39 41.96 N
* NMEA Longitude = 071 45.67 W
* NMEA UTC (Time) = Feb 07 2019  00:12:36
* NMEA baud rate = 4800
** Ship: Seawolf
** Station: 2_6
** Operator: HBB
# nquan = 35
# nvalues = 1008                        
# units = specified
# name 0 = depSM: Depth [salt water, m]
# name 1 = t090C: Temperature [ITS-90, deg C]
# name 2 = sal00: Salinity, Practical [PSU]
# name 3 = density00: Density [density, kg/m^3]
# name 4 = sbeox0V: Oxygen raw, SBE 43 [V]
# name 5 = sbeox0ML/L: Oxygen, SBE 43 [ml/l]
# name 6 = sbeox0PS: Oxygen, SBE 43 [% saturation]
# name 7 = sbox0dV/dT: Oxygen, SBE 43 [dov/dt]
# name 8 = oxsolML/L: Oxygen Saturation, Garcia & Gordon [ml/l]
# name 9 = oxsatML/L: Oxygen Saturation, Weiss [ml/l]
# name 10 = ph: pH
# name 11 = flECO-AFL: Fluorescence, WET Labs ECO-AFL/FL [mg/m^3]
# name 12 = n2satML/L: Nitrogen Saturation [ml/l]
# name 13 = c0S/m: Conductivity [S/m]
# name 14 = cpar: CPAR/Corrected Irradiance [%]
# name 15 = sigma-é00: Density [sigma-theta, kg/m^3]
# name 16 = sigma-t00: Density [sigma-t, kg/m^3 ]
# name 17 = par: PAR/Irradiance, Biospherical/Licor
# name 18 = prDM: Pressure, Digiquartz [db]
# name 19 = pumps: Pump Status
# name 20 = scan: Scan Count
# name 21 = svCM: Sound Velocity [Chen-Millero, m/s]
# name 22 = spar: SPAR, Biospherical/Licor
# name 23 = specc: Specific Conductance [uS/cm]
# name 24 = timeS: Time, Elapsed [seconds]
# name 25 = timeY: Time, System [seconds]
# name 26 = accM: Acceleration [m/s^2]
# name 27 = dz/dtM: Descent Rate [m/s]
# name 28 = latitude: Latitude [deg]
# name 29 = longitude: Longitude [deg]
# name 30 = gsw_saA0: Absolute Salinity [g/kg]
# name 31 = gsw_densityA0: density, TEOS-10 [density, kg/m^3]
# name 32 = gsw_sigma0A0: density, TEOS-10 [sigma-0, kg/m^3 ]
# name 33 = gsw_ptA0: potential temperature [ITS-90, deg C]
# name 34 = flag: flag
# span 0 =      0.986,    500.537       
# span 1 =     6.5641,    13.8116       
# span 2 =    33.0324,    35.6830       
# span 3 =  1025.8892,  1029.8506       
# span 4 =     1.5516,     2.8202       
# span 5 =     2.9906,     7.2680       
# span 6 =     47.549,    106.075       
# span 7 =   -0.02085,    0.15740       
# span 8 =    5.80616,    6.96323       
# span 9 =    5.80323,    6.97074       
# span 10 =      4.934,     12.645      
# span 11 =    -0.0565,     1.3405      
# span 12 =   10.54983,   12.53139      
# span 13 =   3.342312,   4.250583      
# span 14 = -6.897e+03, 1.0551e+05      
# span 15 =    25.8800,    27.5485      
# span 16 =    25.8800,    27.5422      
# span 17 = 1.0000e-12, 4.8198e-01      
# span 18 =      1.000,    505.000      
# span 19 =          1,          1      
# span 20 =        -28,      76111      
# span 21 =    1475.91,    1505.71      
# span 22 = -1.089e-01, 2.1356e+00      
# span 23 =  52354.072,  55731.335      
# span 24 =     -1.218,   3171.255      
# span 25 = 1549498357, 1549501529      
# span 26 =      -0.95,       0.60      
# span 27 =     -1.669,      0.894      
# span 28 =   39.69944,   39.70617      
# span 29 =  -71.78385,  -71.76118      
# span 30 =    33.1893,    35.8548      
# span 31 =  1025.8916,  1029.8536      
# span 32 =    25.8824,    27.5515      
# span 33 =     6.5171,    13.7937      
# span 34 = 0.0000e+00, 0.0000e+00      
# interval = decibars: 1                
# start_time = Feb 07 2019 00:12:38 [System UTC, first data scan.]
# bad_flag = -9.990e-29
*END*
[from data line 830]
    176.579    12.9854    35.6381  1027.6841     1.8187     3.4910     59.171    0.00097    5.89983    5.89808 -9.990e-29    -0.0416   10.70495   4.169981 2.0072e+01    26.8954    26.8904 3.9642e-01    178.000          1      64885    1503.84 -9.990e-29  54882.764   2703.484 1549501061      -0.32     -0.177   39.70502  -71.78046    35.8091  1027.6898    26.9012    12.9608 0.0000e+00
    175.570    13.0022    35.6403  1027.6778     1.8208     3.5009     59.340    0.00178    5.89970    5.89794 -9.990e-29    -0.0388   10.70472   4.171983 2.1393e+01    26.8936    26.8887 4.2245e-01    177.000          1      64903    1503.89 1.9747e+00  54882.675   2704.249 1549501062      -0.44     -0.751   39.70502  -71.78046    35.8128  1027.6847    26.9006    12.9777 0.0000e+00
    174.576    13.0229    35.6417  1027.6702     1.8222     3.5003     59.339    0.00109    5.89891    5.89714      8.031    -0.0423   10.70341   4.174036 2.2151e+01    26.8906    26.8856 4.3742e-01    176.000          1      64950    1503.94 1.9747e+00  54880.991   2706.218 1549501064       0.07     -0.633   39.70504  -71.78048    35.8134  1027.6765    26.8969    12.9985 0.0000e+00
    173.591    13.0401    35.6438  1027.6639     1.8254     3.5038     59.432    0.00061    5.89553    5.89372      8.033    -0.0456   10.69779   4.175851 2.2557e+01    26.8887    26.8838 4.4544e-01    175.000          1      65043    1503.98 -9.990e-29  54880.759   2710.102 1549501068      -0.20     -0.350   39.70504  -71.78051    35.8150  1027.6697    26.8946    13.0158 0.0000e+00
    172.599    13.0587    35.6457  1027.6570     1.8292     3.5188     59.708    0.00182    5.89340    5.89156 -9.990e-29    -0.0456   10.69424   4.177850 2.3241e+01    26.8863    26.8814 4.5892e-01    174.000          1      65099    1504.03 1.9747e+00  54879.928   2712.400 1549501070       0.05     -0.425   39.70505  -71.78053    35.8170  1027.6631    26.8924    13.0345 0.0000e+00
    171.605    13.0760    35.6475  1027.6504     1.8308     3.5159     59.665    0.00056    5.89270    5.89086 -9.990e-29    -0.0447   10.69308   4.179734 2.3132e+01    26.8842    26.8794 4.5681e-01    173.000          1      65149    1504.07 1.9747e+00  54879.293   2714.496 1549501072      -0.12     -0.488   39.70506  -71.78054    35.8191  1027.6567    26.8905    13.0520 0.0000e+00
    170.621    13.0898    35.6488  1027.6442     1.8344     3.5235     59.867    0.00113    5.88554    5.88361      8.036     0.0000   10.68118   4.181087 2.4203e+01    26.8824    26.8776 4.7795e-01    172.000          1      65235    1504.10 1.9747e+00  54878.470   2718.075 1549501076      -0.02     -0.220   39.70506  -71.78056    35.8195  1027.6497    26.8879    13.0660 0.0000e+00
    169.620    13.1065    35.6510  1027.6379     1.8380     3.5342     60.095    0.00187    5.88103    5.87905      8.037    -0.0058   10.67369   4.183173 2.4238e+01    26.8807    26.8758 4.7863e-01    171.000          1      65275    1504.15 1.9747e+00  54878.382   2719.769 1549501078      -0.43     -0.640   39.70506  -71.78058    35.8241  1027.6453    26.8881    13.0828 0.0000e+00
    168.631    13.1697    35.6558  1027.6242     1.8441     3.5516     60.410    0.00232    5.87917    5.87717      8.037    -0.0509   10.67059   4.189851 2.4411e+01    26.8716    26.8667 4.8198e-01    170.000          1      65333    1504.34 1.9747e+00  54875.182   2722.182 1549501080       0.12     -0.414   39.70507  -71.78059    35.8289  1027.6315    26.8790    13.1460 0.0000e+00
    167.640    13.1958    35.6582  1027.6162     1.8481     3.5549     60.493    0.00133    5.87652    5.87449      8.038    -0.0410   10.66618   4.192541 2.4042e+01    26.8681    26.8633 4.7476e-01    169.000          1      65404    1504.42 1.9747e+00  54874.066   2725.125 1549501083       0.01     -0.373   39.70508  -71.78061    35.8304  1027.6229    26.8748    13.1722 0.0000e+00
    166.665    13.2105    35.6601  1027.6102     1.8541     3.5738     60.876    0.00269    5.87063    5.86852      8.040    -0.0421   10.65640   4.194125 2.3704e+01    26.8665    26.8617 4.6809e-01    168.000          1      65476    1504.45 1.9747e+00  54873.950   2728.111 1549501086      -0.46     -0.252   39.70508  -71.78063    35.8321  1027.6167    26.8730    13.1871 0.0000e+00
    165.650    13.2268    35.6616  1027.6034     1.8559     3.5768     60.925    0.00234    5.87088    5.86877      8.041    -0.0433   10.65681   4.196002 2.3550e+01    26.8643    26.8595 4.6504e-01    167.000          1      65494    1504.49 1.9747e+00  54872.997   2728.889 1549501087      -0.57     -0.848   39.70508  -71.78064    35.8351  1027.6111    26.8720    13.2035 0.0000e+00
    164.661    13.2545    35.6631  1027.5944     1.8573     3.5740     60.885    0.00116    5.87016    5.86804      8.042    -0.0345   10.65559   4.198740 2.3884e+01    26.8598    26.8550 4.7165e-01    166.000          1      65535    1504.57 -9.990e-29  54870.420   2730.596 1549501088       0.19     -0.669   39.70510  -71.78065    35.8355  1027.6013    26.8667    13.2313 0.0000e+00
    163.682    13.2783    35.6658  1027.5872     1.8595     3.5730     60.926    0.00070    5.86451    5.86233      8.042    -0.0397   10.64622   4.201192 2.3509e+01    26.8570    26.8523 4.6414e-01    165.000          1      65656    1504.63 1.9747e+00  54870.240   2735.641 1549501094      -0.45     -0.087   39.70510  -71.78070    35.8370  1027.5931    26.8629    13.2552 0.0000e+00
    162.687    13.2906    35.6670  1027.5811     1.8626     3.5856     61.200    0.00227    5.85878    5.85653      8.041    -0.0509   10.63670   4.202567 2.3738e+01    26.8554    26.8506 4.6875e-01    164.000          1      65694    1504.66 1.9747e+00  54869.412   2737.219 1549501095      -0.54     -0.793   39.70510  -71.78070    35.8390  1027.5876    26.8619    13.2676 0.0000e+00
    161.686    13.3016    35.6675  1027.5747     1.8643     3.5891     61.269    0.00222    5.85793    5.85566      8.044    -0.0520   10.63530   4.203720 2.3311e+01    26.8535    26.8488 4.6032e-01    163.000          1      65714    1504.68 1.9747e+00  54867.992   2738.060 1549501096      -0.22     -1.099   39.70512  -71.78070    35.8400  1027.5816    26.8604    13.2788 0.0000e+00
    160.692    13.3352    35.6701  1027.5653     1.8668     3.5934     61.327    0.00157    5.85942    5.85717      8.045    -0.0444   10.63776   4.207366 2.3349e+01    26.8486    26.8439 4.6108e-01    162.000          1      65759    1504.77 1.9747e+00  54866.141   2739.932 1549501098       0.21     -0.843   39.70512  -71.78072    35.8436  1027.5730    26.8563    13.3124 0.0000e+00
    159.708    13.3652    35.6730  1027.5569     1.8728     3.6070     61.596    0.00172    5.85586    5.85357 -9.990e-29    -0.0479   10.63185   4.210539 2.3124e+01    26.8447    26.8400 4.5663e-01    161.000          1      65886    1504.86 -9.990e-29  54865.246   2745.201 1549501103      -0.92     -0.548   39.70514  -71.78076    35.8460  1027.5641    26.8520    13.3426 0.0000e+00
    158.707    13.3793    35.6731  1027.5495     1.8708     3.5892     61.300   -0.00051    5.85504    5.85274 -9.990e-29    -0.0441   10.63048   4.211742 2.3371e+01    26.8418    26.8372 4.6151e-01    160.000          1      65908    1504.89 1.9747e+00  54862.777   2746.138 1549501104      -0.11     -1.044   39.70514  -71.78076    35.8446  1027.5557    26.8480    13.3567 0.0000e+00
    157.727    13.3851    35.6735  1027.5442     1.8722     3.5970     61.441    0.00037    5.85443    5.85212      8.046    -0.0232   10.62947   4.212295 2.3285e+01    26.8409    26.8363 4.5982e-01    159.000          1      65947    1504.89 1.9747e+00  54861.906   2747.743 1549501106       0.25     -0.665   39.70514  -71.78078    35.8448  1027.5502    26.8469    13.3627 0.0000e+00
    156.729    13.3973    35.6744  1027.5379     1.8745     3.6051     61.605    0.00105    5.85197    5.84963      8.046    -0.0454   10.62538   4.213556 2.2985e+01    26.8391    26.8345 4.5390e-01    158.000          1      66019    1504.92 1.9747e+00  54860.907   2750.753 1549501109      -0.11     -0.501   39.70515  -71.78080    35.8458  1027.5440    26.8451    13.3750 0.0000e+00
    155.746    13.4126    35.6756  1027.5312     1.8776     3.6049     61.718    0.00098    5.84100    5.83852 -9.990e-29    -0.0433   10.60721   4.215190 2.2854e+01    26.8368    26.8322 4.5132e-01    157.000          1      66118    1504.95 1.9747e+00  54859.714   2754.891 1549501113      -0.30     -0.620   39.70516  -71.78083    35.8473  1027.5375    26.8432    13.3905 0.0000e+00
    154.747    13.4354    35.6762  1027.5225     1.8784     3.6054     61.749    0.00091    5.83878    5.83627 -9.990e-29    -0.0518   10.60353   4.217636 2.2690e+01    26.8326    26.8280 4.4806e-01    156.000          1      66144    1505.01 1.9747e+00  54856.722   2755.978 1549501114      -0.12     -0.860   39.70516  -71.78084    35.8496  1027.5301    26.8402    13.4134 0.0000e+00
    153.755    13.4900    35.6781  1027.5081     1.8808     3.6142     61.906    0.00145    5.83819    5.83568 -9.990e-29    -0.0439   10.60255   4.223306 2.2459e+01    26.8227    26.8182 4.4350e-01    155.000          1      66178    1505.18 1.9747e+00  54851.085   2757.385 1549501115       0.17     -0.772   39.70517  -71.78085    35.8527  1027.5166    26.8312    13.4680 0.0000e+00
    152.768    13.5353    35.6782  1027.4942     1.8861     3.6243     62.095    0.00103    5.83673    5.83420 -9.990e-29    -0.0312   10.60014   4.227501 2.2422e+01    26.8134    26.8089 4.4278e-01    154.000          1      66287    1505.31 1.9747e+00  54844.298   2761.927 1549501120      -0.14     -0.390   39.70518  -71.78089    35.8504  1027.5009    26.8201    13.5134 0.0000e+00
    151.783    13.5410    35.6792  1027.4894     1.8873     3.6232     62.087    0.00043    5.83559    5.83304 -9.990e-29    -0.0372   10.59825   4.228095 2.2267e+01    26.8130    26.8085 4.3971e-01    153.000          1      66351    1505.31 1.9747e+00  54844.278   2764.589 1549501122      -0.34     -0.672   39.70519  -71.78090    35.8510  1027.4957    26.8194    13.5193 0.0000e+00
    150.778    13.5478    35.6792  1027.4834     1.8875     3.6208     62.049   -0.00006    5.83541    5.83286 -9.990e-29    -0.0305   10.59795   4.228687 2.2124e+01    26.8115    26.8071 4.3690e-01    152.000          1      66372    1505.32 1.9747e+00  54842.724   2765.459 1549501123      -0.29     -0.984   39.70520  -71.78090    35.8507  1027.4896    26.8177    13.5262 0.0000e+00
    149.785    13.5538    35.6788  1027.4774     1.8858     3.6130     61.916   -0.00074    5.83534    5.83279      8.052    -0.0386   10.59782   4.229130 5.4568e+04    26.8100    26.8055 4.3886e-01    151.000          1      66412    1505.32 8.5742e-01  54840.992   2767.104 1549501125       0.23     -0.750   39.70520  -71.78092    35.8497  1027.4832    26.8157    13.5324 0.0000e+00
    148.801    13.5585    35.6801  1027.4730     1.8881     3.6230     62.103    0.00046    5.83384    5.83127      8.052    -0.0405   10.59532   4.229641 -3.488e+02    26.8100    26.8055 4.2989e-01    150.000          1      66547    1505.32 -9.990e-29  54841.290   2772.740 1549501131      -0.41     -0.444   39.70521  -71.78095    35.8506  1027.4784    26.8154    13.5371 0.0000e+00
    147.811    13.5642    35.6805  1027.4677     1.8884     3.6211     62.075    0.00006    5.83345    5.83088      8.052    -0.0480   10.59468   4.230226 2.1726e+01    26.8091    26.8047 4.2903e-01    149.000          1      66580    1505.32 -9.990e-29  54840.485   2774.138 1549501132      -0.02     -0.701   39.70522  -71.78096    35.8512  1027.4732    26.8146    13.5431 0.0000e+00
    146.816    13.5684    35.6808  1027.4626     1.8903     3.6317     62.259    0.00120    5.83325    5.83068      8.053    -0.0336   10.59435   4.230605 2.1501e+01    26.8083    26.8040 4.2458e-01    148.000          1      66610    1505.32 1.9747e+00  54839.631   2775.370 1549501133      -0.10     -0.774   39.70522  -71.78098    35.8513  1027.4679    26.8137    13.5474 0.0000e+00
    145.820    13.5720    35.6810  1027.4575     1.8911     3.6313     62.253    0.00072    5.83324    5.83067      8.052    -0.0436   10.59433   4.230928 2.1605e+01    26.8078    26.8034 4.2665e-01    147.000          1      66656    1505.32 1.9747e+00  54838.886   2777.282 1549501135       0.10     -0.688   39.70522  -71.78099    35.8514  1027.4629    26.8131    13.5511 0.0000e+00
    144.845    13.5735    35.6812  1027.4530     1.8913     3.6269     62.187    0.00015    5.83235    5.82977 -9.990e-29    -0.0394   10.59285   4.231003 2.3022e+01    26.8076    26.8033 4.5413e-01    146.000          1      66795    1505.30 -9.990e-29  54838.417   2783.081 1549501141      -0.57     -0.483   39.70522  -71.78102    35.8512  1027.4579    26.8126    13.5527 0.0000e+00
    143.845    13.5757    35.6814  1027.4482     1.8917     3.6263     62.176   -0.00020    5.83221    5.82963 -9.990e-29    -0.0508   10.59262   4.231211 2.2650e+01    26.8072    26.8029 4.4733e-01    145.000          1      66812    1505.30 -9.990e-29  54837.670   2783.779 1549501142      -0.49     -0.952   39.70522  -71.78102    35.8515  1027.4533    26.8123    13.5550 0.0000e+00
    142.840    13.5790    35.6816  1027.4431     1.8920     3.6310     62.256    0.00054    5.83233    5.82975 -9.990e-29    -0.0446   10.59282   4.231518 2.2516e+01    26.8066    26.8024 4.4464e-01    144.000          1      66831    1505.29 -9.990e-29  54836.883   2784.569 1549501142      -0.19     -1.224   39.70522  -71.78103    35.8517  1027.4483    26.8118    13.5585 0.0000e+00
    141.854    13.5817    35.6818  1027.4384     1.8924     3.6273     62.198   -0.00019    5.83179    5.82920      8.055    -0.0397   10.59192   4.231752 2.2121e+01    26.8063    26.8020 4.3682e-01    143.000          1      66917    1505.28 1.9747e+00  54836.306   2788.160 1549501146       0.10     -0.663   39.70523  -71.78106    35.8518  1027.4434    26.8113    13.5613 0.0000e+00
    140.868    13.5845    35.6820  1027.4335     1.8962     3.6418     62.462    0.00106    5.83033    5.82772      8.055    -0.0493   10.58949   4.232003 2.2281e+01    26.8058    26.8016 4.3989e-01    142.000          1      67014    1505.27 1.9747e+00  54835.558   2792.211 1549501150      -0.33     -0.566   39.70524  -71.78108    35.8520  1027.4385    26.8108    13.5643 0.0000e+00
    139.876    13.5887    35.6823  1027.4284     1.8965     3.6403     62.443    0.00068    5.82973    5.82711      8.055    -0.0398   10.58850   4.232409 2.2147e+01    26.8051    26.8009 4.3735e-01    141.000          1      67045    1505.27 -9.990e-29  54834.793   2793.486 1549501151      -0.01     -0.766   39.70526  -71.78110    35.8523  1027.4334    26.8101    13.5687 0.0000e+00
    138.878    13.5967    35.6826  1027.4225     1.8966     3.6375     62.397    0.00011    5.82954    5.82692      8.055    -0.0504   10.58819   4.233233 2.1955e+01    26.8037    26.7995 4.3356e-01    140.000          1      67083    1505.28 1.9747e+00  54833.569   2795.068 1549501153       0.11     -0.674   39.70526  -71.78111    35.8530  1027.4278    26.8090    13.5768 0.0000e+00
    137.900    13.6084    35.6826  1027.4156     1.8964     3.6345     62.374    0.00012    5.82709    5.82444      8.055    -0.0428   10.58413   4.234305 2.1673e+01    26.8012    26.7971 4.2799e-01    139.000          1      67202    1505.30 1.9747e+00  54831.277   2800.036 1549501158      -0.13     -0.022   39.70527  -71.78115    35.8526  1027.4206    26.8063    13.5886 0.0000e+00
