CalculateIndicators/WaterTemperature/Data/CTD_NYOS/NY1902_11_4_5.cnv
* Sea-Bird SBE 9 Data File:
* FileName = C:\Seabird 9 CTD\Data\2019\201902_Offshore\NY1902_ctd_casts\NY1902_11_4_5.hex
* Software Version Seasave V 7.23.2
* Temperature SN = 4590
* Conductivity SN = 3228
* Number of Bytes Per Scan = 44
* Number of Voltage Words = 5
* Number of Scans Averaged by the Deck Unit = 1
* NMEA Latitude = 39 44.13 N
* NMEA Longitude = 072 27.92 W
* NMEA UTC (Time) = Feb 11 2019  06:44:47
* NMEA baud rate = 4800
** Ship: Seawolf
** Station: 4.5
** Operator: HBB
# nquan = 35
# nvalues = 158                         
# units = specified
# name 0 = depSM: Depth [salt water, m]
# name 1 = t090C: Temperature [ITS-90, deg C]
# name 2 = sal00: Salinity, Practical [PSU]
# name 3 = density00: Density [density, kg/m^3]
# name 4 = sbeox0V: Oxygen raw, SBE 43 [V]
# name 5 = sbeox0ML/L: Oxygen, SBE 43 [ml/l]
# name 6 = sbeox0PS: Oxygen, SBE 43 [% saturation]
# name 7 = sbox0dV/dT: Oxygen, SBE 43 [dov/dt]
# name 8 = oxsolML/L: Oxygen Saturation, Garcia & Gordon [ml/l]
# name 9 = oxsatML/L: Oxygen Saturation, Weiss [ml/l]
# name 10 = ph: pH
# name 11 = flECO-AFL: Fluorescence, WET Labs ECO-AFL/FL [mg/m^3]
# name 12 = n2satML/L: Nitrogen Saturation [ml/l]
# name 13 = c0S/m: Conductivity [S/m]
# name 14 = cpar: CPAR/Corrected Irradiance [%]
# name 15 = sigma-é00: Density [sigma-theta, kg/m^3]
# name 16 = sigma-t00: Density [sigma-t, kg/m^3 ]
# name 17 = par: PAR/Irradiance, Biospherical/Licor
# name 18 = prDM: Pressure, Digiquartz [db]
# name 19 = pumps: Pump Status
# name 20 = scan: Scan Count
# name 21 = svCM: Sound Velocity [Chen-Millero, m/s]
# name 22 = spar: SPAR, Biospherical/Licor
# name 23 = specc: Specific Conductance [uS/cm]
# name 24 = timeS: Time, Elapsed [seconds]
# name 25 = timeY: Time, System [seconds]
# name 26 = accM: Acceleration [m/s^2]
# name 27 = dz/dtM: Descent Rate [m/s]
# name 28 = latitude: Latitude [deg]
# name 29 = longitude: Longitude [deg]
# name 30 = gsw_saA0: Absolute Salinity [g/kg]
# name 31 = gsw_densityA0: density, TEOS-10 [density, kg/m^3]
# name 32 = gsw_sigma0A0: density, TEOS-10 [sigma-0, kg/m^3 ]
# name 33 = gsw_ptA0: potential temperature [ITS-90, deg C]
# name 34 = flag: flag
# span 0 =      0.997,     79.382       
# span 1 =     7.8408,    11.2591       
# span 2 =    33.0638,    34.8121       
# span 3 =  1025.7745,  1026.9419       
# span 4 =     2.0853,     2.7382       
# span 5 =     4.6635,     7.7736       
# span 6 =     71.305,     99.953       
# span 7 =   -0.03366,    0.08854       
# span 8 =    6.16058,    7.86190       
# span 9 =    6.16163,    7.85940       
# span 10 =      8.208,      8.431      
# span 11 =     0.1734,     1.3583      
# span 12 =   11.14587,   14.28533      
# span 13 =   3.433788,   3.912605      
# span 14 = -5.597e+03, 1.4212e+05      
# span 15 =    25.7654,    26.5838      
# span 16 =    25.7653,    26.5820      
# span 17 = 1.0000e-12, 1.0000e-12      
# span 18 =      1.000,     80.000      
# span 19 =          0,          1      
# span 20 =        346,      17885      
# span 21 =    1479.80,    1495.37      
# span 22 = -8.317e-01, 2.0852e+00      
# span 23 =  52146.342,  53961.799      
# span 24 =     14.394,    745.187      
# span 25 = 1549867501, 1549868231      
# span 26 =      -0.33,       0.24      
# span 27 =     -0.572,      0.576      
# span 28 =   39.73514,   39.73556      
# span 29 =  -72.46541,  -72.46290      
# span 30 =    33.2261,    34.9686      
# span 31 =  1025.7814,  1026.9391      
# span 32 =    25.7723,    26.5810      
# span 33 =     7.8404,    11.2491      
# span 34 = 0.0000e+00, 0.0000e+00      
# interval = decibars: 1                
# start_time = Feb 11 2019 06:44:46 [System UTC, first data scan.]
# bad_flag = -9.990e-29
*END*
[from data line 42]
     43.661     7.9514    33.5125  1026.3141     2.7234     6.5910     98.796   -0.00041    6.67130    6.67848 -9.990e-29     0.3323   12.00516   3.480157 1.4375e+03    26.1135    26.1128 1.0000e-12     44.000          1       2668    1481.17 1.9463e+00  52802.847    111.140 1549867597       0.16      0.468   39.73546  -72.46504    33.6726  1026.3176    26.1169     7.9471 0.0000e+00
     44.651     7.9510    33.5129  1026.3191     2.7211     6.5806     98.633   -0.00106    6.67173    6.67892      8.286     0.3096   12.00588   3.480137 5.0640e-11    26.1139    26.1132 1.0000e-12     45.000          1       2723    1481.18 1.9747e+00  52804.183    113.400 1549867600      -0.08      0.433   39.73546  -72.46504    33.6722  1026.3219    26.1167     7.9466 0.0000e+00
     45.645     7.9498    33.5128  1026.3237     2.7222     6.5961     98.866    0.00047    6.67177    6.67896      8.286     0.3271   12.00594   3.480033 -9.990e-29    26.1139    26.1133 1.0000e-12     46.000          1       2778    1481.20 -9.990e-29  52804.917    115.714 1549867602      -0.04      0.441   39.73544  -72.46503    33.6718  1026.3264    26.1166     7.9453 0.0000e+00
     46.630     7.9451    33.5115  1026.3279     2.7230     6.5961     98.885    0.00019    6.67040    6.67756      8.286     0.3338   12.00365   3.479547 -9.990e-29    26.1136    26.1130 1.0000e-12     47.000          1       2839    1481.19 -9.990e-29  52804.952    118.243 1549867604       0.17      0.351   39.73544  -72.46502    33.6707  1026.3308    26.1164     7.9405 0.0000e+00
     47.630     7.9531    33.5137  1026.3331     2.7250     6.5922     99.069    0.00102    6.65415    6.66109      8.287     0.3408   11.97650   3.480553 -9.990e-29    26.1142    26.1135 1.0000e-12     48.000          1       2879    1481.24 -9.990e-29  52806.764    119.916 1549867606      -0.06      0.576   39.73544  -72.46502    33.6734  1026.3362    26.1174     7.9484 0.0000e+00
     48.621     8.0141    33.5297  1026.3412     2.7228     6.5662     98.745   -0.00116    6.64968    6.65657      8.287     0.3387   11.96905   3.488118 -9.990e-29    26.1178    26.1171 1.0000e-12     49.000          1       2933    1481.51 -9.990e-29  52815.391    122.148 1549867608       0.04      0.439   39.73544  -72.46502    33.6953  1026.3490    26.1256     8.0093 0.0000e+00
     49.609     8.0930    33.5457  1026.3466     2.7154     6.5268     98.210   -0.00314    6.64580    6.65263      8.289     0.2921   11.96257   3.496395 5.0640e-11    26.1188    26.1181 1.0000e-12     50.000          1       2992    1481.84 1.9747e+00  52819.712    124.632 1549867611      -0.04      0.380   39.73544  -72.46500    33.7077  1026.3515    26.1237     8.0880 0.0000e+00
     50.606     8.1006    33.5482  1026.3520     2.7182     6.5573     98.779    0.00089    6.63839    6.64512      8.290     0.3352   11.95016   3.497433 6.0774e+04    26.1197    26.1189 1.0000e-12     51.000          1       3039    1481.89 7.7459e-01  52822.159    126.600 1549867613      -0.03      0.510   39.73544  -72.46499    33.7111  1026.3576    26.1252     8.0955 0.0000e+00
     51.595     8.1356    33.5574  1026.3585     2.7196     6.5347     98.797    0.00040    6.61426    6.62067      8.291     0.3023   11.90981   3.501614 9.2268e+04    26.1216    26.1209 1.0000e-12     52.000          1       3097    1482.05 1.5266e-01  52827.291    128.987 1549867615       0.07      0.398   39.73544  -72.46498    33.7216  1026.3651    26.1283     8.1305 0.0000e+00
     52.588     8.2378    33.5861  1026.3702     2.7195     6.5162     98.743   -0.00014    6.59922    6.60543      8.291     0.2648   11.88470   3.514254 8.2499e+03    26.1289    26.1281 1.0000e-12     53.000          1       3149    1482.49 1.8118e+00  52844.405    131.156 1549867617      -0.05      0.457   39.73544  -72.46498    33.7580  1026.3828    26.1415     8.2325 0.0000e+00
     53.580     8.3892    33.6208  1026.3791     2.7142     6.4819     98.291   -0.00224    6.59459    6.60075      8.291     0.2464   11.87696   3.530845 5.5037e+01    26.1335    26.1327 1.0000e-12     54.000          1       3205    1483.12 1.9736e+00  52858.897    133.485 1549867620       0.00      0.432   39.73544  -72.46497    33.7889  1026.3886    26.1430     8.3838 0.0000e+00
     54.573     8.4183    33.6292  1026.3858     2.7098     6.4643     98.062   -0.00260    6.59200    6.59812      8.297     0.2492   11.87263   3.534185 5.0640e-11    26.1356    26.1348 1.0000e-12     55.000          1       3251    1483.25 1.9747e+00  52864.529    135.404 1549867622       0.14      0.513   39.73544  -72.46496    33.7961  1026.3943    26.1442     8.4127 0.0000e+00
     55.567     8.4386    33.6345  1026.3914     2.7096     6.4766     98.319   -0.00019    6.58736    6.59342      8.298     0.2948   11.86486   3.536420 5.0640e-11    26.1367    26.1359 1.0000e-12     56.000          1       3297    1483.35 1.9747e+00  52867.877    137.316 1549867623      -0.09      0.529   39.73543  -72.46496    33.7999  1026.3988    26.1441     8.4329 0.0000e+00
     56.555     8.4740    33.6443  1026.3982     2.7081     6.4674     98.247   -0.00041    6.58276    6.58877      8.297     0.2733   11.85715   3.540583 -9.990e-29    26.1391    26.1382 1.0000e-12     57.000          1       3362    1483.51 -9.990e-29  52874.279    140.036 1549867626       0.01      0.338   39.73542  -72.46496    33.8097  1026.4056    26.1465     8.4681 0.0000e+00
     57.547     8.4922    33.6508  1026.4051     2.7073     6.4617     98.200   -0.00060    6.58017    6.58614      8.298     0.2789   11.85281   3.542827 5.0640e-11    26.1414    26.1405 1.0000e-12     58.000          1       3415    1483.61 1.9747e+00  52880.010    142.231 1549867628       0.02      0.468   39.73542  -72.46495    33.8156  1026.4120    26.1483     8.4862 0.0000e+00
     58.544     8.5184    33.6581  1026.4114     2.7052     6.4495     98.052   -0.00120    6.57759    6.58353      8.297     0.3227   11.84848   3.545832 5.0640e-11    26.1432    26.1422 1.0000e-12     59.000          1       3457    1483.73 1.9747e+00  52884.903    144.019 1549867630       0.02      0.563   39.73542  -72.46494    33.8218  1026.4174    26.1492     8.5124 0.0000e+00
     59.531     8.5296    33.6621  1026.4173     2.7053     6.4571     98.210    0.00015    6.57484    6.58074      8.287     0.2572   11.84386   3.547233 5.0640e-11    26.1446    26.1436 1.0000e-12     60.000          1       3515    1483.79 1.9747e+00  52888.571    146.404 1549867633      -0.02      0.387   39.73542  -72.46492    33.8255  1026.4231    26.1504     8.5234 0.0000e+00
     60.526     8.5481    33.6676  1026.4233     2.7035     6.4407     98.058   -0.00065    6.56828    6.57409      8.288     0.2413   11.83286   3.549440 6.0892e+04    26.1460    26.1451 1.0000e-12     61.000          1       3568    1483.89 7.7226e-01  52892.737    148.613 1549867635      -0.04      0.449   39.73542  -72.46492    33.8307  1026.4288    26.1516     8.5419 0.0000e+00
     61.517     8.5827    33.6787  1026.4312     2.7003     6.4127     97.816   -0.00165    6.55588    6.56154      8.288     0.2702   11.81207   3.553735 8.2160e+04    26.1495    26.1485 1.0000e-12     62.000          1       3622    1484.05 3.5227e-01  52901.238    150.868 1549867637       0.11      0.446   39.73542  -72.46492    33.8426  1026.4373    26.1556     8.5763 0.0000e+00
     62.507     8.6363    33.6965  1026.4413     2.6969     6.3926     97.693   -0.00149    6.54350    6.54900 -9.990e-29     0.9087   11.79133   3.560682 -5.013e+03    26.1552    26.1542 1.0000e-12     63.000          1       3677    1484.28 2.0737e+00  52914.713    153.152 1549867639      -0.08      0.425   39.73542  -72.46492    33.8643  1026.4505    26.1643     8.6298 0.0000e+00
     63.504     8.7264    33.7244  1026.4537     2.6890     6.3480     97.047   -0.00427    6.54114    6.54662      8.291     0.3163   11.78736   3.571493 5.0640e-11    26.1632    26.1621 1.0000e-12     64.000          1       3721    1484.67 1.9747e+00  52934.528    154.986 1549867641       0.16      0.559   39.73542  -72.46490    33.8917  1026.4624    26.1719     8.7198 0.0000e+00
     64.491     8.7639    33.7372  1026.4624     2.6836     6.3036     97.086   -0.00166    6.49280    6.49768      8.290     0.2506   11.70619   3.576038 5.0640e-11    26.1674    26.1663 1.0000e-12     65.000          1       3782    1484.84 1.9747e+00  52944.720    157.557 1549867644      -0.13      0.348   39.73542  -72.46490    33.9033  1026.4701    26.1751     8.7571 0.0000e+00
     65.487     8.9862    33.8147  1026.4923     2.6669     6.1795     95.646   -0.00841    6.46071    6.46519      8.291     0.2064   11.65230   3.605263 -9.990e-29    26.1931    26.1920 1.0000e-12     66.000          1       3837    1485.77 -9.990e-29  53005.504    159.847 1549867646      -0.03      0.467   39.73542  -72.46488    33.9972  1026.5126    26.2134     8.9792 0.0000e+00
     66.474     9.2624    33.9115  1026.5282     2.6322     6.0139     93.330   -0.01587    6.44378    6.44806      8.292     0.2213   11.62382   3.639503 5.0640e-11    26.2250    26.2238 1.0000e-12     67.000          1       3895    1486.93 1.9747e+00  53082.685    162.236 1549867648       0.20      0.385   39.73542  -72.46488    34.0912  1026.5461    26.2428     9.2552 0.0000e+00
     67.471     9.3318    33.9381  1026.5423     2.6161     5.9941     93.319   -0.00899    6.42322    6.42724      8.292     0.2063   11.58927   3.648257 5.0640e-11    26.2346    26.2334 1.0000e-12     68.000          1       3941    1487.23 1.9747e+00  53105.906    164.147 1549867650      -0.09      0.511   39.73540  -72.46488    34.1156  1026.5583    26.2507     9.3244 0.0000e+00
     68.461     9.4770    33.9924  1026.5654     2.5945     5.9117     92.242   -0.01015    6.40890    6.41276      8.293     0.2541   11.56516   3.667021 5.0640e-11    26.2534    26.2522 1.0000e-12     69.000          1       3995    1487.85 1.9747e+00  53152.108    166.397 1549867653       0.12      0.442   39.73540  -72.46486    34.1716  1026.5826    26.2707     9.4694 0.0000e+00
     69.452     9.5765    34.0304  1026.5831     2.5787     5.8602     91.923   -0.00643    6.37513    6.37858      8.292     0.2150   11.50840   3.679836 5.0640e-11    26.2669    26.2656 1.0000e-12     70.000          1       4053    1488.27 1.9747e+00  53185.555    168.813 1549867655      -0.10      0.390   39.73540  -72.46486    34.2091  1026.5998    26.2836     9.5687 0.0000e+00
     70.448     9.7557    34.0992  1026.6115     2.5588     5.7681     90.694   -0.00988    6.35994    6.36320      8.291     0.2624   11.48289   3.703568 5.0640e-11    26.2910    26.2896 1.0000e-12     71.000          1       4103    1489.02 1.9747e+00  53245.969    170.928 1549867657       0.23      0.509   39.73540  -72.46486    34.2829  1026.6318    26.3114     9.7477 0.0000e+00
     71.438     9.8977    34.1456  1026.6282     2.5355     5.6922     89.567   -0.01065    6.35519    6.35840      8.294     0.2168   11.47492   3.720687 9.9884e+04    26.3034    26.3021 1.0000e-12     72.000          1       4157    1489.61 2.2679e-03  53282.857    173.165 1549867659      -0.12      0.443   39.73540  -72.46484    34.3234  1026.6439    26.3192     9.8896 0.0000e+00
     72.432     9.9730    34.1727  1026.6410     2.5148     5.6664     89.263   -0.00446    6.34801    6.35113      8.294     0.2119   11.46280   3.729889 8.4542e+03    26.3119    26.3105 1.0000e-12     73.000          1       4254    1489.93 1.8078e+00  53306.345    177.206 1549867663       0.05      0.258   39.73540  -72.46483    34.3458  1026.6530    26.3239     9.9646 0.0000e+00
     73.421    10.0303    34.2016  1026.6583     2.5019     5.6320     88.914   -0.00226    6.33426    6.33723      8.298     0.2097   11.43961   3.737750 -5.032e+01    26.3248    26.3233 1.0000e-12     74.000          1       4395    1490.19 1.9757e+00  53336.138    183.102 1549867669       0.09      0.141   39.73540  -72.46481    34.3714  1026.6677    26.3342    10.0218 0.0000e+00
     74.413    10.1313    34.2415  1026.6765     2.4851     5.5568     88.027   -0.00368    6.31254    6.31525      8.298     0.2708   11.40300   3.751070 5.0640e-11    26.3387    26.3372 1.0000e-12     75.000          1       4513    1490.61 1.9747e+00  53372.645    187.984 1549867674      -0.01      0.224   39.73538  -72.46480    34.4112  1026.6858    26.3480    10.1226 0.0000e+00
     75.404    10.2908    34.3119  1026.7084     2.4614     5.4348     86.615   -0.00737    6.27466    6.27695      8.299     0.2436   11.33898   3.773361 7.7727e+04    26.3663    26.3648 1.0000e-12     76.000          1       4615    1491.29 4.3982e-01  53440.725    192.241 1549867678       0.04      0.246   39.73538  -72.46479    34.4866  1026.7212    26.3792    10.2820 0.0000e+00
     76.397    10.5100    34.4240  1026.7617     2.4160     5.1995     83.907   -0.01454    6.19669    6.19812      8.296     0.2637   11.20717   3.806204 -5.400e+03    26.4156    26.4141 1.0000e-12     77.000          1       4697    1492.22 2.0813e+00  53555.947    195.648 1549867682       0.04      0.272   39.73538  -72.46478    34.6115  1026.7842    26.4381    10.5009 0.0000e+00
     77.390    11.0026    34.6625  1026.8635     2.3198     4.8008     77.769   -0.03366    6.17316    6.17434      8.295     0.3394   11.16729   3.876680 5.0640e-11    26.5139    26.5122 1.0000e-12     78.000          1       4770    1494.26 1.9747e+00  53798.379    198.693 1549867685      -0.03      0.339   39.73538  -72.46476    34.8535  1026.8880    26.5384    10.9931 0.0000e+00
     78.383    11.1430    34.7402  1026.9029     2.2565     4.7289     76.625   -0.01565    6.17155    6.17271      8.299     0.4013   11.16448   3.896734 5.2340e+04    26.5490    26.5472 1.0000e-12     79.000          1       4853    1494.86 9.4113e-01  53881.700    202.168 1549867688       0.00      0.296   39.73538  -72.46476    34.9207  1026.9188    26.5650    11.1332 0.0000e+00
     79.382    11.2591    34.8121  1026.9419     2.1849     4.6635     75.699    0.00869    6.16058    6.16163      8.325     0.1992   11.14587   3.912605 1.4212e+05    26.5838    26.5820 1.0000e-12     80.000          1       6751    1495.37 -8.317e-01  53961.799    281.241 1549867767      -0.11     -0.026   39.73535  -72.46449    34.9686  1026.9391    26.5810    11.2491 0.0000e+00
     78.379    11.1694    34.7658  1026.9179     2.2197     4.7521     76.596    0.00167    6.20415    6.20570      8.316     0.5216   11.21932   3.899517 9.9999e+04    26.5641    26.5623 1.0000e-12     79.000          1       6173    1494.98 0.0000e+00  53912.333    257.172 1549867743      -0.18     -0.272   39.73536  -72.46457    34.9234  1026.9161    26.5623    11.1597 0.0000e+00
     77.389    10.9796    34.6955  1026.8932     2.2563     5.0010     79.766    0.01733    6.26953    6.27181      8.316     0.3336   11.32982   3.872425 5.9309e+01    26.5436    26.5418 1.0000e-12     78.000          1       6273    1494.22 1.9735e+00  53848.586    261.330 1549867747      -0.01     -0.388   39.73536  -72.46456    34.8323  1026.8755    26.5259    10.9701 0.0000e+00
     76.398    10.4821    34.4548  1026.7907     2.3545     5.3880     85.660    0.03228    6.28999    6.29247      8.321     0.2315   11.36476   3.802451 5.0640e-11    26.4446    26.4430 1.0000e-12     77.000          1       6344    1492.16 1.9747e+00  53604.290    264.302 1549867750       0.03     -0.317   39.73536  -72.46455    34.6001  1026.7804    26.4342    10.4730 0.0000e+00
