CalculateIndicators/WaterTemperature/Data/CTD_NYOS/NY1902_10_4_3_5.cnv
* Sea-Bird SBE 9 Data File:
* FileName = C:\Seabird 9 CTD\Data\2019\201902_Offshore\NY1902_ctd_casts\NY1902_10_4_3_5.hex
* Software Version Seasave V 7.23.2
* Temperature SN = 4590
* Conductivity SN = 3228
* Number of Bytes Per Scan = 44
* Number of Voltage Words = 5
* Number of Scans Averaged by the Deck Unit = 1
* NMEA Latitude = 40 06.11 N
* NMEA Longitude = 072 36.00 W
* NMEA UTC (Time) = Feb 11 2019  02:56:46
* NMEA baud rate = 4800
** Ship: Seawolf
** Station: 4.3.5
** Operator: HBB
# nquan = 35
# nvalues = 103                         
# units = specified
# name 0 = depSM: Depth [salt water, m]
# name 1 = t090C: Temperature [ITS-90, deg C]
# name 2 = sal00: Salinity, Practical [PSU]
# name 3 = density00: Density [density, kg/m^3]
# name 4 = sbeox0V: Oxygen raw, SBE 43 [V]
# name 5 = sbeox0ML/L: Oxygen, SBE 43 [ml/l]
# name 6 = sbeox0PS: Oxygen, SBE 43 [% saturation]
# name 7 = sbox0dV/dT: Oxygen, SBE 43 [dov/dt]
# name 8 = oxsolML/L: Oxygen Saturation, Garcia & Gordon [ml/l]
# name 9 = oxsatML/L: Oxygen Saturation, Weiss [ml/l]
# name 10 = ph: pH
# name 11 = flECO-AFL: Fluorescence, WET Labs ECO-AFL/FL [mg/m^3]
# name 12 = n2satML/L: Nitrogen Saturation [ml/l]
# name 13 = c0S/m: Conductivity [S/m]
# name 14 = cpar: CPAR/Corrected Irradiance [%]
# name 15 = sigma-é00: Density [sigma-theta, kg/m^3]
# name 16 = sigma-t00: Density [sigma-t, kg/m^3 ]
# name 17 = par: PAR/Irradiance, Biospherical/Licor
# name 18 = prDM: Pressure, Digiquartz [db]
# name 19 = pumps: Pump Status
# name 20 = scan: Scan Count
# name 21 = svCM: Sound Velocity [Chen-Millero, m/s]
# name 22 = spar: SPAR, Biospherical/Licor
# name 23 = specc: Specific Conductance [uS/cm]
# name 24 = timeS: Time, Elapsed [seconds]
# name 25 = timeY: Time, System [seconds]
# name 26 = accM: Acceleration [m/s^2]
# name 27 = dz/dtM: Descent Rate [m/s]
# name 28 = latitude: Latitude [deg]
# name 29 = longitude: Longitude [deg]
# name 30 = gsw_saA0: Absolute Salinity [g/kg]
# name 31 = gsw_densityA0: density, TEOS-10 [density, kg/m^3]
# name 32 = gsw_sigma0A0: density, TEOS-10 [sigma-0, kg/m^3 ]
# name 33 = gsw_ptA0: potential temperature [ITS-90, deg C]
# name 34 = flag: flag
# span 0 =      1.976,     52.591       
# span 1 =     6.9353,     7.3045       
# span 2 =    33.1769,    33.2672       
# span 3 =  1026.0022,  1026.2554       
# span 4 =     2.7122,     2.7307       
# span 5 =     6.6719,     6.7637       
# span 6 =     98.207,     98.915       
# span 7 =   -0.00263,    0.00145       
# span 8 =    6.78112,    6.84268       
# span 9 =    6.78968,    6.85209       
# span 10 =      8.242,      8.334      
# span 11 =     0.2539,     0.3933      
# span 12 =   12.18958,   12.29237      
# span 13 =   3.357490,   3.399947      
# span 14 = -8.448e+03, 1.0754e+05      
# span 15 =    25.9911,    26.0130      
# span 16 =    25.9908,    26.0123      
# span 17 = 1.0000e-12, 1.0000e-12      
# span 18 =      2.000,     53.000      
# span 19 =          1,          1      
# span 20 =        158,      12297      
# span 21 =    1476.19,    1478.53      
# span 22 = -1.490e-01, 2.1415e+00      
# span 23 =  52558.548,  52622.328      
# span 24 =      6.552,    512.350      
# span 25 = 1549853812, 1549854318      
# span 26 =      -0.27,       0.54      
# span 27 =     -0.764,      0.729      
# span 28 =   40.10184,   40.10206      
# span 29 =  -72.60010,  -72.59869      
# span 30 =    33.3339,    33.4251      
# span 31 =  1026.0044,  1026.2578      
# span 32 =    25.9929,    26.0154      
# span 33 =     6.9340,     7.3004      
# span 34 = 0.0000e+00, 0.0000e+00      
# interval = decibars: 1                
# start_time = Feb 11 2019 02:56:45 [System UTC, first data scan.]
# bad_flag = -9.990e-29
*END*
      1.982     6.9449    33.1814  1026.0030     2.7224     6.7274     98.348   -0.00004    6.84042    6.84980 -9.990e-29     0.2539   12.28859   3.358232 5.0640e-11    25.9938    25.9938 1.0000e-12      2.000          1        158    1476.20 1.9747e+00  52559.797      6.552 1549853812       0.26     -0.071   40.10190  -72.60010    33.3389  1026.0052    25.9961     6.9447 0.0000e+00
      2.977     6.9529    33.1820  1026.0070     2.7221     6.7265     98.348    0.00001    6.83951    6.84888 -9.990e-29     0.3076   12.28707   3.359042 5.0640e-11    25.9932    25.9932 1.0000e-12      3.000          1        481    1476.25 1.9747e+00  52559.216     20.018 1549853825       0.10      0.350   40.10188  -72.60006    33.3395  1026.0093    25.9955     6.9527 0.0000e+00
      3.969     6.9546    33.1824  1026.0116     2.7217     6.7247     98.324   -0.00014    6.83935    6.84871      8.243     0.2656   12.28678   3.359248 -9.990e-29    25.9933    25.9932 1.0000e-12      4.000          1        540    1476.27 -9.990e-29  52559.960     22.439 1549853828       0.04      0.432   40.10188  -72.60006    33.3397  1026.0138    25.9954     6.9543 0.0000e+00
      4.961     6.9541    33.1833  1026.0170     2.7206     6.7192     98.239   -0.00058    6.83964    6.84902      8.242     0.2718   12.28728   3.359364 5.0640e-11    25.9941    25.9940 1.0000e-12      5.000          1        590    1476.29 1.9747e+00  52562.122     24.539 1549853830       0.01      0.475   40.10188  -72.60005    33.3410  1026.0194    25.9965     6.9537 0.0000e+00
      5.953     6.9536    33.1839  1026.0221     2.7226     6.7382     98.529    0.00111    6.83875    6.84811      8.242     0.2655   12.28582   3.359358 5.0640e-11    25.9946    25.9945 1.0000e-12      6.000          1        636    1476.30 1.9747e+00  52563.698     26.452 1549853832       0.03      0.522   40.10188  -72.60004    33.3409  1026.0241    25.9966     6.9531 0.0000e+00
      6.946     6.9555    33.1832  1026.0260     2.7246     6.7430     98.601    0.00086    6.83861    6.84797 -9.990e-29     0.2811   12.28560   3.359555 5.0640e-11    25.9939    25.9938 1.0000e-12      7.000          1        687    1476.33 1.9747e+00  52563.026     28.594 1549853834      -0.09      0.459   40.10188  -72.60004    33.3408  1026.0283    25.9962     6.9548 0.0000e+00
      7.941     6.9591    33.1825  1026.0295     2.7254     6.7419     98.597    0.00038    6.83785    6.84719 -9.990e-29     0.2797   12.28433   3.359840 7.8707e+03    25.9928    25.9927 1.0000e-12      8.000          1        739    1476.36 1.8193e+00  52561.742     30.769 1549853836       0.10      0.484   40.10188  -72.60003    33.3399  1026.0318    25.9950     6.9584 0.0000e+00
      8.924     6.9616    33.1819  1026.0333     2.7263     6.7424     98.660    0.00043    6.83399    6.84328 -9.990e-29     0.3050   12.27792   3.360063 7.1205e+04    25.9920    25.9919 1.0000e-12      9.000          1        796    1476.38 5.6861e-01  52560.890     33.131 1549853839      -0.04      0.388   40.10188  -72.60002    33.3395  1026.0356    25.9943     6.9608 0.0000e+00
      9.927     6.9720    33.1839  1026.0381     2.7252     6.7310     98.474   -0.00070    6.83525    6.84456 -9.990e-29     0.2956   12.28001   3.361357 2.4138e+03    25.9922    25.9921 1.0000e-12     10.000          1        829    1476.44 1.9270e+00  52561.589     34.480 1549853840       0.24      0.676   40.10188  -72.60002    33.3432  1026.0418    25.9959     6.9711 0.0000e+00
     10.915     6.9852    33.1847  1026.0415 -9.990e-29     6.7340     98.484   -0.00057    6.83765    6.84699 -9.990e-29     0.2833   12.28401   3.362485 7.5744e+04    25.9911    25.9910 1.0000e-12     11.000          1        868    1476.51 4.7897e-01  52559.991     36.120 1549853842      -0.16      0.646   40.10188  -72.60002    33.3423  1026.0439    25.9934     6.9842 0.0000e+00
     11.908     6.9784    33.1840  1026.0465 -9.990e-29     6.7368     98.520   -0.00018    6.83803    6.84737 -9.990e-29     0.2989   12.28464   3.361823 1.4286e+04    25.9914    25.9913 1.0000e-12     12.000          1        907    1476.50 1.6926e+00  52561.452     37.760 1549853843       0.10      0.598   40.10188  -72.60002    33.3411  1026.0485    25.9934     6.9773 0.0000e+00
     12.900     6.9646    33.1816  1026.0511     2.7231     6.7352     98.480   -0.00039    6.83923    6.84859 -9.990e-29     0.2938   12.28663   3.360430 -1.875e+02    25.9915    25.9913 1.0000e-12     13.000          1        948    1476.46 1.9784e+00  52562.491     39.439 1549853845      -0.07      0.608   40.10188  -72.60001    33.3387  1026.0530    25.9934     6.9634 0.0000e+00
     13.890     6.9628    33.1813  1026.0556     2.7208     6.7210     98.268   -0.00143    6.83940    6.84876 -9.990e-29     0.3093   12.28691   3.360239 5.0640e-11    25.9914    25.9913 1.0000e-12     14.000          1        987    1476.47 1.9747e+00  52563.122     41.077 1549853846       0.09      0.588   40.10188  -72.60000    33.3379  1026.0572    25.9930     6.9615 0.0000e+00
     14.887     6.9563    33.1802  1026.0603     2.7211     6.7321     98.431   -0.00023    6.83947    6.84884 -9.990e-29     0.3657   12.28704   3.359652 -9.990e-29    25.9914    25.9913 1.0000e-12     15.000          1       1021    1476.46 -9.990e-29  52563.967     42.507 1549853848      -0.01      0.702   40.10188  -72.60000    33.3371  1026.0621    25.9933     6.9550 0.0000e+00
     15.874     6.9552    33.1802  1026.0650     2.7208     6.7331     98.448   -0.00005    6.83920    6.84856 -9.990e-29     0.2953   12.28658   3.359601 -9.990e-29    25.9916    25.9914 1.0000e-12     16.000          1       1063    1476.47 -9.990e-29  52564.938     44.240 1549853850      -0.03      0.566   40.10188  -72.60000    33.3371  1026.0669    25.9935     6.9538 0.0000e+00
     16.871     6.9549    33.1803  1026.0697     2.7204     6.7292     98.411   -0.00035    6.83783    6.84717 -9.990e-29     0.2921   12.28430   3.359628 5.0640e-11    25.9917    25.9915 1.0000e-12     17.000          1       1100    1476.48 1.9747e+00  52565.878     45.799 1549853851       0.02      0.642   40.10188  -72.60000    33.3373  1026.0717    25.9937     6.9533 0.0000e+00
     17.859     6.9588    33.1811  1026.0745     2.7225     6.7481     98.690    0.00114    6.83770    6.84704      8.244     0.2814   12.28409   3.360187 5.0640e-11    25.9919    25.9917 1.0000e-12     18.000          1       1144    1476.52 1.9747e+00  52566.772     47.606 1549853853      -0.04      0.548   40.10188  -72.60000    33.3391  1026.0771    25.9946     6.9572 0.0000e+00
     18.852     6.9649    33.1815  1026.0785     2.7236     6.7487     98.735    0.00106    6.83509    6.84440      8.245     0.2813   12.27976   3.360675 5.0640e-11    25.9913    25.9911 1.0000e-12     19.000          1       1180    1476.56 1.9747e+00  52566.216     49.129 1549853855       0.13      0.629   40.10188  -72.59998    33.3381  1026.0802    25.9930     6.9632 0.0000e+00
     19.849     6.9676    33.1825  1026.0835     2.7229     6.7378     98.566   -0.00031    6.83577    6.84509      8.247     0.3117   12.28089   3.361194 7.3669e+04    25.9918    25.9915 1.0000e-12     20.000          1       1216    1476.59 5.1995e-01  52567.661     50.636 1549853856      -0.09      0.683   40.10188  -72.59998    33.3408  1026.0865    25.9947     6.9658 0.0000e+00
     20.831     6.9823    33.1842  1026.0875     2.7214     6.7340     98.471   -0.00066    6.83857    6.84792      8.247     0.3185   12.28554   3.362632 1.0132e+05    25.9912    25.9909 1.0000e-12     21.000          1       1261    1476.66 -2.610e-02  52566.923     52.497 1549853858       0.07      0.482   40.10188  -72.59998    33.3418  1026.0899    25.9936     6.9805 0.0000e+00
     21.835     6.9766    33.1831  1026.0920     2.7210     6.7333     98.460   -0.00070    6.83859    6.84794      8.252     0.2973   12.28557   3.362004 9.9999e+04    25.9911    25.9908 1.0000e-12     22.000          1       1293    1476.65 0.0000e+00  52567.569     53.825 1549853859       0.06      0.725   40.10188  -72.59997    33.3400  1026.0938    25.9929     6.9746 0.0000e+00
     22.819     6.9598    33.1805  1026.0968     2.7203     6.7349     98.486   -0.00027    6.83841    6.84776      8.252     0.2801   12.28527   3.360327 -9.990e-29    25.9913    25.9911 1.0000e-12     23.000          1       1339    1476.60 -9.990e-29  52569.012     55.765 1549853861      -0.11      0.501   40.10188  -72.59996    33.3373  1026.0986    25.9931     6.9578 0.0000e+00
     23.816     6.9613    33.1808  1026.1015     2.7208     6.7416     98.579    0.00021    6.83882    6.84817 -9.990e-29     0.2723   12.28595   3.360574 -9.990e-29    25.9914    25.9911 1.0000e-12     24.000          1       1382    1476.62 -9.990e-29  52569.808     57.540 1549853863      -0.00      0.571   40.10188  -72.59996    33.3382  1026.1036    25.9936     6.9592 0.0000e+00
     24.802     6.9602    33.1806  1026.1061     2.7212     6.7444     98.624    0.00035    6.83844    6.84780      8.255     0.2881   12.28533   3.360466 -9.990e-29    25.9914    25.9911 1.0000e-12     25.000          1       1426    1476.63 -9.990e-29  52570.483     59.379 1549853865       0.08      0.513   40.10188  -72.59996    33.3376  1026.1079    25.9932     6.9579 0.0000e+00
     25.803     6.9598    33.1807  1026.1108     2.7209     6.7410     98.569   -0.00012    6.83885    6.84821      8.255     0.2766   12.28602   3.360519 -9.990e-29    25.9915    25.9912 1.0000e-12     26.000          1       1463    1476.65 -9.990e-29  52571.343     60.913 1549853866      -0.06      0.650   40.10188  -72.59996    33.3380  1026.1129    25.9937     6.9575 0.0000e+00
     26.789     6.9597    33.1805  1026.1152     2.7210     6.7412     98.603   -0.00000    6.83666    6.84598      8.257     0.2899   12.28236   3.360511 -9.990e-29    25.9914    25.9911 1.0000e-12     27.000          1       1515    1476.67 -9.990e-29  52571.810     63.071 1549853868       0.04      0.421   40.10187  -72.59994    33.3376  1026.1172    25.9933     6.9573 0.0000e+00
     27.781     6.9608    33.1808  1026.1199     2.7218     6.7466     98.714    0.00056    6.83448    6.84377      8.257     0.2897   12.27872   3.360774 -9.990e-29    25.9915    25.9911 1.0000e-12     28.000          1       1560    1476.69 -9.990e-29  52572.585     64.943 1549853870      -0.02      0.535   40.10186  -72.59994    33.3389  1026.1227    25.9943     6.9583 0.0000e+00
     28.778     6.9730    33.1824  1026.1241     2.7208     6.7337     98.543   -0.00062    6.83326    6.84254      8.257     0.3014   12.27669   3.361956 5.0640e-11    25.9911    25.9908 1.0000e-12     29.000          1       1598    1476.75 1.9747e+00  52572.365     66.545 1549853872       0.06      0.620   40.10186  -72.59992    33.3397  1026.1263    25.9933     6.9704 0.0000e+00
     29.766     6.9931    33.1871  1026.1297     2.7204     6.7360     98.580   -0.00024    6.83304    6.84232      8.257     0.2851   12.27634   3.364429 5.0640e-11    25.9921    25.9918 1.0000e-12     30.000          1       1641    1476.85 1.9747e+00  52574.422     68.345 1549853874      -0.04      0.550   40.10186  -72.59992    33.3470  1026.1339    25.9963     6.9904 0.0000e+00
     30.761     6.9918    33.1866  1026.1341     2.7196     6.7352     98.546   -0.00036    6.83457    6.84386 -9.990e-29     0.2830   12.27888   3.364144 7.2091e+04    25.9919    25.9915 1.0000e-12     31.000          1       1684    1476.86 5.5110e-01  52574.717     70.132 1549853876      -0.04      0.565   40.10186  -72.59992    33.3446  1026.1367    25.9946     6.9890 0.0000e+00
     31.749     6.9894    33.1861  1026.1386     2.7177     6.7236     98.384   -0.00115    6.83406    6.84335      8.261     0.2957   12.27802   3.363881 1.0081e+05    25.9918    25.9914 1.0000e-12     32.000          1       1731    1476.87 -1.600e-02  52575.294     72.099 1549853878       0.05      0.494   40.10186  -72.59992    33.3435  1026.1408    25.9941     6.9865 0.0000e+00
     32.748     6.9855    33.1854  1026.1432     2.7188     6.7274     98.616    0.00044    6.82187    6.83099      8.261     0.2928   12.25771   3.363535 3.4242e+04    25.9918    25.9914 1.0000e-12     33.000          1       1768    1476.87 1.2985e+00  52576.027     73.623 1549853879       0.08      0.640   40.10186  -72.59992    33.3430  1026.1456    25.9942     6.9825 0.0000e+00
     33.731     7.0155    33.1924  1026.1491     2.7200     6.7318     98.724    0.00076    6.81875    6.82783      8.261     0.3017   12.25250   3.367274 -3.900e+03    25.9933    25.9929 1.0000e-12     34.000          1       1821    1477.01 2.0517e+00  52578.692     75.814 1549853881      -0.16      0.428   40.10186  -72.59990    33.3545  1026.1551    25.9992     7.0125 0.0000e+00
     34.734     7.0726    33.2034  1026.1548     2.7166     6.6968     98.207   -0.00252    6.81910    6.82818      8.262     0.3055   12.25308   3.373207 5.0640e-11    25.9943    25.9938 1.0000e-12     35.000          1       1855    1477.27 1.9747e+00  52579.993     77.240 1549853883       0.41      0.646   40.10186  -72.59990    33.3639  1026.1593    25.9989     7.0695 0.0000e+00
     35.715     7.0781    33.2050  1026.1597     2.7181     6.7252     98.653    0.00070    6.81705    6.82610      8.264     0.3206   12.24966   3.373776 5.0640e-11    25.9947    25.9943 1.0000e-12     36.000          1       1910    1477.31 1.9747e+00  52581.424     79.537 1549853885      -0.14      0.385   40.10186  -72.59990    33.3644  1026.1635    25.9985     7.0749 0.0000e+00
     36.720     7.0799    33.2055  1026.1646     2.7185     6.7181     98.590   -0.00006    6.81418    6.82319      8.266     0.3042   12.24484   3.373985 -9.990e-29    25.9949    25.9945 1.0000e-12     37.000          1       1945    1477.33 -9.990e-29  52582.409     80.999 1549853886       0.53      0.663   40.10186  -72.59990    33.3645  1026.1680    25.9984     7.0765 0.0000e+00
     37.698     7.0917    33.2100  1026.1710     2.7214     6.7327     98.910    0.00145    6.80693    6.81584      8.266     0.3202   12.23277   3.375726 5.0640e-11    25.9969    25.9964 1.0000e-12     38.000          1       2001    1477.40 1.9747e+00  52586.506     83.348 1549853889      -0.11      0.343   40.10186  -72.59988    33.3716  1026.1765    26.0024     7.0883 0.0000e+00
     38.703     7.1353    33.2194  1026.1771     2.7193     6.7015     98.452   -0.00177    6.80694    6.81585      8.265     0.3262   12.23277   3.380513 5.0640e-11    25.9984    25.9979 1.0000e-12     39.000          1       2031    1477.59 1.9747e+00  52588.832     84.583 1549853890       0.54      0.729   40.10186  -72.59988    33.3815  1026.1829    26.0042     7.1317 0.0000e+00
     39.688     7.1499    33.2226  1026.1822     2.7221     6.7170     98.915    0.00108    6.79062    6.79931      8.265     0.2832   12.20551   3.381985 5.0640e-11    25.9989    25.9984 1.0000e-12     40.000          1       2089    1477.67 1.9747e+00  52590.513     86.983 1549853892       0.04      0.352   40.10186  -72.59988    33.3830  1026.1867    26.0034     7.1462 0.0000e+00
     40.691     7.1797    33.2317  1026.1899     2.7225     6.7091     98.857    0.00033    6.78669    6.79533      8.265     0.2873   12.19894   3.385865 4.2771e+04    26.0020    26.0015 1.0000e-12     41.000          1       2125    1477.82 1.1301e+00  52596.205     88.515 1549853894       0.32      0.704   40.10186  -72.59986    33.3962  1026.1975    26.0096     7.1760 0.0000e+00
     41.666     7.2727    33.2549  1026.1997     2.7177     6.6719     98.324   -0.00263    6.78560    6.79422      8.267     0.3035   12.19710   3.396251 1.0754e+05    26.0075    26.0069 1.0000e-12     42.000          1       2174    1478.22 -1.490e-01  52605.777     90.546 1549853896      -0.26      0.488   40.10186  -72.59986    33.4194  1026.2074    26.0151     7.2688 0.0000e+00
