CalculateIndicators/WaterTemperature/Data/CTD_NYOS/NY1902_07_3_4.cnv
* Sea-Bird SBE 9 Data File:
* FileName = C:\Seabird 9 CTD\Data\2019\201902_Offshore\NY1902_ctd_casts\NY1902_07_3_4.hex
* Software Version Seasave V 7.23.2
* Temperature SN = 4590
* Conductivity SN = 3228
* Number of Bytes Per Scan = 44
* Number of Voltage Words = 5
* Number of Scans Averaged by the Deck Unit = 1
* NMEA Latitude = 39 59.15 N
* NMEA Longitude = 072 13.06 W
* NMEA UTC (Time) = Feb 07 2019  10:06:34
* NMEA baud rate = 4800
** Ship: Seawolf
** Station: 3_4
** Operator: HBB
# nquan = 35
# nvalues = 158                         
# units = specified
# name 0 = depSM: Depth [salt water, m]
# name 1 = t090C: Temperature [ITS-90, deg C]
# name 2 = sal00: Salinity, Practical [PSU]
# name 3 = density00: Density [density, kg/m^3]
# name 4 = sbeox0V: Oxygen raw, SBE 43 [V]
# name 5 = sbeox0ML/L: Oxygen, SBE 43 [ml/l]
# name 6 = sbeox0PS: Oxygen, SBE 43 [% saturation]
# name 7 = sbox0dV/dT: Oxygen, SBE 43 [dov/dt]
# name 8 = oxsolML/L: Oxygen Saturation, Garcia & Gordon [ml/l]
# name 9 = oxsatML/L: Oxygen Saturation, Weiss [ml/l]
# name 10 = ph: pH
# name 11 = flECO-AFL: Fluorescence, WET Labs ECO-AFL/FL [mg/m^3]
# name 12 = n2satML/L: Nitrogen Saturation [ml/l]
# name 13 = c0S/m: Conductivity [S/m]
# name 14 = cpar: CPAR/Corrected Irradiance [%]
# name 15 = sigma-é00: Density [sigma-theta, kg/m^3]
# name 16 = sigma-t00: Density [sigma-t, kg/m^3 ]
# name 17 = par: PAR/Irradiance, Biospherical/Licor
# name 18 = prDM: Pressure, Digiquartz [db]
# name 19 = pumps: Pump Status
# name 20 = scan: Scan Count
# name 21 = svCM: Sound Velocity [Chen-Millero, m/s]
# name 22 = spar: SPAR, Biospherical/Licor
# name 23 = specc: Specific Conductance [uS/cm]
# name 24 = timeS: Time, Elapsed [seconds]
# name 25 = timeY: Time, System [seconds]
# name 26 = accM: Acceleration [m/s^2]
# name 27 = dz/dtM: Descent Rate [m/s]
# name 28 = latitude: Latitude [deg]
# name 29 = longitude: Longitude [deg]
# name 30 = gsw_saA0: Absolute Salinity [g/kg]
# name 31 = gsw_densityA0: density, TEOS-10 [density, kg/m^3]
# name 32 = gsw_sigma0A0: density, TEOS-10 [sigma-0, kg/m^3 ]
# name 33 = gsw_ptA0: potential temperature [ITS-90, deg C]
# name 34 = flag: flag
# span 0 =      0.995,     79.388       
# span 1 =     7.4229,     9.6948       
# span 2 =    33.1235,    33.9845       
# span 3 =  1025.8851,  1026.5730       
# span 4 =     2.4603,     2.7673       
# span 5 =     5.6261,     6.7806       
# span 6 =     87.541,    101.035       
# span 7 =   -0.02874,    0.02513       
# span 8 =    6.41276,    6.81899       
# span 9 =    6.41658,    6.82662       
# span 10 =      8.050,      8.102      
# span 11 =     0.2420,     1.2521      
# span 12 =   11.57264,   12.26946      
# span 13 =   3.395684,   3.685167      
# span 14 = -1.437e+04, 1.0135e+05      
# span 15 =    25.8805,    26.2116      
# span 16 =    25.8805,    26.2102      
# span 17 = 1.0000e-12, 1.0000e-12      
# span 18 =      1.000,     80.000      
# span 19 =          1,          1      
# span 20 =       1370,      19615      
# span 21 =    1478.02,    1488.81      
# span 22 = -2.678e-02, 2.2584e+00      
# span 23 =  52348.129,  53103.344      
# span 24 =     57.029,    817.233      
# span 25 = 1549534052, 1549534812      
# span 26 =      -0.73,       0.69      
# span 27 =     -0.923,      0.939      
# span 28 =   39.98608,   39.98848      
# span 29 =  -72.21900,  -72.21772      
# span 30 =    33.2804,    34.1472      
# span 31 =  1025.8875,  1026.5774      
# span 32 =    25.8829,    26.2162      
# span 33 =     7.4215,     9.6858      
# span 34 = 0.0000e+00, 0.0000e+00      
# interval = decibars: 1                
# start_time = Feb 07 2019 10:06:35 [System UTC, first data scan.]
# bad_flag = -9.990e-29
*END*
[from data line 125]
     32.730     7.6194    33.2254  1026.0863     2.7599     6.7706    100.379    0.00025    6.74508    6.75302 -9.990e-29     0.5827   12.13089   3.421640 6.2026e+03    25.9356    25.9351 1.0000e-12     33.000          1      14259    1479.37 1.8522e+00  52469.478    594.083 1549534589      -0.54     -0.807   39.98776  -72.21860    33.3657  1026.0753    25.9245     7.6163 0.0000e+00
     31.749     7.5550    33.1962  1026.0680     2.7559     6.7579    100.140   -0.00014    6.74848    6.75646 -9.990e-29     0.5834   12.13663   3.414249 1.2002e+04    25.9217    25.9213 1.0000e-12     32.000          1      14385    1479.07 1.7377e+00  52443.299    599.315 1549534594      -0.02     -0.357   39.98778  -72.21860    33.3479  1026.0660    25.9197     7.5520 0.0000e+00
     30.759     7.5342    33.1866  1026.0589     2.7566     6.7676    100.254    0.00064    6.75044    6.75844 -9.990e-29     0.6020   12.13993   3.411633 3.7096e+04    25.9171    25.9167 1.0000e-12     31.000          1      14484    1478.96 1.2422e+00  52434.178    603.438 1549534598      -0.07     -0.278   39.98779  -72.21861    33.3401  1026.0582    25.9165     7.5313 0.0000e+00
     29.749     7.5151    33.1761  1026.0487     2.7561     6.7652    100.178    0.00019    6.75321    6.76124      8.082     0.5437   12.14461   3.409084 1.0065e+03    25.9115    25.9111 1.0000e-12     30.000          1      15117    1478.86 1.9548e+00  52423.403    629.815 1549534625      -0.28     -0.750   39.98787  -72.21867    33.3311  1026.0493    25.9121     7.5123 0.0000e+00
     28.783     7.4889    33.1651  1026.0392     2.7523     6.7584     99.994    0.00040    6.75880    6.76690      8.082     0.5791   12.15401   3.405899 -9.990e-29    25.9065    25.9062 1.0000e-12     29.000          1      15873    1478.72 -9.990e-29  52413.629    661.320 1549534656      -0.41     -0.066   39.98798  -72.21873    33.3223  1026.0415    25.9089     7.4862 0.0000e+00
     27.779     7.4860    33.1642  1026.0343     2.7527     6.7552     99.940   -0.00019    6.75926    6.76736      8.082     0.5866   12.15478   3.405431 -9.990e-29    25.9062    25.9059 1.0000e-12     28.000          1      15817    1478.70 -9.990e-29  52412.423    659.008 1549534654       0.05     -0.619   39.98796  -72.21872    33.3204  1026.0359    25.9078     7.4833 0.0000e+00
     26.795     7.4750    33.1601  1026.0281     2.7527     6.7578     99.955    0.00006    6.76084    6.76896      8.080     0.5167   12.15744   3.404069 -9.990e-29    25.9045    25.9042 1.0000e-12     27.000          1      15898    1478.63 -9.990e-29  52408.663    662.366 1549534657       0.01     -0.212   39.98798  -72.21873    33.3167  1026.0299    25.9064     7.4724 0.0000e+00
     25.800     7.4701    33.1575  1026.0221     2.7531     6.7613     99.991    0.00028    6.76192    6.77006      8.079     0.5648   12.15926   3.403324 -9.990e-29    25.9031    25.9028 1.0000e-12     26.000          1      15956    1478.60 -9.990e-29  52405.510    664.788 1549534659      -0.52     -0.471   39.98798  -72.21874    33.3137  1026.0237    25.9047     7.4677 0.0000e+00
     24.799     7.4609    33.1535  1026.0156     2.7529     6.7606     99.973    0.00033    6.76245    6.77059      8.079     0.5065   12.16015   3.402115 -9.990e-29    25.9013    25.9009 1.0000e-12     25.000          1      16016    1478.54 -9.990e-29  52401.404    667.301 1549534662      -0.46     -0.542   39.98799  -72.21874    33.3098  1026.0174    25.9030     7.4586 0.0000e+00
     23.800     7.4577    33.1519  1026.0102     2.7515     6.7527     99.850   -0.00011    6.76286    6.77101 -9.990e-29     0.5604   12.16085   3.401657 -9.990e-29    25.9005    25.9002 1.0000e-12     24.000          1      16077    1478.51 -9.990e-29  52399.338    669.846 1549534664      -0.47     -0.705   39.98800  -72.21875    33.3085  1026.0122    25.9023     7.4555 0.0000e+00
     22.819     7.4525    33.1496  1026.0046     2.7516     6.7567     99.885    0.00033    6.76450    6.77267 -9.990e-29     0.5194   12.16361   3.400935 9.9999e+04    25.8994    25.8991 1.0000e-12     23.000          1      16168    1478.47 0.0000e+00  52396.712    673.617 1549534668      -0.15     -0.490   39.98801  -72.21876    33.3060  1026.0064    25.9011     7.4504 0.0000e+00
     21.829     7.4466    33.1469  1025.9987     2.7527     6.7543     99.838   -0.00006    6.76520    6.77337 -9.990e-29     0.5575   12.16478   3.400118 9.9999e+04    25.8980    25.8977 1.0000e-12     22.000          1      16234    1478.43 0.0000e+00  52393.627    676.363 1549534671       0.04     -0.366   39.98802  -72.21876    33.3033  1026.0005    25.8998     7.4446 0.0000e+00
     20.838     7.4414    33.1444  1025.9929     2.7523     6.7556     99.853    0.00023    6.76554    6.77372      8.078     0.5315   12.16536   3.399396 9.9999e+04    25.8968    25.8965 1.0000e-12     21.000          1      16314    1478.39 0.0000e+00  52390.729    679.726 1549534674      -0.06     -0.302   39.98804  -72.21878    33.3009  1025.9948    25.8987     7.4395 0.0000e+00
     19.850     7.4397    33.1433  1025.9877     2.7531     6.7597     99.904    0.00024    6.76622    6.77441      8.078     0.5944   12.16651   3.399128 -9.990e-29    25.8962    25.8959 1.0000e-12     20.000          1      16397    1478.36 -9.990e-29  52388.926    683.186 1549534678      -0.09     -0.223   39.98804  -72.21878    33.3001  1025.9898    25.8982     7.4379 0.0000e+00
     18.851     7.4390    33.1429  1025.9829     2.7522     6.7490     99.733   -0.00088    6.76707    6.77527      8.078     0.5530   12.16795   3.398964 -9.990e-29    25.8959    25.8957 1.0000e-12     19.000          1      16449    1478.34 -9.990e-29  52387.828    685.351 1549534680      -0.60     -0.558   39.98804  -72.21878    33.2994  1025.9848    25.8978     7.4373 0.0000e+00
     17.854     7.4340    33.1402  1025.9769     2.7537     6.7638     99.946    0.00052    6.76742    6.77562      8.078     0.5638   12.16855   3.398223 9.9999e+04    25.8945    25.8943 1.0000e-12     18.000          1      16513    1478.30 0.0000e+00  52384.700    688.000 1549534683      -0.18     -0.616   39.98805  -72.21879    33.2967  1025.9787    25.8963     7.4323 0.0000e+00
     16.866     7.4303    33.1373  1025.9706     2.7536     6.7599     99.885    0.00019    6.76768    6.77588      8.078     0.5376   12.16904   3.397604 9.5469e+04    25.8927    25.8925 1.0000e-12     17.000          1      16604    1478.27 8.9458e-02  52380.772    691.782 1549534686      -0.22     -0.447   39.98807  -72.21880    33.2940  1025.9726    25.8948     7.4287 0.0000e+00
     15.877     7.4291    33.1343  1025.9638     2.7546     6.7659     99.970    0.00062    6.76790    6.77611 -9.990e-29     0.5170   12.16944   3.397155 4.3669e+03    25.8906    25.8903 1.0000e-12     16.000          1      16661    1478.24 1.8885e+00  52376.170    694.158 1549534689      -0.65     -0.458   39.98808  -72.21882    33.2907  1025.9656    25.8924     7.4276 0.0000e+00
     14.875     7.4289    33.1291  1025.9550     2.7541     6.7634     99.933    0.00062    6.76794    6.77614      8.078     0.5476   12.16951   3.396641 5.5945e+04    25.8864    25.8862 1.0000e-12     15.000          1      16747    1478.22 8.6993e-01  52368.026    697.746 1549534692      -0.20     -0.546   39.98808  -72.21882    33.2858  1025.9572    25.8885     7.4275 0.0000e+00
     13.889     7.4286    33.1279  1025.9496     2.7537     6.7550     99.807   -0.00032    6.76799    6.77619      8.078     0.5750   12.16960   3.396470 8.8340e+04    25.8856    25.8854 1.0000e-12     14.000          1      16959    1478.20 2.3022e-01  52365.790    706.565 1549534701      -0.01     -0.371   39.98811  -72.21883    33.2848  1025.9518    25.8877     7.4272 0.0000e+00
     12.897     7.4272    33.1286  1025.9457     2.7558     6.7638     99.939    0.00019    6.76791    6.77611      8.078     0.5500   12.16951   3.396377 -9.990e-29    25.8862    25.8861 1.0000e-12     13.000          1      17779    1478.18 -9.990e-29  52366.345    740.735 1549534735       0.08     -0.539   39.98821  -72.21890    33.2855  1025.9480    25.8885     7.4260 0.0000e+00
     11.907     7.4298    33.1250  1025.9380     2.7552     6.7574     99.847   -0.00023    6.76781    6.77601      8.078     0.5371   12.16936   3.396236 -9.990e-29    25.8831    25.8829 1.0000e-12     12.000          1      17937    1478.17 -9.990e-29  52359.994    747.325 1549534742      -0.50     -0.256   39.98824  -72.21892    33.2819  1025.9402    25.8853     7.4287 0.0000e+00
     10.907     7.4301    33.1246  1025.9330     2.7559     6.7632     99.931    0.00037    6.76788    6.77608      8.078     0.6303   12.16948   3.396187 5.0640e-11    25.8827    25.8825 1.0000e-12     11.000          1      17990    1478.15 1.9747e+00  52358.608    749.542 1549534744      -0.48     -0.881   39.98824  -72.21892    33.2816  1025.9353    25.8850     7.4291 0.0000e+00
      9.919     7.4305    33.1242  1025.9280     2.7568     6.7648     99.954    0.00031    6.76796    6.77616      8.078     0.5525   12.16961   3.396130 5.9625e+04    25.8823    25.8822 1.0000e-12     10.000          1      18039    1478.14 7.9726e-01  52357.221    751.589 1549534746       0.16     -0.579   39.98824  -72.21892    33.2811  1025.9303    25.8846     7.4296 0.0000e+00
      8.931     7.4298    33.1239  1025.9234     2.7579     6.7684    100.006    0.00043    6.76800    6.77620      8.078     0.5056   12.16967   3.395995 2.5549e+04    25.8822    25.8821 1.0000e-12      9.000          1      18123    1478.12 1.4702e+00  52356.387    755.066 1549534750      -0.15     -0.265   39.98826  -72.21892    33.2808  1025.9256    25.8844     7.4289 0.0000e+00
      7.955     7.4293    33.1242  1025.9192     2.7573     6.7560     99.826   -0.00070    6.76779    6.77598 -9.990e-29     0.5086   12.16931   3.395937 2.2546e+04    25.8825    25.8824 1.0000e-12      8.000          1      18210    1478.10 1.5295e+00  52356.260    758.708 1549534753      -0.73     -0.258   39.98826  -72.21892    33.2811  1025.9213    25.8847     7.4286 0.0000e+00
      6.940     7.4304    33.1241  1025.9142     2.7575     6.7568     99.843   -0.00065    6.76746    6.77565 -9.990e-29     0.5116   12.16877   3.395999 5.3466e+03    25.8822    25.8821 1.0000e-12      7.000          1      18225    1478.09 1.8691e+00  52355.108    759.329 1549534754      -0.71     -0.923   39.98826  -72.21894    33.2812  1025.9167    25.8846     7.4297 0.0000e+00
      5.938     7.4331    33.1240  1025.9091     2.7558     6.7514     99.764   -0.00061    6.76739    6.77558 -9.990e-29     0.5322   12.16866   3.396179 5.0377e+04    25.8817    25.8817 1.0000e-12      6.000          1      18289    1478.08 9.7989e-01  52353.630    761.985 1549534757      -0.28     -0.707   39.98828  -72.21894    33.2811  1025.9116    25.8841     7.4325 0.0000e+00
      4.966     7.4335    33.1241  1025.9047     2.7568     6.7651     99.966    0.00113    6.76735    6.77554 -9.990e-29     0.5039   12.16860   3.396171 8.3557e+03    25.8818    25.8817 1.0000e-12      5.000          1      18411    1478.07 1.8097e+00  52353.017    767.091 1549534762      -0.62     -0.276   39.98830  -72.21894    33.2810  1025.9069    25.8840     7.4331 0.0000e+00
      3.967     7.4342    33.1239  1025.8998     2.7570     6.7603     99.897    0.00042    6.76730    6.77548      8.078     0.5457   12.16850   3.396180 -9.990e-29    25.8815    25.8815 1.0000e-12      4.000          1      18439    1478.06 -9.990e-29  52351.901    768.237 1549534763      -0.05     -0.774   39.98830  -72.21894    33.2810  1025.9021    25.8838     7.4339 0.0000e+00
      2.971     7.4343    33.1241  1025.8954     2.7583     6.7638     99.953    0.00045    6.76699    6.77517      8.078     0.5035   12.16801   3.396152 -9.990e-29    25.8816    25.8816 1.0000e-12      3.000          1      18816    1478.04 -9.990e-29  52351.491    783.950 1549534779       0.03     -0.521   39.98836  -72.21896    33.2811  1025.8977    25.8839     7.4340 0.0000e+00
      1.986     7.4362    33.1239  1025.8903     2.7585     6.7601     99.906    0.00017    6.76642    6.77459 -9.990e-29     0.4824   12.16705   3.396262 -9.990e-29    25.8812    25.8811 1.0000e-12      2.000          1      19571    1478.03 -9.990e-29  52349.943    815.398 1549534810      -0.22     -0.461   39.98848  -72.21900    33.2809  1025.8927    25.8835     7.4360 0.0000e+00
      0.995     7.4390    33.1236  1025.8851     2.7560     6.7806     99.440   -0.00304    6.81899    6.82662      8.078     0.5060   12.26946   3.396451 -9.990e-29    25.8805    25.8805 1.0000e-12      1.000          1      19615    1478.03 -9.990e-29  52348.129    817.233 1549534812      -0.09     -0.613   39.98848  -72.21900    33.2807  1025.8875    25.8829     7.4390 0.0000e+00
