CalculateIndicators/WaterTemperature/Data/CTD_NYOS/NY1902_06_3_6.cnv
* Sea-Bird SBE 9 Data File:
* FileName = C:\Seabird 9 CTD\Data\2019\201902_Offshore\NY1902_ctd_casts\NY1902_06_3_6.hex
* Software Version Seasave V 7.23.2
* Temperature SN = 4590
* Conductivity SN = 3228
* Number of Bytes Per Scan = 44
* Number of Voltage Words = 5
* Number of Scans Averaged by the Deck Unit = 1
* NMEA Latitude = 39 28.43 N
* NMEA Longitude = 072 01.48 W
* NMEA UTC (Time) = Feb 07 2019  04:12:53
* NMEA baud rate = 4800
** Ship: Seawolf
** Station: 3_6
** Operator: HBB
# nquan = 35
# nvalues = 1172                        
# units = specified
# name 0 = depSM: Depth [salt water, m]
# name 1 = t090C: Temperature [ITS-90, deg C]
# name 2 = sal00: Salinity, Practical [PSU]
# name 3 = density00: Density [density, kg/m^3]
# name 4 = sbeox0V: Oxygen raw, SBE 43 [V]
# name 5 = sbeox0ML/L: Oxygen, SBE 43 [ml/l]
# name 6 = sbeox0PS: Oxygen, SBE 43 [% saturation]
# name 7 = sbox0dV/dT: Oxygen, SBE 43 [dov/dt]
# name 8 = oxsolML/L: Oxygen Saturation, Garcia & Gordon [ml/l]
# name 9 = oxsatML/L: Oxygen Saturation, Weiss [ml/l]
# name 10 = ph: pH
# name 11 = flECO-AFL: Fluorescence, WET Labs ECO-AFL/FL [mg/m^3]
# name 12 = n2satML/L: Nitrogen Saturation [ml/l]
# name 13 = c0S/m: Conductivity [S/m]
# name 14 = cpar: CPAR/Corrected Irradiance [%]
# name 15 = sigma-é00: Density [sigma-theta, kg/m^3]
# name 16 = sigma-t00: Density [sigma-t, kg/m^3 ]
# name 17 = par: PAR/Irradiance, Biospherical/Licor
# name 18 = prDM: Pressure, Digiquartz [db]
# name 19 = pumps: Pump Status
# name 20 = scan: Scan Count
# name 21 = svCM: Sound Velocity [Chen-Millero, m/s]
# name 22 = spar: SPAR, Biospherical/Licor
# name 23 = specc: Specific Conductance [uS/cm]
# name 24 = timeS: Time, Elapsed [seconds]
# name 25 = timeY: Time, System [seconds]
# name 26 = accM: Acceleration [m/s^2]
# name 27 = dz/dtM: Descent Rate [m/s]
# name 28 = latitude: Latitude [deg]
# name 29 = longitude: Longitude [deg]
# name 30 = gsw_saA0: Absolute Salinity [g/kg]
# name 31 = gsw_densityA0: density, TEOS-10 [density, kg/m^3]
# name 32 = gsw_sigma0A0: density, TEOS-10 [sigma-0, kg/m^3 ]
# name 33 = gsw_ptA0: potential temperature [ITS-90, deg C]
# name 34 = flag: flag
# span 0 =      0.982,    581.733       
# span 1 =     5.8473,    13.3942       
# span 2 =    33.0221,    35.6590       
# span 3 =  1025.8428,  1030.3024       
# span 4 =     1.5566,     2.7837       
# span 5 =     3.0060,     7.5683       
# span 6 =     47.672,    101.138       
# span 7 =   -0.03120,    0.04002       
# span 8 =    5.85751,    7.49420       
# span 9 =    5.85519,    7.49547       
# span 10 =      7.904,      9.497      
# span 11 =    -0.0610,     0.9749      
# span 12 =   10.63526,   13.57959      
# span 13 =   3.363111,   4.208051      
# span 14 = -1.060e+04, 1.0601e+05      
# span 15 =    25.8383,    27.6183      
# span 16 =    25.8383,    27.6118      
# span 17 = 1.0000e-12, 1.0000e-12      
# span 18 =      1.000,    587.000      
# span 19 =          1,          1      
# span 20 =        266,      72099      
# span 21 =    1476.81,    1505.28      
# span 22 = -1.186e-01, 2.1839e+00      
# span 23 =  52278.590,  55976.016      
# span 24 =     11.057,   3004.090      
# span 25 = 1549512785, 1549515778      
# span 26 =      -1.13,       0.90      
# span 27 =     -1.643,      1.115      
# span 28 =   39.47396,   39.47855      
# span 29 =  -72.02945,  -72.02474      
# span 30 =    33.1785,    35.8281      
# span 31 =  1025.8450,  1030.3054      
# span 32 =    25.8404,    27.6214      
# span 33 =     5.7957,    13.3686      
# span 34 = 0.0000e+00, 0.0000e+00      
# interval = decibars: 1                
# start_time = Feb 07 2019 04:12:54 [System UTC, first data scan.]
# bad_flag = -9.990e-29
*END*
[from data line 1078]
     93.259    10.7893    34.5750  1026.9061     2.5804     5.7967     92.908    0.00016    6.23916    6.24108 -9.990e-29     0.1281   11.27862   3.845202 -9.990e-29    26.4844    26.4823 1.0000e-12     94.000          1      66394    1493.67 -9.990e-29  53725.214   2766.364 1549515541      -0.39     -0.964   39.47814  -72.02910    34.7326  1026.9050    26.4832    10.7779 0.0000e+00
     92.266    10.7419    34.5589  1026.8976     2.5804     5.8014     92.916    0.00035    6.24374    6.24571      8.127     0.1231   11.28638   3.839167 -9.990e-29    26.4802    26.4782 1.0000e-12     93.000          1      66429    1493.47 -9.990e-29  53710.742   2767.839 1549515542       0.30     -0.792   39.47814  -72.02911    34.7172  1026.8970    26.4797    10.7307 0.0000e+00
     91.284    10.6849    34.5382  1026.8873     2.5864     5.8382     93.469    0.00347    6.24617    6.24817      8.127     0.1330   11.29048   3.831714 -9.990e-29    26.4742    26.4723 1.0000e-12     92.000          1      66479    1493.22 -9.990e-29  53692.054   2769.919 1549515544      -0.44     -0.373   39.47814  -72.02912    34.6967  1026.8868    26.4738    10.6738 0.0000e+00
     90.286    10.6569    34.5272  1026.8792     2.5891     5.8406     93.488    0.00255    6.24738    6.24940      8.127     0.1586   11.29253   3.828121 -9.990e-29    26.4706    26.4687 1.0000e-12     91.000          1      66511    1493.09 -9.990e-29  53681.233   2771.229 1549515546       0.01     -0.759   39.47814  -72.02912    34.6874  1026.8801    26.4716    10.6460 0.0000e+00
     89.297    10.6491    34.5246  1026.8741     2.5920     5.8473     93.572    0.00219    6.24902    6.25105      8.127     0.1375   11.29529   3.827116 -9.990e-29    26.4699    26.4680 1.0000e-12     90.000          1      66544    1493.05 -9.990e-29  53678.417   2772.641 1549515547      -0.10     -0.663   39.47814  -72.02912    34.6851  1026.8752    26.4711    10.6384 0.0000e+00
     88.303    10.6417    34.5201  1026.8673     2.5935     5.8461     93.549    0.00139    6.24926    6.25130      8.127     0.1225   11.29569   3.825924 -9.990e-29    26.4677    26.4658 1.0000e-12     89.000          1      66575    1493.00 -9.990e-29  53672.853   2773.903 1549515548       0.02     -0.806   39.47814  -72.02912    34.6805  1026.8685    26.4688    10.6311 0.0000e+00
     87.321    10.6341    34.5170  1026.8619     2.5950     5.8474     93.577    0.00103    6.24875    6.25078      8.127     0.1197   11.29484   3.824884 -9.990e-29    26.4666    26.4648 1.0000e-12     88.000          1      66605    1492.95 -9.990e-29  53669.451   2775.166 1549515549      -0.07     -0.722   39.47814  -72.02912    34.6777  1026.8631    26.4680    10.6236 0.0000e+00
     86.310    10.6258    34.5135  1026.8560     2.5955     5.8516     93.620    0.00121    6.25036    6.25241      8.127     0.1094   11.29754   3.823732 -9.990e-29    26.4653    26.4635 1.0000e-12     87.000          1      66626    1492.90 -9.990e-29  53665.357   2776.045 1549515550      -0.33     -0.970   39.47814  -72.02912    34.6744  1026.8576    26.4669    10.6154 0.0000e+00
     85.327    10.6222    34.5125  1026.8514     2.5943     5.8434     93.411   -0.00005    6.25558    6.25770 -9.990e-29     0.1542   11.30631   3.823312 -9.990e-29    26.4651    26.4633 1.0000e-12     86.000          1      66682    1492.87 -9.990e-29  53664.015   2778.375 1549515553      -0.18     -0.528   39.47815  -72.02912    34.6740  1026.8534    26.4671    10.6120 0.0000e+00
     84.338    10.6040    34.5059  1026.8450     2.5966     5.8627     93.650    0.00152    6.26019    6.26235      8.127     0.1103   11.31405   3.820730 -9.990e-29    26.4632    26.4614 1.0000e-12     85.000          1      66725    1492.78 -9.990e-29  53657.671   2780.156 1549515554      -0.92     -0.665   39.47816  -72.02912    34.6657  1026.8456    26.4638    10.5939 0.0000e+00
     83.330    10.5877    34.5011  1026.8396     2.5970     5.8649     93.647    0.00141    6.26283    6.26503      8.127     0.1195   11.31848   3.818743 -9.990e-29    26.4623    26.4605 1.0000e-12     84.000          1      66744    1492.70 -9.990e-29  53653.324   2780.938 1549515555      -0.36     -1.191   39.47816  -72.02912    34.6615  1026.8408    26.4635    10.5777 0.0000e+00
     82.355    10.5725    34.4961  1026.8339     2.5979     5.8635     93.606    0.00067    6.26400    6.26621      8.127     0.1407   11.32044   3.816750 -9.990e-29    26.4610    26.4593 1.0000e-12     83.000          1      66773    1492.63 -9.990e-29  53648.606   2782.146 1549515556       0.43     -0.997   39.47816  -72.02912    34.6562  1026.8349    26.4620    10.5626 0.0000e+00
     81.365    10.5496    34.4885  1026.8276     2.6008     5.8800     93.845    0.00185    6.26562    6.26785      8.128     0.1205   11.32318   3.813611 -9.990e-29    26.4591    26.4574 1.0000e-12     82.000          1      66799    1492.52 -9.990e-29  53641.855   2783.262 1549515558      -0.17     -0.782   39.47816  -72.02912    34.6467  1026.8270    26.4586    10.5398 0.0000e+00
     80.359    10.5338    34.4836  1026.8220     2.6024     5.8880     93.963    0.00234    6.26625    6.26849      8.128     0.1378   11.32425   3.811816 -9.990e-29    26.4581    26.4564 1.0000e-12     81.000          1      66821    1492.44 -9.990e-29  53637.310   2784.175 1549515558      -0.18     -1.033   39.47816  -72.02912    34.6440  1026.8232    26.4592    10.5242 0.0000e+00
     79.372    10.5227    34.4786  1026.8156     2.6037     5.8828     93.886    0.00108    6.26589    6.26812 -9.990e-29     0.1532   11.32369   3.810272 -9.990e-29    26.4561    26.4545 1.0000e-12     80.000          1      66863    1492.38 -9.990e-29  53631.809   2785.905 1549515560       0.23     -0.701   39.47816  -72.02913    34.6393  1026.8171    26.4576    10.5132 0.0000e+00
     78.412    10.5208    34.4732  1026.8073     2.6039     5.8725     93.694   -0.00059    6.26774    6.26999 -9.990e-29     0.1338   11.32682   3.809707 -9.990e-29    26.4522    26.4505 1.0000e-12     79.000          1      66935    1492.35 -9.990e-29  53623.961   2788.928 1549515563      -0.69     -0.202   39.47818  -72.02914    34.6358  1026.8102    26.4552    10.5115 0.0000e+00
     77.399    10.5227    34.4712  1026.8008     2.6037     5.8694     93.649   -0.00096    6.26743    6.26968 -9.990e-29     0.1464   11.32630   3.809514 -9.990e-29    26.4503    26.4486 1.0000e-12     78.000          1      66948    1492.34 -9.990e-29  53620.125   2789.448 1549515564      -1.09     -0.849   39.47818  -72.02914    34.6325  1026.8027    26.4522    10.5135 0.0000e+00
     76.383    10.5141    34.4670  1026.7944     2.6044     5.8762     93.750   -0.00024    6.26795    6.27021 -9.990e-29     0.1690   11.32719   3.808054 -9.990e-29    26.4485    26.4469 1.0000e-12     77.000          1      66961    1492.28 -9.990e-29  53615.219   2790.002 1549515564      -0.86     -1.406   39.47818  -72.02914    34.6264  1026.7950    26.4490    10.5049 0.0000e+00
     75.392    10.5060    34.4652  1026.7900     2.6042     5.8794     93.764    0.00011    6.27046    6.27274 -9.990e-29     0.1624   11.33140   3.807303 -9.990e-29    26.4485    26.4469 1.0000e-12     76.000          1      66984    1492.24 -9.990e-29  53613.680   2790.977 1549515565       0.33     -1.382   39.47818  -72.02914    34.6269  1026.7924    26.4508    10.4970 0.0000e+00
     74.431    10.5042    34.4645  1026.7854     2.6074     5.8990     94.056    0.00176    6.27178    6.27408 -9.990e-29     0.1082   11.33361   3.806951 -9.990e-29    26.4482    26.4466 1.0000e-12     75.000          1      67034    1492.21 -9.990e-29  53612.406   2793.025 1549515567       0.00     -0.245   39.47818  -72.02914    34.6255  1026.7871    26.4500    10.4953 0.0000e+00
     73.417    10.4840    34.4567  1026.7782     2.6063     5.8878     93.847    0.00027    6.27381    6.27613 -9.990e-29     0.1305   11.33706   3.804229 -9.990e-29    26.4456    26.4441 1.0000e-12     74.000          1      67064    1492.12 -9.990e-29  53604.607   2794.298 1549515569      -0.07     -0.673   39.47818  -72.02915    34.6176  1026.7800    26.4473    10.4752 0.0000e+00
     72.466    10.4691    34.4521  1026.7730     2.6083     5.9010     93.999    0.00128    6.27778    6.28014 -9.990e-29     0.1400   11.34377   3.802434 -9.990e-29    26.4447    26.4432 1.0000e-12     73.000          1      67127    1492.04 -9.990e-29  53600.647   2796.928 1549515571      -0.35     -0.085   39.47818  -72.02916    34.6140  1026.7753    26.4471    10.4605 0.0000e+00
     71.450    10.4646    34.4498  1026.7673     2.6099     5.9069     94.103    0.00160    6.27709    6.27945 -9.990e-29     0.1203   11.34262   3.801685 -9.990e-29    26.4436    26.4421 1.0000e-12     72.000          1      67138    1492.01 -9.990e-29  53597.527   2797.394 1549515572      -1.13     -0.741   39.47818  -72.02916    34.6111  1026.7693    26.4456    10.4561 0.0000e+00
     70.433    10.4600    34.4468  1026.7612     2.6100     5.9085     94.128    0.00183    6.27715    6.27950 -9.990e-29     0.1635   11.34273   3.800666 -9.990e-29    26.4421    26.4406 1.0000e-12     71.000          1      67151    1491.97 -9.990e-29  53593.707   2797.927 1549515572      -1.01     -1.347   39.47818  -72.02916    34.6056  1026.7614    26.4421    10.4516 0.0000e+00
     69.432    10.4439    34.4359  1026.7510     2.6100     5.9076     94.026    0.00079    6.28290    6.28531 -9.990e-29     0.1758   11.35258   3.798093 -9.990e-29    26.4364    26.4349 1.0000e-12     70.000          1      67169    1491.88 -9.990e-29  53580.780   2798.661 1549515573       0.02     -1.643   39.47818  -72.02916    34.5952  1026.7516    26.4369    10.4356 0.0000e+00
     68.459    10.4354    34.4286  1026.7424     2.6105     5.9087     93.990    0.00031    6.28645    6.28889      8.127     0.1364   11.35870   3.796573 -9.990e-29    26.4321    26.4307 1.0000e-12     69.000          1      67213    1491.83 -9.990e-29  53571.605   2800.509 1549515575       0.39     -0.710   39.47820  -72.02916    34.5884  1026.7433    26.4330    10.4272 0.0000e+00
     67.494    10.3831    34.3778  1026.7076     2.6172     5.9688     94.511    0.00298    6.31554    6.31829      8.127     0.1548   11.40798   3.786735 -9.990e-29    26.4016    26.4002 1.0000e-12     68.000          1      67297    1491.56 -9.990e-29  53510.006   2803.994 1549515578      -0.33     -0.080   39.47820  -72.02916    34.5385  1026.7093    26.4034    10.3751 0.0000e+00
     66.481    10.3898    34.3780  1026.7019     2.6154     5.9642     94.128   -0.00004    6.33624    6.33925      8.127     0.1446   11.44269   3.787179 -9.990e-29    26.4006    26.3992 1.0000e-12     67.000          1      67310    1491.57 -9.990e-29  53508.551   2804.533 1549515579      -0.80     -0.769   39.47820  -72.02916    34.5371  1026.7025    26.4011    10.3820 0.0000e+00
     65.481    10.3699    34.3611  1026.6877     2.6142     5.9499     93.956   -0.00115    6.33266    6.33562      8.125     0.1439   11.43676   3.782951 -9.990e-29    26.3908    26.3895 1.0000e-12     66.000          1      67328    1491.46 -9.990e-29  53488.313   2805.298 1549515580      -0.33     -1.218   39.47820  -72.02916    34.5135  1026.6831    26.3862    10.3622 0.0000e+00
     64.495    10.2693    34.3092  1026.6603     2.6181     5.9588     94.297    0.00058    6.31912    6.32192      8.124     0.1913   11.41400   3.768103 -9.990e-29    26.3677    26.3664 1.0000e-12     65.000          1      67350    1491.02 -9.990e-29  53433.972   2806.192 1549515580       0.18     -1.236   39.47820  -72.02916    34.4584  1026.6533    26.3608    10.2618 0.0000e+00
     63.500    10.1219    34.2579  1026.6412     2.6259     6.0468     95.251    0.00659    6.34828    6.35140      8.125     0.1753   11.46334   3.747963 -9.990e-29    26.3529    26.3516 1.0000e-12     64.000          1      67372    1490.42 -9.990e-29  53389.766   2807.117 1549515581       0.07     -1.095   39.47820  -72.02916    34.3933  1026.6237    26.3354    10.1146 0.0000e+00
     62.501    10.1095    34.2516  1026.6339     2.6220     6.0386     94.512    0.00097    6.38934    6.39296      8.126     0.2030   11.53230   3.748499 -9.990e-29    26.3501    26.3488 1.0000e-12     63.000          1      67403    1490.35 -9.990e-29  53384.223   2808.407 1549515583       0.21     -0.924   39.47820  -72.02918    34.4110  1026.6350    26.3512    10.1022 0.0000e+00
     61.538     9.6553    34.0551  1026.5532     2.6340     6.1562     95.461    0.00526    6.44895    6.45328      8.122     0.3174   11.63266   3.684995 -9.990e-29    26.2731    26.2720 1.0000e-12     62.000          1      67494    1488.46 -9.990e-29  53198.204   2812.224 1549515587      -0.62     -0.113   39.47822  -72.02918    34.1912  1026.5367    26.2567     9.6484 0.0000e+00
     60.523     9.5788    34.0217  1026.5351     2.6365     6.1712     95.473    0.00429    6.46382    6.46833      8.123     0.2110   11.65766   3.673996 -9.990e-29    26.2595    26.2584 1.0000e-12     61.000          1      67509    1488.12 -9.990e-29  53166.990   2812.821 1549515587      -0.71     -0.845   39.47822  -72.02918    34.1504  1026.5130    26.2374     9.5721 0.0000e+00
     59.525     9.4836    33.9852  1026.5178     2.6392     6.1866     95.500    0.00345    6.47813    6.48282      8.124     0.2098   11.68168   3.662726 -9.990e-29    26.2466    26.2455 1.0000e-12     60.000          1      67532    1487.71 -9.990e-29  53135.030   2813.775 1549515588       0.02     -1.143   39.47822  -72.02918    34.1249  1026.5043    26.2331     9.4770 0.0000e+00
     58.554     9.3534    33.9327  1026.4937     2.6435     6.2002     95.612    0.00277    6.48479    6.48956      8.124     0.2488   11.69286   3.644506 -9.990e-29    26.2267    26.2256 1.0000e-12     59.000          1      67564    1487.16 -9.990e-29  53087.943   2815.133 1549515589       0.27     -0.759   39.47822  -72.02918    34.0601  1026.4707    26.2038     9.3470 0.0000e+00
     57.555     9.2302    33.8884  1026.4746     2.6484     6.2384     96.010    0.00450    6.49767    6.50259      8.124     0.2764   11.71456   3.629646 -9.990e-29    26.2120    26.2110 1.0000e-12     58.000          1      67586    1486.63 -9.990e-29  53050.776   2816.043 1549515590      -0.39     -0.851   39.47822  -72.02918    34.0232  1026.4575    26.1949     9.2239 0.0000e+00
     56.546     9.1580    33.8662  1026.4642     2.6499     6.2474     96.032    0.00404    6.50559    6.51061      8.124     0.2828   11.72778   3.620932 -9.990e-29    26.2061    26.2051 1.0000e-12     57.000          1      67605    1486.33 -9.990e-29  53034.951   2816.854 1549515591      -0.24     -1.165   39.47822  -72.02918    34.0016  1026.4477    26.1896     9.1519 0.0000e+00
     55.561     9.0669    33.8306  1026.4465     2.6547     6.2564     96.101    0.00272    6.51024    6.51532      8.124     0.3529   11.73564   3.609564 -9.990e-29    26.1928    26.1918 1.0000e-12     56.000          1      67651    1485.93 -9.990e-29  53003.744   2818.753 1549515593       0.24     -0.664   39.47822  -72.02920    33.9701  1026.4332    26.1795     9.0609 0.0000e+00
     54.594     8.9483    33.7861  1026.4262     2.6621     6.2825     96.256    0.00141    6.52691    6.53219      8.125     0.2892   11.76364   3.595307 -9.990e-29    26.1767    26.1758 1.0000e-12     55.000          1      67735    1485.42 -9.990e-29  52966.226   2822.259 1549515597      -0.34     -0.134   39.47824  -72.02920    33.9344  1026.4198    26.1704     8.9425 0.0000e+00
     53.586     8.9526    33.7845  1026.4196     2.6619     6.2874     96.277    0.00171    6.53054    6.53587      8.125     0.2333   11.76970   3.595353 -9.990e-29    26.1747    26.1739 1.0000e-12     54.000          1      67750    1485.42 -9.990e-29  52962.358   2822.867 1549515597      -0.71     -0.760   39.47823  -72.02920    33.9311  1026.4120    26.1672     8.9469 0.0000e+00
