CalculateIndicators/WaterTemperature/Data/CTD_NYOS/NY1902_10_4_3_5.cnv
* Sea-Bird SBE 9 Data File:
* FileName = C:\Seabird 9 CTD\Data\2019\201902_Offshore\NY1902_ctd_casts\NY1902_10_4_3_5.hex
* Software Version Seasave V 7.23.2
* Temperature SN = 4590
* Conductivity SN = 3228
* Number of Bytes Per Scan = 44
* Number of Voltage Words = 5
* Number of Scans Averaged by the Deck Unit = 1
* NMEA Latitude = 40 06.11 N
* NMEA Longitude = 072 36.00 W
* NMEA UTC (Time) = Feb 11 2019  02:56:46
* NMEA baud rate = 4800
** Ship: Seawolf
** Station: 4.3.5
** Operator: HBB
# nquan = 35
# nvalues = 103                         
# units = specified
# name 0 = depSM: Depth [salt water, m]
# name 1 = t090C: Temperature [ITS-90, deg C]
# name 2 = sal00: Salinity, Practical [PSU]
# name 3 = density00: Density [density, kg/m^3]
# name 4 = sbeox0V: Oxygen raw, SBE 43 [V]
# name 5 = sbeox0ML/L: Oxygen, SBE 43 [ml/l]
# name 6 = sbeox0PS: Oxygen, SBE 43 [% saturation]
# name 7 = sbox0dV/dT: Oxygen, SBE 43 [dov/dt]
# name 8 = oxsolML/L: Oxygen Saturation, Garcia & Gordon [ml/l]
# name 9 = oxsatML/L: Oxygen Saturation, Weiss [ml/l]
# name 10 = ph: pH
# name 11 = flECO-AFL: Fluorescence, WET Labs ECO-AFL/FL [mg/m^3]
# name 12 = n2satML/L: Nitrogen Saturation [ml/l]
# name 13 = c0S/m: Conductivity [S/m]
# name 14 = cpar: CPAR/Corrected Irradiance [%]
# name 15 = sigma-é00: Density [sigma-theta, kg/m^3]
# name 16 = sigma-t00: Density [sigma-t, kg/m^3 ]
# name 17 = par: PAR/Irradiance, Biospherical/Licor
# name 18 = prDM: Pressure, Digiquartz [db]
# name 19 = pumps: Pump Status
# name 20 = scan: Scan Count
# name 21 = svCM: Sound Velocity [Chen-Millero, m/s]
# name 22 = spar: SPAR, Biospherical/Licor
# name 23 = specc: Specific Conductance [uS/cm]
# name 24 = timeS: Time, Elapsed [seconds]
# name 25 = timeY: Time, System [seconds]
# name 26 = accM: Acceleration [m/s^2]
# name 27 = dz/dtM: Descent Rate [m/s]
# name 28 = latitude: Latitude [deg]
# name 29 = longitude: Longitude [deg]
# name 30 = gsw_saA0: Absolute Salinity [g/kg]
# name 31 = gsw_densityA0: density, TEOS-10 [density, kg/m^3]
# name 32 = gsw_sigma0A0: density, TEOS-10 [sigma-0, kg/m^3 ]
# name 33 = gsw_ptA0: potential temperature [ITS-90, deg C]
# name 34 = flag: flag
# span 0 =      1.976,     52.591       
# span 1 =     6.9353,     7.3045       
# span 2 =    33.1769,    33.2672       
# span 3 =  1026.0022,  1026.2554       
# span 4 =     2.7122,     2.7307       
# span 5 =     6.6719,     6.7637       
# span 6 =     98.207,     98.915       
# span 7 =   -0.00263,    0.00145       
# span 8 =    6.78112,    6.84268       
# span 9 =    6.78968,    6.85209       
# span 10 =      8.242,      8.334      
# span 11 =     0.2539,     0.3933      
# span 12 =   12.18958,   12.29237      
# span 13 =   3.357490,   3.399947      
# span 14 = -8.448e+03, 1.0754e+05      
# span 15 =    25.9911,    26.0130      
# span 16 =    25.9908,    26.0123      
# span 17 = 1.0000e-12, 1.0000e-12      
# span 18 =      2.000,     53.000      
# span 19 =          1,          1      
# span 20 =        158,      12297      
# span 21 =    1476.19,    1478.53      
# span 22 = -1.490e-01, 2.1415e+00      
# span 23 =  52558.548,  52622.328      
# span 24 =      6.552,    512.350      
# span 25 = 1549853812, 1549854318      
# span 26 =      -0.27,       0.54      
# span 27 =     -0.764,      0.729      
# span 28 =   40.10184,   40.10206      
# span 29 =  -72.60010,  -72.59869      
# span 30 =    33.3339,    33.4251      
# span 31 =  1026.0044,  1026.2578      
# span 32 =    25.9929,    26.0154      
# span 33 =     6.9340,     7.3004      
# span 34 = 0.0000e+00, 0.0000e+00      
# interval = decibars: 1                
# start_time = Feb 11 2019 02:56:45 [System UTC, first data scan.]
# bad_flag = -9.990e-29
*END*
[from data line 83]
     20.837     6.9785    33.1849  1026.0886     2.7257     6.7508     98.755    0.00047    6.83590    6.84522      8.328     0.2869   12.28109   3.362276 1.6667e+04    25.9922    25.9920 1.0000e-12     21.000          1       9003    1476.65 1.6456e+00  52568.925    375.075 1549854180      -0.02     -0.400   40.10206  -72.59906    33.3416  1026.0902    25.9939     6.9766 0.0000e+00
     19.844     6.9623    33.1821  1026.0839     2.7256     6.7467     98.646   -0.00016    6.83935    6.84872      8.324     0.2858   12.28683   3.360611 8.3746e+04    25.9922    25.9920 1.0000e-12     20.000          1       9517    1476.56 3.2096e-01  52568.549    396.482 1549854202       0.01     -0.284   40.10205  -72.59901    33.3394  1026.0861    25.9944     6.9606 0.0000e+00
     18.856     6.9413    33.1784  1026.0793     2.7236     6.7451     98.580   -0.00012    6.84231    6.85171      8.318     0.2686   12.29175   3.358345 -9.990e-29    25.9921    25.9919 1.0000e-12     19.000          1      10264    1476.46 -9.990e-29  52568.270    427.618 1549854233      -0.17     -0.337   40.10204  -72.59894    33.3354  1026.0812    25.9940     6.9396 0.0000e+00
     17.861     6.9388    33.1783  1026.0749     2.7251     6.7539     98.707    0.00062    6.84241    6.85182      8.320     0.2884   12.29192   3.358074 -9.990e-29    25.9923    25.9921 1.0000e-12     18.000          1      10281    1476.44 -9.990e-29  52568.002    428.319 1549854234       0.08     -0.439   40.10204  -72.59894    33.3353  1026.0769    25.9943     6.9372 0.0000e+00
     16.870     6.9381    33.1779  1026.0701     2.7273     6.7637     98.845    0.00106    6.84267    6.85208      8.321     0.3933   12.29235   3.357941 -9.990e-29    25.9921    25.9919 1.0000e-12     17.000          1      10334    1476.42 -9.990e-29  52566.979    430.536 1549854236      -0.18     -0.460   40.10204  -72.59894    33.3350  1026.0721    25.9941     6.9366 0.0000e+00
     15.877     6.9356    33.1769  1026.0651     2.7277     6.7571     98.749    0.00017    6.84268    6.85209      8.325     0.2574   12.29237   3.357576 5.0640e-11    25.9917    25.9915 1.0000e-12     16.000          1      10384    1476.39 1.9747e+00  52565.550    432.638 1549854238       0.11     -0.465   40.10204  -72.59892    33.3339  1026.0670    25.9936     6.9342 0.0000e+00
     14.882     6.9356    33.1770  1026.0606     2.7267     6.7477     98.613   -0.00051    6.84266    6.85207      8.322     0.3001   12.29235   3.357552 1.1160e+04    25.9918    25.9916 1.0000e-12     15.000          1      10437    1476.37 1.7543e+00  52565.044    434.837 1549854240      -0.06     -0.486   40.10204  -72.59892    33.3341  1026.0625    25.9937     6.9343 0.0000e+00
     13.895     6.9353    33.1771  1026.0560     2.7269     6.7530     98.689    0.00022    6.84265    6.85206      8.323     0.2943   12.29231   3.357490 1.0019e+05    25.9918    25.9916 1.0000e-12     14.000          1      10495    1476.35 -3.767e-03  52564.454    437.259 1549854243       0.00     -0.388   40.10204  -72.59892    33.3342  1026.0581    25.9938     6.9340 0.0000e+00
     12.898     6.9355    33.1773  1026.0516     2.7277     6.7580     98.764    0.00052    6.84251    6.85192      8.323     0.2908   12.29209   3.357490 5.3123e+04    25.9919    25.9918 1.0000e-12     13.000          1      10541    1476.34 9.2567e-01  52564.022    439.183 1549854245       0.01     -0.521   40.10204  -72.59890    33.3345  1026.0536    25.9940     6.9344 0.0000e+00
     11.909     6.9360    33.1773  1026.0469     2.7289     6.7520     98.692   -0.00001    6.84153    6.85092      8.320     0.2611   12.29045   3.357499 1.4739e+04    25.9918    25.9917 1.0000e-12     12.000          1      10605    1476.32 1.6836e+00  52563.156    441.816 1549854247       0.04     -0.356   40.10204  -72.59890    33.3346  1026.0490    25.9940     6.9350 0.0000e+00
     10.915     6.9381    33.1779  1026.0425     2.7292     6.7573     98.789    0.00055    6.84012    6.84949      8.323     0.2757   12.28812   3.357697 -9.990e-29    25.9920    25.9919 1.0000e-12     11.000          1      10658    1476.32 -9.990e-29  52562.776    444.053 1549854249      -0.16     -0.466   40.10204  -72.59890    33.3352  1026.0447    25.9942     6.9372 0.0000e+00
      9.924     6.9500    33.1789  1026.0371     2.7280     6.7443     98.600   -0.00060    6.84006    6.84944      8.325     0.2662   12.28801   3.358845 9.9999e+04    25.9913    25.9911 1.0000e-12     10.000          1      10714    1476.35 0.0000e+00  52560.426    446.371 1549854252       0.10     -0.417   40.10204  -72.59889    33.3368  1026.0398    25.9939     6.9491 0.0000e+00
      8.925     6.9460    33.1798  1026.0338     2.7278     6.7505     98.677    0.00018    6.84103    6.85042      8.325     0.2733   12.28962   3.358482 7.7322e+04    25.9925    25.9924 1.0000e-12      9.000          1      11207    1476.32 4.4781e-01  52562.086    466.902 1549854272      -0.14     -0.347   40.10205  -72.59883    33.3372  1026.0360    25.9947     6.9452 0.0000e+00
      7.942     6.9368    33.1803  1026.0308     2.7297     6.7614     98.816    0.00088    6.84239    6.85180 -9.990e-29     0.2653   12.29187   3.357643 -8.448e+03    25.9941    25.9940 1.0000e-12      8.000          1      11952    1476.27 2.1415e+00  52564.524    497.973 1549854303      -0.05     -0.278   40.10206  -72.59875    33.3374  1026.0327    25.9960     6.9361 0.0000e+00
      6.947     6.9372    33.1800  1026.0259     2.7307     6.7597     98.792    0.00038    6.84238    6.85180      8.329     0.2786   12.29185   3.357609 5.0640e-11    25.9938    25.9937 1.0000e-12      7.000          1      11952    1476.25 1.9747e+00  52563.255    497.950 1549854303       0.05     -0.362   40.10206  -72.59875    33.3371  1026.0279    25.9958     6.9366 0.0000e+00
      5.952     6.9365    33.1800  1026.0214     2.7299     6.7505     98.663   -0.00033    6.84192    6.85132      8.329     0.3101   12.29109   3.357501 5.0640e-11    25.9939    25.9938 1.0000e-12      6.000          1      12012    1476.23 1.9747e+00  52562.768    500.469 1549854306       0.02     -0.419   40.10206  -72.59874    33.3371  1026.0234    25.9958     6.9359 0.0000e+00
      4.966     6.9395    33.1792  1026.0158     2.7294     6.7499     98.662   -0.00005    6.84145    6.85085 -9.990e-29     0.2682   12.29030   3.357677 -9.990e-29    25.9928    25.9928 1.0000e-12      5.000          1      12080    1476.23 -9.990e-29  52560.190    503.271 1549854309      -0.13     -0.327   40.10206  -72.59874    33.3366  1026.0180    25.9950     6.9390 0.0000e+00
      3.970     6.9413    33.1799  1026.0114     2.7293     6.7490     98.649    0.00002    6.84146    6.85086      8.329     0.2832   12.29033   3.357846 4.3334e+04    25.9931    25.9930 1.0000e-12      4.000          1      12143    1476.22 1.1190e+00  52559.924    505.931 1549854311      -0.04     -0.319   40.10206  -72.59873    33.3371  1026.0136    25.9952     6.9410 0.0000e+00
      2.975     6.9422    33.1799  1026.0068     2.7291     6.7457     98.602   -0.00030    6.84142    6.85082      8.329     0.2940   12.29026   3.357883 5.4574e+03    25.9930    25.9930 1.0000e-12      3.000          1      12210    1476.20 1.8669e+00  52559.067    508.701 1549854314       0.02     -0.371   40.10206  -72.59872    33.3372  1026.0089    25.9951     6.9419 0.0000e+00
      1.976     6.9424    33.1801  1026.0022     2.7287     6.7481     98.637    0.00018    6.84142    6.85081      8.329     0.3335   12.29025   3.357876 8.8812e+04    25.9931    25.9931 1.0000e-12      2.000          1      12297    1476.19 2.2090e-01  52558.548    512.350 1549854318      -0.11     -0.221   40.10206  -72.59869    33.3374  1026.0044    25.9952     6.9423 0.0000e+00
