CalculateIndicators/WaterTemperature/Data/CTD_NYOS/NY1902_07_2_4.cnv
* Sea-Bird SBE 9 Data File:
* FileName = C:\Seabird 9 CTD\Data\2019\201902_Offshore\NY1902_ctd_casts\NY1902_07_2_4.hex
* Software Version Seasave V 7.23.2
* Temperature SN = 4590
* Conductivity SN = 3228
* Number of Bytes Per Scan = 44
* Number of Voltage Words = 5
* Number of Scans Averaged by the Deck Unit = 1
* NMEA Latitude = 40 09.92 N
* NMEA Longitude = 071 56.22 W
* NMEA UTC (Time) = Feb 07 2019  16:44:25
* NMEA baud rate = 4800
** Ship: Seawolf
** Station: 2_4
** Operator: AJB
# nquan = 35
# nvalues = 136                         
# units = specified
# name 0 = depSM: Depth [salt water, m]
# name 1 = t090C: Temperature [ITS-90, deg C]
# name 2 = sal00: Salinity, Practical [PSU]
# name 3 = density00: Density [density, kg/m^3]
# name 4 = sbeox0V: Oxygen raw, SBE 43 [V]
# name 5 = sbeox0ML/L: Oxygen, SBE 43 [ml/l]
# name 6 = sbeox0PS: Oxygen, SBE 43 [% saturation]
# name 7 = sbox0dV/dT: Oxygen, SBE 43 [dov/dt]
# name 8 = oxsolML/L: Oxygen Saturation, Garcia & Gordon [ml/l]
# name 9 = oxsatML/L: Oxygen Saturation, Weiss [ml/l]
# name 10 = ph: pH
# name 11 = flECO-AFL: Fluorescence, WET Labs ECO-AFL/FL [mg/m^3]
# name 12 = n2satML/L: Nitrogen Saturation [ml/l]
# name 13 = c0S/m: Conductivity [S/m]
# name 14 = cpar: CPAR/Corrected Irradiance [%]
# name 15 = sigma-é00: Density [sigma-theta, kg/m^3]
# name 16 = sigma-t00: Density [sigma-t, kg/m^3 ]
# name 17 = par: PAR/Irradiance, Biospherical/Licor
# name 18 = prDM: Pressure, Digiquartz [db]
# name 19 = pumps: Pump Status
# name 20 = scan: Scan Count
# name 21 = svCM: Sound Velocity [Chen-Millero, m/s]
# name 22 = spar: SPAR, Biospherical/Licor
# name 23 = specc: Specific Conductance [uS/cm]
# name 24 = timeS: Time, Elapsed [seconds]
# name 25 = timeY: Time, System [seconds]
# name 26 = accM: Acceleration [m/s^2]
# name 27 = dz/dtM: Descent Rate [m/s]
# name 28 = latitude: Latitude [deg]
# name 29 = longitude: Longitude [deg]
# name 30 = gsw_saA0: Absolute Salinity [g/kg]
# name 31 = gsw_densityA0: density, TEOS-10 [density, kg/m^3]
# name 32 = gsw_sigma0A0: density, TEOS-10 [sigma-0, kg/m^3 ]
# name 33 = gsw_ptA0: potential temperature [ITS-90, deg C]
# name 34 = flag: flag
# span 0 =      1.981,     69.478       
# span 1 =     7.3554,     7.8362       
# span 2 =    33.0519,    33.2696       
# span 3 =  1025.8460,  1026.2594       
# span 4 =     2.6497,     2.7731       
# span 5 =     6.4140,     6.8267       
# span 6 =     95.673,    100.682       
# span 7 =   -0.00516,    0.01800       
# span 8 =    6.70365,    6.78254       
# span 9 =    6.71103,    6.79088       
# span 10 =      8.100,      8.140      
# span 11 =     0.2706,     1.1439      
# span 12 =   12.06165,   12.19453      
# span 13 =   3.382635,   3.448307      
# span 14 = 1.0877e-13, 1.7157e-13      
# span 15 =    25.8357,    25.9398      
# span 16 =    25.8357,    25.9388      
# span 17 = 1.0000e-12, 1.0000e-12      
# span 18 =      2.000,     70.000      
# span 19 =          1,          1      
# span 20 =        437,      18107      
# span 21 =    1477.65,    1480.86      
# span 22 = 5.8285e+02, 9.1941e+02      
# span 23 =  52268.377,  52503.587      
# span 24 =     18.169,    754.396      
# span 25 = 1549557884, 1549558621      
# span 26 =      -1.12,       0.61      
# span 27 =     -1.362,      0.898      
# span 28 =   40.16176,   40.16531      
# span 29 =  -71.93802,  -71.93712      
# span 30 =    33.2086,    33.4284      
# span 31 =  1025.8482,  1026.2625      
# span 32 =    25.8379,    25.9431      
# span 33 =     7.3549,     7.8295      
# span 34 = 0.0000e+00, 0.0000e+00      
# interval = decibars: 1                
# start_time = Feb 07 2019 16:44:26 [System UTC, first data scan.]
# bad_flag = -9.990e-29
*END*
[from data line 83]
     53.557     7.7176    33.2422  1026.1816     2.6648     6.4852     96.539    0.00182    6.71772    6.72529      8.104     0.4242   12.08513   3.434333 1.0877e-13    25.9350    25.9343 1.0000e-12     54.000          1      10916    1480.11 9.1941e+02  52482.922    454.812 1549558321      -0.07     -0.775   40.16323  -71.93772    33.3989  1026.1834    25.9368     7.7124 0.0000e+00
     52.586     7.7067    33.2393  1026.1765     2.6635     6.4740     96.305    0.00067    6.72238    6.73001 -9.990e-29     0.4775   12.09293   3.433078 1.1150e-13    25.9344    25.9337 1.0000e-12     53.000          1      11133    1480.05 8.9689e+02  52481.048    463.844 1549558330      -0.71     -0.410   40.16319  -71.93772    33.3963  1026.1784    25.9363     7.7016 0.0000e+00
     51.593     7.7012    33.2379  1026.1716     2.6625     6.4628     96.133   -0.00046    6.72273    6.73037 -9.990e-29     0.4360   12.09351   3.432417 1.1171e-13    25.9340    25.9333 1.0000e-12     52.000          1      11164    1480.01 8.9519e+02  52479.689    465.120 1549558331      -0.01     -0.835   40.16318  -71.93772    33.3949  1026.1735    25.9360     7.6962 0.0000e+00
     50.598     7.6952    33.2360  1026.1663     2.6630     6.4690     96.219    0.00015    6.72324    6.73088 -9.990e-29     0.4474   12.09436   3.431646 1.1265e-13    25.9333    25.9326 1.0000e-12     51.000          1      11212    1479.97 8.8772e+02  52477.717    467.142 1549558333      -0.01     -0.553   40.16318  -71.93772    33.3928  1026.1682    25.9352     7.6903 0.0000e+00
     49.614     7.6894    33.2342  1026.1612     2.6662     6.4856     96.449    0.00108    6.72439    6.73205 -9.990e-29     0.4362   12.09629   3.430958 1.1435e-13    25.9328    25.9321 1.0000e-12     50.000          1      11290    1479.92 8.7450e+02  52476.008    470.359 1549558337      -0.52     -0.431   40.16316  -71.93774    33.3914  1026.1633    25.9349     7.6846 0.0000e+00
     48.609     7.6872    33.2335  1026.1563     2.6676     6.4897     96.512    0.00107    6.72419    6.73184      8.105     0.5485   12.09595   3.430644 1.1444e-13    25.9325    25.9318 1.0000e-12     49.000          1      11322    1479.90 8.7384e+02  52474.806    471.724 1549558338      -0.03     -0.740   40.16316  -71.93774    33.3905  1026.1584    25.9345     7.6826 0.0000e+00
     47.625     7.6768    33.2306  1026.1510     2.6745     6.5250     97.002    0.00285    6.72671    6.73439      8.107     0.3179   12.10020   3.429314 1.1617e-13    25.9317    25.9311 1.0000e-12     48.000          1      11428    1479.84 8.6080e+02  52472.668    476.143 1549558342      -0.81     -0.486   40.16314  -71.93774    33.3866  1026.1522    25.9330     7.6722 0.0000e+00
     46.625     7.6687    33.2261  1026.1440     2.6790     6.5358     97.156    0.00253    6.72709    6.73477 -9.990e-29     0.4021   12.10086   3.428211 1.1692e-13    25.9293    25.9287 1.0000e-12     47.000          1      11493    1479.79 8.5533e+02  52467.608    478.835 1549558345      -0.25     -0.654   40.16312  -71.93774    33.3830  1026.1459    25.9312     7.6642 0.0000e+00
     45.638     7.6653    33.2230  1026.1376     2.6860     6.5608     97.522    0.00306    6.72748    6.73517 -9.990e-29     0.4795   12.10154   3.427597 1.1849e-13    25.9274    25.9268 1.0000e-12     46.000          1      11569    1479.75 8.4393e+02  52463.422    482.012 1549558348      -0.16     -0.618   40.16311  -71.93774    33.3801  1026.1396    25.9294     7.6609 0.0000e+00
     44.646     7.6669    33.2205  1026.1307     2.6930     6.5677     97.638    0.00146    6.72657    6.73425      8.111     0.3887   12.10005   3.427500 1.1953e-13    25.9251    25.9245 1.0000e-12     45.000          1      11682    1479.74 8.3662e+02  52458.651    486.696 1549558353      -0.02     -0.392   40.16308  -71.93776    33.3779  1026.1331    25.9275     7.6626 0.0000e+00
     43.667     7.6729    33.2199  1026.1249     2.6977     6.5817     97.849    0.00155    6.72639    6.73407      8.113     0.3904   12.09976   3.427991 1.2013e-13    25.9238    25.9232 1.0000e-12     44.000          1      11764    1479.74 8.3242e+02  52455.722    490.106 1549558356      -0.33     -0.298   40.16307  -71.93776    33.3779  1026.1277    25.9266     7.6688 0.0000e+00
     42.652     7.6737    33.2195  1026.1198     2.6997     6.5866     97.914    0.00132    6.72694    6.73462      8.114     0.4711   12.10067   3.427931 1.2099e-13    25.9234    25.9228 1.0000e-12     43.000          1      11823    1479.73 8.2650e+02  52454.240    492.574 1549558359      -0.31     -0.683   40.16305  -71.93776    33.3770  1026.1223    25.9258     7.6696 0.0000e+00
     41.665     7.6632    33.2170  1026.1147     2.7010     6.5868     97.900    0.00081    6.72812    6.73582      8.115     0.3464   12.10265   3.426701 1.2288e-13    25.9229    25.9223 1.0000e-12     42.000          1      11967    1479.67 8.1384e+02  52452.618    498.597 1549558365      -0.27     -0.490   40.16303  -71.93776    33.3742  1026.1170    25.9251     7.6592 0.0000e+00
     40.677     7.6679    33.2157  1026.1085     2.7087     6.6077     98.222    0.00068    6.72727    6.73495      8.115     0.3811   12.10125   3.426989 1.2671e-13    25.9211    25.9206 1.0000e-12     41.000          1      12224    1479.67 7.8948e+02  52448.897    509.287 1549558376      -0.15     -0.196   40.16298  -71.93777    33.3734  1026.1111    25.9237     7.6640 0.0000e+00
     39.681     7.6659    33.2163  1026.1046     2.7079     6.6012     98.120    0.00021    6.72766    6.73535      8.114     0.4856   12.10189   3.426800 1.4451e-13    25.9219    25.9213 1.0000e-12     40.000          1      13430    1479.65 6.9419e+02  52449.521    559.523 1549558426      -0.32     -0.813   40.16274  -71.93787    33.3736  1026.1070    25.9242     7.6621 0.0000e+00
     38.688     7.6628    33.2161  1026.1004     2.7058     6.5967     98.051    0.00069    6.72780    6.73550      8.114     0.4100   12.10214   3.426479 1.5138e-13    25.9222    25.9217 1.0000e-12     39.000          1      13883    1479.62 6.6101e+02  52449.446    578.422 1549558445      -0.04     -0.734   40.16264  -71.93790    33.3736  1026.1029    25.9247     7.6591 0.0000e+00
     37.714     7.6641    33.2158  1026.0954     2.7104     6.6142     98.320    0.00152    6.72729    6.73497 -9.990e-29     0.3510   12.10129   3.426525 1.5225e-13    25.9217    25.9212 1.0000e-12     38.000          1      13990    1479.61 6.5681e+02  52447.966    582.875 1549558449      -0.60     -0.404   40.16262  -71.93792    33.3734  1026.0979    25.9243     7.6605 0.0000e+00
     36.715     7.6646    33.2157  1026.0907     2.7109     6.6145     98.326    0.00137    6.72714    6.73482 -9.990e-29     0.3856   12.10104   3.426532 1.5273e-13    25.9216    25.9211 1.0000e-12     37.000          1      14011    1479.59 6.5477e+02  52447.100    583.753 1549558450      -0.41     -0.900   40.16262  -71.93792    33.3734  1026.0933    25.9242     7.6611 0.0000e+00
     35.705     7.6660    33.2155  1026.0857     2.7114     6.6103     98.265    0.00064    6.72705    6.73473      8.115     0.3648   12.10090   3.426584 1.5328e-13    25.9212    25.9208 1.0000e-12     36.000          1      14033    1479.58 6.5241e+02  52445.774    584.657 1549558451      -0.07     -1.123   40.16261  -71.93792    33.3732  1026.0883    25.9238     7.6625 0.0000e+00
     34.745     7.6698    33.2149  1026.0802     2.7140     6.6179     98.395    0.00113    6.72585    6.73350      8.115     0.4179   12.09894   3.426837 1.5448e-13    25.9202    25.9197 1.0000e-12     35.000          1      14100    1479.58 6.4735e+02  52443.238    587.465 1549558454      -0.06     -0.172   40.16259  -71.93792    33.3727  1026.0828    25.9229     7.6664 0.0000e+00
     33.737     7.6715    33.2146  1026.0750     2.7158     6.6226     98.470    0.00109    6.72555    6.73321      8.115     0.5807   12.09845   3.426917 1.5491e-13    25.9197    25.9192 1.0000e-12     34.000          1      14123    1479.57 6.4555e+02  52441.743    588.424 1549558455      -0.81     -0.745   40.16258  -71.93792    33.3724  1026.0777    25.9224     7.6683 0.0000e+00
     32.730     7.6761    33.2132  1026.0687     2.7179     6.6360     98.669    0.00212    6.72555    6.73320 -9.990e-29     0.4704   12.09845   3.427173 1.5576e-13    25.9180    25.9175 1.0000e-12     33.000          1      14143    1479.57 6.4203e+02  52437.987    589.264 1549558456      -0.22     -1.184   40.16258  -71.93792    33.3713  1026.0716    25.9209     7.6729 0.0000e+00
     31.756     7.6798    33.2123  1026.0629     2.7211     6.6448     98.799    0.00207    6.72555    6.73320 -9.990e-29     0.4474   12.09844   3.427363 1.5686e-13    25.9166    25.9162 1.0000e-12     32.000          1      14183    1479.57 6.3754e+02  52435.016    590.932 1549558457       0.44     -0.677   40.16257  -71.93792    33.3702  1026.0656    25.9194     7.6768 0.0000e+00
     30.751     7.6805    33.2125  1026.0583     2.7214     6.6345     98.646    0.00060    6.72557    6.73322      8.115     0.3870   12.09848   3.427392 1.5687e-13    25.9167    25.9163 1.0000e-12     31.000          1      14219    1479.55 6.3750e+02  52434.516    592.400 1549558459      -0.24     -0.664   40.16256  -71.93792    33.3703  1026.0611    25.9194     7.6776 0.0000e+00
     29.790     7.6805    33.2125  1026.0539     2.7221     6.6367     98.642    0.00066    6.72812    6.73581      8.116     0.4510   12.10278   3.427335 1.5901e-13    25.9167    25.9163 1.0000e-12     30.000          1      14293    1479.53 6.2890e+02  52433.854    595.517 1549558462      -0.44     -0.190   40.16254  -71.93792    33.3701  1026.0564    25.9193     7.6777 0.0000e+00
     28.782     7.6792    33.2131  1026.0499     2.7216     6.6285     98.501   -0.00041    6.72938    6.73708      8.119     0.4407   12.10489   3.427217 1.5836e-13    25.9173    25.9169 1.0000e-12     29.000          1      14311    1479.51 6.3148e+02  52434.337    596.256 1549558463      -1.12     -0.779   40.16254  -71.93792    33.3706  1026.0523    25.9198     7.6765 0.0000e+00
     27.769     7.6780    33.2120  1026.0445     2.7217     6.6256     98.458   -0.00087    6.72933    6.73703      8.119     0.4246   12.10480   3.426911 1.5827e-13    25.9166    25.9163 1.0000e-12     28.000          1      14325    1479.49 6.3184e+02  52432.348    596.841 1549558463      -0.83     -1.362   40.16254  -71.93792    33.3689  1026.0466    25.9186     7.6754 0.0000e+00
     26.779     7.6692    33.2080  1026.0380     2.7245     6.6511     98.790    0.00109    6.73259    6.74033 -9.990e-29     0.4297   12.11028   3.425688 1.5892e-13    25.9147    25.9143 1.0000e-12     27.000          1      14360    1479.44 6.2925e+02  52428.166    598.305 1549558465       0.16     -1.032   40.16253  -71.93792    33.3645  1026.0399    25.9165     7.6667 0.0000e+00
     25.817     7.6482    33.1996  1026.0300     2.7295     6.6869     99.034    0.00137    6.75213    6.76011      8.121     0.5543   12.14311   3.422902 1.5947e-13    25.9111    25.9108 1.0000e-12     26.000          1      14438    1479.33 6.2708e+02  52420.783    601.523 1549558468      -0.46     -0.124   40.16252  -71.93792    33.3551  1026.0309    25.9120     7.6457 0.0000e+00
     24.794     7.6208    33.1901  1026.0218     2.7313     6.6793     99.074    0.00094    6.74177    6.74963      8.122     0.4786   12.12565   3.419333 1.6052e-13    25.9075    25.9072 1.0000e-12     25.000          1      14459    1479.20 6.2297e+02  52413.542    602.435 1549558469      -0.25     -0.779   40.16250  -71.93792    33.3432  1026.0209    25.9066     7.6184 0.0000e+00
     23.818     7.5964    33.1820  1026.0143     2.7351     6.6954     99.206    0.00095    6.74898    6.75693      8.120     0.4764   12.13784   3.416597 1.5278e-13    25.9046    25.9043 1.0000e-12     24.000          1      15648    1479.08 6.5459e+02  52407.265    651.971 1549558518       0.02     -0.279   40.16225  -71.93797    33.3374  1026.0152    25.9055     7.5941 0.0000e+00
     22.839     7.5657    33.1669  1026.0023     2.7370     6.7120     99.273    0.00084    6.76112    6.76922      8.123     0.5245   12.15827   3.412180 1.5180e-13    25.8971    25.8967 1.0000e-12     23.000          1      15722    1478.93 6.5874e+02  52392.831    655.062 1549558521      -0.68     -0.379   40.16224  -71.93796    33.3195  1026.0010    25.8958     7.5635 0.0000e+00
     21.816     7.5472    33.1598  1025.9946     2.7370     6.7096     99.282    0.00092    6.75805    6.76611      8.125     0.3890   12.15306   3.409844 1.5118e-13    25.8940    25.8938 1.0000e-12     22.000          1      15736    1478.83 6.6147e+02  52386.656    655.607 1549558522      -0.78     -0.996   40.16224  -71.93796    33.3124  1025.9935    25.8928     7.5451 0.0000e+00
     20.826     7.5006    33.1386  1025.9800     2.7403     6.7277     99.490    0.00153    6.76218    6.77029      8.125     0.4214   12.16008   3.403802 1.4972e-13    25.8840    25.8837 1.0000e-12     21.000          1      15798    1478.61 6.6792e+02  52367.521    658.219 1549558524      -0.19     -0.647   40.16223  -71.93797    33.2919  1025.9794    25.8834     7.4987 0.0000e+00
     19.846     7.4490    33.1129  1025.9625     2.7454     6.7449     99.619    0.00076    6.77066    6.77886      8.125     0.4207   12.17441   3.396852 1.4746e-13    25.8710    25.8707 1.0000e-12     20.000          1      15916    1478.36 6.7815e+02  52343.303    663.111 1549558529      -0.07     -0.241   40.16220  -71.93798    33.2664  1025.9621    25.8706     7.4472 0.0000e+00
     18.854     7.4221    33.0967  1025.9490     2.7500     6.7708     99.931    0.00177    6.77547    6.78373 -9.990e-29     0.4213   12.18258   3.392919 1.4621e-13    25.8620    25.8618 1.0000e-12     19.000          1      15990    1478.22 6.8395e+02  52326.413    666.206 1549558532      -0.01     -0.344   40.16218  -71.93798    33.2500  1025.9485    25.8615     7.4203 0.0000e+00
     17.865     7.3975    33.0807  1025.9352     2.7557     6.7826    100.098    0.00119    6.77601    6.78428 -9.990e-29     0.4232   12.18349   3.389469 1.4442e-13    25.8528    25.8526 1.0000e-12     18.000          1      16079    1478.09 6.9241e+02  52309.210    669.897 1549558536      -0.19     -0.243   40.16217  -71.93798    33.2365  1025.9368    25.8544     7.3958 0.0000e+00
     16.870     7.4066    33.0836  1025.9317     2.7546     6.7660     99.807   -0.00085    6.77912    6.78742 -9.990e-29     0.4583   12.18875   3.390268 1.4434e-13    25.8538    25.8536 1.0000e-12     17.000          1      16125    1478.11 6.9280e+02  52310.278    671.817 1549558538      -0.51     -0.672   40.16216  -71.93798    33.2370  1025.9312    25.8534     7.4050 0.0000e+00
     15.869     7.3863    33.0731  1025.9216     2.7554     6.7760     99.943    0.00006    6.77990    6.78820 -9.990e-29     0.4323   12.19008   3.387523 1.4494e-13    25.8483    25.8481 1.0000e-12     16.000          1      16149    1478.00 6.8995e+02  52299.674    672.848 1549558539      -0.08     -0.957   40.16216  -71.93798    33.2270  1025.9217    25.8484     7.3848 0.0000e+00
     14.884     7.3728    33.0645  1025.9121     2.7588     6.7941    100.213    0.00125    6.77965    6.78795      8.126     0.4326   12.18967   3.385611 1.4352e-13    25.8435    25.8433 1.0000e-12     15.000          1      16217    1477.93 6.9677e+02  52290.304    675.651 1549558542       0.17     -0.357   40.16214  -71.93798    33.2196  1025.9132    25.8445     7.3714 0.0000e+00
     13.890     7.3725    33.0633  1025.9066     2.7624     6.8027    100.343    0.00106    6.77945    6.78775      8.126     0.4062   12.18932   3.385480 1.4318e-13    25.8425    25.8423 1.0000e-12     14.000          1      16289    1477.91 6.9842e+02  52287.955    678.654 1549558545      -0.25     -0.430   40.16212  -71.93798    33.2190  1025.9081    25.8440     7.3712 0.0000e+00
