CalculateIndicators/WaterTemperature/Data/CTD_NYOS/NY1902_07_2_4.cnv
* Sea-Bird SBE 9 Data File:
* FileName = C:\Seabird 9 CTD\Data\2019\201902_Offshore\NY1902_ctd_casts\NY1902_07_2_4.hex
* Software Version Seasave V 7.23.2
* Temperature SN = 4590
* Conductivity SN = 3228
* Number of Bytes Per Scan = 44
* Number of Voltage Words = 5
* Number of Scans Averaged by the Deck Unit = 1
* NMEA Latitude = 40 09.92 N
* NMEA Longitude = 071 56.22 W
* NMEA UTC (Time) = Feb 07 2019  16:44:25
* NMEA baud rate = 4800
** Ship: Seawolf
** Station: 2_4
** Operator: AJB
# nquan = 35
# nvalues = 136                         
# units = specified
# name 0 = depSM: Depth [salt water, m]
# name 1 = t090C: Temperature [ITS-90, deg C]
# name 2 = sal00: Salinity, Practical [PSU]
# name 3 = density00: Density [density, kg/m^3]
# name 4 = sbeox0V: Oxygen raw, SBE 43 [V]
# name 5 = sbeox0ML/L: Oxygen, SBE 43 [ml/l]
# name 6 = sbeox0PS: Oxygen, SBE 43 [% saturation]
# name 7 = sbox0dV/dT: Oxygen, SBE 43 [dov/dt]
# name 8 = oxsolML/L: Oxygen Saturation, Garcia & Gordon [ml/l]
# name 9 = oxsatML/L: Oxygen Saturation, Weiss [ml/l]
# name 10 = ph: pH
# name 11 = flECO-AFL: Fluorescence, WET Labs ECO-AFL/FL [mg/m^3]
# name 12 = n2satML/L: Nitrogen Saturation [ml/l]
# name 13 = c0S/m: Conductivity [S/m]
# name 14 = cpar: CPAR/Corrected Irradiance [%]
# name 15 = sigma-é00: Density [sigma-theta, kg/m^3]
# name 16 = sigma-t00: Density [sigma-t, kg/m^3 ]
# name 17 = par: PAR/Irradiance, Biospherical/Licor
# name 18 = prDM: Pressure, Digiquartz [db]
# name 19 = pumps: Pump Status
# name 20 = scan: Scan Count
# name 21 = svCM: Sound Velocity [Chen-Millero, m/s]
# name 22 = spar: SPAR, Biospherical/Licor
# name 23 = specc: Specific Conductance [uS/cm]
# name 24 = timeS: Time, Elapsed [seconds]
# name 25 = timeY: Time, System [seconds]
# name 26 = accM: Acceleration [m/s^2]
# name 27 = dz/dtM: Descent Rate [m/s]
# name 28 = latitude: Latitude [deg]
# name 29 = longitude: Longitude [deg]
# name 30 = gsw_saA0: Absolute Salinity [g/kg]
# name 31 = gsw_densityA0: density, TEOS-10 [density, kg/m^3]
# name 32 = gsw_sigma0A0: density, TEOS-10 [sigma-0, kg/m^3 ]
# name 33 = gsw_ptA0: potential temperature [ITS-90, deg C]
# name 34 = flag: flag
# span 0 =      1.981,     69.478       
# span 1 =     7.3554,     7.8362       
# span 2 =    33.0519,    33.2696       
# span 3 =  1025.8460,  1026.2594       
# span 4 =     2.6497,     2.7731       
# span 5 =     6.4140,     6.8267       
# span 6 =     95.673,    100.682       
# span 7 =   -0.00516,    0.01800       
# span 8 =    6.70365,    6.78254       
# span 9 =    6.71103,    6.79088       
# span 10 =      8.100,      8.140      
# span 11 =     0.2706,     1.1439      
# span 12 =   12.06165,   12.19453      
# span 13 =   3.382635,   3.448307      
# span 14 = 1.0877e-13, 1.7157e-13      
# span 15 =    25.8357,    25.9398      
# span 16 =    25.8357,    25.9388      
# span 17 = 1.0000e-12, 1.0000e-12      
# span 18 =      2.000,     70.000      
# span 19 =          1,          1      
# span 20 =        437,      18107      
# span 21 =    1477.65,    1480.86      
# span 22 = 5.8285e+02, 9.1941e+02      
# span 23 =  52268.377,  52503.587      
# span 24 =     18.169,    754.396      
# span 25 = 1549557884, 1549558621      
# span 26 =      -1.12,       0.61      
# span 27 =     -1.362,      0.898      
# span 28 =   40.16176,   40.16531      
# span 29 =  -71.93802,  -71.93712      
# span 30 =    33.2086,    33.4284      
# span 31 =  1025.8482,  1026.2625      
# span 32 =    25.8379,    25.9431      
# span 33 =     7.3549,     7.8295      
# span 34 = 0.0000e+00, 0.0000e+00      
# interval = decibars: 1                
# start_time = Feb 07 2019 16:44:26 [System UTC, first data scan.]
# bad_flag = -9.990e-29
*END*
      2.979     7.3566    33.0519  1025.8494     2.7295     6.8239    100.610    0.01800    6.78250    6.79083      8.140     0.3053   12.19452   3.382635 1.5964e-13    25.8357    25.8357 1.0000e-12      3.000          1        437    1477.65 6.2655e+02  52268.377     18.169 1549557884       0.24      0.054   40.16531  -71.93712    33.2086  1025.8517    25.8379     7.3563 0.0000e+00
      3.961     7.3558    33.0545  1025.8561     2.7708     6.7937    100.165   -0.00325    6.78254    6.79088      8.140     0.4127   12.19453   3.382848 1.4805e-13    25.8378    25.8378 1.0000e-12      4.000          1       1026    1477.67 6.7474e+02  52272.948     42.694 1549557909       0.08      0.286   40.16520  -71.93716    33.2111  1025.8584    25.8401     7.3554 0.0000e+00
      4.972     7.3555    33.0546  1025.8609 -9.990e-29     6.7999    100.257    0.00024    6.78244    6.79078      8.140     0.4001   12.19436   3.382875 1.5118e-13    25.8380    25.8379 1.0000e-12      5.000          1        965    1477.68 6.6145e+02  52273.864     40.168 1549557906       0.37      0.690   40.16520  -71.93716    33.2112  1025.8631    25.8402     7.3551 0.0000e+00
      5.948     7.3554    33.0562  1025.8667     2.7630     6.7931    100.160   -0.00045    6.78227    6.79061      8.140     0.4309   12.19405   3.383069 1.4931e-13    25.8393    25.8392 1.0000e-12      6.000          1       1028    1477.70 6.6973e+02  52276.838     42.774 1549557909      -0.12      0.294   40.16520  -71.93716    33.2130  1025.8690    25.8416     7.3549 0.0000e+00
      6.948     7.3561    33.0578  1025.8725     2.7638     6.7994    100.253    0.00017    6.78223    6.79057 -9.990e-29     0.4161   12.19399   3.383320 1.5041e-13    25.8404    25.8403 1.0000e-12      7.000          1       1066    1477.72 6.6485e+02  52279.550     44.355 1549557911       0.07      0.637   40.16519  -71.93716    33.2146  1025.8748    25.8427     7.3554 0.0000e+00
      7.940     7.3561    33.0582  1025.8774     2.7632     6.7952    100.191   -0.00033    6.78231    6.79064 -9.990e-29     0.4116   12.19412   3.383396 1.4944e-13    25.8407    25.8406 1.0000e-12      8.000          1       1110    1477.74 6.6918e+02  52280.836     46.211 1549557912      -0.04      0.548   40.16518  -71.93716    33.2149  1025.8797    25.8430     7.3553 0.0000e+00
      8.919     7.3563    33.0589  1025.8824     2.7647     6.8095    100.405    0.00086    6.78204    6.79038 -9.990e-29     0.4401   12.19367   3.383522 1.4890e-13    25.8413    25.8411 1.0000e-12      9.000          1       1156    1477.76 6.7158e+02  52282.418     48.144 1549557914       0.07      0.464   40.16518  -71.93716    33.2156  1025.8847    25.8435     7.3555 0.0000e+00
      9.923     7.3559    33.0578  1025.8863     2.7623     6.7927    100.154   -0.00039    6.78225    6.79059 -9.990e-29     0.4821   12.19402   3.383421 1.4902e-13    25.8405    25.8404 1.0000e-12     10.000          1       1180    1477.77 6.7104e+02  52281.724     49.121 1549557915       0.44      0.797   40.16516  -71.93716    33.2144  1025.8885    25.8427     7.3550 0.0000e+00
     10.930     7.3572    33.0591  1025.8918     2.7625     6.7866    100.067   -0.00124    6.78206    6.79039      8.139     0.4258   12.19370   3.383759 1.5226e-13    25.8413    25.8412 1.0000e-12     11.000          1       1228    1477.79 6.5693e+02  52283.786     51.123 1549557917       0.08      0.898   40.16515  -71.93716    33.2164  1025.8944    25.8441     7.3561 0.0000e+00
     11.919     7.3605    33.0609  1025.8973     2.7627     6.7875    100.089   -0.00123    6.78153    6.78985      8.136     0.4596   12.19279   3.384208 1.6650e-13    25.8423    25.8421 1.0000e-12     12.000          1       2849    1477.82 6.0180e+02  52286.236    118.665 1549557985       0.24      0.399   40.16483  -71.93723    33.2176  1025.8996    25.8446     7.3593 0.0000e+00
     12.907     7.3591    33.0581  1025.8999     2.7612     6.7879    100.086   -0.00099    6.78201    6.79035 -9.990e-29     0.3943   12.19364   3.383878 1.7083e-13    25.8403    25.8401 1.0000e-12     13.000          1       3976    1477.83 5.8557e+02  52283.276    165.619 1549558032      -0.01      0.815   40.16459  -71.93724    33.2149  1025.9022    25.8426     7.3579 0.0000e+00
     13.885     7.3589    33.0581  1025.9044     2.7629     6.8112    100.427    0.00128    6.78220    6.79053 -9.990e-29     0.3884   12.19396   3.383898 1.7048e-13    25.8404    25.8402 1.0000e-12     14.000          1       4132    1477.85 5.8658e+02  52284.063    172.122 1549558038      -0.09      0.515   40.16456  -71.93724    33.2148  1025.9067    25.8426     7.3576 0.0000e+00
     14.888     7.3579    33.0571  1025.9084     2.7641     6.8109    100.442    0.00084    6.78092    6.78925 -9.990e-29     0.3867   12.19178   3.383738 1.7077e-13    25.8397    25.8395 1.0000e-12     15.000          1       4164    1477.86 5.8559e+02  52283.509    173.450 1549558040       0.15      0.713   40.16456  -71.93724    33.2135  1025.9105    25.8418     7.3565 0.0000e+00
     15.875     7.3572    33.0564  1025.9125     2.7654     6.8057    100.523    0.00093    6.77028    6.77848 -9.990e-29     0.3836   12.17378   3.383669 1.7157e-13    25.8392    25.8390 1.0000e-12     16.000          1       4202    1477.87 5.8285e+02  52283.354    175.062 1549558041      -0.14      0.646   40.16456  -71.93724    33.2130  1025.9147    25.8415     7.3557 0.0000e+00
     16.870     7.3684    33.0655  1025.9227     2.7637     6.7810    100.260   -0.00084    6.76337    6.77148      8.134     0.3572   12.16211   3.385968 1.7141e-13    25.8449    25.8447 1.0000e-12     17.000          1       4239    1477.94 5.8341e+02  52294.148    176.590 1549558043       0.11      0.637   40.16454  -71.93724    33.2267  1025.9285    25.8507     7.3669 0.0000e+00
     17.859     7.4230    33.0959  1025.9436     2.7600     6.7596     99.972   -0.00208    6.76145    6.76954      8.133     0.3536   12.15888   3.393592 1.7035e-13    25.8612    25.8610 1.0000e-12     18.000          1       4275    1478.21 5.8702e+02  52324.544    178.070 1549558044      -0.03      0.682   40.16454  -71.93724    33.2569  1025.9492    25.8668     7.4213 0.0000e+00
     18.854     7.4589    33.1151  1025.9582     2.7550     6.7281     99.563   -0.00380    6.75761    6.76566      8.133     0.4393   12.15241   3.398595 1.7022e-13    25.8713    25.8710 1.0000e-12     19.000          1       4307    1478.38 5.8748e+02  52343.083    179.417 1549558046       0.07      0.727   40.16454  -71.93724    33.2763  1025.9639    25.8770     7.4572 0.0000e+00
     19.848     7.4728    33.1211  1025.9656     2.7504     6.7164     99.452   -0.00304    6.75348    6.76148      8.132     0.5021   12.14542   3.400376 1.7048e-13    25.8740    25.8738 1.0000e-12     20.000          1       4344    1478.46 5.8656e+02  52348.911    180.974 1549558047      -0.11      0.668   40.16452  -71.93724    33.2818  1025.9709    25.8793     7.4710 0.0000e+00
     20.835     7.4971    33.1325  1025.9757     2.7500     6.7231     99.763   -0.00018    6.73906    6.74687      8.130     0.3841   12.12120   3.403509 1.7014e-13    25.8796    25.8794 1.0000e-12     21.000          1       4390    1478.59 5.8776e+02  52359.691    182.887 1549558049      -0.03      0.516   40.16452  -71.93725    33.2921  1025.9801    25.8840     7.4952 0.0000e+00
     21.828     7.5342    33.1530  1025.9912     2.7482     6.7113     99.625   -0.00079    6.73662    6.74441      8.130     0.3990   12.11710   3.409480 1.7050e-13    25.8906    25.8903 1.0000e-12     22.000          1       4426    1478.77 5.8649e+02  52380.333    184.389 1549558051       0.22      0.611   40.16452  -71.93726    33.3208  1026.0019    25.9013     7.5321 0.0000e+00
     22.826     7.5979    33.1753  1026.0043     2.7460     6.6935     99.392   -0.00207    6.73439    6.74215      8.130     0.3733   12.11337   3.416796 1.7046e-13    25.8991    25.8988 1.0000e-12     23.000          1       4454    1479.06 5.8663e+02  52396.661    185.559 1549558052       0.09      0.835   40.16450  -71.93726    33.3386  1026.0114    25.9062     7.5957 0.0000e+00
     23.816     7.6130    33.1815  1026.0116     2.7432     6.6850     99.299   -0.00187    6.73223    6.73996      8.130     0.3885   12.10975   3.418646 1.6994e-13    25.9019    25.9016 1.0000e-12     24.000          1       4491    1479.14 5.8843e+02  52402.543    187.090 1549558053      -0.17      0.700   40.16450  -71.93726    33.3436  1026.0178    25.9080     7.6108 0.0000e+00
     24.805     7.6323    33.1873  1026.0180     2.7415     6.6862     99.349   -0.00087    6.73000    6.73770      8.129     0.4390   12.10600   3.420861 1.6993e-13    25.9037    25.9034 1.0000e-12     25.000          1       4534    1479.24 5.8847e+02  52406.591    188.887 1549558055       0.05      0.542   40.16449  -71.93726    33.3487  1026.0236    25.9093     7.6299 0.0000e+00
     25.798     7.6467    33.1924  1026.0245     2.7396     6.6766     99.241   -0.00115    6.72763    6.73530      8.128     0.3040   12.10201   3.422642 1.6993e-13    25.9056    25.9053 1.0000e-12     26.000          1       4572    1479.32 5.8847e+02  52410.903    190.457 1549558057       0.03      0.633   40.16448  -71.93726    33.3537  1026.0300    25.9112     7.6442 0.0000e+00
     26.793     7.6592    33.1969  1026.0309     2.7388     6.6767     99.277   -0.00065    6.72534    6.73299      8.126     0.3915   12.09813   3.424219 1.7017e-13    25.9075    25.9071 1.0000e-12     27.000          1       4611    1479.39 5.8764e+02  52414.961    192.097 1549558058      -0.07      0.623   40.16448  -71.93726    33.3582  1026.0363    25.9130     7.6567 0.0000e+00
     27.776     7.6729    33.2036  1026.0387     2.7358     6.6644     99.098   -0.00120    6.72504    6.73269      8.125     0.3165   12.09758   3.426058 1.7049e-13    25.9108    25.9104 1.0000e-12     28.000          1       4655    1479.46 5.8653e+02  52421.784    193.924 1549558060       0.08      0.501   40.16446  -71.93727    33.3646  1026.0439    25.9160     7.6702 0.0000e+00
     28.775     7.6840    33.2107  1026.0473     2.7287     6.6144     98.350   -0.00516    6.72536    6.73302      8.125     0.3977   12.09811   3.427699 1.6990e-13    25.9148    25.9144 1.0000e-12     29.000          1       4683    1479.53 5.8856e+02  52429.725    195.079 1549558061       0.23      0.773   40.16446  -71.93728    33.3712  1026.0521    25.9196     7.6813 0.0000e+00
     29.774     7.6838    33.2131  1026.0538     2.7246     6.6094     98.269   -0.00429    6.72583    6.73349      8.122     0.4008   12.09888   3.427873 1.6940e-13    25.9167    25.9163 1.0000e-12     30.000          1       4713    1479.55 5.9030e+02  52433.848    196.326 1549558063      -0.08      0.846   40.16446  -71.93728    33.3728  1026.0580    25.9209     7.6810 0.0000e+00
     30.759     7.6808    33.2149  1026.0602     2.7207     6.6146     98.351   -0.00206    6.72558    6.73324 -9.990e-29     0.3744   12.09845   3.427730 1.6974e-13    25.9185    25.9181 1.0000e-12     31.000          1       4757    1479.56 5.8914e+02  52437.812    198.170 1549558064      -0.10      0.532   40.16445  -71.93728    33.3737  1026.0637    25.9221     7.6778 0.0000e+00
     31.750     7.6783    33.2158  1026.0659     2.7192     6.6224     98.456   -0.00070    6.72624    6.73391 -9.990e-29     0.4032   12.09954   3.427632 1.6920e-13    25.9197    25.9192 1.0000e-12     32.000          1       4806    1479.56 5.9102e+02  52440.467    200.203 1549558066      -0.04      0.487   40.16444  -71.93728    33.3746  1026.0693    25.9231     7.6752 0.0000e+00
     32.738     7.6786    33.2164  1026.0708     2.7166     6.6123     98.306   -0.00107    6.72629    6.73396 -9.990e-29     0.4518   12.09962   3.427704 1.6879e-13    25.9200    25.9196 1.0000e-12     33.000          1       4844    1479.58 5.9245e+02  52441.779    201.784 1549558068       0.27      0.581   40.16444  -71.93728    33.3745  1026.0738    25.9230     7.6755 0.0000e+00
     33.737     7.6750    33.2170  1026.0764     2.7133     6.5854     97.908   -0.00336    6.72608    6.73375 -9.990e-29     0.3708   12.09927   3.427484 1.6905e-13    25.9211    25.9206 1.0000e-12     34.000          1       4869    1479.59 5.9153e+02  52444.288    202.832 1549558069       0.19      0.878   40.16443  -71.93728    33.3752  1026.0794    25.9241     7.6718 0.0000e+00
     34.736     7.6754    33.2174  1026.0813     2.7146     6.6130     98.332   -0.00023    6.72519    6.73284      8.120     0.3653   12.09776   3.427600 1.6820e-13    25.9214    25.9209 1.0000e-12     35.000          1       4921    1479.60 5.9453e+02  52445.449    205.000 1549558071       0.26      0.464   40.16442  -71.93728    33.3756  1026.0843    25.9244     7.6720 0.0000e+00
     35.723     7.6817    33.2194  1026.0865     2.7115     6.5923     98.024   -0.00191    6.72517    6.73283      8.119     0.4636   12.09773   3.428443 1.6775e-13    25.9220    25.9215 1.0000e-12     36.000          1       4967    1479.65 5.9613e+02  52447.358    206.931 1549558073       0.50      0.694   40.16441  -71.93728    33.3781  1026.0899    25.9254     7.6783 0.0000e+00
     36.710     7.6844    33.2201  1026.0912     2.7081     6.5666     97.640   -0.00405    6.72529    6.73295      8.119     0.5008   12.09793   3.428734 1.6634e-13    25.9222    25.9217 1.0000e-12     37.000          1       4994    1479.67 6.0119e+02  52448.398    208.046 1549558074       0.02      0.884   40.16440  -71.93728    33.3782  1026.0942    25.9252     7.6809 0.0000e+00
     37.707     7.6815    33.2201  1026.0963     2.7075     6.5909     98.002   -0.00071    6.72529    6.73295      8.117     0.4330   12.09792   3.428485 1.6604e-13    25.9227    25.9222 1.0000e-12     38.000          1       5043    1479.68 6.0226e+02  52449.893    210.073 1549558076      -0.05      0.419   40.16439  -71.93728    33.3779  1026.0990    25.9253     7.6778 0.0000e+00
     38.697     7.6788    33.2205  1026.1015     2.7039     6.5694     97.662   -0.00244    6.72666    6.73434      8.117     0.3954   12.10020   3.428328 1.6497e-13    25.9233    25.9228 1.0000e-12     39.000          1       5080    1479.69 6.0618e+02  52451.656    211.643 1549558078       0.53      0.626   40.16438  -71.93730    33.3783  1026.1043    25.9261     7.6750 0.0000e+00
     39.695     7.6798    33.2204  1026.1059     2.7028     6.5735     97.710   -0.00162    6.72751    6.73520      8.116     0.3794   12.10158   3.428462 1.6399e-13    25.9232    25.9226 1.0000e-12     40.000          1       5109    1479.71 6.0977e+02  52452.009    212.832 1549558079      -0.02      0.876   40.16438  -71.93730    33.3783  1026.1087    25.9259     7.6760 0.0000e+00
     40.681     7.6730    33.2202  1026.1113     2.6991     6.5603     97.512   -0.00206    6.72770    6.73540      8.115     0.4136   12.10187   3.427800 1.6370e-13    25.9240    25.9234 1.0000e-12     41.000          1       5150    1479.70 6.1086e+02  52454.065    214.537 1549558081      -0.09      0.585   40.16437  -71.93730    33.3772  1026.1134    25.9260     7.6691 0.0000e+00
     41.666     7.6628    33.2214  1026.1183     2.6948     6.5465     97.324   -0.00212    6.72654    6.73422      8.113     0.3619   12.09990   3.427075 1.6294e-13    25.9264    25.9258 1.0000e-12     42.000          1       5195    1479.68 6.1373e+02  52458.904    216.431 1549558083      -0.04      0.517   40.16436  -71.93730    33.3787  1026.1205    25.9286     7.6588 0.0000e+00
     42.667     7.6632    33.2246  1026.1253     2.6889     6.5114     96.802   -0.00451    6.72646    6.73415      8.112     0.3135   12.09978   3.427514 1.6247e-13    25.9288    25.9283 1.0000e-12     43.000          1       5225    1479.70 6.1553e+02  52464.107    217.653 1549558084       0.32      0.713   40.16436  -71.93730    33.3825  1026.1281    25.9316     7.6592 0.0000e+00
