CalculateIndicators/WaterTemperature/Data/CTD_NYOS/NY1902_06_2_6.cnv
* Sea-Bird SBE 9 Data File:
* FileName = C:\Seabird 9 CTD\Data\2019\201902_Offshore\NY1902_ctd_casts\NY1902_06_2_6.hex
* Software Version Seasave V 7.23.2
* Temperature SN = 4590
* Conductivity SN = 3228
* Number of Bytes Per Scan = 44
* Number of Voltage Words = 5
* Number of Scans Averaged by the Deck Unit = 1
* NMEA Latitude = 39 41.96 N
* NMEA Longitude = 071 45.67 W
* NMEA UTC (Time) = Feb 07 2019  00:12:36
* NMEA baud rate = 4800
** Ship: Seawolf
** Station: 2_6
** Operator: HBB
# nquan = 35
# nvalues = 1008                        
# units = specified
# name 0 = depSM: Depth [salt water, m]
# name 1 = t090C: Temperature [ITS-90, deg C]
# name 2 = sal00: Salinity, Practical [PSU]
# name 3 = density00: Density [density, kg/m^3]
# name 4 = sbeox0V: Oxygen raw, SBE 43 [V]
# name 5 = sbeox0ML/L: Oxygen, SBE 43 [ml/l]
# name 6 = sbeox0PS: Oxygen, SBE 43 [% saturation]
# name 7 = sbox0dV/dT: Oxygen, SBE 43 [dov/dt]
# name 8 = oxsolML/L: Oxygen Saturation, Garcia & Gordon [ml/l]
# name 9 = oxsatML/L: Oxygen Saturation, Weiss [ml/l]
# name 10 = ph: pH
# name 11 = flECO-AFL: Fluorescence, WET Labs ECO-AFL/FL [mg/m^3]
# name 12 = n2satML/L: Nitrogen Saturation [ml/l]
# name 13 = c0S/m: Conductivity [S/m]
# name 14 = cpar: CPAR/Corrected Irradiance [%]
# name 15 = sigma-é00: Density [sigma-theta, kg/m^3]
# name 16 = sigma-t00: Density [sigma-t, kg/m^3 ]
# name 17 = par: PAR/Irradiance, Biospherical/Licor
# name 18 = prDM: Pressure, Digiquartz [db]
# name 19 = pumps: Pump Status
# name 20 = scan: Scan Count
# name 21 = svCM: Sound Velocity [Chen-Millero, m/s]
# name 22 = spar: SPAR, Biospherical/Licor
# name 23 = specc: Specific Conductance [uS/cm]
# name 24 = timeS: Time, Elapsed [seconds]
# name 25 = timeY: Time, System [seconds]
# name 26 = accM: Acceleration [m/s^2]
# name 27 = dz/dtM: Descent Rate [m/s]
# name 28 = latitude: Latitude [deg]
# name 29 = longitude: Longitude [deg]
# name 30 = gsw_saA0: Absolute Salinity [g/kg]
# name 31 = gsw_densityA0: density, TEOS-10 [density, kg/m^3]
# name 32 = gsw_sigma0A0: density, TEOS-10 [sigma-0, kg/m^3 ]
# name 33 = gsw_ptA0: potential temperature [ITS-90, deg C]
# name 34 = flag: flag
# span 0 =      0.986,    500.537       
# span 1 =     6.5641,    13.8116       
# span 2 =    33.0324,    35.6830       
# span 3 =  1025.8892,  1029.8506       
# span 4 =     1.5516,     2.8202       
# span 5 =     2.9906,     7.2680       
# span 6 =     47.549,    106.075       
# span 7 =   -0.02085,    0.15740       
# span 8 =    5.80616,    6.96323       
# span 9 =    5.80323,    6.97074       
# span 10 =      4.934,     12.645      
# span 11 =    -0.0565,     1.3405      
# span 12 =   10.54983,   12.53139      
# span 13 =   3.342312,   4.250583      
# span 14 = -6.897e+03, 1.0551e+05      
# span 15 =    25.8800,    27.5485      
# span 16 =    25.8800,    27.5422      
# span 17 = 1.0000e-12, 4.8198e-01      
# span 18 =      1.000,    505.000      
# span 19 =          1,          1      
# span 20 =        -28,      76111      
# span 21 =    1475.91,    1505.71      
# span 22 = -1.089e-01, 2.1356e+00      
# span 23 =  52354.072,  55731.335      
# span 24 =     -1.218,   3171.255      
# span 25 = 1549498357, 1549501529      
# span 26 =      -0.95,       0.60      
# span 27 =     -1.669,      0.894      
# span 28 =   39.69944,   39.70617      
# span 29 =  -71.78385,  -71.76118      
# span 30 =    33.1893,    35.8548      
# span 31 =  1025.8916,  1029.8536      
# span 32 =    25.8824,    27.5515      
# span 33 =     6.5171,    13.7937      
# span 34 = 0.0000e+00, 0.0000e+00      
# interval = decibars: 1                
# start_time = Feb 07 2019 00:12:38 [System UTC, first data scan.]
# bad_flag = -9.990e-29
*END*
[from data line 249]
    248.932    10.9077    35.3959  1028.2286     1.5867     3.0205     48.829   -0.00075    6.18572    6.18764 -9.990e-29    -0.0294   11.18059   3.945603 5.0640e-11    27.1064    27.1007 1.0000e-12    251.000          1      18670    1497.67 1.9747e+00  54943.441    777.885 1549499136      -0.12      0.515   39.70166  -71.76700    35.5603  1028.2295    27.1073    10.8767 0.0000e+00
    249.923    10.8801    35.3913  1028.2346     1.5846     3.0134     48.684   -0.00126    6.18983    6.19181      7.928    -0.0279   11.18740   3.942476 5.0640e-11    27.1078    27.1022 1.0000e-12    252.000          1      18716    1497.58 1.9747e+00  54942.872    779.796 1549499138       0.22      0.520   39.70166  -71.76701    35.5551  1028.2350    27.1083    10.8490 0.0000e+00
    250.916    10.8265    35.3863  1028.2452     1.5833     3.0149     48.700   -0.00059    6.19067    6.19265      7.927    -0.0332   11.18881   3.936887 5.0640e-11    27.1136    27.1080 1.0000e-12    253.000          1      18776    1497.40 1.9747e+00  54946.880    782.301 1549499140      -0.05      0.407   39.70166  -71.76703    35.5503  1028.2458    27.1142    10.7954 0.0000e+00
    251.906    10.8060    35.3828  1028.2507     1.5817     3.0124     48.647   -0.00048    6.19234    6.19434      7.924    -0.0327   11.19160   3.934832 5.0640e-11    27.1146    27.1090 1.0000e-12    254.000          1      18861    1497.34 1.9747e+00  54946.555    785.854 1549499144       0.18      0.392   39.70166  -71.76706    35.5490  1028.2530    27.1169    10.7748 0.0000e+00
    252.892    10.7999    35.3818  1028.2556     1.5806     3.0106     48.610   -0.00043    6.19329    6.19531      7.924    -0.0211   11.19317   3.934252 5.0640e-11    27.1149    27.1093 1.0000e-12    255.000          1      18909    1497.34 1.9747e+00  54946.998    787.840 1549499146       0.04      0.498   39.70168  -71.76707    35.5486  1028.2583    27.1177    10.7686 0.0000e+00
    253.888    10.7960    35.3813  1028.2604     1.5788     2.9994     48.431   -0.00135    6.19323    6.19525      7.923    -0.0375   11.19308   3.933877 -9.990e-29    27.1152    27.1096 1.0000e-12    256.000          1      18941    1497.34 -9.990e-29  54947.590    789.170 1549499147       0.19      0.695   39.70168  -71.76708    35.5482  1028.2632    27.1181    10.7645 0.0000e+00
    254.885    10.7897    35.3804  1028.2654     1.5791     3.0079     48.557   -0.00031    6.19448    6.19652 -9.990e-29    -0.0333   11.19517   3.933285 5.0640e-11    27.1157    27.1100 1.0000e-12    257.000          1      19008    1497.34 1.9747e+00  54948.265    791.959 1549499150       0.05      0.564   39.70168  -71.76710    35.5478  1028.2685    27.1190    10.7582 0.0000e+00
    255.868    10.7796    35.3787  1028.2704     1.5786     3.0066     48.513   -0.00063    6.19752    6.19959 -9.990e-29    -0.0352   11.20021   3.932178 5.0640e-11    27.1162    27.1105 1.0000e-12    258.000          1      19103    1497.31 1.9747e+00  54948.464    795.915 1549499154       0.24      0.534   39.70168  -71.76712    35.5461  1028.2736    27.1195    10.7479 0.0000e+00
    256.867    10.7685    35.3776  1028.2761     1.5777     3.0031     48.456   -0.00081    6.19763    6.19971 -9.990e-29    -0.0454   11.20040   3.931057 5.0640e-11    27.1174    27.1117 1.0000e-12    259.000          1      19134    1497.29 1.9747e+00  54949.727    797.203 1549499155       0.06      0.726   39.70168  -71.76714    35.5451  1028.2793    27.1206    10.7368 0.0000e+00
    257.851    10.7568    35.3764  1028.2817     1.5776     3.0084     48.524   -0.00017    6.19974    6.20184 -9.990e-29    -0.0351   11.20390   3.929895 5.0640e-11    27.1185    27.1128 1.0000e-12    260.000          1      19205    1497.26 1.9747e+00  54950.822    800.162 1549499158      -0.06      0.274   39.70170  -71.76716    35.5442  1028.2853    27.1221    10.7250 0.0000e+00
    258.844    10.7443    35.3752  1028.2876     1.5770     3.0085     48.513   -0.00005    6.20130    6.20342 -9.990e-29    -0.0395   11.20650   3.928595 5.0640e-11    27.1198    27.1141 1.0000e-12    261.000          1      19269    1497.23 1.9747e+00  54952.188    802.843 1549499161      -0.04      0.410   39.70170  -71.76718    35.5428  1028.2910    27.1233    10.7123 0.0000e+00
    259.831    10.7346    35.3737  1028.2927     1.5760     3.0027     48.417   -0.00061    6.20181    6.20394 -9.990e-29    -0.0348   11.20735   3.927588 5.0640e-11    27.1204    27.1147 1.0000e-12    262.000          1      19324    1497.21 1.9747e+00  54952.661    805.116 1549499163       0.24      0.436   39.70170  -71.76718    35.5417  1028.2963    27.1242    10.7025 0.0000e+00
    260.833    10.7279    35.3726  1028.2976     1.5760     3.0066     48.454   -0.00024    6.20510    6.20728      7.922    -0.0258   11.21282   3.926863 5.0640e-11    27.1208    27.1151 1.0000e-12    263.000          1      19379    1497.20 1.9747e+00  54953.131    807.421 1549499165       0.17      0.567   39.70170  -71.76720    35.5404  1028.3011    27.1244    10.6957 0.0000e+00
    261.816    10.7095    35.3701  1028.3035     1.5739     3.0006     48.262   -0.00128    6.21725    6.21959      7.920    -0.0235   11.23300   3.924740 -9.990e-29    27.1222    27.1164 1.0000e-12    264.000          1      19469    1497.15 -9.990e-29  54953.759    811.162 1549499169       0.41      0.653   39.70172  -71.76724    35.5364  1028.3058    27.1246    10.6772 0.0000e+00
    262.812    10.6456    35.3636  1028.3147     1.5733     3.0050     48.314   -0.00057    6.21979    6.22217      7.919    -0.0336   11.23723   3.917823 5.0640e-11    27.1285    27.1227 1.0000e-12    265.000          1      19508    1496.94 1.9747e+00  54957.766    812.777 1549499171      -0.14      0.642   39.70172  -71.76725    35.5279  1028.3155    27.1294    10.6134 0.0000e+00
    263.799    10.5963    35.3583  1028.3241     1.5723     3.0049     48.292   -0.00037    6.22241    6.22482      7.919    -0.0320   11.24159   3.912707 5.0640e-11    27.1331    27.1274 1.0000e-12    266.000          1      19584    1496.77 1.9747e+00  54960.691    815.949 1549499174       0.06      0.289   39.70172  -71.76726    35.5237  1028.3257    27.1348    10.5640 0.0000e+00
    264.785    10.5686    35.3551  1028.3311     1.5698     2.9992     48.142   -0.00083    6.22982    6.23233      7.918 -9.990e-29   11.25390   3.909883 5.0640e-11    27.1356    27.1299 1.0000e-12    267.000          1      19685    1496.69 1.9747e+00  54962.457    820.148 1549499178       0.39      0.326   39.70174  -71.76729    35.5215  1028.3335    27.1381    10.5363 0.0000e+00
    265.786    10.5414    35.3517  1028.3380     1.5691     2.9999     48.146   -0.00053    6.23073    6.23325      7.918    -0.0358   11.25541   3.906894 5.0640e-11    27.1378    27.1320 1.0000e-12    268.000          1      19716    1496.60 1.9747e+00  54963.551    821.478 1549499179       0.03      0.673   39.70174  -71.76732    35.5172  1028.3397    27.1396    10.5090 0.0000e+00
    266.769    10.5234    35.3500  1028.3444     1.5677     2.9946     48.056   -0.00078    6.23146    6.23400      7.918    -0.0344   11.25663   3.905128 -9.990e-29    27.1397    27.1339 1.0000e-12    269.000          1      19765    1496.55 -9.990e-29  54965.486    823.490 1549499181      -0.02      0.461   39.70174  -71.76732    35.5163  1028.3468    27.1421    10.4909 0.0000e+00
    267.766    10.5131    35.3484  1028.3496     1.5673     2.9994     48.131    0.00006    6.23179    6.23433      7.916    -0.0320   11.25719   3.904128 5.0640e-11    27.1403    27.1345 1.0000e-12    270.000          1      19857    1496.53 1.9747e+00  54965.956    827.339 1549499185       0.07      0.290   39.70174  -71.76735    35.5157  1028.3527    27.1435    10.4805 0.0000e+00
    268.745    10.5087    35.3476  1028.3542     1.5673     3.0025     48.155    0.00016    6.23494    6.23752      7.915    -0.0454   11.26243   3.903754 -9.990e-29    27.1405    27.1347 1.0000e-12    271.000          1      19946    1496.53 -9.990e-29  54966.365    831.041 1549499189       0.15      0.319   39.70176  -71.76738    35.5157  1028.3580    27.1443    10.4760 0.0000e+00
    269.748    10.5083    35.3475  1028.3587     1.5660     2.9910     47.956   -0.00114    6.23696    6.23957 -9.990e-29    -0.0403   11.26577   3.903740 -9.990e-29    27.1405    27.1347 1.0000e-12    272.000          1      19971    1496.55 -9.990e-29  54966.843    832.088 1549499190       0.29      0.728   39.70176  -71.76738    35.5155  1028.3624    27.1442    10.4755 0.0000e+00
    270.738    10.4802    35.3438  1028.3654     1.5659     2.9992     48.060   -0.00014    6.24053    6.24319      7.915    -0.0322   11.27172   3.900572 5.0640e-11    27.1425    27.1367 1.0000e-12    273.000          1      20035    1496.46 1.9747e+00  54967.912    834.743 1549499193      -0.16      0.403   39.70176  -71.76741    35.5103  1028.3680    27.1452    10.4473 0.0000e+00
    271.732    10.4317    35.3383  1028.3745     1.5648     2.9945     47.954   -0.00077    6.24458    6.24730      7.915    -0.0278   11.27845   3.895329 5.0640e-11    27.1469    27.1411 1.0000e-12    274.000          1      20114    1496.30 1.9747e+00  54970.565    838.041 1549499196       0.33      0.451   39.70176  -71.76743    35.5038  1028.3762    27.1486    10.3987 0.0000e+00
    272.715    10.4154    35.3375  1028.3813     1.5642     2.9983     48.010   -0.00008    6.24525    6.24797 -9.990e-29    -0.0392   11.27956   3.893934 5.0640e-11    27.1491    27.1433 1.0000e-12    275.000          1      20177    1496.25 1.9747e+00  54973.427    840.653 1549499198      -0.16      0.372   39.70176  -71.76745    35.5050  1028.3846    27.1525    10.3824 0.0000e+00
    273.711    10.4167    35.3370  1028.3851     1.5647     3.0033     48.067    0.00022    6.24801    6.25077 -9.990e-29    -0.0350   11.28414   3.894061 5.0640e-11    27.1485    27.1426 1.0000e-12    276.000          1      20219    1496.28 1.9747e+00  54973.023    842.433 1549499200       0.08      0.592   39.70177  -71.76746    35.5046  1028.3885    27.1520    10.3835 0.0000e+00
    274.701    10.4087    35.3358  1028.3902     1.5646     3.0023     48.037   -0.00003    6.25003    6.25282 -9.990e-29    -0.0358   11.28749   3.893180 -9.990e-29    27.1490    27.1431 1.0000e-12    277.000          1      20260    1496.26 -9.990e-29  54973.631    844.145 1549499202      -0.00      0.583   39.70178  -71.76747    35.5030  1028.3932    27.1521    10.3754 0.0000e+00
    275.694    10.3800    35.3330  1028.3977     1.5640     3.0017     47.997   -0.00022    6.25386    6.25670      7.913    -0.0256   11.29386   3.890146 5.0640e-11    27.1518    27.1460 1.0000e-12    278.000          1      20327    1496.18 1.9747e+00  54976.125    846.899 1549499205      -0.04      0.336   39.70178  -71.76749    35.4996  1028.4002    27.1545    10.3467 0.0000e+00
    276.678    10.3499    35.3291  1028.4045     1.5628     2.9998     47.938   -0.00039    6.25770    6.26060      7.911    -0.0312   11.30025   3.886893 5.0640e-11    27.1541    27.1482 1.0000e-12    279.000          1      20407    1496.08 1.9747e+00  54977.381    850.254 1549499208       0.14      0.353   39.70178  -71.76751    35.4954  1028.4069    27.1565    10.3165 0.0000e+00
    277.674    10.3349    35.3283  1028.4112     1.5624     3.0006     47.944   -0.00022    6.25847    6.26137      7.911    -0.0276   11.30151   3.885497 -9.990e-29    27.1561    27.1503 1.0000e-12    280.000          1      20439    1496.04 -9.990e-29  54979.967    851.600 1549499209       0.21      0.650   39.70178  -71.76753    35.4953  1028.4140    27.1591    10.3015 0.0000e+00
    278.667    10.3253    35.3271  1028.4165     1.5615     2.9946     47.850   -0.00069    6.25829    6.26119 -9.990e-29 -9.990e-29   11.30122   3.884494 -9.990e-29    27.1569    27.1510 1.0000e-12    281.000          1      20472    1496.02 -9.990e-29  54980.919    852.971 1549499211      -0.04      0.750   39.70179  -71.76754    35.4940  1028.4193    27.1598    10.2917 0.0000e+00
    279.661    10.3184    35.3264  1028.4216     1.5611     2.9963     47.875   -0.00031    6.25861    6.26152      7.911    -0.0418   11.30176   3.883864 5.0640e-11    27.1575    27.1516 1.0000e-12    282.000          1      20551    1496.01 1.9747e+00  54981.891    856.230 1549499214       0.11      0.518   39.70180  -71.76756    35.4938  1028.4248    27.1608    10.2848 0.0000e+00
    280.647    10.3166    35.3262  1028.4263     1.5602     2.9947     47.823   -0.00048    6.26199    6.26495      7.911    -0.0409   11.30738   3.883789 5.1500e+04    27.1577    27.1518 1.0000e-12    283.000          1      20636    1496.02 9.5773e-01  54982.577    859.783 1549499218       0.18      0.708   39.70180  -71.76759    35.4944  1028.4301    27.1616    10.2828 0.0000e+00
    281.639    10.3144    35.3258  1028.4308 -9.990e-29     2.9978     47.875   -0.00006    6.26187    6.26483      7.911    -0.0321   11.30718   3.883550 9.9636e+04    27.1578    27.1519 1.0000e-12    284.000          1      20668    1496.03 7.1722e-03  54983.122    861.115 1549499219      -0.03      0.766   39.70180  -71.76760    35.4937  1028.4345    27.1615    10.2804 0.0000e+00
    282.637    10.2916    35.3235  1028.4377     1.5582     2.9981     47.876   -0.00000    6.26215    6.26511      7.911    -0.0403   11.30765   3.881105 7.0043e+04    27.1600    27.1541 1.0000e-12    285.000          1      20720    1495.96 5.9155e-01  54985.237    863.298 1549499221       0.05      0.636   39.70180  -71.76761    35.4905  1028.4406    27.1630    10.2576 0.0000e+00
    283.622    10.2542    35.3192  1028.4455     1.5581     2.9906     47.679   -0.00117    6.27230    6.27540      7.910    -0.0411   11.32451   3.876990 1.1650e+03    27.1632    27.1573 1.0000e-12    286.000          1      20824    1495.84 1.9517e+00  54987.468    867.635 1549499225       0.28      0.730   39.70182  -71.76765    35.4845  1028.4471    27.1648    10.2202 0.0000e+00
    284.612    10.2269    35.3170  1028.4532     1.5587     3.0030     47.864    0.00031    6.27405    6.27718      7.908    -0.0273   11.32741   3.874343 5.0640e-11    27.1662    27.1603 1.0000e-12    287.000          1      20864    1495.76 1.9747e+00  54990.622    869.300 1549499227      -0.20      0.660   39.70182  -71.76766    35.4837  1028.4559    27.1690    10.1928 0.0000e+00
    285.605    10.2125    35.3149  1028.4587     1.5582     2.9989     47.800   -0.00011    6.27380    6.27692      7.908    -0.0368   11.32701   3.872804 5.0640e-11    27.1671    27.1612 1.0000e-12    288.000          1      20929    1495.72 1.9747e+00  54991.258    872.004 1549499230       0.11      0.330   39.70182  -71.76767    35.4816  1028.4613    27.1698    10.1783 0.0000e+00
    286.591    10.2094    35.3141  1028.4629     1.5571     2.9986     47.785   -0.00014    6.27514    6.27828      7.907    -0.0413   11.32922   3.872556 5.0640e-11    27.1669    27.1610 1.0000e-12    289.000          1      21010    1495.72 1.9747e+00  54991.055    875.372 1549499233       0.03      0.362   39.70183  -71.76770    35.4816  1028.4664    27.1704    10.1751 0.0000e+00
    287.587    10.2027    35.3134  1028.4681     1.5570     2.9944     47.715   -0.00049    6.27573    6.27887 -9.990e-29    -0.0308   11.33019   3.871904 5.0640e-11    27.1676    27.1616 1.0000e-12    290.000          1      21056    1495.72 1.9747e+00  54992.422    877.273 1549499235       0.16      0.538   39.70184  -71.76772    35.4811  1028.4717    27.1712    10.1683 0.0000e+00
    288.574    10.1908    35.3130  1028.4745     1.5572     3.0026     47.787    0.00000    6.28332    6.28657      7.907    -0.0314   11.34279   3.870777 5.0640e-11    27.1695    27.1635 1.0000e-12    291.000          1      21134    1495.69 1.9747e+00  54994.942    880.539 1549499238      -0.09      0.256   39.70184  -71.76773    35.4807  1028.4780    27.1730    10.1563 0.0000e+00
