CalculateIndicators/WaterTemperature/Data/CTD_NYOS/NY1902_06_3_6.cnv
* Sea-Bird SBE 9 Data File:
* FileName = C:\Seabird 9 CTD\Data\2019\201902_Offshore\NY1902_ctd_casts\NY1902_06_3_6.hex
* Software Version Seasave V 7.23.2
* Temperature SN = 4590
* Conductivity SN = 3228
* Number of Bytes Per Scan = 44
* Number of Voltage Words = 5
* Number of Scans Averaged by the Deck Unit = 1
* NMEA Latitude = 39 28.43 N
* NMEA Longitude = 072 01.48 W
* NMEA UTC (Time) = Feb 07 2019  04:12:53
* NMEA baud rate = 4800
** Ship: Seawolf
** Station: 3_6
** Operator: HBB
# nquan = 35
# nvalues = 1172                        
# units = specified
# name 0 = depSM: Depth [salt water, m]
# name 1 = t090C: Temperature [ITS-90, deg C]
# name 2 = sal00: Salinity, Practical [PSU]
# name 3 = density00: Density [density, kg/m^3]
# name 4 = sbeox0V: Oxygen raw, SBE 43 [V]
# name 5 = sbeox0ML/L: Oxygen, SBE 43 [ml/l]
# name 6 = sbeox0PS: Oxygen, SBE 43 [% saturation]
# name 7 = sbox0dV/dT: Oxygen, SBE 43 [dov/dt]
# name 8 = oxsolML/L: Oxygen Saturation, Garcia & Gordon [ml/l]
# name 9 = oxsatML/L: Oxygen Saturation, Weiss [ml/l]
# name 10 = ph: pH
# name 11 = flECO-AFL: Fluorescence, WET Labs ECO-AFL/FL [mg/m^3]
# name 12 = n2satML/L: Nitrogen Saturation [ml/l]
# name 13 = c0S/m: Conductivity [S/m]
# name 14 = cpar: CPAR/Corrected Irradiance [%]
# name 15 = sigma-é00: Density [sigma-theta, kg/m^3]
# name 16 = sigma-t00: Density [sigma-t, kg/m^3 ]
# name 17 = par: PAR/Irradiance, Biospherical/Licor
# name 18 = prDM: Pressure, Digiquartz [db]
# name 19 = pumps: Pump Status
# name 20 = scan: Scan Count
# name 21 = svCM: Sound Velocity [Chen-Millero, m/s]
# name 22 = spar: SPAR, Biospherical/Licor
# name 23 = specc: Specific Conductance [uS/cm]
# name 24 = timeS: Time, Elapsed [seconds]
# name 25 = timeY: Time, System [seconds]
# name 26 = accM: Acceleration [m/s^2]
# name 27 = dz/dtM: Descent Rate [m/s]
# name 28 = latitude: Latitude [deg]
# name 29 = longitude: Longitude [deg]
# name 30 = gsw_saA0: Absolute Salinity [g/kg]
# name 31 = gsw_densityA0: density, TEOS-10 [density, kg/m^3]
# name 32 = gsw_sigma0A0: density, TEOS-10 [sigma-0, kg/m^3 ]
# name 33 = gsw_ptA0: potential temperature [ITS-90, deg C]
# name 34 = flag: flag
# span 0 =      0.982,    581.733       
# span 1 =     5.8473,    13.3942       
# span 2 =    33.0221,    35.6590       
# span 3 =  1025.8428,  1030.3024       
# span 4 =     1.5566,     2.7837       
# span 5 =     3.0060,     7.5683       
# span 6 =     47.672,    101.138       
# span 7 =   -0.03120,    0.04002       
# span 8 =    5.85751,    7.49420       
# span 9 =    5.85519,    7.49547       
# span 10 =      7.904,      9.497      
# span 11 =    -0.0610,     0.9749      
# span 12 =   10.63526,   13.57959      
# span 13 =   3.363111,   4.208051      
# span 14 = -1.060e+04, 1.0601e+05      
# span 15 =    25.8383,    27.6183      
# span 16 =    25.8383,    27.6118      
# span 17 = 1.0000e-12, 1.0000e-12      
# span 18 =      1.000,    587.000      
# span 19 =          1,          1      
# span 20 =        266,      72099      
# span 21 =    1476.81,    1505.28      
# span 22 = -1.186e-01, 2.1839e+00      
# span 23 =  52278.590,  55976.016      
# span 24 =     11.057,   3004.090      
# span 25 = 1549512785, 1549515778      
# span 26 =      -1.13,       0.90      
# span 27 =     -1.643,      1.115      
# span 28 =   39.47396,   39.47855      
# span 29 =  -72.02945,  -72.02474      
# span 30 =    33.1785,    35.8281      
# span 31 =  1025.8450,  1030.3054      
# span 32 =    25.8404,    27.6214      
# span 33 =     5.7957,    13.3686      
# span 34 = 0.0000e+00, 0.0000e+00      
# interval = decibars: 1                
# start_time = Feb 07 2019 04:12:54 [System UTC, first data scan.]
# bad_flag = -9.990e-29
*END*
[from data line 249]
    248.940    11.8414    35.5030  1028.1338     1.6615     3.1492     51.853   -0.00529    6.07335    6.07379      7.976    -0.0085   10.99363   4.045496 -9.990e-29    27.0166    27.0104 1.0000e-12    251.000          1      15561    1501.03 -9.990e-29  54923.575    648.349 1549513423       0.71      0.606   39.47496  -72.02574    35.6555  1028.1253    27.0082    11.8087 0.0000e+00
    249.926    11.7302    35.4977  1028.1557     1.6514     3.0966     51.026   -0.00904    6.06872    6.06910      7.974    -0.0357   10.98596   4.034899 5.0640e-11    27.0335    27.0274 1.0000e-12    252.000          1      15590    1500.66 1.9747e+00  54935.978    649.526 1549513424       0.03      0.985   39.47496  -72.02574    35.6571  1028.1527    27.0306    11.6976 0.0000e+00
    250.933    11.6853    35.4913  1028.1641     1.6477     3.1079     51.175   -0.00577    6.07305    6.07348      7.973    -0.0302   10.99314   4.030028 1.4502e+04    27.0371    27.0309 1.0000e-12    253.000          1      15618    1500.51 1.6883e+00  54935.494    650.709 1549513425      -0.07      0.874   39.47496  -72.02574    35.6516  1028.1616    27.0348    11.6526 0.0000e+00
    251.914    11.7027    35.4921  1028.1657     1.6431     3.1237     51.392   -0.00139    6.07825    6.07875      7.972    -0.0329   11.00179   4.032144 8.9402e+04    27.0345    27.0282 1.0000e-12    254.000          1      15684    1500.59 2.0927e-01  54934.229    653.443 1549513428       0.23      0.298   39.47496  -72.02574    35.6555  1028.1657    27.0345    11.6698 0.0000e+00
    252.903    11.6460    35.4857  1028.1762     1.6370     3.1062     51.050   -0.00221    6.08461    6.08519      7.972    -0.0177   11.01241   4.026308 5.3438e+03    27.0402    27.0340 1.0000e-12    255.000          1      15776    1500.41 1.8692e+00  54935.843    657.274 1549513432       0.66      0.606   39.47496  -72.02576    35.6517  1028.1783    27.0423    11.6131 0.0000e+00
    253.900    11.6361    35.4835  1028.1809     1.6357     3.1064     51.014   -0.00195    6.08944    6.09009      7.969    -0.0097   11.02041   4.025118 3.5731e+03    27.0404    27.0341 1.0000e-12    256.000          1      15802    1500.39 1.9041e+00  54935.180    658.388 1549513433       0.07      0.947   39.47498  -72.02576    35.6490  1028.1825    27.0420    11.6031 0.0000e+00
    254.885    11.6138    35.4805  1028.1873     1.6347     3.1116     51.093   -0.00071    6.09008    6.09073      7.969    -0.0240   11.02147   4.022525 -5.535e+01    27.0423    27.0360 1.0000e-12    257.000          1      15837    1500.32 1.9758e+00  54935.550    659.834 1549513434      -0.21      0.746   39.47498  -72.02576    35.6443  1028.1877    27.0427    11.5807 0.0000e+00
    255.879    11.5513    35.4747  1028.1994     1.6332     3.1107     51.043   -0.00059    6.09428    6.09499      7.969    -0.0271   11.02848   4.016055 5.0640e-11    27.0495    27.0433 1.0000e-12    258.000          1      15913    1500.12 1.9747e+00  54939.143    662.980 1549513437       0.06      0.283   39.47497  -72.02576    35.6398  1028.2007    27.0509    11.5182 0.0000e+00
    256.872    11.5096    35.4673  1028.2061     1.6283     3.0972     50.622   -0.00267    6.11840    6.11943      7.969    -0.0245   11.06856   4.010917 -9.990e-29    27.0515    27.0453 1.0000e-12    259.000          1      16012    1499.98 -9.990e-29  54936.898    667.111 1549513441       0.63      0.689   39.47498  -72.02578    35.6285  1028.2045    27.0500    11.4764 0.0000e+00
    257.849    11.4327    35.4604  1028.2199     1.6235     3.0680     50.167   -0.00501    6.11561    6.11660      7.968    -0.0281   11.06396   4.002640 -9.990e-29    27.0605    27.0543 1.0000e-12    260.000          1      16042    1499.72 -9.990e-29  54941.618    668.379 1549513443      -0.12      0.926   39.47498  -72.02578    35.6198  1028.2169    27.0575    11.3996 0.0000e+00
    258.856    11.3629    35.4537  1028.2325     1.6227     3.0838     50.385   -0.00248    6.12052    6.12158      7.965    -0.0382   11.07209   3.995121 -9.990e-29    27.0683    27.0621 1.0000e-12    261.000          1      16064    1499.49 -9.990e-29  54945.567    669.308 1549513444       0.19      0.952   39.47498  -72.02578    35.6118  1028.2284    27.0642    11.3298 0.0000e+00
    259.846    11.3286    35.4502  1028.2409     1.6217     3.0961     50.567   -0.00023    6.12284    6.12393      7.964    -0.0323   11.07597   3.992192 -9.990e-29    27.0720    27.0658 1.0000e-12    262.000          1      16138    1499.38 -9.990e-29  54947.598    672.373 1549513447      -0.01      0.451   39.47498  -72.02578    35.6153  1028.2422    27.0733    11.2953 0.0000e+00
    260.833    11.3000    35.4460  1028.2475     1.6201     3.0977     50.567    0.00033    6.12592    6.12705      7.963    -0.0220   11.08110   3.989119 -9.990e-29    27.0740    27.0678 1.0000e-12    263.000          1      16237    1499.30 -9.990e-29  54947.633    676.492 1549513451       0.78      0.463   39.47498  -72.02578    35.6117  1028.2493    27.0759    11.2668 0.0000e+00
    261.821    11.2982    35.4458  1028.2521     1.6161     3.0675     50.080   -0.00271    6.12515    6.12626      7.963    -0.0175   11.07981   3.989094 -9.990e-29    27.0742    27.0680 1.0000e-12    264.000          1      16265    1499.30 -9.990e-29  54948.179    677.668 1549513452       0.04      0.940   39.47499  -72.02579    35.6128  1028.2550    27.0771    11.2648 0.0000e+00
    262.818    11.2968    35.4446  1028.2560     1.6158     3.0720     50.148   -0.00190    6.12581    6.12693      7.963    -0.0363   11.08091   3.988771 5.0640e-11    27.0735    27.0673 1.0000e-12    265.000          1      16290    1499.31 1.9747e+00  54947.402    678.718 1549513453       0.08      0.877   39.47500  -72.02580    35.6104  1028.2579    27.0755    11.2633 0.0000e+00
    263.806    11.2798    35.4423  1028.2619     1.6149     3.0824     50.262   -0.00049    6.13266    6.13387      7.960    -0.0225   11.09231   3.987039 5.0640e-11    27.0749    27.0687 1.0000e-12    266.000          1      16387    1499.27 1.9747e+00  54947.987    682.764 1549513457       0.22      0.291   39.47500  -72.02580    35.6091  1028.2645    27.0776    11.2462 0.0000e+00
    264.792    11.2479    35.4380  1028.2690     1.6134     3.0779     50.158   -0.00089    6.13634    6.13760      7.960    -0.0358   11.09843   3.983426 -9.990e-29    27.0775    27.0712 1.0000e-12    267.000          1      16436    1499.17 -9.990e-29  54948.395    684.771 1549513459       0.24      0.601   39.47500  -72.02580    35.6034  1028.2707    27.0792    11.2142 0.0000e+00
    265.787    11.2311    35.4366  1028.2756     1.6114     3.0695     50.014   -0.00141    6.13728    6.13856      7.960    -0.0238   11.09999   3.981797 -9.990e-29    27.0795    27.0733 1.0000e-12    268.000          1      16462    1499.12 -9.990e-29  54950.207    685.879 1549513460       0.17      0.824   39.47500  -72.02580    35.6029  1028.2779    27.0819    11.1973 0.0000e+00
    266.785    11.2154    35.4345  1028.2815     1.6102     3.0675     49.984   -0.00116    6.13693    6.13821      7.960    -0.0258   11.09942   3.980098 5.0640e-11    27.0808    27.0745 1.0000e-12    269.000          1      16499    1499.09 1.9747e+00  54950.786    687.400 1549513462      -0.12      0.780   39.47500  -72.02580    35.6007  1028.2836    27.0830    11.1815 0.0000e+00
    267.764    11.1872    35.4299  1028.2876     1.6053     3.0517     49.654   -0.00235    6.14596    6.14735      7.956    -0.0252   11.11444   3.976925 5.0640e-11    27.0824    27.0761 1.0000e-12    270.000          1      16609    1499.00 1.9747e+00  54950.173    692.017 1549513466       0.62      0.399   39.47502  -72.02582    35.5957  1028.2896    27.0844    11.1533 0.0000e+00
    268.765    11.1525    35.4255  1028.2954     1.6040     3.0496     49.593   -0.00237    6.14926    6.15069      7.955    -0.0398   11.11994   3.972996 -9.990e-29    27.0854    27.0792 1.0000e-12    271.000          1      16634    1498.89 -9.990e-29  54951.188    693.041 1549513467       0.22      0.884   39.47502  -72.02582    35.5894  1028.2958    27.0859    11.1185 0.0000e+00
    269.750    11.1250    35.4239  1028.3037     1.6026     3.0617     49.717   -0.00057    6.15829    6.15984      7.956    -0.0271   11.13494   3.970465 5.0640e-11    27.0891    27.0829 1.0000e-12    272.000          1      16684    1498.81 1.9747e+00  54954.643    695.109 1549513469      -0.27      0.483   39.47502  -72.02582    35.5903  1028.3061    27.0916    11.0909 0.0000e+00
    270.748    11.0819    35.4177  1028.3115     1.6002     3.0491     49.505   -0.00154    6.15917    6.16074      7.956    -0.0338   11.13640   3.965373 5.0640e-11    27.0922    27.0860 1.0000e-12    273.000          1      16726    1498.67 1.9747e+00  54954.685    696.866 1549513471       0.38      0.600   39.47502  -72.02582    35.5804  1028.3110    27.0918    11.0478 0.0000e+00
    271.730    11.0213    35.4115  1028.3225     1.5977     3.0543     49.521   -0.00041    6.16772    6.16941      7.953    -0.0190   11.15062   3.959124 5.0640e-11    27.0985    27.0923 1.0000e-12    274.000          1      16812    1498.46 1.9747e+00  54958.060    700.450 1549513475       0.18      0.359   39.47502  -72.02582    35.5760  1028.3234    27.0994    10.9872 0.0000e+00
    272.726    10.9884    35.4081  1028.3305     1.5959     3.0433     49.320   -0.00155    6.17051    6.17223 -9.990e-29    -0.0410   11.15524   3.955581 -9.990e-29    27.1018    27.0956 1.0000e-12    275.000          1      16855    1498.36 -9.990e-29  54960.106    702.251 1549513477       0.49      0.713   39.47502  -72.02582    35.5718  1028.3308    27.1022    10.9542 0.0000e+00
    273.723    10.9618    35.4062  1028.3386     1.5962     3.0517     49.444   -0.00052    6.17193    6.17366 -9.990e-29    -0.0124   11.15760   3.953013 -9.990e-29    27.1052    27.0990 1.0000e-12    276.000          1      16892    1498.28 -9.990e-29  54963.164    703.787 1549513478       0.04      0.736   39.47502  -72.02582    35.5712  1028.3398    27.1066    10.9276 0.0000e+00
    274.706    10.9426    35.4040  1028.3448     1.5970     3.0597     49.519   -0.00027    6.17886    6.18069 -9.990e-29    -0.0296   11.16913   3.951072 -9.990e-29    27.1069    27.1007 1.0000e-12    277.000          1      16966    1498.23 -9.990e-29  54964.284    706.877 1549513481       0.37      0.342   39.47504  -72.02582    35.5699  1028.3469    27.1090    10.9083 0.0000e+00
    275.694    10.9248    35.4019  1028.3510     1.5976     3.0688     49.618    0.00036    6.18483    6.18674      7.951    -0.0161   11.17903   3.949164 -9.990e-29    27.1086    27.1023 1.0000e-12    278.000          1      17014    1498.18 -9.990e-29  54965.407    708.870 1549513483      -0.11      0.513   39.47504  -72.02584    35.5676  1028.3529    27.1105    10.8903 0.0000e+00
    276.692    10.8732    35.3960  1028.3605     1.5972     3.0643     49.546   -0.00021    6.18474    6.18665      7.950    -0.0262   11.17890   3.943415 -9.990e-29    27.1133    27.1070 1.0000e-12    279.000          1      17050    1498.01 -9.990e-29  54967.601    710.363 1549513485       0.26      0.634   39.47504  -72.02584    35.5592  1028.3604    27.1133    10.8388 0.0000e+00
    277.680    10.8475    35.3938  1028.3681     1.5958     3.0659     49.438   -0.00066    6.20146    6.20359      7.949    -0.0215   11.20668   3.941024 -9.990e-29    27.1162    27.1100 1.0000e-12    280.000          1      17121    1497.93 -9.990e-29  54970.093    713.354 1549513488      -0.01      0.344   39.47504  -72.02584    35.5596  1028.3700    27.1182    10.8130 0.0000e+00
    278.664    10.7799    35.3834  1028.3770     1.5930     3.0656     49.308   -0.00078    6.21718    6.21954      7.946    -0.0283   11.23280   3.932682 -9.990e-29    27.1203    27.1141 1.0000e-12    281.000          1      17187    1497.70 -9.990e-29  54969.214    716.096 1549513490       0.26      0.490   39.47505  -72.02584    35.5406  1028.3723    27.1156    10.7454 0.0000e+00
    279.663    10.6612    35.3739  1028.3961     1.5897     3.0444     48.968   -0.00259    6.21714    6.21949      7.945    -0.0278   11.23276   3.920628 -9.990e-29    27.1342    27.1280 1.0000e-12    282.000          1      17213    1497.29 -9.990e-29  54979.874    717.152 1549513491       0.26      0.796   39.47506  -72.02584    35.5335  1028.3932    27.1314    10.6268 0.0000e+00
    280.656    10.6234    35.3693  1028.4039     1.5871     3.0457     48.939   -0.00175    6.22343    6.22586      7.945    -0.0246   11.24319   3.916797 -9.990e-29    27.1373    27.1311 1.0000e-12    283.000          1      17255    1497.16 -9.990e-29  54981.295    718.925 1549513493      -0.20      0.602   39.47506  -72.02584    35.5311  1028.4027    27.1362    10.5890 0.0000e+00
    281.644    10.5656    35.3611  1028.4126     1.5842     3.0476     48.922   -0.00070    6.22951    6.23203 -9.990e-29    -0.0283   11.25333   3.910374 -9.990e-29    27.1412    27.1351 1.0000e-12    284.000          1      17332    1496.97 -9.990e-29  54981.992    722.109 1549513496       0.31      0.256   39.47506  -72.02585    35.5217  1028.4106    27.1392    10.5312 0.0000e+00
    282.637    10.5143    35.3556  1028.4222     1.5809     3.0338     48.663   -0.00181    6.23431    6.23690 -9.990e-29    -0.0301   11.26130   3.905181 -9.990e-29    27.1460    27.1399 1.0000e-12    285.000          1      17397    1496.79 -9.990e-29  54985.209    724.821 1549513499       0.73      0.527   39.47506  -72.02586    35.5185  1028.4219    27.1457    10.4799 0.0000e+00
    283.628    10.5026    35.3546  1028.4281     1.5801     3.0380     48.722   -0.00096    6.23540    6.23800      7.941    -0.0394   11.26310   3.904181 -9.990e-29    27.1473    27.1412 1.0000e-12    286.000          1      17429    1496.77 -9.990e-29  54986.732    726.178 1549513500      -0.13      0.802   39.47506  -72.02586    35.5193  1028.4291    27.1484    10.4681 0.0000e+00
    284.618    10.4910    35.3529  1028.4334     1.5786     3.0331     48.639   -0.00108    6.23599    6.23859      7.941    -0.0063   11.26408   3.902913 -9.990e-29    27.1481    27.1420 1.0000e-12    287.000          1      17467    1496.74 -9.990e-29  54987.350    727.752 1549513502       0.18      0.551   39.47506  -72.02586    35.5173  1028.4342    27.1489    10.4563 0.0000e+00
    285.607    10.4759    35.3516  1028.4395     1.5805     3.0503     48.876    0.00022    6.24075    6.24342      7.942    -0.0183   11.27200   3.901604 5.0640e-11    27.1497    27.1436 1.0000e-12    288.000          1      17558    1496.70 1.9747e+00  54989.078    731.527 1549513506       0.09      0.247   39.47506  -72.02586    35.5182  1028.4421    27.1524    10.4412 0.0000e+00
    286.596    10.4663    35.3499  1028.4445     1.5784     3.0360     48.605   -0.00150    6.24630    6.24905 -9.990e-29    -0.0269   11.28122   3.900504 5.0640e-11    27.1501    27.1440 1.0000e-12    289.000          1      17613    1496.68 1.9747e+00  54989.421    733.813 1549513508       0.50      0.541   39.47508  -72.02586    35.5159  1028.4466    27.1523    10.4314 0.0000e+00
    287.596    10.4437    35.3468  1028.4507     1.5781     3.0384     48.643   -0.00093    6.24636    6.24911 -9.990e-29    -0.0185   11.28131   3.897913 -9.990e-29    27.1517    27.1456 1.0000e-12    290.000          1      17638    1496.62 -9.990e-29  54990.208    734.882 1549513509       0.14      0.915   39.47508  -72.02587    35.5112  1028.4515    27.1526    10.4088 0.0000e+00
    288.584    10.4042    35.3433  1028.4596     1.5771     3.0468     48.748   -0.00006    6.25023    6.25303      7.938    -0.0285   11.28776   3.893926 -9.990e-29    27.1559    27.1497 1.0000e-12    291.000          1      17685    1496.49 -9.990e-29  54993.754    736.852 1549513511      -0.17      0.593   39.47508  -72.02588    35.5086  1028.4612    27.1575    10.3693 0.0000e+00
