CalculateIndicators/WaterTemperature/Data/CTD_NYOS/NY1902_11_4_6.cnv
* Sea-Bird SBE 9 Data File:
* FileName = C:\Seabird 9 CTD\Data\2019\201902_Offshore\NY1902_ctd_casts\NY1902_11_4_6.hex
* Software Version Seasave V 7.23.2
* Temperature SN = 4590
* Conductivity SN = 3228
* Number of Bytes Per Scan = 44
* Number of Voltage Words = 5
* Number of Scans Averaged by the Deck Unit = 1
* NMEA Latitude = 39 29.37 N
* NMEA Longitude = 072 22.43 W
* NMEA UTC (Time) = Feb 11 2019  09:13:21
* NMEA baud rate = 4800
** Ship: Seawolf
** Station: 4.6
** Operator: HBB
# nquan = 35
# nvalues = 268                         
# units = specified
# name 0 = depSM: Depth [salt water, m]
# name 1 = t090C: Temperature [ITS-90, deg C]
# name 2 = sal00: Salinity, Practical [PSU]
# name 3 = density00: Density [density, kg/m^3]
# name 4 = sbeox0V: Oxygen raw, SBE 43 [V]
# name 5 = sbeox0ML/L: Oxygen, SBE 43 [ml/l]
# name 6 = sbeox0PS: Oxygen, SBE 43 [% saturation]
# name 7 = sbox0dV/dT: Oxygen, SBE 43 [dov/dt]
# name 8 = oxsolML/L: Oxygen Saturation, Garcia & Gordon [ml/l]
# name 9 = oxsatML/L: Oxygen Saturation, Weiss [ml/l]
# name 10 = ph: pH
# name 11 = flECO-AFL: Fluorescence, WET Labs ECO-AFL/FL [mg/m^3]
# name 12 = n2satML/L: Nitrogen Saturation [ml/l]
# name 13 = c0S/m: Conductivity [S/m]
# name 14 = cpar: CPAR/Corrected Irradiance [%]
# name 15 = sigma-é00: Density [sigma-theta, kg/m^3]
# name 16 = sigma-t00: Density [sigma-t, kg/m^3 ]
# name 17 = par: PAR/Irradiance, Biospherical/Licor
# name 18 = prDM: Pressure, Digiquartz [db]
# name 19 = pumps: Pump Status
# name 20 = scan: Scan Count
# name 21 = svCM: Sound Velocity [Chen-Millero, m/s]
# name 22 = spar: SPAR, Biospherical/Licor
# name 23 = specc: Specific Conductance [uS/cm]
# name 24 = timeS: Time, Elapsed [seconds]
# name 25 = timeY: Time, System [seconds]
# name 26 = accM: Acceleration [m/s^2]
# name 27 = dz/dtM: Descent Rate [m/s]
# name 28 = latitude: Latitude [deg]
# name 29 = longitude: Longitude [deg]
# name 30 = gsw_saA0: Absolute Salinity [g/kg]
# name 31 = gsw_densityA0: density, TEOS-10 [density, kg/m^3]
# name 32 = gsw_sigma0A0: density, TEOS-10 [sigma-0, kg/m^3 ]
# name 33 = gsw_ptA0: potential temperature [ITS-90, deg C]
# name 34 = flag: flag
# span 0 =      0.991,    133.936       
# span 1 =     8.4324,    12.4841       
# span 2 =    33.1939,    35.1862       
# span 3 =  1025.7892,  1027.2447       
# span 4 =     1.9057,     2.7432       
# span 5 =     4.0910,     7.2398       
# span 6 =     61.895,    104.487       
# span 7 =   -0.01529,    0.16631       
# span 8 =    5.98427,    7.39377       
# span 9 =    5.98327,    7.39482       
# span 10 =      8.236,      8.442      
# span 11 =     0.0496,     1.3704      
# span 12 =   10.84986,   13.38792      
# span 13 =   3.495501,   4.071236      
# span 14 = -2.229e+04, 1.1252e+05      
# span 15 =    25.7535,    26.6445      
# span 16 =    25.7534,    26.6410      
# span 17 = 1.0000e-12, 1.0000e-12      
# span 18 =      1.000,    135.000      
# span 19 =          0,          1      
# span 20 =        303,      22751      
# span 21 =    1481.96,    1500.90      
# span 22 = -2.472e-01, 2.4148e+00      
# span 23 =  52154.773,  54311.337      
# span 24 =     12.574,    947.915      
# span 25 = 1549876412, 1549877348      
# span 26 =      -0.57,       0.46      
# span 27 =     -0.821,      0.820      
# span 28 =   39.48884,   39.48950      
# span 29 =  -72.37388,  -72.37324      
# span 30 =    33.3564,    35.3526      
# span 31 =  1025.7952,  1027.2486      
# span 32 =    25.7634,    26.6485      
# span 33 =     8.4322,    12.4662      
# span 34 = 0.0000e+00, 0.0000e+00      
# interval = decibars: 1                
# start_time = Feb 11 2019 09:13:20 [System UTC, first data scan.]
# bad_flag = -9.990e-29
*END*
[from data line 208]
     59.532     9.0610    33.9110  1026.5285     2.6961     6.3394     97.626   -0.00104    6.49360    6.49855      8.401     0.3305   11.70675   3.618905 9.4685e+04    26.2567    26.2557 1.0000e-12     60.000          1      15692    1486.07 1.0493e-01  53120.678    653.793 1549877054       0.04     -0.374   39.48906  -72.37338    34.0717  1026.5315    26.2597     9.0546 0.0000e+00
     58.546     9.0387    33.9073  1026.5247     2.6966     6.3557     97.813    0.00071    6.49777    6.50278 -9.990e-29     0.3398   11.71375   3.616347 -9.409e+03    26.2573    26.2563 1.0000e-12     59.000          1      15785    1485.97 2.1605e+00  53119.753    657.670 1549877057      -0.06     -0.250   39.48906  -72.37336    34.0667  1026.5267    26.2593     9.0324 0.0000e+00
     57.545     9.0245    33.9010  1026.5175     2.6989     6.3649     97.954    0.00111    6.49789    6.50290 -9.990e-29     0.3141   11.71396   3.614390 5.0640e-11    26.2547    26.2537 1.0000e-12     58.000          1      15831    1485.89 1.9747e+00  53113.387    659.601 1549877059      -0.16     -0.531   39.48906  -72.37336    34.0603  1026.5194    26.2566     9.0183 0.0000e+00
     56.560     9.0142    33.8988  1026.5129     2.6984     6.3569     97.792   -0.00010    6.50046    6.50550      8.400     0.3677   11.71825   3.613313 5.0640e-11    26.2545    26.2536 1.0000e-12     57.000          1      15943    1485.84 1.9747e+00  53111.836    664.253 1549877064      -0.02     -0.157   39.48906  -72.37336    34.0593  1026.5157    26.2574     9.0082 0.0000e+00
     55.564     8.9995    33.8938  1026.5068     2.7006     6.3696     97.961    0.00064    6.50214    6.50720      8.400     0.3697   11.72107   3.611359 5.0640e-11    26.2529    26.2520 1.0000e-12     56.000          1      16033    1485.76 1.9747e+00  53107.320    667.985 1549877068      -0.15     -0.301   39.48906  -72.37336    34.0533  1026.5088    26.2550     8.9936 0.0000e+00
     54.574     8.9856    33.8899  1026.5014     2.7032     6.3784     98.042    0.00045    6.50578    6.51089      8.400     0.3319   11.72717   3.609671 5.0640e-11    26.2521    26.2511 1.0000e-12     55.000          1      16135    1485.69 1.9747e+00  53104.299    672.255 1549877072      -0.06     -0.273   39.48904  -72.37336    34.0494  1026.5035    26.2542     8.9797 0.0000e+00
     53.581     8.9659    33.8843  1026.4956     2.7071     6.3962     98.295    0.00128    6.50721    6.51234      8.400     0.5112   11.72956   3.607275 5.0640e-11    26.2507    26.2498 1.0000e-12     54.000          1      16212    1485.59 1.9747e+00  53099.997    675.470 1549877075      -0.01     -0.325   39.48904  -72.37336    34.0436  1026.4975    26.2527     8.9602 0.0000e+00
     52.591     8.9566    33.8817  1026.4905     2.7081     6.3916     98.213    0.00016    6.50789    6.51302      8.401     0.4375   11.73070   3.606191 1.0778e+05    26.2502    26.2493 1.0000e-12     53.000          1      16308    1485.54 -1.537e-01  53097.790    679.452 1549877079      -0.04     -0.221   39.48904  -72.37336    34.0416  1026.4929    26.2526     8.9509 0.0000e+00
     51.592     8.9271    33.8744  1026.4849     2.7148     6.4080     98.411   -0.00077    6.51152    6.51671      8.387     0.4120   11.73681   3.602831 2.0988e+04    26.2491    26.2483 1.0000e-12     52.000          1      17028    1485.40 1.5603e+00  53093.336    709.443 1549877109      -0.20     -0.221   39.48902  -72.37332    34.0350  1026.4879    26.2521     8.9216 0.0000e+00
     50.604     8.9192    33.8711  1026.4790     2.7177     6.4237     98.618    0.00025    6.51374    6.51896 -9.990e-29     0.3802   11.74050   3.601722 -9.990e-29    26.2477    26.2469 1.0000e-12     51.000          1      17448    1485.35 -9.990e-29  53089.747    726.949 1549877127       0.02     -0.681   39.48900  -72.37330    34.0314  1026.4818    26.2505     8.9138 0.0000e+00
     49.611     8.9187    33.8708  1026.4743     2.7184     6.4262     98.654    0.00041    6.51387    6.51909      8.338     0.4300   11.74071   3.601607 5.0640e-11    26.2476    26.2467 1.0000e-12     50.000          1      17500    1485.33 1.9747e+00  53088.818    729.108 1549877129       0.06     -0.564   39.48900  -72.37332    34.0311  1026.4771    26.2504     8.9134 0.0000e+00
     48.625     8.9147    33.8700  1026.4698     2.7197     6.4294     98.710    0.00057    6.51344    6.51865      8.338     0.4367   11.73999   3.601114 5.0640e-11    26.2475    26.2467 1.0000e-12     49.000          1      17551    1485.30 1.9747e+00  53087.891    731.264 1549877131      -0.01     -0.443   39.48900  -72.37331    34.0303  1026.4725    26.2503     8.9095 0.0000e+00
     47.628     8.9168    33.8703  1026.4652     2.7216     6.4385     98.845    0.00118    6.51370    6.51891      8.338     0.3903   11.74042   3.601326 5.0640e-11    26.2475    26.2467 1.0000e-12     48.000          1      17590    1485.29 1.9747e+00  53087.270    732.856 1549877133      -0.11     -0.611   39.48900  -72.37330    34.0310  1026.4682    26.2505     8.9117 0.0000e+00
     46.638     8.9185    33.8709  1026.4608     2.7217     6.4323     98.748    0.00029    6.51385    6.51907      8.338     0.3657   11.74068   3.601493 5.0640e-11    26.2477    26.2469 1.0000e-12     47.000          1      17629    1485.28 1.9747e+00  53087.099    734.487 1549877134       0.06     -0.624   39.48900  -72.37330    34.0315  1026.4638    26.2507     8.9135 0.0000e+00
     45.644     8.9164    33.8707  1026.4564     2.7208     6.4228     98.600   -0.00064    6.51394    6.51916      8.334     0.3830   11.74083   3.601209 5.0640e-11    26.2478    26.2470 1.0000e-12     46.000          1      17666    1485.26 1.9747e+00  53086.542    736.033 1549877136      -0.08     -0.630   39.48900  -72.37330    34.0311  1026.4592    26.2506     8.9115 0.0000e+00
     44.650     8.9157    33.8703  1026.4517     2.7203     6.4245     98.596   -0.00033    6.51596    6.52120      8.334     0.3705   11.74421   3.601071 5.0640e-11    26.2476    26.2468 1.0000e-12     45.000          1      17707    1485.24 1.9747e+00  53085.511    737.769 1549877138       0.11     -0.594   39.48900  -72.37330    34.0307  1026.4545    26.2504     8.9109 0.0000e+00
     43.666     8.9103    33.8688  1026.4468     2.7206     6.4285     98.643    0.00016    6.51700    6.52226 -9.990e-29     0.3349   11.74595   3.600312 -9.990e-29    26.2472    26.2465 1.0000e-12     44.000          1      17762    1485.20 -9.990e-29  53083.914    740.046 1549877140      -0.06     -0.395   39.48900  -72.37330    34.0284  1026.4490    26.2494     8.9056 0.0000e+00
     42.665     8.8963    33.8649  1026.4414     2.7216     6.4348     98.737    0.00070    6.51717    6.52243 -9.990e-29     0.5445   11.74624   3.598628 -9.990e-29    26.2464    26.2456 1.0000e-12     43.000          1      17795    1485.13 -9.990e-29  53080.870    741.413 1549877141      -0.21     -0.671   39.48900  -72.37330    34.0246  1026.4437    26.2486     8.8918 0.0000e+00
     41.676     8.8960    33.8650  1026.4370     2.7233     6.4416     98.825    0.00093    6.51818    6.52345 -9.990e-29     0.5996   11.74792   3.598618 -9.990e-29    26.2465    26.2458 1.0000e-12     42.000          1      17835    1485.11 -9.990e-29  53080.466    743.095 1549877143       0.16     -0.624   39.48900  -72.37330    34.0252  1026.4396    26.2491     8.8916 0.0000e+00
     40.679     8.8928    33.8638  1026.4320     2.7238     6.4402     98.793    0.00048    6.51896    6.52423 -9.990e-29     0.3781   11.74922   3.598132 -9.990e-29    26.2460    26.2454 1.0000e-12     41.000          1      17876    1485.08 -9.990e-29  53078.867    744.784 1549877145      -0.11     -0.593   39.48900  -72.37330    34.0236  1026.4344    26.2484     8.8885 0.0000e+00
     39.698     8.8859    33.8618  1026.4270     2.7234     6.4340     98.665   -0.00039    6.52110    6.52641      8.329     0.3650   11.75284   3.597251 9.9999e+04    26.2455    26.2448 1.0000e-12     40.000          1      17931    1485.04 0.0000e+00  53076.806    747.076 1549877147       0.13     -0.404   39.48900  -72.37330    34.0214  1026.4292    26.2478     8.8817 0.0000e+00
     38.695     8.8781    33.8589  1026.4214     2.7263     6.4564     98.998    0.00169    6.52183    6.52714      8.329     0.3898   11.75405   3.596207 5.8905e+04    26.2445    26.2438 1.0000e-12     39.000          1      17966    1484.99 8.1148e-01  53073.831    748.552 1549877148      -0.22     -0.656   39.48899  -72.37330    34.0184  1026.4236    26.2466     8.8740 0.0000e+00
     37.712     8.8690    33.8557  1026.4157     2.7279     6.4573     99.009    0.00118    6.52193    6.52725      8.329     0.4013   11.75422   3.595023 1.1598e+03    26.2433    26.2427 1.0000e-12     38.000          1      18008    1484.93 1.9518e+00  53070.642    750.305 1549877150       0.16     -0.589   39.48898  -72.37330    34.0151  1026.4179    26.2455     8.8650 0.0000e+00
     36.709     8.8645    33.8541  1026.4107     2.7264     6.4391     98.728   -0.00077    6.52211    6.52743      8.331     0.3893   11.75453   3.594438 1.9146e+02    26.2428    26.2422 1.0000e-12     37.000          1      18043    1484.90 1.9709e+00  53068.861    751.731 1549877151      -0.14     -0.677   39.48898  -72.37330    34.0138  1026.4130    26.2451     8.8606 0.0000e+00
     35.729     8.8653    33.8542  1026.4061     2.7262     6.4438     98.782   -0.00000    6.52321    6.52854      8.330     0.3800   11.75636   3.594508 5.0640e-11    26.2428    26.2422 1.0000e-12     36.000          1      18096    1484.89 1.9747e+00  53068.191    753.960 1549877154       0.19     -0.417   39.48898  -72.37330    34.0142  1026.4086    26.2453     8.8615 0.0000e+00
     34.725     8.8597    33.8526  1026.4011     2.7269     6.4477     98.844    0.00038    6.52316    6.52849      8.332     0.4465   11.75628   3.593767 5.0640e-11    26.2423    26.2418 1.0000e-12     35.000          1      18130    1484.85 1.9747e+00  53066.415    755.378 1549877155      -0.32     -0.667   39.48898  -72.37330    34.0122  1026.4034    26.2446     8.8561 0.0000e+00
     33.740     8.8570    33.8521  1026.3966     2.7281     6.4528     98.906    0.00061    6.52420    6.52955 -9.990e-29     0.4227   11.75803   3.593470 5.0640e-11    26.2423    26.2418 1.0000e-12     34.000          1      18175    1484.82 1.9747e+00  53065.636    757.264 1549877157       0.23     -0.558   39.48898  -72.37330    34.0121  1026.3992    26.2449     8.8535 0.0000e+00
     32.745     8.8549    33.8514  1026.3919     2.7284     6.4506     98.862    0.00011    6.52484    6.53019      8.329     0.4542   11.75910   3.593127 1.6635e+04    26.2421    26.2416 1.0000e-12     33.000          1      18214    1484.79 1.6462e+00  53064.500    758.893 1549877159      -0.30     -0.587   39.48898  -72.37330    34.0110  1026.3942    26.2444     8.8514 0.0000e+00
     31.753     8.8491    33.8497  1026.3869     2.7290     6.4527     98.886    0.00025    6.52538    6.53074      8.331     0.4827   11.76000   3.592408 4.6073e+04    26.2417    26.2412 1.0000e-12     32.000          1      18257    1484.75 1.0649e+00  53062.798    760.666 1549877160       0.16     -0.587   39.48898  -72.37330    34.0095  1026.3893    26.2441     8.8458 0.0000e+00
     30.761     8.8439    33.8481  1026.3819     2.7305     6.4608     99.009    0.00091    6.52547    6.53083      8.334     0.3889   11.76015   3.591744 5.3607e+02    26.2412    26.2407 1.0000e-12     31.000          1      18303    1484.72 1.9641e+00  53060.971    762.603 1549877162      -0.17     -0.512   39.48898  -72.37330    34.0079  1026.3843    26.2436     8.8407 0.0000e+00
     29.770     8.8423    33.8474  1026.3771     2.7303     6.4539     98.900   -0.00001    6.52564    6.53100      8.334     0.4803   11.76044   3.591507 8.0451e+04    26.2409    26.2404 1.0000e-12     30.000          1      18347    1484.69 3.8601e-01  53059.714    764.425 1549877164       0.09     -0.560   39.48898  -72.37330    34.0075  1026.3797    26.2436     8.8391 0.0000e+00
     28.776     8.8413    33.8471  1026.3724     2.7293     6.4488     98.818   -0.00027    6.52592    6.53129      8.336     0.3657   11.76091   3.591353 4.4165e+04    26.2408    26.2404 1.0000e-12     29.000          1      18419    1484.67 1.1026e+00  53058.860    767.416 1549877167       0.03     -0.283   39.48898  -72.37330    34.0072  1026.3751    26.2435     8.8383 0.0000e+00
     27.783     8.8403    33.8466  1026.3677     2.7295     6.4497     98.830   -0.00012    6.52602    6.53139      8.338     0.3738   11.76107   3.591176 1.6056e+04    26.2406    26.2401 1.0000e-12     28.000          1      18516    1484.65 1.6576e+00  53057.740    771.440 1549877171      -0.00     -0.251   39.48898  -72.37330    34.0068  1026.3704    26.2433     8.8373 0.0000e+00
     26.797     8.8369    33.8463  1026.3634     2.7294     6.4529     98.867    0.00043    6.52689    6.53227      8.337     0.4099   11.76252   3.590788 -1.511e+03    26.2408    26.2404 1.0000e-12     27.000          1      18620    1484.62 2.0045e+00  53057.393    775.778 1549877176      -0.19     -0.239   39.48897  -72.37330    34.0064  1026.3661    26.2435     8.8340 0.0000e+00
     25.799     8.8332    33.8454  1026.3587     2.7291     6.4489     98.801   -0.00005    6.52721    6.53259      8.338     0.4156   11.76305   3.590325 9.4607e+04    26.2407    26.2402 1.0000e-12     26.000          1      18689    1484.59 1.0647e-01  53056.213    778.687 1549877178       0.06     -0.280   39.48896  -72.37330    34.0055  1026.3614    26.2434     8.8305 0.0000e+00
     24.807     8.8207    33.8422  1026.3536     2.7314     6.4616     98.939    0.00039    6.53090    6.53633      8.367     0.3895   11.76923   3.588842 5.8906e+04    26.2402    26.2398 1.0000e-12     25.000          1      19373    1484.52 8.1147e-01  53053.943    807.158 1549877207      -0.06     -0.188   39.48894  -72.37329    34.0024  1026.3563    26.2428     8.8181 0.0000e+00
     23.817     8.8091    33.8388  1026.3483     2.7339     6.4651     98.950   -0.00036    6.53364    6.53911      8.435     0.3974   11.77380   3.587422 -1.016e+03    26.2393    26.2389 1.0000e-12     24.000          1      20669    1484.46 1.9948e+00  53051.095    861.182 1549877261      -0.05     -0.383   39.48891  -72.37326    33.9990  1026.3510    26.2421     8.8065 0.0000e+00
     22.821     8.7933    33.8357  1026.3437     2.7325     6.4582     98.841   -0.00069    6.53398    6.53945      8.434     0.3811   11.77438   3.585576 5.0640e-11    26.2393    26.2389 1.0000e-12     23.000          1      20701    1484.38 1.9747e+00  53049.499    862.510 1549877262       0.00     -0.460   39.48892  -72.37326    33.9951  1026.3458    26.2414     8.7909 0.0000e+00
     21.834     8.7888    33.8342  1026.3387     2.7333     6.4699     98.994    0.00061    6.53561    6.54110 -9.990e-29     0.4527   11.77710   3.585001 5.0640e-11    26.2388    26.2385 1.0000e-12     22.000          1      20765    1484.35 1.9747e+00  53047.798    865.180 1549877265      -0.03     -0.342   39.48890  -72.37326    33.9939  1026.3410    26.2412     8.7865 0.0000e+00
     20.840     8.7799    33.8318  1026.3337     2.7348     6.4770     99.071    0.00081    6.53768    6.54320 -9.990e-29     0.3451   11.78057   3.583917 5.0640e-11    26.2383    26.2380 1.0000e-12     21.000          1      20815    1484.29 1.9747e+00  53045.720    867.252 1549877267       0.03     -0.482   39.48890  -72.37326    33.9914  1026.3360    26.2406     8.7777 0.0000e+00
