CalculateIndicators/WaterTemperature/Data/CTD_NYOS/NY1902_10_4_1.cnv
* Sea-Bird SBE 9 Data File:
* FileName = C:\Seabird 9 CTD\Data\2019\201902_Offshore\NY1902_ctd_casts\NY1902_10_4_1.hex
* Software Version Seasave V 7.23.2
* Temperature SN = 4590
* Conductivity SN = 3228
* Number of Bytes Per Scan = 44
* Number of Voltage Words = 5
* Number of Scans Averaged by the Deck Unit = 1
* NMEA Latitude = 40 40.77 N
* NMEA Longitude = 072 48.75 W
* NMEA UTC (Time) = Feb 10 2019  19:07:13
* NMEA baud rate = 4800
** Ship: Seawolf
** Station: 4.1
** Operator: AJB
# nquan = 35
# nvalues = 43                          
# units = specified
# name 0 = depSM: Depth [salt water, m]
# name 1 = t090C: Temperature [ITS-90, deg C]
# name 2 = sal00: Salinity, Practical [PSU]
# name 3 = density00: Density [density, kg/m^3]
# name 4 = sbeox0V: Oxygen raw, SBE 43 [V]
# name 5 = sbeox0ML/L: Oxygen, SBE 43 [ml/l]
# name 6 = sbeox0PS: Oxygen, SBE 43 [% saturation]
# name 7 = sbox0dV/dT: Oxygen, SBE 43 [dov/dt]
# name 8 = oxsolML/L: Oxygen Saturation, Garcia & Gordon [ml/l]
# name 9 = oxsatML/L: Oxygen Saturation, Weiss [ml/l]
# name 10 = ph: pH
# name 11 = flECO-AFL: Fluorescence, WET Labs ECO-AFL/FL [mg/m^3]
# name 12 = n2satML/L: Nitrogen Saturation [ml/l]
# name 13 = c0S/m: Conductivity [S/m]
# name 14 = cpar: CPAR/Corrected Irradiance [%]
# name 15 = sigma-é00: Density [sigma-theta, kg/m^3]
# name 16 = sigma-t00: Density [sigma-t, kg/m^3 ]
# name 17 = par: PAR/Irradiance, Biospherical/Licor
# name 18 = prDM: Pressure, Digiquartz [db]
# name 19 = pumps: Pump Status
# name 20 = scan: Scan Count
# name 21 = svCM: Sound Velocity [Chen-Millero, m/s]
# name 22 = spar: SPAR, Biospherical/Licor
# name 23 = specc: Specific Conductance [uS/cm]
# name 24 = timeS: Time, Elapsed [seconds]
# name 25 = timeY: Time, System [seconds]
# name 26 = accM: Acceleration [m/s^2]
# name 27 = dz/dtM: Descent Rate [m/s]
# name 28 = latitude: Latitude [deg]
# name 29 = longitude: Longitude [deg]
# name 30 = gsw_saA0: Absolute Salinity [g/kg]
# name 31 = gsw_densityA0: density, TEOS-10 [density, kg/m^3]
# name 32 = gsw_sigma0A0: density, TEOS-10 [sigma-0, kg/m^3 ]
# name 33 = gsw_ptA0: potential temperature [ITS-90, deg C]
# name 34 = flag: flag
# span 0 =      1.978,     22.822       
# span 1 =     3.5409,     3.7414       
# span 2 =    31.5329,    31.7999       
# span 3 =  1025.0715,  1025.3735       
# span 4 =     2.6819,     2.7480       
# span 5 =     7.2417,     7.4823       
# span 6 =     97.204,    100.027       
# span 7 =   -0.00181,    0.00407       
# span 8 =    7.44998,    7.49767       
# span 9 =    7.46731,    7.51546       
# span 10 =      8.275,      8.341      
# span 11 =     0.3474,     0.7255      
# span 12 =   13.31248,   13.39397      
# span 13 =   2.929212,   2.964939      
# span 14 = 5.5016e-14, 2.3149e-13      
# span 15 =    25.0617,    25.2659      
# span 16 =    25.0617,    25.2658      
# span 17 = 1.0000e-12, 1.0000e-12      
# span 18 =      2.000,     23.000      
# span 19 =          1,          1      
# span 20 =        685,       9737      
# span 21 =    1460.45,    1461.79      
# span 22 = 5.8082e+02, 1.8177e+03      
# span 23 =  51201.707,  51577.262      
# span 24 =     28.520,    405.681      
# span 25 = 1549825661, 1549826038      
# span 26 =      -0.15,       0.18      
# span 27 =     -0.536,      0.374      
# span 28 =   40.67956,   40.67984      
# span 29 =  -72.81241,  -72.81026      
# span 30 =    31.6830,    31.9510      
# span 31 =  1025.0731,  1025.3753      
# span 32 =    25.0636,    25.2676      
# span 33 =     3.5402,     3.7400      
# span 34 = 0.0000e+00, 0.0000e+00      
# interval = decibars: 1                
# start_time = Feb 10 2019 19:07:12 [System UTC, first data scan.]
# bad_flag = -9.990e-29
*END*
      1.985     3.6464    31.5339  1025.0722     2.7361     7.4348     99.388   -0.00032    7.48060    7.49801      8.275     0.3546   13.36649   2.933773 6.3783e-14    25.0628    25.0628 1.0000e-12      2.000          1        685    1460.70 1.6099e+03  51205.138     28.520 1549825661       0.18      0.048   40.67956  -72.81241    31.6834  1025.0736    25.0643     3.6463 0.0000e+00
      2.976     3.6481    31.5335  1025.0765     2.7365     7.4449     99.524    0.00041    7.48047    7.49788      8.277     0.3474   13.36629   2.933935 5.5222e-14    25.0624    25.0624 1.0000e-12      3.000          1        870    1460.72 1.8123e+03  51204.826     36.200 1549825668       0.02      0.243   40.67956  -72.81236    31.6831  1025.0780    25.0639     3.6479 0.0000e+00
      3.969     3.6482    31.5335  1025.0811     2.7385     7.4518     99.617    0.00037    7.48044    7.49784      8.280     0.3757   13.36623   2.933977 5.5016e-14    25.0624    25.0624 1.0000e-12      4.000          1        967    1460.75 1.8177e+03  51205.489     40.266 1549825673      -0.03      0.248   40.67956  -72.81234    31.6830  1025.0826    25.0638     3.6479 0.0000e+00
      4.963     3.6471    31.5341  1025.0864     2.7415     7.4588     99.699   -0.00014    7.48132    7.49875      8.284     0.4154   13.36766   2.933981 5.7632e-14    25.0630    25.0630 1.0000e-12      5.000          1       2616    1460.75 1.7389e+03  51207.531    108.945 1549825741       0.10      0.143   40.67962  -72.81197    31.6836  1025.0878    25.0644     3.6468 0.0000e+00
      5.954     3.6385    31.5371  1025.0942     2.7438     7.4714     99.860    0.00015    7.48181    7.49925      8.314     0.5207   13.36846   2.933546 6.2033e-14    25.0661    25.0661 1.0000e-12      6.000          1       4090    1460.74 1.6129e+03  51215.753    170.382 1549825803       0.03      0.283   40.67968  -72.81163    31.6863  1025.0954    25.0673     3.6381 0.0000e+00
      6.945     3.6409    31.5358  1025.0977     2.7445     7.4748     99.901    0.00014    7.48224    7.49969      8.315     0.5951   13.36917   2.933713 6.7120e-14    25.0649    25.0649 1.0000e-12      7.000          1       4239    1460.76 1.4916e+03  51213.801    176.592 1549825809      -0.02      0.272   40.67968  -72.81160    31.6853  1025.0992    25.0663     3.6405 0.0000e+00
      7.938     3.6301    31.5399  1025.1067     2.7405     7.4607     99.554   -0.00135    7.49410    7.51179      8.317     0.6678   13.38836   2.933113 6.8260e-14    25.0692    25.0691 1.0000e-12      8.000          1       4325    1460.74 1.4656e+03  51224.484    180.172 1549825812       0.01      0.273   40.67968  -72.81157    31.6882  1025.1071    25.0696     3.6296 0.0000e+00
      8.931     3.5630    31.5660  1025.1382     2.7385     7.4660     99.579   -0.00060    7.49759    7.51536      8.317     0.6960   13.39395   2.929791 6.3962e-14    25.0960    25.0960 1.0000e-12      9.000          1       4403    1460.50 1.5639e+03  51288.153    183.400 1549825816       0.02      0.323   40.67968  -72.81155    31.7135  1025.1379    25.0957     3.5625 0.0000e+00
      9.923     3.5422    31.5785  1025.1547     2.7365     7.4606     99.506   -0.00059    7.49767    7.51546      8.318     0.7255   13.39397   2.929212 7.0054e-14    25.1078    25.1077 1.0000e-12     10.000          1       4475    1460.45 1.4624e+03  51314.869    186.410 1549825819       0.03      0.345   40.67968  -72.81154    31.7264  1025.1547    25.1078     3.5416 0.0000e+00
     10.916     3.5409    31.5876  1025.1668     2.7351     7.4566     99.482   -0.00032    7.49537    7.51313      8.319     0.6879   13.39008   2.929994 6.9848e-14    25.1152    25.1152 1.0000e-12     11.000          1       4559    1460.47 1.4676e+03  51329.574    189.904 1549825822      -0.03      0.271   40.67968  -72.81151    31.7365  1025.1675    25.1159     3.5402 0.0000e+00
     11.905     3.5592    31.5971  1025.1773     2.7325     7.4371     99.317   -0.00078    7.48825    7.50590      8.321     0.7158   13.37823   2.932467 6.0625e-14    25.1211    25.1210 1.0000e-12     12.000          1       4670    1460.58 1.6441e+03  51337.523    194.551 1549825827       0.03      0.194   40.67969  -72.81149    31.7476  1025.1794    25.1231     3.5585 0.0000e+00
     12.899     3.5895    31.6013  1025.1827     2.7293     7.4198     99.138   -0.00110    7.48435    7.50195      8.320     0.6961   13.37173   2.935377 6.5929e-14    25.1218    25.1217 1.0000e-12     13.000          1       4743    1460.73 1.5196e+03  51333.396    197.581 1549825830       0.02      0.359   40.67970  -72.81147    31.7523  1025.1850    25.1241     3.5887 0.0000e+00
     13.892     3.6062    31.6059  1025.1895     2.7267     7.4140     99.071   -0.00081    7.48350    7.50108      8.320     0.6542   13.37028   2.937186 8.4457e-14    25.1239    25.1238 1.0000e-12     14.000          1       4810    1460.82 1.1950e+03  51334.810    200.383 1549825833      -0.01      0.353   40.67970  -72.81145    31.7571  1025.1920    25.1264     3.6053 0.0000e+00
     14.884     3.6108    31.6100  1025.1970     2.7237     7.4001     98.889   -0.00125    7.48328    7.50086      8.320     0.6024   13.36987   2.937911 1.2664e-13    25.1267    25.1267 1.0000e-12     15.000          1       4885    1460.86 8.4632e+02  51339.914    203.484 1549825836      -0.00      0.312   40.67970  -72.81144    31.7608  1025.1992    25.1289     3.6099 0.0000e+00
     15.876     3.6113    31.6122  1025.2035     2.7192     7.3839     98.668   -0.00148    7.48356    7.50115      8.320     0.5793   13.37030   2.938154 2.3149e-13    25.1285    25.1284 1.0000e-12     16.000          1       4953    1460.88 5.8082e+02  51343.764    206.344 1549825839       0.02      0.374   40.67970  -72.81141    31.7626  1025.2053    25.1303     3.6103 0.0000e+00
     16.868     3.6090    31.6152  1025.2107     2.7167     7.3853     98.681   -0.00066    7.48394    7.50155      8.322     0.5735   13.37089   2.938241 7.6506e-14    25.1311    25.1310 1.0000e-12     17.000          1       5023    1460.89 1.3209e+03  51349.738    209.230 1549825841      -0.00      0.341   40.67970  -72.81140    31.7654  1025.2124    25.1327     3.6080 0.0000e+00
     17.860     3.6057    31.6192  1025.2189     2.7147     7.3779     98.577   -0.00088    7.48446    7.50211      8.323     0.5155   13.37152   2.938340 6.0077e-14    25.1346    25.1345 1.0000e-12     18.000          1       5096    1460.90 1.6591e+03  51357.549    212.291 1549825845       0.01      0.322   40.67970  -72.81138    31.7693  1025.2205    25.1361     3.6046 0.0000e+00
     18.852     3.5984    31.6349  1025.2368     2.7112     7.3623     98.399   -0.00110    7.48213    7.49978      8.324     0.4496   13.36733   2.939125 6.0159e-14    25.1477    25.1476 1.0000e-12     19.000          1       5164    1460.91 1.6622e+03  51384.062    215.140 1549825847       0.00      0.354   40.67970  -72.81137    31.7852  1025.2384    25.1494     3.5973 0.0000e+00
     19.847     3.6067    31.6638  1025.2637     2.7082     7.3436     98.275   -0.00099    7.47252    7.49007      8.324     0.4275   13.35091   2.942475 8.7270e-14    25.1699    25.1698 1.0000e-12     20.000          1       5240    1460.99 1.1864e+03  51424.305    218.290 1549825851      -0.01      0.322   40.67970  -72.81135    31.8167  1025.2673    25.1736     3.6055 0.0000e+00
     20.836     3.6996    31.7629  1025.3386     2.6979     7.2793     97.699   -0.00181    7.45077    7.46811      8.320     0.4644   13.31382   2.958702 6.5071e-14    25.2403    25.2401 1.0000e-12     21.000          1       5499    1461.53 1.5396e+03  51536.754    229.089 1549825861       0.05      0.145   40.67972  -72.81128    31.9188  1025.3442    25.2459     3.6983 0.0000e+00
     21.829     3.7400    31.7981  1025.3676     2.6864     7.2447     97.244   -0.00141    7.45010    7.46743      8.323     0.5548   13.31268   2.964745 9.0119e-14    25.2646    25.2645 1.0000e-12     22.000          1       5636    1461.77 1.1126e+03  51574.610    234.771 1549825867       0.04      0.169   40.67972  -72.81125    31.9507  1025.3704    25.2674     3.7386 0.0000e+00
     22.822     3.7414    31.7998  1025.3735     2.6820     7.2417     97.204   -0.00027    7.44998    7.46731      8.325     0.5041   13.31248   2.964939 7.1553e-14    25.2658    25.2657 1.0000e-12     23.000          1       6047    1461.79 1.4427e+03  51577.262    251.897 1549825884      -0.06      0.060   40.67972  -72.81115    31.9510  1025.3753    25.2676     3.7400 0.0000e+00
     21.830     3.7412    31.7999  1025.3689     2.6819     7.2512     97.246    0.00031    7.45653    7.47394 -9.990e-29     0.4360   13.32358   2.964841 5.8184e-14    25.2659    25.2658 1.0000e-12     22.000          1       6817    1461.77 1.7158e+03  51576.784    284.001 1549825916      -0.05     -0.487   40.67974  -72.81096    31.9506  1025.3703    25.2673     3.7398 0.0000e+00
     20.837     3.7360    31.7968  1025.3622     2.6820     7.2689     97.216   -0.00001    7.47714    7.49475      8.330     0.4452   13.35872   2.963989 5.8368e-14    25.2639    25.2638 1.0000e-12     21.000          1       6845    1461.73 1.7133e+03  51573.247    285.183 1549825917       0.03     -0.517   40.67974  -72.81096    31.9460  1025.3624    25.2641     3.7347 0.0000e+00
     19.845     3.6576    31.7283  1025.3103     2.6882     7.3247     97.897    0.00307    7.48207    7.49971      8.330     0.4055   13.36724   2.951092 5.8561e-14    25.2166    25.2165 1.0000e-12     20.000          1       6896    1461.29 1.7076e+03  51500.435    287.288 1549825920       0.01     -0.475   40.67974  -72.81094    31.8696  1025.3045    25.2108     3.6564 0.0000e+00
     18.851     3.6098    31.6706  1025.2641     2.6972     7.3655     98.425    0.00407    7.48338    7.50102      8.330     0.4129   13.36966   2.942650 5.8895e-14    25.1751    25.1749 1.0000e-12     19.000          1       6948    1461.00 1.6980e+03  51432.384    289.452 1549825922       0.02     -0.464   40.67974  -72.81092    31.8162  1025.2619    25.1729     3.6087 0.0000e+00
     17.862     3.6016    31.6460  1025.2406     2.7048     7.3788     98.602    0.00294    7.48346    7.50107      8.330     0.4494   13.37003   2.940001 5.9548e-14    25.1563    25.1562 1.0000e-12     18.000          1       7007    1460.92 1.6793e+03  51398.543    291.927 1549825924      -0.00     -0.389   40.67974  -72.81091    31.7932  1025.2397    25.1554     3.6005 0.0000e+00
     16.866     3.6053    31.6295  1025.2224     2.7081     7.3759     98.566    0.00162    7.48316    7.50075      8.330     0.4800   13.36961   2.938954 5.9288e-14    25.1428    25.1427 1.0000e-12     17.000          1       7057    1460.89 1.6868e+03  51372.064    294.011 1549825926       0.01     -0.487   40.67974  -72.81090    31.7775  1025.2223    25.1427     3.6043 0.0000e+00
     15.875     3.6099    31.6190  1025.2089     2.7120     7.3859     98.703    0.00140    7.48291    7.50049      8.330     0.5117   13.36923   2.938477 5.7612e-14    25.1340    25.1339 1.0000e-12     16.000          1       7125    1460.89 1.7370e+03  51354.166    296.840 1549825929       0.05     -0.334   40.67974  -72.81088    31.7678  1025.2096    25.1346     3.6089 0.0000e+00
     14.883     3.6125    31.6151  1025.2009     2.7150     7.3877     98.727    0.00065    7.48294    7.50052 -9.990e-29     0.5393   13.36933   2.938355 6.1261e-14    25.1306    25.1305 1.0000e-12     15.000          1       7212    1460.88 1.6352e+03  51346.790    300.451 1549825933      -0.03     -0.286   40.67974  -72.81086    31.7643  1025.2018    25.1315     3.6116 0.0000e+00
     13.892     3.6130    31.6118  1025.1936     2.7183     7.3980     98.863    0.00063    7.48302    7.50060      8.330     0.6803   13.36948   2.938113 6.3898e-14    25.1280    25.1279 1.0000e-12     14.000          1       7321    1460.86 1.5653e+03  51340.899    304.992 1549825937       0.03     -0.191   40.67975  -72.81083    31.7615  1025.1948    25.1292     3.6122 0.0000e+00
     12.899     3.6126    31.6101  1025.1876     2.7197     7.4002     98.881    0.00039    7.48401    7.50160      8.332     0.6425   13.37113   2.937888 5.9838e-14    25.1266    25.1266 1.0000e-12     13.000          1       7440    1460.84 1.6729e+03  51337.841    309.940 1549825942      -0.00     -0.214   40.67976  -72.81080    31.7597  1025.1888    25.1279     3.6118 0.0000e+00
     11.907     3.6007    31.6080  1025.1823     2.7236     7.4218     99.101    0.00077    7.48914    7.50682      8.333     0.6756   13.37965   2.936635 5.6721e-14    25.1260    25.1260 1.0000e-12     12.000          1       7557    1460.77 1.7632e+03  51338.392    314.828 1549825947      -0.00     -0.195   40.67976  -72.81077    31.7569  1025.1830    25.1267     3.6000 0.0000e+00
     10.915     3.5737    31.6041  1025.1769     2.7286     7.4434     99.329    0.00085    7.49364    7.51138      8.335     0.6892   13.38714   2.934051 5.7151e-14    25.1254    25.1253 1.0000e-12     11.000          1       7684    1460.63 1.7499e+03  51341.790    320.139 1549825952       0.00     -0.193   40.67976  -72.81075    31.7529  1025.1776    25.1260     3.5730 0.0000e+00
      9.922     3.5519    31.5828  1025.1572     2.7337     7.4529     99.448    0.00013    7.49426    7.51196      8.335     0.7218   13.38853   2.930395 6.4565e-14    25.1104    25.1103 1.0000e-12     10.000          1       8179    1460.49 1.5569e+03  51317.655    340.750 1549825973      -0.15     -0.127   40.67978  -72.81064    31.7310  1025.1575    25.1106     3.5513 0.0000e+00
      8.929     3.5967    31.5506  1025.1229     2.7408     7.4632     99.746    0.00028    7.48218    7.49962      8.335     0.6261   13.36907   2.931553 6.7720e-14    25.0807    25.0806 1.0000e-12      9.000          1       8888    1460.63 1.4773e+03  51253.104    370.295 1549826003      -0.12     -0.536   40.67980  -72.81046    31.7017  1025.1255    25.0833     3.5962 0.0000e+00
      7.937     3.6219    31.5414  1025.1086     2.7437     7.4823    100.027    0.00150    7.48027    7.49767      8.335     0.6210   13.36595   2.932835 7.8351e-14    25.0711    25.0710 1.0000e-12      8.000          1       8946    1460.71 1.2830e+03  51229.579    372.694 1549826005       0.01     -0.519   40.67982  -72.81044    31.6929  1025.1116    25.0741     3.6214 0.0000e+00
      6.948     3.6492    31.5329  1025.0947     2.7450     7.4755     99.943    0.00051    7.47982    7.49721      8.335     0.5743   13.36520   2.934292 9.9685e-14    25.0619    25.0618 1.0000e-12      7.000          1       8997    1460.80 1.0036e+03  51206.575    374.829 1549826007      -0.00     -0.456   40.67982  -72.81044    31.6842  1025.0975    25.0647     3.6488 0.0000e+00
      5.953     3.6513    31.5335  1025.0902     2.7456     7.4744     99.928    0.00031    7.47983    7.49722      8.335     0.5114   13.36521   2.934446 1.0848e-13    25.0621    25.0621 1.0000e-12      6.000          1       9043    1460.79 9.2212e+02  51205.846    376.743 1549826009       0.02     -0.524   40.67982  -72.81042    31.6845  1025.0928    25.0647     3.6510 0.0000e+00
      4.960     3.6508    31.5342  1025.0862     2.7460     7.4730     99.917    0.00020    7.47921    7.49660 -9.990e-29     0.4754   13.36420   2.934380 1.1213e-13    25.0627    25.0627 1.0000e-12      5.000          1       9090    1460.77 8.9183e+02  51206.372    378.698 1549826011      -0.06     -0.507   40.67982  -72.81041    31.6847  1025.0884    25.0650     3.6505 0.0000e+00
      3.968     3.6534    31.5340  1025.0811     2.7458     7.4683     99.860   -0.00012    7.47881    7.49618 -9.990e-29     0.3694   13.36354   2.934524 1.1206e-13    25.0623    25.0623 1.0000e-12      4.000          1       9140    1460.77 8.9243e+02  51204.395    380.791 1549826013       0.05     -0.473   40.67982  -72.81040    31.6844  1025.0832    25.0645     3.6532 0.0000e+00
