CalculateIndicators/WaterTemperature/Data/CTD_NYOS/NY1902_11_6_3.cnv
* Sea-Bird SBE 9 Data File:
* FileName = C:\Seabird 9 CTD\Data\2019\201902_Offshore\NY1902_ctd_casts\NY1902_11_6_3.hex
* Software Version Seasave V 7.23.2
* Temperature SN = 4590
* Conductivity SN = 3228
* Number of Bytes Per Scan = 44
* Number of Voltage Words = 5
* Number of Scans Averaged by the Deck Unit = 1
* NMEA Latitude = 39 57.96 N
* NMEA Longitude = 073 14.94 W
* NMEA UTC (Time) = Feb 12 2019  03:23:01
* NMEA baud rate = 4800
** Ship: Seawolf
** Station: 6.3
** Operator: HBB
# nquan = 35
# nvalues = 126                         
# units = specified
# name 0 = depSM: Depth [salt water, m]
# name 1 = t090C: Temperature [ITS-90, deg C]
# name 2 = sal00: Salinity, Practical [PSU]
# name 3 = density00: Density [density, kg/m^3]
# name 4 = sbeox0V: Oxygen raw, SBE 43 [V]
# name 5 = sbeox0ML/L: Oxygen, SBE 43 [ml/l]
# name 6 = sbeox0PS: Oxygen, SBE 43 [% saturation]
# name 7 = sbox0dV/dT: Oxygen, SBE 43 [dov/dt]
# name 8 = oxsolML/L: Oxygen Saturation, Garcia & Gordon [ml/l]
# name 9 = oxsatML/L: Oxygen Saturation, Weiss [ml/l]
# name 10 = ph: pH
# name 11 = flECO-AFL: Fluorescence, WET Labs ECO-AFL/FL [mg/m^3]
# name 12 = n2satML/L: Nitrogen Saturation [ml/l]
# name 13 = c0S/m: Conductivity [S/m]
# name 14 = cpar: CPAR/Corrected Irradiance [%]
# name 15 = sigma-é00: Density [sigma-theta, kg/m^3]
# name 16 = sigma-t00: Density [sigma-t, kg/m^3 ]
# name 17 = par: PAR/Irradiance, Biospherical/Licor
# name 18 = prDM: Pressure, Digiquartz [db]
# name 19 = pumps: Pump Status
# name 20 = scan: Scan Count
# name 21 = svCM: Sound Velocity [Chen-Millero, m/s]
# name 22 = spar: SPAR, Biospherical/Licor
# name 23 = specc: Specific Conductance [uS/cm]
# name 24 = timeS: Time, Elapsed [seconds]
# name 25 = timeY: Time, System [seconds]
# name 26 = accM: Acceleration [m/s^2]
# name 27 = dz/dtM: Descent Rate [m/s]
# name 28 = latitude: Latitude [deg]
# name 29 = longitude: Longitude [deg]
# name 30 = gsw_saA0: Absolute Salinity [g/kg]
# name 31 = gsw_densityA0: density, TEOS-10 [density, kg/m^3]
# name 32 = gsw_sigma0A0: density, TEOS-10 [sigma-0, kg/m^3 ]
# name 33 = gsw_ptA0: potential temperature [ITS-90, deg C]
# name 34 = flag: flag
# span 0 =      0.990,     63.501       
# span 1 =     5.5823,     6.9611       
# span 2 =    32.6206,    33.1204       
# span 3 =  1025.7297,  1026.2380       
# span 4 =     2.6743,     2.7364       
# span 5 =     6.5869,     7.0290       
# span 6 =     96.234,     99.298       
# span 7 =   -0.01118,    0.00848       
# span 8 =    6.84119,    7.08794       
# span 9 =    6.85051,    7.10052       
# span 10 =     -3.098,     -2.840      
# span 11 =     0.1966,     0.5961      
# span 12 =   12.29062,   12.70429      
# span 13 =   3.189865,   3.356669      
# span 14 = -4.069e+03, 1.2746e+05      
# span 15 =    25.7222,    25.9445      
# span 16 =    25.7221,    25.9438      
# span 17 = 1.0000e-12, 1.0000e-12      
# span 18 =      1.000,     64.000      
# span 19 =          1,          1      
# span 20 =        745,      19850      
# span 21 =    1470.09,    1477.18      
# span 22 = -5.423e-01, 2.0551e+00      
# span 23 =  52142.212,  52511.497      
# span 24 =     30.991,    827.027      
# span 25 = 1549941811, 1549942607      
# span 26 =      -0.30,       0.62      
# span 27 =     -0.606,      0.716      
# span 28 =   39.96608,   39.96633      
# span 29 =  -73.25416,  -73.24920      
# span 30 =    32.7755,    33.2776      
# span 31 =  1025.7313,  1026.2402      
# span 32 =    25.7240,    25.9468      
# span 33 =     5.5819,     6.9559      
# span 34 = 0.0000e+00, 0.0000e+00      
# interval = decibars: 1                
# start_time = Feb 12 2019 03:23:00 [System UTC, first data scan.]
# bad_flag = -9.990e-29
*END*
      1.986     5.5936    32.6218  1025.7317     2.7246     7.0185     99.049    0.00398    7.08584    7.09839     -3.097     0.4278   12.70085   3.190586 1.2746e+05    25.7225    25.7224 1.0000e-12      2.000          1        745    1470.14 -5.423e-01  52142.212     30.991 1549941811       0.62     -0.153   39.96608  -73.24920    32.7765  1025.7334    25.7242     5.5934 0.0000e+00
      2.975     5.5935    32.6223  1025.7368     2.7271     6.9979     98.744    0.00020    7.08687    7.09944     -3.097     0.4672   12.70256   3.190655 -4.069e+03    25.7229    25.7229 1.0000e-12      3.000          1       1117    1470.16 2.0551e+00  52143.768     46.501 1549941827       0.01      0.274   39.96608  -73.24930    32.7769  1025.7384    25.7245     5.5933 0.0000e+00
      3.973     5.5902    32.6221  1025.7417     2.7286     7.0074     98.871    0.00055    7.08741    7.09998     -3.098     0.4435   12.70344   3.190375 -9.990e-29    25.7232    25.7231 1.0000e-12      4.000          1       1165    1470.16 -9.990e-29  52145.175     48.484 1549941829       0.11      0.479   39.96608  -73.24931    32.7765  1025.7431    25.7246     5.5899 0.0000e+00
      4.956     5.5852    32.6217  1025.7465     2.7293     7.0071     98.871    0.00020    7.08711    7.09968     -3.097     0.4499   12.70295   3.189959 5.0640e-11    25.7234    25.7234 1.0000e-12      5.000          1       1222    1470.16 1.9747e+00  52146.846     50.862 1549941831       0.04      0.366   39.96608  -73.24932    32.7761  1025.7480    25.7249     5.5848 0.0000e+00
      5.956     5.5867    32.6217  1025.7511     2.7283     6.9988     98.753   -0.00052    7.08714    7.09970 -9.990e-29     0.4546   12.70300   3.190153 5.0640e-11    25.7233    25.7232 1.0000e-12      6.000          1       1266    1470.18 1.9747e+00  52147.148     52.719 1549941833      -0.09      0.516   39.96608  -73.24933    32.7764  1025.7527    25.7249     5.5862 0.0000e+00
      6.944     5.5873    32.6218  1025.7556     2.7268     6.9944     98.699   -0.00054    7.08660    7.09916     -3.097     0.4749   12.70210   3.190239 5.0640e-11    25.7232    25.7231 1.0000e-12      7.000          1       1321    1470.20 1.9747e+00  52147.653     55.000 1549941835       0.16      0.426   39.96608  -73.24935    32.7762  1025.7571    25.7247     5.5868 0.0000e+00
      7.940     5.5887    32.6215  1025.7599     2.7271     7.0018     98.802    0.00010    7.08676    7.09932     -3.097     0.4452   12.70238   3.190410 -9.990e-29    25.7229    25.7228 1.0000e-12      8.000          1       1366    1470.22 -9.990e-29  52147.634     56.856 1549941837      -0.05      0.540   39.96608  -73.24936    32.7763  1025.7617    25.7247     5.5881 0.0000e+00
      8.930     5.5915    32.6214  1025.7641     2.7290     7.0174     99.019    0.00106    7.08695    7.09952     -3.097     0.4388   12.70270   3.190660 5.0640e-11    25.7224    25.7223 1.0000e-12      9.000          1       1413    1470.25 1.9747e+00  52147.270     58.831 1549941839       0.04      0.502   39.96609  -73.24937    32.7760  1025.7657    25.7241     5.5908 0.0000e+00
      9.925     5.5891    32.6209  1025.7687     2.7290     7.0080     98.900    0.00002    7.08599    7.09854     -3.097     0.4938   12.70109   3.190471 5.0640e-11    25.7224    25.7223 1.0000e-12     10.000          1       1454    1470.26 1.9747e+00  52148.105     60.544 1549941841       0.03      0.581   39.96610  -73.24938    32.7756  1025.7703    25.7241     5.5883 0.0000e+00
     10.913     5.5891    32.6206  1025.7730     2.7306     7.0138     99.063    0.00072    7.08016    7.09263     -3.096     0.4473   12.69136   3.190507 1.6791e+04    25.7222    25.7221 1.0000e-12     11.000          1       1509    1470.27 1.6431e+00  52148.356     62.815 1549941843      -0.10      0.416   39.96610  -73.24940    32.7755  1025.7749    25.7240     5.5883 0.0000e+00
     11.911     5.6090    32.6258  1025.7794     2.7306     6.9970     98.988    0.00002    7.06860    7.08091     -3.094     0.4720   12.67204   3.192807 9.6112e+04    25.7239    25.7238 1.0000e-12     12.000          1       1554    1470.38 7.6750e-02  52150.422     64.693 1549941845       0.09      0.558   39.96610  -73.24941    32.7817  1025.7821    25.7266     5.6081 0.0000e+00
     12.895     5.6572    32.6404  1025.7899     2.7287     6.9778     98.798   -0.00095    7.06266    7.07488     -3.092     0.5095   12.66211   3.198666 9.9999e+04    25.7298    25.7297 1.0000e-12     13.000          1       1603    1470.60 0.0000e+00  52157.654     66.769 1549941847      -0.02      0.454   39.96610  -73.24943    32.8009  1025.7961    25.7360     5.6562 0.0000e+00
     13.894     5.7027    32.6521  1025.7984     2.7277     6.9730     98.777   -0.00081    7.05933    7.07151     -3.092     0.5225   12.65655   3.203520 1.2760e+04    25.7336    25.7335 1.0000e-12     14.000          1       1640    1470.82 1.7227e+00  52161.524     68.301 1549941849       0.05      0.642   39.96610  -73.24944    32.8111  1025.8034    25.7387     5.7016 0.0000e+00
     14.887     5.7291    32.6600  1025.8061     2.7292     6.9784     99.028    0.00073    7.04689    7.05890     -3.090     0.5103   12.63569   3.206495 3.6767e+02    25.7367    25.7366 1.0000e-12     15.000          1       1685    1470.95 1.9674e+00  52165.664     70.160 1549941850      -0.06      0.547   39.96610  -73.24944    32.8187  1025.8108    25.7415     5.7279 0.0000e+00
     15.872     5.7701    32.6751  1025.8177     2.7327     6.9787     99.298    0.00164    7.02805    7.03982     -3.086     0.5553   12.60409   3.211638 5.0640e-11    25.7438    25.7437 1.0000e-12     16.000          1       1741    1471.15 1.9747e+00  52175.980     72.510 1549941853       0.00      0.391   39.96610  -73.24946    32.8365  1025.8246    25.7506     5.7689 0.0000e+00
     16.872     5.8563    32.7066  1025.8368     2.7327     6.9543     99.124    0.00018    7.01579    7.02739     -3.083     0.5507   12.58348   3.222213 5.0640e-11    25.7583    25.7581 1.0000e-12     17.000          1       1777    1471.55 1.9747e+00  52196.163     74.004 1549941854       0.19      0.638   39.96610  -73.24947    32.8717  1025.8465    25.7680     5.8550 0.0000e+00
     17.858     5.9335    32.7385  1025.8573     2.7343     6.9484     99.272    0.00079    6.99933    7.01072     -3.080     0.5646   12.55588   3.231755 5.0640e-11    25.7742    25.7740 1.0000e-12     18.000          1       1827    1471.92 1.9747e+00  52220.079     76.068 1549941856      -0.19      0.482   39.96610  -73.24948    32.9039  1025.8671    25.7840     5.9320 0.0000e+00
     18.859     6.0218    32.7735  1025.8787     2.7321     6.9161     98.928   -0.00131    6.99104    7.00232     -3.079     0.5749   12.54197   3.242640 -9.990e-29    25.7910    25.7909 1.0000e-12     19.000          1       1867    1472.33 -9.990e-29  52245.282     77.749 1549941858       0.31      0.593   39.96610  -73.24949    32.9402  1025.8894    25.8017     6.0202 0.0000e+00
     19.843     6.1010    32.8029  1025.8967     2.7313     6.9037     99.019   -0.00027    6.97207    6.98309     -3.075     0.5349   12.51028   3.252091 5.0640e-11    25.8045    25.8043 1.0000e-12     20.000          1       1927    1472.70 1.9747e+00  52265.142     80.260 1549941861      -0.21      0.368   39.96610  -73.24951    32.9689  1025.9068    25.8146     6.0994 0.0000e+00
     20.841     6.1924    32.8290  1025.9106     2.7270     6.8767     98.598   -0.00236    6.97447    6.98553     -3.075     0.4651   12.51419   3.262372 7.5855e+04    25.8138    25.8136 1.0000e-12     21.000          1       1972    1473.11 4.7677e-01  52277.078     82.136 1549941862       0.04      0.587   39.96610  -73.24952    32.9950  1025.9205    25.8237     6.1906 0.0000e+00
     21.828     6.2162    32.8392  1025.9202     2.7250     6.8842     98.689   -0.00094    6.97569    6.98678     -3.075     0.4857   12.51619   3.265059 1.0040e+05    25.8189    25.8186 1.0000e-12     22.000          1       2017    1473.23 -7.833e-03  52285.593     84.014 1549941864       0.08      0.499   39.96610  -73.24952    33.0015  1025.9273    25.8259     6.2144 0.0000e+00
     22.823     6.2060    32.8422  1025.9285     2.7256     6.8863     98.845    0.00010    6.96682    6.97779     -3.074     0.4743   12.50126   3.264313 4.8735e+04    25.8225    25.8223 1.0000e-12     23.000          1       2057    1473.22 1.0123e+00  52293.520     85.658 1549941866      -0.07      0.618   39.96610  -73.24954    33.0026  1025.9340    25.8280     6.2041 0.0000e+00
     23.816     6.2036    32.8476  1025.9377     2.7272     6.8872     99.037    0.00108    6.95417    6.96498     -3.071     0.4503   12.48002   3.264776 5.2105e+02    25.8271    25.8268 1.0000e-12     24.000          1       2099    1473.23 1.9644e+00  52302.662     87.418 1549941868       0.10      0.553   39.96610  -73.24956    33.0096  1025.9445    25.8339     6.2016 0.0000e+00
     24.805     6.2716    32.8748  1025.9552     2.7264     6.8589     98.819   -0.00049    6.94083    6.95147     -3.068     0.4037   12.45764   3.273365 -9.990e-29    25.8400    25.8398 1.0000e-12     25.000          1       2143    1473.55 -9.990e-29  52322.872     89.230 1549941870      -0.08      0.558   39.96610  -73.24956    33.0392  1025.9638    25.8486     6.2695 0.0000e+00
     25.803     6.3400    32.9028  1025.9732     2.7282     6.8605     99.053    0.00079    6.92610    6.93654     -3.065     0.3966   12.43293   3.281956 5.0640e-11    25.8535    25.8532 1.0000e-12     26.000          1       2183    1473.87 1.9747e+00  52344.445     90.906 1549941871       0.01      0.606   39.96610  -73.24957    33.0683  1025.9826    25.8628     6.3378 0.0000e+00
     26.785     6.4177    32.9327  1025.9914     2.7310     6.8555     99.286    0.00171    6.90473    6.91489     -3.061     0.3764   12.39713   3.291604 5.0640e-11    25.8672    25.8669 1.0000e-12     27.000          1       2230    1474.23 1.9747e+00  52366.008     92.866 1549941873       0.03      0.463   39.96610  -73.24958    33.1001  1026.0022    25.8779     6.4154 0.0000e+00
     27.789     6.4940    32.9594  1026.0073     2.7320     6.8336     99.223    0.00078    6.88708    6.89701     -3.058     0.3698   12.36754   3.300877 5.0640e-11    25.8785    25.8782 1.0000e-12     28.000          1       2263    1474.58 1.9747e+00  52383.650     94.253 1549941874       0.04      0.697   39.96610  -73.24958    33.1288  1026.0196    25.8907     6.4916 0.0000e+00
     28.771     6.6250    33.0045  1026.0303     2.7323     6.8207     99.195    0.00035    6.87608    6.88586     -3.055     0.3105   12.34911   3.316686 5.0640e-11    25.8970    25.8967 1.0000e-12     29.000          1       2311    1475.17 1.9747e+00  52412.495     96.252 1549941877      -0.07      0.468   39.96610  -73.24960    33.1769  1026.0448    25.9115     6.6225 0.0000e+00
     29.770     6.7284    33.0398  1026.0492     2.7284     6.7680     98.715   -0.00236    6.85609    6.86559     -3.051     0.2735   12.31566   3.328754 -9.990e-29    25.9114    25.9110 1.0000e-12     30.000          1       2350    1475.64 -9.990e-29  52435.326     97.892 1549941878       0.01      0.610   39.96610  -73.24961    33.2099  1026.0618    25.9240     6.7257 0.0000e+00
     30.757     6.7619    33.0519  1026.0588     2.7249     6.7588     98.742   -0.00080    6.84496    6.85432     -3.049     0.2545   12.29710   3.332700 5.0640e-11    25.9165    25.9161 1.0000e-12     31.000          1       2393    1475.80 1.9747e+00  52444.163     99.686 1549941880       0.05      0.528   39.96610  -73.24962    33.2206  1026.0703    25.9279     6.7592 0.0000e+00
     31.755     6.9022    33.0915  1026.0759     2.7072     6.6242     96.777   -0.01118    6.84482    6.85418     -3.049     0.2596   12.29684   3.349316 5.0640e-11    25.9291    25.9287 1.0000e-12     32.000          1       2427    1476.41 1.9747e+00  52463.635    101.065 1549941881       0.07      0.708   39.96610  -73.24962    33.2676  1026.0931    25.9462     6.8994 0.0000e+00
     32.742     6.9425    33.1005  1026.0822     2.6922     6.5869     96.234   -0.01011    6.84463    6.85399     -3.049     0.2812   12.29652   3.352857 5.0640e-11    25.9308    25.9304 1.0000e-12     33.000          1       2465    1476.60 1.9747e+00  52466.313    102.677 1549941883      -0.09      0.632   39.96610  -73.24964    33.2671  1026.0919    25.9405     6.9395 0.0000e+00
     33.740     6.9432    33.1020  1026.0879     2.6853     6.6036     96.481   -0.00531    6.84447    6.85382     -3.049     0.2359   12.29625   3.352945 5.0640e-11    25.9319    25.9314 1.0000e-12     34.000          1       2502    1476.62 1.9747e+00  52468.935    104.214 1549941884       0.03      0.651   39.96610  -73.24964    33.2669  1026.0962    25.9403     6.9402 0.0000e+00
     34.725     6.9444    33.1030  1026.0931     2.6804     6.6119     96.603   -0.00243    6.84436    6.85371     -3.049     0.2105   12.29604   3.353028 -9.990e-29    25.9325    25.9321 1.0000e-12     35.000          1       2546    1476.64 -9.990e-29  52470.725    106.056 1549941886      -0.06      0.531   39.96610  -73.24965    33.2662  1026.1001    25.9395     6.9413 0.0000e+00
     35.724     6.9451    33.1040  1026.0983     2.6765     6.5984     96.406   -0.00277    6.84438    6.85373     -3.049     0.2243   12.29608   3.353112 5.0640e-11    25.9332    25.9327 1.0000e-12     36.000          1       2582    1476.66 1.9747e+00  52472.567    107.535 1549941888       0.10      0.658   39.96610  -73.24968    33.2660  1026.1044    25.9393     6.9419 0.0000e+00
     36.709     6.9454    33.1045  1026.1033     2.6765     6.6196     96.714   -0.00014    6.84451    6.85386     -3.049     0.2556   12.29629   3.353131 2.2126e+04    25.9335    25.9331 1.0000e-12     37.000          1       2621    1476.68 1.5378e+00  52473.912    109.183 1549941890      -0.08      0.613   39.96610  -73.24968    33.2654  1026.1085    25.9388     6.9421 0.0000e+00
     37.709     6.9453    33.1049  1026.1082     2.6763     6.6203     96.725   -0.00007    6.84452    6.85387     -3.049     0.2095   12.29630   3.353138 9.8655e+04    25.9339    25.9334 1.0000e-12     38.000          1       2652    1476.70 2.6539e-02  52475.264    110.456 1549941891       0.22      0.716   39.96610  -73.24968    33.2652  1026.1130    25.9387     6.9419 0.0000e+00
     38.698     6.9444    33.1052  1026.1132     2.6756     6.6175     96.673   -0.00033    6.84521    6.85457     -3.049     0.2102   12.29744   3.353070 9.9999e+04    25.9343    25.9338 1.0000e-12     39.000          1       2692    1476.71 0.0000e+00  52476.632    112.144 1549941892      -0.21      0.635   39.96610  -73.24968    33.2648  1026.1174    25.9385     6.9409 0.0000e+00
     39.694     6.9429    33.1055  1026.1183     2.6743     6.6107     96.566   -0.00084    6.84575    6.85513     -3.049     0.2021   12.29834   3.352949 2.9431e+04    25.9347    25.9343 1.0000e-12     40.000          1       2737    1476.72 1.3935e+00  52478.155    113.987 1549941894       0.09      0.561   39.96610  -73.24970    33.2643  1026.1219    25.9384     6.9394 0.0000e+00
     40.678     6.9368    33.1054  1026.1235     2.6744     6.6204     96.703    0.00020    6.84612    6.85550     -3.049     0.2330   12.29895   3.352383 -2.156e+03    25.9355    25.9350 1.0000e-12     41.000          1       2791    1476.71 2.0173e+00  52480.269    116.254 1549941896      -0.06      0.413   39.96610  -73.24972    33.2635  1026.1266    25.9385     6.9332 0.0000e+00
     41.676     6.9355    33.1055  1026.1285     2.6753     6.6277     96.793    0.00053    6.84727    6.85666     -3.049     0.2322   12.30085   3.352291 -9.990e-29    25.9358    25.9353 1.0000e-12     42.000          1       2839    1476.72 -9.990e-29  52481.540    118.267 1549941899      -0.08      0.489   39.96610  -73.24973    33.2634  1026.1313    25.9386     6.9317 0.0000e+00
