CalculateIndicators/WaterTemperature/Data/CTD_NYOS/NY1902_11_4_6.cnv
* Sea-Bird SBE 9 Data File:
* FileName = C:\Seabird 9 CTD\Data\2019\201902_Offshore\NY1902_ctd_casts\NY1902_11_4_6.hex
* Software Version Seasave V 7.23.2
* Temperature SN = 4590
* Conductivity SN = 3228
* Number of Bytes Per Scan = 44
* Number of Voltage Words = 5
* Number of Scans Averaged by the Deck Unit = 1
* NMEA Latitude = 39 29.37 N
* NMEA Longitude = 072 22.43 W
* NMEA UTC (Time) = Feb 11 2019  09:13:21
* NMEA baud rate = 4800
** Ship: Seawolf
** Station: 4.6
** Operator: HBB
# nquan = 35
# nvalues = 268                         
# units = specified
# name 0 = depSM: Depth [salt water, m]
# name 1 = t090C: Temperature [ITS-90, deg C]
# name 2 = sal00: Salinity, Practical [PSU]
# name 3 = density00: Density [density, kg/m^3]
# name 4 = sbeox0V: Oxygen raw, SBE 43 [V]
# name 5 = sbeox0ML/L: Oxygen, SBE 43 [ml/l]
# name 6 = sbeox0PS: Oxygen, SBE 43 [% saturation]
# name 7 = sbox0dV/dT: Oxygen, SBE 43 [dov/dt]
# name 8 = oxsolML/L: Oxygen Saturation, Garcia & Gordon [ml/l]
# name 9 = oxsatML/L: Oxygen Saturation, Weiss [ml/l]
# name 10 = ph: pH
# name 11 = flECO-AFL: Fluorescence, WET Labs ECO-AFL/FL [mg/m^3]
# name 12 = n2satML/L: Nitrogen Saturation [ml/l]
# name 13 = c0S/m: Conductivity [S/m]
# name 14 = cpar: CPAR/Corrected Irradiance [%]
# name 15 = sigma-é00: Density [sigma-theta, kg/m^3]
# name 16 = sigma-t00: Density [sigma-t, kg/m^3 ]
# name 17 = par: PAR/Irradiance, Biospherical/Licor
# name 18 = prDM: Pressure, Digiquartz [db]
# name 19 = pumps: Pump Status
# name 20 = scan: Scan Count
# name 21 = svCM: Sound Velocity [Chen-Millero, m/s]
# name 22 = spar: SPAR, Biospherical/Licor
# name 23 = specc: Specific Conductance [uS/cm]
# name 24 = timeS: Time, Elapsed [seconds]
# name 25 = timeY: Time, System [seconds]
# name 26 = accM: Acceleration [m/s^2]
# name 27 = dz/dtM: Descent Rate [m/s]
# name 28 = latitude: Latitude [deg]
# name 29 = longitude: Longitude [deg]
# name 30 = gsw_saA0: Absolute Salinity [g/kg]
# name 31 = gsw_densityA0: density, TEOS-10 [density, kg/m^3]
# name 32 = gsw_sigma0A0: density, TEOS-10 [sigma-0, kg/m^3 ]
# name 33 = gsw_ptA0: potential temperature [ITS-90, deg C]
# name 34 = flag: flag
# span 0 =      0.991,    133.936       
# span 1 =     8.4324,    12.4841       
# span 2 =    33.1939,    35.1862       
# span 3 =  1025.7892,  1027.2447       
# span 4 =     1.9057,     2.7432       
# span 5 =     4.0910,     7.2398       
# span 6 =     61.895,    104.487       
# span 7 =   -0.01529,    0.16631       
# span 8 =    5.98427,    7.39377       
# span 9 =    5.98327,    7.39482       
# span 10 =      8.236,      8.442      
# span 11 =     0.0496,     1.3704      
# span 12 =   10.84986,   13.38792      
# span 13 =   3.495501,   4.071236      
# span 14 = -2.229e+04, 1.1252e+05      
# span 15 =    25.7535,    26.6445      
# span 16 =    25.7534,    26.6410      
# span 17 = 1.0000e-12, 1.0000e-12      
# span 18 =      1.000,    135.000      
# span 19 =          0,          1      
# span 20 =        303,      22751      
# span 21 =    1481.96,    1500.90      
# span 22 = -2.472e-01, 2.4148e+00      
# span 23 =  52154.773,  54311.337      
# span 24 =     12.574,    947.915      
# span 25 = 1549876412, 1549877348      
# span 26 =      -0.57,       0.46      
# span 27 =     -0.821,      0.820      
# span 28 =   39.48884,   39.48950      
# span 29 =  -72.37388,  -72.37324      
# span 30 =    33.3564,    35.3526      
# span 31 =  1025.7952,  1027.2486      
# span 32 =    25.7634,    26.6485      
# span 33 =     8.4322,    12.4662      
# span 34 = 0.0000e+00, 0.0000e+00      
# interval = decibars: 1                
# start_time = Feb 11 2019 09:13:20 [System UTC, first data scan.]
# bad_flag = -9.990e-29
*END*
[from data line 166]
    101.206    11.4280    34.6754  1026.9031     2.4163     5.3373     86.660    0.01165    6.15894    6.15983 -9.990e-29     0.0522   11.14506   3.914839 5.0640e-11    26.4469    26.4445 1.0000e-12    102.000          1      12294    1496.15 1.9747e+00  53756.004    512.210 1549876912      -0.03     -0.342   39.48916  -72.37348    34.8212  1026.8926    26.4364    11.4152 0.0000e+00
    100.200    11.3152    34.6382  1026.8905     2.4315     5.3868     87.354    0.01176    6.16668    6.16766      8.403     0.1066   11.15801   3.901022 5.0640e-11    26.4386    26.4363 1.0000e-12    101.000          1      12325    1495.70 1.9747e+00  53723.264    513.519 1549876913      -0.18     -0.691   39.48916  -72.37346    34.7906  1026.8853    26.4334    11.3026 0.0000e+00
     99.220    11.2785    34.6230  1026.8811     2.4449     5.4033     87.456    0.00656    6.17829    6.17940      8.403     0.0496   11.17754   3.895941 5.0640e-11    26.4335    26.4312 1.0000e-12    100.000          1      12372    1495.54 1.9747e+00  53707.714    515.444 1549876915       0.16     -0.510   39.48916  -72.37346    34.7751  1026.8757    26.4281    11.2660 0.0000e+00
     98.219    11.2052    34.6063  1026.8771     2.4509     5.4382     87.519    0.00441    6.21373    6.21529      8.405     0.0703   11.23674   3.887353 5.0640e-11    26.4339    26.4316 1.0000e-12     99.000          1      12409    1495.25 1.9747e+00  53696.873    516.991 1549876917      -0.05     -0.644   39.48916  -72.37346    34.7591  1026.8723    26.4290    11.1929 0.0000e+00
     97.232    11.0049    34.5528  1026.8677     2.4769     5.5697     89.519    0.01304    6.22170    6.22334      8.405     0.2217   11.25030   3.861859 -9.990e-29    26.4284    26.4263 1.0000e-12     98.000          1      12460    1494.47 -9.990e-29  53657.589    519.138 1549876919       0.08     -0.453   39.48916  -72.37346    34.6937  1026.8537    26.4145    10.9929 0.0000e+00
     96.239    10.9138    34.5277  1026.8602     2.4932     5.5999     89.618    0.00657    6.24857    6.25053      8.406     0.1271   11.29542   3.851518 5.0640e-11    26.4252    26.4231 1.0000e-12     97.000          1      12511    1494.10 1.9747e+00  53638.131    521.232 1549876921      -0.02     -0.485   39.48916  -72.37346    34.6766  1026.8526    26.4176    10.9020 0.0000e+00
     95.252    10.7137    34.4620  1026.8408     2.5130     5.6915     91.001    0.01165    6.25437    6.25640 -9.990e-29     0.0899   11.30522   3.825850 3.5438e+04    26.4098    26.4078 1.0000e-12     96.000          1      12553    1493.30 1.2749e+00  53583.202    522.990 1549876923      -0.13     -0.539   39.48916  -72.37346    34.6083  1026.8312    26.4003    10.7022 0.0000e+00
     94.247    10.6537    34.4372  1026.8277     2.5241     5.7144     91.326    0.00988    6.25722    6.25927 -9.990e-29     0.1018   11.31004   3.817602 9.4144e+04    26.4011    26.3991 1.0000e-12     95.000          1      12583    1493.04 1.1561e-01  53558.789    524.247 1549876924      -0.06     -0.765   39.48916  -72.37346    34.5824  1026.8173    26.3907    10.6423 0.0000e+00
     93.268    10.6072    34.4170  1026.8158     2.5325     5.6960     90.960    0.00239    6.26215    6.26425      8.407     0.0897   11.31847   3.812021 4.2243e+04    26.3935    26.3915 1.0000e-12     94.000          1      12642    1492.84 1.1405e+00  53538.789    526.709 1549876926       0.14     -0.333   39.48916  -72.37346    34.5705  1026.8118    26.3896    10.5960 0.0000e+00
     92.270    10.5834    34.3990  1026.8014     2.5333     5.7009     90.796    0.00050    6.27880    6.28110      8.409     0.1253   11.34646   3.807971 7.0171e+03    26.3836    26.3816 1.0000e-12     93.000          1      12689    1492.71 1.8361e+00  53517.265    528.678 1549876928       0.03     -0.519   39.48914  -72.37346    34.5525  1026.7976    26.3798    10.5724 0.0000e+00
     91.281    10.5164    34.3642  1026.7817     2.5304     5.6876     90.443   -0.00163    6.28857    6.29099      8.409     0.0987   11.36290   3.798053 -7.632e+01    26.3682    26.3663 1.0000e-12     92.000          1      12736    1492.42 1.9762e+00  53480.712    530.629 1549876930      -0.15     -0.488   39.48914  -72.37346    34.5161  1026.7767    26.3633    10.5055 0.0000e+00
     90.285    10.4352    34.3418  1026.7741     2.5315     5.6991     90.680    0.00035    6.28482    6.28719 -9.990e-29     0.0723   11.35660   3.787894 5.0640e-11    26.3649    26.3630 1.0000e-12     91.000          1      12774    1492.08 1.9747e+00  53464.395    532.212 1549876932       0.04     -0.637   39.48914  -72.37346    34.4905  1026.7667    26.3575    10.4245 0.0000e+00
     89.292    10.4062    34.3299  1026.7654     2.5317     5.7039     90.652    0.00009    6.29209    6.29454      8.407     0.1583   11.36883   3.784786 5.0640e-11    26.3607    26.3588 1.0000e-12     90.000          1      12820    1491.95 1.9747e+00  53452.533    534.134 1549876934       0.04     -0.531   39.48914  -72.37346    34.4869  1026.7645    26.3598    10.3956 0.0000e+00
     88.307    10.3833    34.3194  1026.7567     2.5315     5.7030     90.621    0.00000    6.29325    6.29573      8.407     0.1546   11.37078   3.781230 5.0640e-11    26.3564    26.3546 1.0000e-12     89.000          1      12887    1491.84 1.9747e+00  53441.723    536.896 1549876937       0.00     -0.308   39.48914  -72.37346    34.4730  1026.7532    26.3529    10.3728 0.0000e+00
     87.309    10.3651    34.3118  1026.7494     2.5322     5.7159     90.652    0.00011    6.30537    6.30799      8.408     0.1629   11.39110   3.779320 5.0640e-11    26.3536    26.3518 1.0000e-12     88.000          1      12933    1491.75 1.9747e+00  53433.756    538.851 1549876939       0.03     -0.509   39.48914  -72.37345    34.4712  1026.7505    26.3547    10.3548 0.0000e+00
     86.321    10.2942    34.2968  1026.7456     2.5403     5.7702     91.444    0.00449    6.31010    6.31277 -9.990e-29     0.2417   11.39907   3.770466 5.0640e-11    26.3542    26.3524 1.0000e-12     87.000          1      12989    1491.46 1.9747e+00  53425.949    541.175 1549876941      -0.11     -0.400   39.48914  -72.37344    34.4488  1026.7410    26.3495    10.2841 0.0000e+00
     85.327    10.2667    34.2812  1026.7338     2.5455     5.7770     91.481    0.00256    6.31494    6.31768 -9.990e-29     0.1098   11.40716   3.766831 5.5605e+04    26.3467    26.3450 1.0000e-12     86.000          1      13039    1491.33 8.7665e-01  53408.793    543.256 1549876943       0.07     -0.475   39.48914  -72.37344    34.4385  1026.7332    26.3462    10.2566 0.0000e+00
     84.335    10.2155    34.2680  1026.7279     2.5497     5.7819     91.548    0.00143    6.31572    6.31846      8.408     0.1080   11.40849   3.760818 5.9752e+04    26.3452    26.3435 1.0000e-12     85.000          1      13117    1491.11 7.9476e-01  53399.704    546.515 1549876946       0.01     -0.256   39.48914  -72.37344    34.4262  1026.7281    26.3454    10.2056 0.0000e+00
     83.342    10.2108    34.2641  1026.7211     2.5528     5.7881     91.610    0.00072    6.31816    6.32093      8.408     0.1100   11.41255   3.760096 4.2898e+03    26.3429    26.3413 1.0000e-12     84.000          1      13191    1491.07 1.8900e+00  53394.415    549.563 1549876949       0.03     -0.340   39.48914  -72.37344    34.4238  1026.7224    26.3443    10.2010 0.0000e+00
     82.351    10.1722    34.2581  1026.7186     2.5596     5.8298     92.116    0.00283    6.32876    6.33167      8.408     0.1463   11.43032   3.755752 5.0640e-11    26.3448    26.3432 1.0000e-12     83.000          1      13297    1490.91 1.9747e+00  53392.930    553.989 1549876954      -0.03     -0.204   39.48914  -72.37344    34.4165  1026.7190    26.3452    10.1626 0.0000e+00
     81.359    10.1153    34.2399  1026.7097     2.5776     5.8811     92.896    0.00261    6.33082    6.33375      8.409     0.1714   11.43377   3.748821 1.0141e+05    26.3404    26.3387 1.0000e-12     82.000          1      13420    1490.67 -2.788e-02  53378.015    559.135 1549876959      -0.01     -0.159   39.48914  -72.37344    34.4002  1026.7116    26.3423    10.1059 0.0000e+00
     80.367    10.0874    34.2305  1026.7027     2.5852     5.8986     93.090    0.00121    6.33650    6.33950      8.406     0.1876   11.44332   3.745334 7.9272e+04    26.3378    26.3362 1.0000e-12     81.000          1      13608    1490.54 4.0929e-01  53369.741    566.974 1549876967      -0.10     -0.208   39.48913  -72.37344    34.3916  1026.7052    26.3403    10.0781 0.0000e+00
     79.372    10.0614    34.2188  1026.6935     2.5876     5.9032     93.119    0.00053    6.33941    6.34244      8.405     0.1577   11.44822   3.741757 5.1895e+04    26.3330    26.3315 1.0000e-12     80.000          1      13825    1490.42 9.4993e-01  53357.848    576.004 1549876976      -0.07     -0.296   39.48912  -72.37342    34.3801  1026.6962    26.3358    10.0522 0.0000e+00
     78.385    10.0293    34.2073  1026.6855     2.5893     5.9248     93.257    0.00147    6.35319    6.35639      8.401     0.2032   11.47132   3.737478 -6.305e+02    26.3295    26.3279 1.0000e-12     79.000          1      14909    1490.27 1.9871e+00  53347.439    621.159 1549877021      -0.57     -0.414   39.48909  -72.37340    34.3673  1026.6873    26.3313    10.0202 0.0000e+00
     77.389    10.0007    34.2001  1026.6803     2.5921     5.9363     93.418    0.00189    6.35452    6.35774      8.401     0.1298   11.47354   3.733972 5.0640e-11    26.3288    26.3272 1.0000e-12     78.000          1      14924    1490.14 1.9747e+00  53342.461    621.806 1549877022      -0.09     -0.821   39.48908  -72.37340    34.3590  1026.6812    26.3297     9.9917 0.0000e+00
     76.397     9.9660    34.1904  1026.6741     2.5976     5.9681     93.848    0.00382    6.35925    6.36253      8.401     0.2193   11.48146   3.729757 5.0640e-11    26.3270    26.3255 1.0000e-12     77.000          1      14956    1489.99 1.9747e+00  53335.162    623.141 1549877023       0.10     -0.793   39.48908  -72.37340    34.3493  1026.6750    26.3279     9.9572 0.0000e+00
     75.411     9.9515    34.1885  1026.6706     2.6018     5.9786     93.925    0.00281    6.36526    6.36862      8.400     0.2060   11.49149   3.728264 5.0640e-11    26.3279    26.3264 1.0000e-12     76.000          1      14994    1489.92 1.9747e+00  53334.698    624.720 1549877025       0.01     -0.616   39.48908  -72.37340    34.3482  1026.6721    26.3295     9.9429 0.0000e+00
     74.411     9.9214    34.1802  1026.6647     2.6046     5.9952     93.988    0.00222    6.37872    6.38226      8.401     0.1908   11.51394   3.724281 -9.990e-29    26.3265    26.3251 1.0000e-12     75.000          1      15027    1489.78 -9.990e-29  53328.481    626.081 1549877026      -0.04     -0.727   39.48908  -72.37340    34.3364  1026.6635    26.3253     9.9129 0.0000e+00
     73.425     9.8703    34.1691  1026.6602     2.6079     6.0509     94.108    0.00199    6.42971    6.43388      8.403     0.1975   11.59939   3.718254 -9.990e-29    26.3264    26.3250 1.0000e-12     74.000          1      15068    1489.57 -9.990e-29  53322.550    627.811 1549877028       0.09     -0.580   39.48908  -72.37340    34.3235  1026.6577    26.3239     9.8620 0.0000e+00
     72.430     9.7252    34.1359  1026.6542     2.6154     6.1388     94.614    0.00360    6.48819    6.49311      8.404     0.3293   11.69725   3.700244 -9.990e-29    26.3246    26.3233 1.0000e-12     73.000          1      15109    1488.99 -9.990e-29  53304.906    629.482 1549877029       0.00     -0.605   39.48908  -72.37340    34.2767  1026.6411    26.3116     9.7170 0.0000e+00
     71.443     9.3428    34.0329  1026.6327     2.6458     6.3275     97.385    0.01711    6.49743    6.50245      8.404     0.4180   11.71295   3.653667 -9.990e-29    26.3070    26.3057 1.0000e-12     72.000          1      15151    1487.45 -9.990e-29  53239.279    631.240 1549877031      -0.04     -0.543   39.48908  -72.37340    34.1595  1026.6087    26.2831     9.3350 0.0000e+00
     70.444     9.0440    33.9438  1026.6069     2.6717     6.4157     98.777    0.01938    6.49513    6.50012      8.404     0.3499   11.70916   3.618251 9.9999e+04    26.2852    26.2840 1.0000e-12     71.000          1      15185    1486.23 0.0000e+00  53177.515    632.654 1549877032      -0.03     -0.698   39.48908  -72.37340    34.0759  1026.5875    26.2658     9.0365 0.0000e+00
     69.459     9.0167    33.9201  1026.5883     2.6854     6.3862     98.328    0.00923    6.49483    6.49982      8.405     0.3481   11.70855   3.614679 9.9999e+04    26.2710    26.2699 1.0000e-12     70.000          1      15224    1486.08 0.0000e+00  53149.736    634.274 1549877034       0.02     -0.604   39.48908  -72.37340    34.0652  1026.5790    26.2618     9.0093 0.0000e+00
     68.459     9.0304    33.9182  1026.5800     2.6896     6.3608     97.930    0.00373    6.49525    6.50025      8.404     0.3582   11.70932   3.615859 8.3336e+04    26.2673    26.2662 1.0000e-12     69.000          1      15258    1486.12 3.2904e-01  53143.307    635.725 1549877035       0.01     -0.693   39.48908  -72.37338    34.0649  1026.5721    26.2594     9.0230 0.0000e+00
     67.474     9.0353    33.9305  1026.5843     2.6923     6.3549     97.801    0.00143    6.49774    6.50276      8.404     0.3622   11.71357   3.617901 2.4871e+03    26.2762    26.2750 1.0000e-12     68.000          1      15303    1486.13 1.9256e+00  53159.047    637.580 1549877037       0.03     -0.521   39.48907  -72.37338    34.0821  1026.5801    26.2720     9.0281 0.0000e+00
     66.478     9.0216    33.9165  1026.5710     2.6937     6.3555     97.791    0.00088    6.49904    6.50407      8.405     0.3027   11.71575   3.615277 -9.990e-29    26.2674    26.2662 1.0000e-12     67.000          1      15344    1486.05 -9.990e-29  53141.614    639.294 1549877039       0.03     -0.589   39.48906  -72.37338    34.0682  1026.5669    26.2633     9.0145 0.0000e+00
     65.491     9.0162    33.9102  1026.5624     2.6955     6.3594     97.859    0.00084    6.49855    6.50358      8.405     0.3887   11.71494   3.614366 5.0640e-11    26.2633    26.2622 1.0000e-12     66.000          1      15385    1486.00 1.9747e+00  53133.279    641.003 1549877041      -0.11     -0.551   39.48906  -72.37338    34.0643  1026.5601    26.2611     9.0092 0.0000e+00
     64.490     9.0075    33.9074  1026.5570     2.6971     6.3656     97.976    0.00139    6.49712    6.50213      8.404     0.3198   11.71258   3.613359 5.0640e-11    26.2625    26.2614 1.0000e-12     65.000          1      15419    1485.95 1.9747e+00  53130.648    642.406 1549877042       0.02     -0.712   39.48906  -72.37338    34.0625  1026.5557    26.2611     9.0005 0.0000e+00
     63.508     9.0147    33.9084  1026.5522     2.6954     6.3428     97.631   -0.00115    6.49677    6.50178 -9.990e-29     0.3343   11.71200   3.614307 5.0640e-11    26.2621    26.2610 1.0000e-12     64.000          1      15468    1485.96 1.9747e+00  53129.873    644.447 1549877044       0.05     -0.441   39.48906  -72.37338    34.0660  1026.5527    26.2627     9.0078 0.0000e+00
     62.510     9.0221    33.9083  1026.5463     2.6953     6.3476     97.718   -0.00011    6.49581    6.50080      8.404     0.3258   11.71042   3.614976 5.0640e-11    26.2608    26.2597 1.0000e-12     63.000          1      15517    1485.97 1.9747e+00  53127.375    646.490 1549877046       0.11     -0.460   39.48906  -72.37337    34.0664  1026.5473    26.2618     9.0153 0.0000e+00
     61.517     9.0289    33.9076  1026.5401     2.6981     6.3651     98.012    0.00160    6.49413    6.49910      8.404     0.3063   11.70763   3.615593 -9.990e-29    26.2592    26.2581 1.0000e-12     62.000          1      15573    1485.98 -9.990e-29  53124.244    648.852 1549877049      -0.29     -0.436   39.48906  -72.37337    34.0668  1026.5420    26.2610     9.0223 0.0000e+00
