CalculateIndicators/WaterTemperature/Data/CTD_NYOS/NYB1-3190723.cnv
* Sea-Bird SBE 9 Data File:
* FileName = C:\Seabird 9 CTD\Data\2019\201907_offshore\NYB1-3190723.hex
* Software Version Seasave V 7.23.2
* Temperature SN = 4590
* Conductivity SN = 3228
* Number of Bytes Per Scan = 44
* Number of Voltage Words = 5
* Number of Scans Averaged by the Deck Unit = 1
* NMEA Latitude = 40 23.96 N
* NMEA Longitude = 071 40.75 W
* NMEA UTC (Time) = Jul 24 2019  08:26:20
* NMEA baud rate = 4800
** Ship: Seawolf
** Station: 1.3
** Operator: LIS
# nquan = 35
# nvalues = 144                         
# units = specified
# name 0 = depSM: Depth [salt water, m]
# name 1 = t090C: Temperature [ITS-90, deg C]
# name 2 = sal00: Salinity, Practical [PSU]
# name 3 = density00: Density [density, kg/m^3]
# name 4 = sbeox0V: Oxygen raw, SBE 43 [V]
# name 5 = sbeox0ML/L: Oxygen, SBE 43 [ml/l]
# name 6 = sbeox0PS: Oxygen, SBE 43 [% saturation]
# name 7 = sbox0dV/dT: Oxygen, SBE 43 [dov/dt]
# name 8 = oxsolML/L: Oxygen Saturation, Garcia & Gordon [ml/l]
# name 9 = oxsatML/L: Oxygen Saturation, Weiss [ml/l]
# name 10 = ph: pH
# name 11 = flECO-AFL: Fluorescence, WET Labs ECO-AFL/FL [mg/m^3]
# name 12 = n2satML/L: Nitrogen Saturation [ml/l]
# name 13 = c0S/m: Conductivity [S/m]
# name 14 = cpar: CPAR/Corrected Irradiance [%]
# name 15 = sigma-é00: Density [sigma-theta, kg/m^3]
# name 16 = sigma-t00: Density [sigma-t, kg/m^3 ]
# name 17 = par: PAR/Irradiance, Biospherical/Licor
# name 18 = prDM: Pressure, Digiquartz [db]
# name 19 = pumps: Pump Status
# name 20 = scan: Scan Count
# name 21 = svCM: Sound Velocity [Chen-Millero, m/s]
# name 22 = spar: SPAR, Biospherical/Licor
# name 23 = specc: Specific Conductance [uS/cm]
# name 24 = timeS: Time, Elapsed [seconds]
# name 25 = timeY: Time, System [seconds]
# name 26 = accM: Acceleration [m/s^2]
# name 27 = dz/dtM: Descent Rate [m/s]
# name 28 = latitude: Latitude [deg]
# name 29 = longitude: Longitude [deg]
# name 30 = gsw_saA0: Absolute Salinity [g/kg]
# name 31 = gsw_densityA0: density, TEOS-10 [density, kg/m^3]
# name 32 = gsw_sigma0A0: density, TEOS-10 [sigma-0, kg/m^3 ]
# name 33 = gsw_ptA0: potential temperature [ITS-90, deg C]
# name 34 = flag: flag
# span 0 =      2.000,     74.000       
# span 1 =     6.8896,    23.4353       
# span 2 =    31.4471,    32.7132       
# span 3 =  1021.2025,  1025.9605       
# span 4 =     2.0608,     3.0567       
# span 5 =     4.9446,     7.7862       
# span 6 =     77.862,    131.366       
# span 7 =   -0.12742,    0.10165       
# span 8 =    4.96432,    6.87201       
# span 9 =    4.95239,    6.88128       
# span 10 =      7.934,      8.239      
# span 11 =    -0.0033,     2.7966      
# span 12 =    9.19365,   12.34693      
# span 13 =   3.308966,   4.692973      
# span 14 = 2.5051e-11, 2.6999e+03      
# span 15 =    21.1864,    25.6189      
# span 16 =    21.1862,    25.6180      
# span 17 = 1.0000e-12, 1.0000e-12      
# span 18 =      2.039,     74.576      
# span 19 =          1,          1      
# span 20 =        166,      10759      
# span 21 =    1476.30,    1526.89      
# span 22 = 2.7242e+00, 4.4586e+00      
# span 23 =  48296.120,  51925.612      
# span 24 =      6.888,    448.232      
# span 25 = 1563956789, 1563957231      
# span 26 =      -0.81,       0.58      
# span 27 =     -1.097,      0.993      
# span 28 =   40.39949,   40.40024      
# span 29 =  -71.67972,  -71.67918      
# span 30 =    31.5385,    32.8695      
# span 31 =  1021.2288,  1025.9630      
# span 32 =    21.2157,    25.6224      
# span 33 =     6.8841,    23.4346      
# span 34 = 0.0000e+00, 0.0000e+00      
# interval = meters: 1                  
# start_time = Jul 24 2019 08:26:23 [System UTC, first data scan.]
# bad_flag = -9.990e-29
*END*
[from data line 42]
     45.000     7.5186    32.5397  1025.6186     2.3673     6.6490     97.385    0.02176    6.82753    6.83596      8.059     0.6267   12.27501   3.350810 -9.990e-29    25.4110    25.4104 1.0000e-12     45.354          1       2133    1478.33 3.9495e+00  51525.673     88.831 1563956871      -0.18      0.687   40.39967  -71.67930    32.6891  1025.6172    25.4096     7.5144 0.0000e+00
     46.000     7.4216    32.5351  1025.6331     2.3836     6.6533     97.267    0.01519    6.84023    6.84887      8.041     0.4861   12.29586   3.340517 -9.990e-29    25.4208    25.4202 1.0000e-12     46.364          1       2170    1477.97 3.9495e+00  51544.105     90.356 1563956873       0.21      0.609   40.39968  -71.67930    32.6685  1025.6191    25.4067     7.4173 0.0000e+00
     47.000     7.2220    32.5550  1025.6810     2.3563     6.2768     91.594   -0.01375    6.85298    6.86181      8.026     0.2885   12.31682   3.325677 2.5320e-11    25.4638    25.4632 1.0000e-12     47.367          1       2201    1477.24 3.9495e+00  51623.409     91.658 1563956874      -0.03      0.783   40.39968  -71.67930    32.6951  1025.6721    25.4549     7.2177 0.0000e+00
     48.000     7.1331    32.5694  1025.7091     2.3249     6.1034     88.966   -0.02092    6.86040    6.86938      8.017     0.2205   12.32879   3.319247 2.5320e-11    25.4872    25.4866 1.0000e-12     48.379          1       2239    1476.93 3.9495e+00  51667.461     93.250 1563956876      -0.04      0.634   40.39968  -71.67932    32.7086  1025.6994    25.4775     7.1288 0.0000e+00
     49.000     7.0379    32.5763  1025.7321     2.3061     6.1204     89.176   -0.01329    6.86324    6.87228      8.005     0.2081   12.33332   3.311684 2.5320e-11    25.5055    25.5049 1.0000e-12     49.387          1       2274    1476.58 3.9495e+00  51702.779     94.709 1563956877       0.05      0.678   40.39968  -71.67932    32.7157  1025.7225    25.4958     7.0335 0.0000e+00
     50.000     6.9924    32.5981  1025.7600     2.2822     6.0072     87.526   -0.01629    6.86330    6.87234      8.001     0.1796   12.33346   3.310163 2.5320e-11    25.5287    25.5281 1.0000e-12     50.393          1       2305    1476.45 3.9495e+00  51746.516     96.019 1563956879       0.06      0.749   40.39968  -71.67932    32.7418  1025.7537    25.5224     6.9879 0.0000e+00
     51.000     6.9607    32.6141  1025.7815     2.2323     5.8414     85.082   -0.01594    6.86565    6.87474      7.989     0.1683   12.33714   3.309191 2.5320e-11    25.5456    25.5450 1.0000e-12     51.396          1       2383    1476.36 3.9495e+00  51778.514     99.269 1563956882       0.18      0.474   40.39968  -71.67932    32.7609  1025.7775    25.5415     6.9561 0.0000e+00
     52.000     6.9397    32.6329  1025.8038     2.1899     5.7287     83.477   -0.01258    6.86265    6.87174      7.974     0.1464   12.33176   3.309419 2.5320e-11    25.5632    25.5626 1.0000e-12     52.410          1       2464    1476.32 3.9495e+00  51811.656    102.628 1563956885       0.04      0.491   40.39969  -71.67932    32.7829  1025.8021    25.5615     6.9351 0.0000e+00
     53.000     6.9316    32.6469  1025.8205     2.1688     5.6858     82.916   -0.00934    6.85723    6.86625      7.955     0.0669   12.32272   3.310327 2.5320e-11    25.5753    25.5746 1.0000e-12     53.421          1       2514    1476.32 3.9495e+00  51834.481    104.714 1563956887       0.00      0.477   40.39970  -71.67932    32.8001  1025.8214    25.5761     6.9269 0.0000e+00
     54.000     6.9810    32.6694  1025.8361     2.1335     5.4256     79.112   -0.02286    6.85815    6.86718      7.948     0.0648   12.32422   3.316824 2.5320e-11    25.5864    25.5857 1.0000e-12     54.431          1       2550    1476.56 3.9495e+00  51854.299    106.188 1563956889       0.26      0.619   40.39970  -71.67932    32.8239  1025.8381    25.5883     6.9761 0.0000e+00
     55.000     6.9883    32.6683  1025.8390     2.1112     5.3406     77.862   -0.02375    6.85905    6.86810      7.948     0.0699   12.32570   3.317321 2.5320e-11    25.5846    25.5839 1.0000e-12     55.425          1       2575    1476.60 3.9495e+00  51851.517    107.244 1563956890       0.14      0.889   40.39970  -71.67932    32.8220  1025.8401    25.5858     6.9833 0.0000e+00
     56.000     6.9818    32.6682  1025.8444     2.0879     5.3866     78.506   -0.01182    6.86126    6.87030      7.945     0.0574   12.32900   3.316787 2.5320e-11    25.5854    25.5847 1.0000e-12     56.447          1       2621    1476.59 3.9495e+00  51853.777    109.175 1563956892      -0.27      0.530   40.39970  -71.67932    32.8218  1025.8455    25.5865     6.9768 0.0000e+00
     57.000     6.9750    32.6708  1025.8520     2.0776     5.3954     78.609   -0.00778    6.86352    6.87263 -9.990e-29     0.0563   12.33310   3.316489 -9.990e-29    25.5883    25.5877 1.0000e-12     57.447          1       2656    1476.59 3.9495e+00  51859.963    110.617 1563956893       0.27      0.663   40.39970  -71.67932    32.8246  1025.8532    25.5896     6.9698 0.0000e+00
     58.000     6.9709    32.6643  1025.8393     2.0708     5.4084     78.719   -0.00492    6.87047    6.87970 -9.990e-29     0.0388   12.34444   3.314255 2.5320e-11    25.5865    25.5858 1.0000e-12     58.460          1       2695    1476.56 3.9495e+00  51857.368    112.234 1563956895      -0.17      0.663   40.39970  -71.67932    32.8034  1025.8418    25.5736     6.9657 0.0000e+00
     59.000     6.9460    32.6687  1025.8636     2.0738     5.4863     79.837    0.00135    6.87183    6.88109      7.944     0.0334   12.34657   3.313608 2.5320e-11    25.5905    25.5898 1.0000e-12     59.469          1       2730    1476.51 3.9495e+00  51865.932    113.718 1563956896       0.23      0.623   40.39970  -71.67932    32.8196  1025.8626    25.5896     6.9407 0.0000e+00
     60.000     6.9085    32.6767  1025.8795     2.0790     5.5329     80.515    0.00407    6.87186    6.88112      7.944     0.0299   12.34660   3.311207 2.5320e-11    25.6018    25.6011 1.0000e-12     60.469          1       2758    1476.39 3.9495e+00  51887.999    114.855 1563956897       0.09      0.856   40.39970  -71.67932    32.8285  1025.8791    25.6015     6.9032 0.0000e+00
     61.000     6.8907    32.6881  1025.8955     2.0829     5.5355     80.555    0.00296    6.87179    6.88105      7.942     0.0281   12.34649   3.310853 2.5320e-11    25.6132    25.6125 1.0000e-12     61.483          1       2796    1476.35 3.9495e+00  51909.859    116.460 1563956899      -0.19      0.671   40.39970  -71.67932    32.8412  1025.8961    25.6138     6.8852 0.0000e+00
     62.000     6.8896    32.6906  1025.9022     2.0818     5.4950     79.978   -0.00058    6.87065    6.87990      7.940     0.0211   12.34458   3.311054 -9.990e-29    25.6154    25.6146 1.0000e-12     62.492          1       2838    1476.36 3.9495e+00  51914.387    118.196 1563956901       0.05      0.574   40.39970  -71.67932    32.8439  1025.9030    25.6162     6.8841 0.0000e+00
     63.000     6.8898    32.6911  1025.9072     2.0796     5.4777     79.740   -0.00146    6.86941    6.87864 -9.990e-29 -9.990e-29   12.34252   3.311224 -9.990e-29    25.6157    25.6150 1.0000e-12     63.503          1       2872    1476.38 3.9495e+00  51915.675    119.625 1563956902       0.12      0.670   40.39970  -71.67932    32.8451  1025.9086    25.6171     6.8842 0.0000e+00
     64.000     6.8947    32.6920  1025.9119     2.0782     5.4728     79.677   -0.00143    6.86874    6.87796 -9.990e-29 -9.990e-29   12.34141   3.311818 2.5320e-11    25.6158    25.6150 1.0000e-12     64.502          1       2899    1476.42 3.9495e+00  51916.323    120.744 1563956903       0.13      0.845   40.39970  -71.67932    32.8465  1025.9136    25.6175     6.8890 0.0000e+00
     65.000     6.9028    32.6933  1025.9165     2.0777     5.4797     79.795   -0.00054    6.86726    6.87646      7.939     0.0334   12.33893   3.312722 2.5320e-11    25.6158    25.6150 1.0000e-12     65.512          1       2938    1476.47 3.9495e+00  51916.813    122.382 1563956905      -0.20      0.672   40.39970  -71.67932    32.8483  1025.9186    25.6178     6.8970 0.0000e+00
     66.000     6.9106    32.6946  1025.9211     2.0771     5.4798     79.825   -0.00019    6.86485    6.87402      7.939     0.0184   12.33492   3.313614 2.5320e-11    25.6157    25.6149 1.0000e-12     66.526          1       2989    1476.51 3.9495e+00  51917.191    124.511 1563956907       0.13      0.442   40.39970  -71.67933    32.8501  1025.9236    25.6182     6.9047 0.0000e+00
     67.000     6.9234    32.6975  1025.9263     2.0767     5.4765     79.797   -0.00026    6.86299    6.87213      7.939     0.0209   12.33182   3.315074 2.5320e-11    25.6163    25.6155 1.0000e-12     67.527          1       3030    1476.59 3.9495e+00  51918.685    126.215 1563956909      -0.04      0.585   40.39970  -71.67934    32.8534  1025.9291    25.6192     6.9174 0.0000e+00
     68.000     6.9406    32.7008  1025.9312     2.0761     5.4732     79.776   -0.00021    6.86073    6.86984      7.939     0.0212   12.32805   3.316954 2.5320e-11    25.6166    25.6158 1.0000e-12     68.540          1       3096    1476.67 3.9495e+00  51919.485    128.945 1563956912      -0.01      0.335   40.39970  -71.67934    32.8572  1025.9344    25.6199     6.9345 0.0000e+00
     69.000     6.9594    32.7042  1025.9360     2.0765     5.4762     79.879    0.00021    6.85565    6.86469      7.939     0.0212   12.31957   3.318953 2.5320e-11    25.6169    25.6160 1.0000e-12     69.552          1       3179    1476.77 3.9495e+00  51920.155    132.419 1563956915      -0.01      0.243   40.39970  -71.67934    32.8608  1025.9393    25.6202     6.9531 0.0000e+00
     70.000     6.9741    32.7088  1025.9423     2.0749     5.4579     79.608   -0.00102    6.85598    6.86502      7.939    -0.0033   12.32014   3.320768 2.5320e-11    25.6185    25.6177 1.0000e-12     70.556          1       3215    1476.85 3.9495e+00  51923.476    133.924 1563956917       0.30      0.638   40.39972  -71.67934    32.8661  1025.9462    25.6224     6.9678 0.0000e+00
     71.000     6.9860    32.7104  1025.9465     2.0731     5.4572     79.605   -0.00049    6.85543    6.86447      7.936     0.0062   12.31922   3.321908 2.5320e-11    25.6182    25.6173 1.0000e-12     71.558          1       3382    1476.91 3.9495e+00  51923.310    140.887 1563956923       0.15      0.443   40.39972  -71.67934    32.8668  1025.9497    25.6214     6.9796 0.0000e+00
     72.000     6.9924    32.7121  1025.9517     2.0713     5.4484     79.503   -0.00073    6.85309    6.86209      7.934     0.0187   12.31532   3.322645 2.5320e-11    25.6187    25.6179 1.0000e-12     72.577          1       3605    1476.95 3.9495e+00  51924.828    150.161 1563956933       0.58      0.459   40.39972  -71.67934    32.8683  1025.9547    25.6217     6.9859 0.0000e+00
     73.000     6.9978    32.7132  1025.9564     2.0705     5.4395     79.364   -0.00135    6.85385    6.86287      7.934     0.0212   12.31659   3.323266 -9.990e-29    25.6189    25.6180 1.0000e-12     73.575          1       3623    1476.99 3.9495e+00  51925.612    150.926 1563956934       0.24      0.903   40.39972  -71.67934    32.8695  1025.9595    25.6220     6.9912 0.0000e+00
     74.000     7.0011    32.7131  1025.9605     2.0687     5.4427     79.417   -0.00046    6.85330    6.86231      7.934     0.0165   12.31567   3.323524 2.5320e-11    25.6184    25.6175 1.0000e-12     74.576          1       4112    1477.02 3.9495e+00  51925.294    171.286 1563956954      -0.17      0.364   40.39975  -71.67935    32.8687  1025.9630    25.6209     6.9945 0.0000e+00
     73.000     7.0020    32.7127  1025.9555     2.0696     5.4476     79.485    0.00020    6.85364    6.86265      7.934     0.0097   12.31624   3.323489 2.5320e-11    25.6179    25.6171 1.0000e-12     73.598          1       4871    1477.01 3.9495e+00  51923.835    202.897 1563956985      -0.55     -0.682   40.39979  -71.67937    32.8680  1025.9579    25.6202     6.9954 0.0000e+00
     72.000     6.9974    32.7111  1025.9502     2.0688     5.4489     79.465    0.00020    6.85694    6.86600      7.934     0.0105   12.32176   3.322879 -9.990e-29    25.6173    25.6164 1.0000e-12     72.564          1       5082    1476.97 3.9495e+00  51922.061    211.699 1563956994      -0.11     -0.412   40.39980  -71.67938    32.8661  1025.9522    25.6193     6.9909 0.0000e+00
     71.000     6.9914    32.7089  1025.9446     2.0698     5.4618     79.626    0.00088    6.85925    6.86834      7.934     0.0203   12.32562   3.322035 2.5320e-11    25.6163    25.6154 1.0000e-12     71.565          1       5090    1476.93 3.9495e+00  51919.690    212.061 1563956995      -0.81     -0.671   40.39980  -71.67938    32.8631  1025.9461    25.6178     6.9850 0.0000e+00
     70.000     6.9830    32.7080  1025.9404     2.0701     5.4622     79.606    0.00067    6.86154    6.87066      7.934     0.0101   12.32944   3.321218 2.5320e-11    25.6167    25.6159 1.0000e-12     70.565          1       5115    1476.88 3.9495e+00  51920.049    213.066 1563956996      -0.03     -1.060   40.39980  -71.67938    32.8626  1025.9422    25.6185     6.9767 0.0000e+00
     69.000     6.9698    32.7045  1025.9349     2.0705     5.4603     79.542    0.00013    6.86464    6.87380      7.934     0.0247   12.33458   3.319600 2.5320e-11    25.6157    25.6149 1.0000e-12     69.543          1       5154    1476.81 3.9495e+00  51917.902    214.709 1563956997       0.21     -0.610   40.39980  -71.67938    32.8579  1025.9356    25.6165     6.9636 0.0000e+00
     68.000     6.9491    32.6996  1025.9292     2.0712     5.4662     79.605    0.00040    6.86668    6.87587      7.934     0.0219   12.33800   3.317278 2.5320e-11    25.6146    25.6138 1.0000e-12     68.543          1       5191    1476.70 3.9495e+00  51915.541    216.265 1563956999       0.06     -0.651   40.39980  -71.67938    32.8527  1025.9297    25.6152     6.9430 0.0000e+00
     67.000     6.9289    32.6978  1025.9258     2.0726     5.4756     79.711    0.00072    6.86928    6.87850      7.934     0.0335   12.34234   3.315347 -9.990e-29    25.6159    25.6151 1.0000e-12     67.520          1       5241    1476.61 3.9495e+00  51917.772    218.324 1563957001      -0.05     -0.423   40.39980  -71.67938    32.8512  1025.9266    25.6167     6.9229 0.0000e+00
     66.000     6.9199    32.6937  1025.9191     2.0729     5.4741     79.684    0.00046    6.86980    6.87903 -9.990e-29     0.0292   12.34320   3.314121 -9.990e-29    25.6138    25.6130 1.0000e-12     66.524          1       5266    1476.55 3.9495e+00  51913.458    219.370 1563957002      -0.39     -0.768   40.39980  -71.67938    32.8468  1025.9198    25.6145     6.9140 0.0000e+00
     65.000     6.9102    32.6915  1025.9141     2.0734     5.4745     79.684    0.00035    6.87031    6.87955 -9.990e-29     0.0271   12.34406   3.313052 2.5320e-11    25.6134    25.6126 1.0000e-12     65.520          1       5299    1476.49 3.9495e+00  51912.277    220.752 1563957003       0.18     -0.799   40.39980  -71.67938    32.8448  1025.9149    25.6141     6.9044 0.0000e+00
     64.000     6.9016    32.6904  1025.9097     2.0734     5.4709     79.613   -0.00002    6.87182    6.88108 -9.990e-29     0.0321   12.34659   3.312212 2.5320e-11    25.6136    25.6128 1.0000e-12     64.502          1       5350    1476.44 3.9495e+00  51912.236    222.890 1563957006      -0.06     -0.416   40.39981  -71.67939    32.8442  1025.9109    25.6148     6.8959 0.0000e+00
