CalculateIndicators/WaterTemperature/Data/CTD_NYOS/NYB1-2190723.cnv
* Sea-Bird SBE 9 Data File:
* FileName = C:\Seabird 9 CTD\Data\2019\201907_offshore\NYB1-2190723.hex
* Software Version Seasave V 7.23.2
* Temperature SN = 4590
* Conductivity SN = 3228
* Number of Bytes Per Scan = 44
* Number of Voltage Words = 5
* Number of Scans Averaged by the Deck Unit = 1
* NMEA Latitude = 40 41.96 N
* NMEA Longitude = 071 47.50 W
* NMEA UTC (Time) = Jul 24 2019  04:52:36
* NMEA baud rate = 4800
** Ship: Seawolf
** Station: 1.2
** Operator: LIS
# nquan = 35
# nvalues = 95                          
# units = specified
# name 0 = depSM: Depth [salt water, m]
# name 1 = t090C: Temperature [ITS-90, deg C]
# name 2 = sal00: Salinity, Practical [PSU]
# name 3 = density00: Density [density, kg/m^3]
# name 4 = sbeox0V: Oxygen raw, SBE 43 [V]
# name 5 = sbeox0ML/L: Oxygen, SBE 43 [ml/l]
# name 6 = sbeox0PS: Oxygen, SBE 43 [% saturation]
# name 7 = sbox0dV/dT: Oxygen, SBE 43 [dov/dt]
# name 8 = oxsolML/L: Oxygen Saturation, Garcia & Gordon [ml/l]
# name 9 = oxsatML/L: Oxygen Saturation, Weiss [ml/l]
# name 10 = ph: pH
# name 11 = flECO-AFL: Fluorescence, WET Labs ECO-AFL/FL [mg/m^3]
# name 12 = n2satML/L: Nitrogen Saturation [ml/l]
# name 13 = c0S/m: Conductivity [S/m]
# name 14 = cpar: CPAR/Corrected Irradiance [%]
# name 15 = sigma-é00: Density [sigma-theta, kg/m^3]
# name 16 = sigma-t00: Density [sigma-t, kg/m^3 ]
# name 17 = par: PAR/Irradiance, Biospherical/Licor
# name 18 = prDM: Pressure, Digiquartz [db]
# name 19 = pumps: Pump Status
# name 20 = scan: Scan Count
# name 21 = svCM: Sound Velocity [Chen-Millero, m/s]
# name 22 = spar: SPAR, Biospherical/Licor
# name 23 = specc: Specific Conductance [uS/cm]
# name 24 = timeS: Time, Elapsed [seconds]
# name 25 = timeY: Time, System [seconds]
# name 26 = accM: Acceleration [m/s^2]
# name 27 = dz/dtM: Descent Rate [m/s]
# name 28 = latitude: Latitude [deg]
# name 29 = longitude: Longitude [deg]
# name 30 = gsw_saA0: Absolute Salinity [g/kg]
# name 31 = gsw_densityA0: density, TEOS-10 [density, kg/m^3]
# name 32 = gsw_sigma0A0: density, TEOS-10 [sigma-0, kg/m^3 ]
# name 33 = gsw_ptA0: potential temperature [ITS-90, deg C]
# name 34 = flag: flag
# span 0 =      2.000,     49.000       
# span 1 =     7.9105,    21.8503       
# span 2 =    31.2175,    32.4944       
# span 3 =  1021.4037,  1025.5425       
# span 4 =     1.8705,     2.9734       
# span 5 =     3.6432,     7.4892       
# span 6 =     68.775,    125.956       
# span 7 =   -0.07411,    0.20685       
# span 8 =    5.11476,    6.72200       
# span 9 =    5.10345,    6.72879       
# span 10 =      7.850,      8.209      
# span 11 =     0.1090,     1.0367      
# span 12 =    9.44753,   12.10139      
# span 13 =   3.381186,   4.502345      
# span 14 = -7.767e+03, 1.0514e+05      
# span 15 =    21.3950,    25.3192      
# span 16 =    21.3948,    25.3186      
# span 17 = -1.681e-04, 1.3212e-01      
# span 18 =      2.015,     49.380      
# span 19 =         -0,          1      
# span 20 =        248,      10583      
# span 21 =    1479.79,    1522.41      
# span 22 = 4.8550e-02, 4.3068e+00      
# span 23 =  47994.353,  51366.750      
# span 24 =     10.280,    440.934      
# span 25 = 1563943969, 1563944400      
# span 26 =      -0.91,       0.51      
# span 27 =     -1.497,      0.877      
# span 28 =   40.69952,   40.70089      
# span 29 =  -71.79254,  -71.79172      
# span 30 =    31.3269,    32.6482      
# span 31 =  1021.4122,  1025.5452      
# span 32 =    21.4036,    25.3217      
# span 33 =     7.9058,    21.8499      
# span 34 = 0.0000e+00, 0.0000e+00      
# interval = meters: 1                  
# start_time = Jul 24 2019 04:52:39 [System UTC, first data scan.]
# bad_flag = -9.990e-29
*END*
      2.000    21.8503    31.2313  1021.4069     1.8705     3.6432     71.238    0.05730    5.11476    5.10345      8.128     0.3427    9.44753   4.499345 3.3451e+00    21.3982    21.3981 1.3212e-01      2.015         -0        248    1522.35 3.9495e+00  48012.623     10.280 1563943969       0.10      0.036   40.69952  -71.79172    31.3796  1021.4122    21.4036    21.8499 0.0000e+00
      3.000    21.8500    31.2526  1021.4276     2.5577     5.9296    115.614    0.20685    5.12981    5.11859      8.132     0.3006    9.47250   4.502211 5.0948e-01    21.4145    21.4143 2.0121e-02      3.029          1        388    1522.40 3.9495e+00  48042.415     16.135 1563943975       0.15      0.380   40.69954  -71.79174    31.4018  1021.4335    21.4204    21.8494 0.0000e+00
      4.000    21.8480    31.2557  1021.4349     2.5544     5.5410    104.294    0.04564    5.31348    5.30354      8.143     0.3207    9.77687   4.502345 -4.257e-03    21.4175    21.4173 -1.681e-04      4.033          1        412    1522.41 3.9495e+00  48047.180     17.133 1563943976       0.30      0.663   40.69954  -71.79174    31.4040  1021.4401    21.4227    21.8472 0.0000e+00
      5.000    21.8325    31.2537  1021.4420     2.5701     5.7493    103.010    0.01306    5.58100    5.57351      8.172     0.3404   10.21711   4.499738 2.5320e-11    21.4201    21.4199 1.0000e-12      5.037          1        439    1522.38 3.9495e+00  48045.280     18.267 1563943977       0.05      0.877   40.69954  -71.79174    31.3945  1021.4416    21.4198    21.8316 0.0000e+00
      6.000    20.8064    31.2918  1021.7492     2.6912     6.6713    115.042    0.06838    5.79619    5.79093      8.198     0.3771   10.57271   4.396266 5.3362e+04    21.7225    21.7222 1.0000e-12      6.044          1        471    1519.65 1.7865e+00  48136.389     19.602 1563943978      -0.11      0.793   40.69954  -71.79174    31.3269  1021.6690    21.6428    20.8053 0.0000e+00
      7.000    16.8325    31.8565  1023.1656     2.8513     7.4836    125.956    0.09153    5.94103    5.93738      8.209     0.3908   10.81248   4.089339 6.9840e+04    23.1348    23.1346 1.0000e-12      7.054          1        515    1508.77 3.1660e+00  49157.054     21.410 1563943980      -0.13      0.578   40.69956  -71.79174    31.8090  1023.0199    22.9889    16.8314 0.0000e+00
      8.000    14.2970    32.1027  1023.9243     2.9006     7.3415    121.011    0.01921    6.06703    6.06480      8.205     0.3448   11.02203   3.889298 -9.990e-29    23.8887    23.8884 1.0000e-12      8.065          1        563    1501.18 3.9713e+00  49726.389     23.410 1563943982       0.12      0.483   40.69956  -71.79174    32.0780  1023.7938    23.7580    14.2958 0.0000e+00
      9.000    13.4885    32.1134  1024.1013     2.8942     7.2691    118.344   -0.00308    6.14235    6.14103      8.202     0.3081   11.14673   3.818387 2.5320e-11    24.0609    24.0606 1.0000e-12      9.069          1        599    1498.55 3.9495e+00  49836.598     24.930 1563943984       0.02      0.654   40.69956  -71.79175    32.0953  1023.9753    23.9349    13.4872 0.0000e+00
     10.000    12.6863    32.0635  1024.2250     2.8872     7.3811    118.261   -0.00230    6.24145    6.24132      8.199     0.3771   11.31123   3.742829 2.3948e+04    24.1799    24.1796 1.0000e-12     10.083          1        639    1495.82 2.9446e+00  49869.963     26.574 1563943985       0.01      0.600   40.69958  -71.79176    32.0599  1024.1099    24.0648    12.6850 0.0000e+00
     11.000    12.2356    32.0855  1024.3322     2.8615     7.2168    115.261   -0.01697    6.26130    6.26142      8.195     0.3769   11.34413   3.704912 9.8747e+04    24.2823    24.2821 1.0000e-12     11.083          1        668    1494.33 4.8550e-02  49963.702     27.812 1563943986       0.15      0.759   40.69958  -71.79176    32.0807  1024.2156    24.1660    12.2342 0.0000e+00
     12.000    11.4918    32.0614  1024.4549     2.8230     7.0800    112.822   -0.02160    6.27538    6.27568      8.182     0.3223   11.36734   3.639019 1.4348e+04    24.4006    24.4004 1.0000e-12     12.091          1        711    1491.75 3.3509e+00  50042.374     29.581 1563943988      -0.18      0.604   40.69958  -71.79176    32.0812  1024.3569    24.3026    11.4903 0.0000e+00
     13.000    11.1694    32.0502  1024.5088     2.7878     7.0500    111.946   -0.01485    6.29764    6.29826      8.178     0.2814   11.40387   3.613212 -7.361e+02    24.4498    24.4495 1.0000e-12     13.108          1        765    1490.63 3.9810e+00  50077.136     31.834 1563943991       0.16      0.412   40.69960  -71.79176    32.1073  1024.4395    24.3805    11.1679 0.0000e+00
     14.000    11.1461    32.0828  1024.5428     2.7918     7.1479    113.758   -0.00169    6.28339    6.28395      8.183     0.2742   11.37857   3.616561 2.5320e-11    24.4793    24.4790 1.0000e-12     14.107          1        797    1490.60 3.9495e+00  50127.755     33.163 1563943992       0.13      0.700   40.69960  -71.79178    32.1604  1024.4891    24.4256    11.1444 0.0000e+00
     15.000    10.9991    32.0878  1024.5771     2.8049     7.3157    115.748    0.00854    6.32034    6.32141      8.199     0.3208   11.43917   3.604461 2.9949e+03    24.5089    24.5086 1.0000e-12     15.120          1        832    1490.11 3.6538e+00  50158.804     34.630 1563943993      -0.05      0.699   40.69960  -71.79178    32.1688  1024.5260    24.4579    10.9973 0.0000e+00
     16.000    11.0500    32.2329  1024.6856     2.8238     7.4380    117.277    0.01284    6.34220    6.34356      8.204     0.3506   11.47531   3.626334 7.9606e+04    24.6130    24.6127 1.0000e-12     16.123          1        864    1490.48 7.4136e-01  50355.376     35.950 1563943995       0.07      0.741   40.69960  -71.79178    32.3406  1024.6546    24.5820    11.0481 0.0000e+00
     17.000    10.7581    32.2897  1024.7854     2.8373     7.4892    117.484    0.00841    6.37478    6.37660      8.200     0.3722   11.52873   3.604978 2.6507e+04    24.7082    24.7078 1.0000e-12     17.131          1        908    1489.53 2.8359e+00  50484.809     37.783 1563943996      -0.16      0.575   40.69962  -71.79178    32.3854  1024.7447    24.6675    10.7561 0.0000e+00
     18.000    10.4579    32.3123  1024.8593     2.8242     7.3721    114.812   -0.00830    6.42103    6.42348      8.191     0.4575   11.60510   3.581532 -1.358e+03    24.7774    24.7770 1.0000e-12     18.148          1        960    1488.50 4.0070e+00  50568.890     39.967 1563943999       0.18      0.425   40.69962  -71.79178    32.4165  1024.8250    24.7431    10.4559 0.0000e+00
     19.000    10.2809    32.3617  1024.9324     2.8037     7.3268    113.187   -0.01361    6.47332    6.47650      8.178     0.5001   11.69143   3.570829 2.5320e-11    24.8459    24.8455 1.0000e-12     19.144          1        992    1487.95 3.9495e+00  50670.923     41.272 1563944000       0.08      0.718   40.69962  -71.79178    32.4662  1024.8980    24.8115    10.2787 0.0000e+00
     20.000    10.0041    32.3599  1024.9818     2.7640     7.1768    110.028   -0.02306    6.52273    6.52660      8.163     0.5777   11.77281   3.545597 2.3532e+04    24.8906    24.8902 1.0000e-12     20.163          1       1033    1486.97 2.9620e+00  50719.252     42.985 1563944002      -0.08      0.574   40.69963  -71.79179    32.4580  1024.9425    24.8513    10.0019 0.0000e+00
     21.000     9.6398    32.3790  1025.0611     2.7410     7.1485    109.174   -0.02111    6.54782    6.55203      8.161     0.6376   11.81446   3.515051 9.7760e+04    24.9652    24.9648 1.0000e-12     21.161          1       1063    1485.68 8.6842e-02  50816.654     44.251 1563944003       0.15      0.742   40.69964  -71.79178    32.4738  1025.0188    24.9229     9.6375 0.0000e+00
     22.000     9.2680    32.4091  1025.1489     2.7087     7.1441    108.241   -0.01659    6.60029    6.60526      8.143     0.7101   11.90095   3.486103 5.3626e+03    25.0483    25.0479 1.0000e-12     22.175          1       1108    1484.37 3.6598e+00  50933.210     46.120 1563944005      -0.20      0.557   40.69964  -71.79178    32.5122  1025.1128    25.0121     9.2656 0.0000e+00
     23.000     9.0057    32.3975  1025.1856     2.6657     6.9453    104.827   -0.02606    6.62554    6.63087      8.127     0.8068   11.94262   3.461164 2.1186e+02    25.0802    25.0798 1.0000e-12     23.177          1       1146    1483.40 3.9395e+00  50971.038     47.712 1563944006       0.30      0.599   40.69965  -71.79180    32.4918  1025.1424    25.0371     9.0033 0.0000e+00
     24.000     8.6487    32.4346  1025.2742     2.5912     6.6471     99.883   -0.03514    6.65494    6.66071      8.087     0.8682   11.99109   3.434963 2.5320e-11    25.1641    25.1638 1.0000e-12     24.191          1       1198    1482.14 3.9495e+00  51100.481     49.876 1563944009      -0.21      0.467   40.69966  -71.79180    32.5444  1025.2428    25.1327     8.6463 0.0000e+00
     25.000     8.4824    32.4369  1025.3057     2.5152     6.3203     94.769   -0.04466    6.66922    6.67521      8.064     0.9339   12.01456   3.420939 4.2854e+04    25.1908    25.1905 1.0000e-12     25.196          1       1237    1481.53 1.6222e+00  51140.675     51.521 1563944010       0.35      0.624   40.69966  -71.79180    32.5496  1025.2764    25.1616     8.4799 0.0000e+00
     26.000     8.3731    32.4459  1025.3337     2.4576     6.1232     91.714   -0.04595    6.67641    6.68250      8.050     0.9972   12.02639   3.412717 2.7916e+04    25.2142    25.2138 1.0000e-12     26.201          1       1269    1481.15 1.5983e+00  51178.508     52.842 1563944012      -0.05      0.788   40.69967  -71.79180    32.5631  1025.3079    25.1884     8.3705 0.0000e+00
     27.000     8.2753    32.4569  1025.3614     2.3945     5.9831     89.518   -0.03918    6.68370    6.68991      8.039     1.0367   12.03838   3.405801 7.5502e+02    25.2373    25.2369 1.0000e-12     27.210          1       1308    1480.81 3.8797e+00  51216.792     54.476 1563944013      -0.08      0.636   40.69968  -71.79181    32.5799  1025.3400    25.2159     8.2727 0.0000e+00
     28.000     8.1954    32.4639  1025.3834     2.3142     5.7383     85.883   -0.03664    6.68147    6.68766      8.011     0.8213   12.03449   3.400121 2.5323e-11    25.2546    25.2542 1.0000e-12     28.220          1       1361    1480.54 3.9492e+00  51245.618     56.649 1563944015      -0.08      0.467   40.69968  -71.79182    32.5932  1025.3668    25.2380     8.1927 0.0000e+00
     29.000     8.1721    32.4806  1025.4045     2.1724     4.9663     74.320   -0.06850    6.68233    6.68853      7.935     0.2831   12.03594   3.400627 2.5320e-11    25.2711    25.2707 1.0000e-12     29.231          1       1415    1480.48 3.9495e+00  51275.398     58.907 1563944018       0.15      0.429   40.69970  -71.79182    32.6198  1025.3956    25.2622     8.1692 0.0000e+00
     30.000     8.1874    32.4857  1025.4108     2.0709     4.5974     68.775   -0.07188    6.68463    6.69087      7.914     0.2278   12.03975   3.402632 -9.990e-29    25.2729    25.2724 1.0000e-12     30.238          1       1450    1480.57 2.7400e+00  51279.740     60.391 1563944019       0.08      0.661   40.69970  -71.79184    32.6265  1025.4031    25.2651     8.1845 0.0000e+00
     31.000     8.1810    32.4824  1025.4138     2.0202     4.6575     69.668   -0.04761    6.68531    6.69155      7.908     0.2665   12.04087   3.401868 -9.990e-29    25.2712    25.2707 1.0000e-12     31.243          1       1481    1480.55 1.8271e+00  51277.126     61.655 1563944020       0.11      0.755   40.69970  -71.79184    32.6239  1025.4067    25.2641     8.1779 0.0000e+00
     32.000     8.1588    32.4805  1025.4202     1.9842     4.7998     71.759   -0.02014    6.68874    6.69503      7.903     0.2236   12.04657   3.400086 -9.990e-29    25.2730    25.2725 1.0000e-12     32.248          1       1534    1480.48 3.5953e+00  51280.162     63.883 1563944023       0.05      0.527   40.69971  -71.79184    32.6251  1025.4155    25.2683     8.1556 0.0000e+00
     33.000     8.1401    32.4807  1025.4277     1.9593     4.8523     72.470   -0.00648    6.69565    6.70204      7.898     0.1749   12.05797   3.398774 2.5320e-11    25.2759    25.2755 1.0000e-12     33.263          1       1602    1480.43 3.9561e+00  51285.568     66.723 1563944025       0.51      0.514   40.69972  -71.79184    32.6281  1025.4252    25.2734     8.1368 0.0000e+00
     34.000     8.1271    32.4800  1025.4336     1.9589     4.8852     72.952   -0.00298    6.69646    6.70287      7.898     0.1906   12.05926   3.397604 2.5320e-11    25.2772    25.2767 1.0000e-12     34.263          1       1628    1480.40 3.9495e+00  51288.022     67.805 1563944026       0.12      0.863   40.69973  -71.79184    32.6272  1025.4310    25.2746     8.1238 0.0000e+00
     35.000     8.0965    32.4809  1025.4435     1.9619     4.9408     73.734    0.00138    6.70089    6.70736      7.898     0.1757   12.06661   3.395126 6.2121e+04    25.2825    25.2820 1.0000e-12     35.271          1       1665    1480.30 1.4216e+00  51297.214     69.332 1563944028      -0.17      0.721   40.69974  -71.79185    32.6288  1025.4413    25.2803     8.0931 0.0000e+00
     36.000     8.0654    32.4826  1025.4540     1.9685     4.9815     74.259    0.00260    6.70830    6.71489      7.902     0.1706   12.07880   3.392638 1.0514e+05    25.2883    25.2878 1.0000e-12     36.289          1       1729    1480.20 3.1781e+00  51307.288     72.014 1563944031       0.02      0.287   40.69974  -71.79186    32.6308  1025.4520    25.2863     8.0619 0.0000e+00
     37.000     8.0230    32.4849  1025.4665     1.9737     5.0064     74.632    0.00336    6.70818    6.71476 -9.990e-29     0.1668   12.07861   3.389211 -9.990e-29    25.2962    25.2957 1.0000e-12     37.290          1       1766    1480.06 3.5448e+00  51321.212     73.554 1563944032       0.14      0.626   40.69975  -71.79186    32.6332  1025.4647    25.2944     8.0194 0.0000e+00
     38.000     7.9991    32.4871  1025.4764     1.9787     5.0026     74.520    0.00073    6.71306    6.71972      7.899     0.1924   12.08663   3.387595 2.5320e-11    25.3015    25.3009 1.0000e-12     38.299          1       1868    1479.99 3.9554e+00  51330.547     77.802 1563944036       0.07      0.292   40.69977  -71.79187    32.6378  1025.4763    25.3014     7.9954 0.0000e+00
     39.000     7.9642    32.4905  1025.4887     1.9765     4.9811     74.157   -0.00117    6.71687    6.72359      7.896     0.1533   12.09292   3.384933 2.5320e-11    25.3091    25.3086 1.0000e-12     39.308          1       1967    1479.87 3.9495e+00  51344.194     81.913 1563944041       0.07      0.308   40.69978  -71.79188    32.6415  1025.4889    25.3093     7.9604 0.0000e+00
     40.000     7.9468    32.4921  1025.4971     1.9713     4.9559     73.767   -0.00215    6.71835    6.72508      7.893     0.1551   12.09532   3.383656 3.6286e+03    25.3130    25.3124 1.0000e-12     40.318          1       2027    1479.83 3.4479e+00  51351.329     84.435 1563944043       0.48      0.463   40.69978  -71.79188    32.6435  1025.4976    25.3134     7.9429 0.0000e+00
     41.000     7.9366    32.4940  1025.5047     1.9665     4.9396     73.516   -0.00224    6.71907    6.72582      7.893     0.1530   12.09653   3.383087 9.0294e+04    25.3159    25.3154 1.0000e-12     41.316          1       2104    1479.81 1.4102e+00  51357.076     87.630 1563944046       0.05      0.663   40.69981  -71.79189    32.6466  1025.5060    25.3173     7.9326 0.0000e+00
     42.000     7.9291    32.4937  1025.5102     1.9614     4.9336     73.417   -0.00125    6.72008    6.72684      7.888     0.1316   12.09820   3.382506 1.0816e+04    25.3168    25.3162 1.0000e-12     42.325          1       2232    1479.79 3.6463e+00  51359.055     92.953 1563944052       0.04      0.563   40.69982  -71.79190    32.6469  1025.5120    25.3186     7.9250 0.0000e+00
