CalculateIndicators/WaterTemperature/Data/CTD_NYOS/NYB1-3190723.cnv
* Sea-Bird SBE 9 Data File:
* FileName = C:\Seabird 9 CTD\Data\2019\201907_offshore\NYB1-3190723.hex
* Software Version Seasave V 7.23.2
* Temperature SN = 4590
* Conductivity SN = 3228
* Number of Bytes Per Scan = 44
* Number of Voltage Words = 5
* Number of Scans Averaged by the Deck Unit = 1
* NMEA Latitude = 40 23.96 N
* NMEA Longitude = 071 40.75 W
* NMEA UTC (Time) = Jul 24 2019  08:26:20
* NMEA baud rate = 4800
** Ship: Seawolf
** Station: 1.3
** Operator: LIS
# nquan = 35
# nvalues = 144                         
# units = specified
# name 0 = depSM: Depth [salt water, m]
# name 1 = t090C: Temperature [ITS-90, deg C]
# name 2 = sal00: Salinity, Practical [PSU]
# name 3 = density00: Density [density, kg/m^3]
# name 4 = sbeox0V: Oxygen raw, SBE 43 [V]
# name 5 = sbeox0ML/L: Oxygen, SBE 43 [ml/l]
# name 6 = sbeox0PS: Oxygen, SBE 43 [% saturation]
# name 7 = sbox0dV/dT: Oxygen, SBE 43 [dov/dt]
# name 8 = oxsolML/L: Oxygen Saturation, Garcia & Gordon [ml/l]
# name 9 = oxsatML/L: Oxygen Saturation, Weiss [ml/l]
# name 10 = ph: pH
# name 11 = flECO-AFL: Fluorescence, WET Labs ECO-AFL/FL [mg/m^3]
# name 12 = n2satML/L: Nitrogen Saturation [ml/l]
# name 13 = c0S/m: Conductivity [S/m]
# name 14 = cpar: CPAR/Corrected Irradiance [%]
# name 15 = sigma-é00: Density [sigma-theta, kg/m^3]
# name 16 = sigma-t00: Density [sigma-t, kg/m^3 ]
# name 17 = par: PAR/Irradiance, Biospherical/Licor
# name 18 = prDM: Pressure, Digiquartz [db]
# name 19 = pumps: Pump Status
# name 20 = scan: Scan Count
# name 21 = svCM: Sound Velocity [Chen-Millero, m/s]
# name 22 = spar: SPAR, Biospherical/Licor
# name 23 = specc: Specific Conductance [uS/cm]
# name 24 = timeS: Time, Elapsed [seconds]
# name 25 = timeY: Time, System [seconds]
# name 26 = accM: Acceleration [m/s^2]
# name 27 = dz/dtM: Descent Rate [m/s]
# name 28 = latitude: Latitude [deg]
# name 29 = longitude: Longitude [deg]
# name 30 = gsw_saA0: Absolute Salinity [g/kg]
# name 31 = gsw_densityA0: density, TEOS-10 [density, kg/m^3]
# name 32 = gsw_sigma0A0: density, TEOS-10 [sigma-0, kg/m^3 ]
# name 33 = gsw_ptA0: potential temperature [ITS-90, deg C]
# name 34 = flag: flag
# span 0 =      2.000,     74.000       
# span 1 =     6.8896,    23.4353       
# span 2 =    31.4471,    32.7132       
# span 3 =  1021.2025,  1025.9605       
# span 4 =     2.0608,     3.0567       
# span 5 =     4.9446,     7.7862       
# span 6 =     77.862,    131.366       
# span 7 =   -0.12742,    0.10165       
# span 8 =    4.96432,    6.87201       
# span 9 =    4.95239,    6.88128       
# span 10 =      7.934,      8.239      
# span 11 =    -0.0033,     2.7966      
# span 12 =    9.19365,   12.34693      
# span 13 =   3.308966,   4.692973      
# span 14 = 2.5051e-11, 2.6999e+03      
# span 15 =    21.1864,    25.6189      
# span 16 =    21.1862,    25.6180      
# span 17 = 1.0000e-12, 1.0000e-12      
# span 18 =      2.039,     74.576      
# span 19 =          1,          1      
# span 20 =        166,      10759      
# span 21 =    1476.30,    1526.89      
# span 22 = 2.7242e+00, 4.4586e+00      
# span 23 =  48296.120,  51925.612      
# span 24 =      6.888,    448.232      
# span 25 = 1563956789, 1563957231      
# span 26 =      -0.81,       0.58      
# span 27 =     -1.097,      0.993      
# span 28 =   40.39949,   40.40024      
# span 29 =  -71.67972,  -71.67918      
# span 30 =    31.5385,    32.8695      
# span 31 =  1021.2288,  1025.9630      
# span 32 =    21.2157,    25.6224      
# span 33 =     6.8841,    23.4346      
# span 34 = 0.0000e+00, 0.0000e+00      
# interval = meters: 1                  
# start_time = Jul 24 2019 08:26:23 [System UTC, first data scan.]
# bad_flag = -9.990e-29
*END*
      3.000    23.4353    31.5711  1021.2244     2.5724     5.0011    100.742   -0.00465    4.96432    4.95239 -9.990e-29     0.1552    9.19365   4.692574 -9.990e-29    21.2115    21.2113 1.0000e-12      3.050          1        166    1526.87 4.4586e+00  48436.476      6.888 1563956789       0.57     -0.685   40.39949  -71.67918    31.7205  1021.2288    21.2157    23.4346 0.0000e+00
      4.000    23.4333    31.5706  1021.2290     2.5785     5.0333    101.368   -0.00003    4.96534    4.95341 -9.990e-29     0.1539    9.19536   4.692380 2.6999e+03    21.2117    21.2115 1.0000e-12      4.026          1        238    1526.87 2.7242e+00  48436.156      9.896 1563956793       0.58      0.233   40.39949  -71.67919    31.7202  1021.2333    21.2161    23.4325 0.0000e+00
      5.000    23.4308    31.5696  1021.2333     2.5819     5.0491    101.625    0.00094    4.96835    4.95643      8.179     0.1716    9.20034   4.692035 1.0858e+02    21.2117    21.2114 1.0000e-12      5.035          1        312    1526.89 3.9014e+00  48435.217     12.973 1563956796       0.23      0.592   40.39950  -71.67919    31.7191  1021.2376    21.2160    23.4297 0.0000e+00
      6.000    23.4088    31.5706  1021.2448     2.5858     5.1489    102.026    0.00221    5.04659    5.03506      8.182     0.1652    9.33097   4.689957 2.5189e-11    21.2188    21.2185 1.0000e-12      6.045          1        362    1526.85 3.9495e+00  48437.508     15.047 1563956798      -0.09      0.511   40.39950  -71.67920    31.7188  1021.2482    21.2222    23.4075 0.0000e+00
      7.000    23.3449    31.5621  1021.2610     2.6079     5.5746    103.830    0.00473    5.36897    5.35954      8.199     0.2668    9.86479   4.680901 2.5340e-11    21.2307    21.2303 1.0000e-12      7.067          1        420    1526.70 3.9495e+00  48427.886     17.451 1563956800       0.15      0.350   40.39950  -71.67920    31.6957  1021.2535    21.2232    23.3434 0.0000e+00
      8.000    22.3811    31.4968  1021.4868     2.7382     6.1246    115.891    0.07843    5.28622    5.27624      8.193     0.3304    9.72630   4.569730 -9.990e-29    21.4520    21.4516 1.0000e-12      8.060          1        443    1524.14 3.9495e+00  48365.072     18.432 1563956801       0.37      0.782   40.39950  -71.67920    31.5385  1021.4106    21.3758    22.3795 0.0000e+00
      9.000    20.0558    31.6753  1022.2476     2.8688     6.5613    124.051    0.10165    5.28989    5.27992      8.195     0.3278    9.73391   4.371067 2.5320e-11    22.2079    22.2075 1.0000e-12      9.057          1        503    1518.02 3.9495e+00  48701.389     20.897 1563956804       0.09      0.740   40.39951  -71.67921    31.6817  1022.1443    22.1050    20.0542 0.0000e+00
     10.000    16.6860    31.7049  1023.0997     2.9771     7.7862    131.366    0.08402    5.92727    5.92348      8.234     0.5466   10.78918   4.053390 2.5320e-11    23.0551    23.0547 1.0000e-12     10.078          1        672    1508.23 3.9495e+00  48952.827     27.961 1563956811       0.57      0.507   40.39952  -71.67922    31.6117  1022.9199    22.8756    16.6844 0.0000e+00
     11.000    14.1489    32.1256  1023.9849     3.0131     7.6051    126.828    0.02335    5.99767    5.99471      8.239     0.5003   10.90566   3.881365 2.5320e-11    23.9358    23.9355 1.0000e-12     11.084          1        721    1500.76 3.9495e+00  49777.998     29.999 1563956813      -0.16      0.480   40.39953  -71.67922    32.1273  1023.8745    23.8253    14.1474 0.0000e+00
     12.000    13.5564    32.1612  1024.1383     2.9958     7.4219    122.579   -0.00936    6.05463    6.05245      8.233     0.4996   10.99816   3.833756 -9.990e-29    24.0844    24.0841 1.0000e-12     12.096          1        779    1498.88 3.9495e+00  49896.032     32.404 1563956815       0.22      0.467   40.39954  -71.67922    32.1807  1024.0411    23.9873    13.5547 0.0000e+00
     13.000    12.9244    32.2046  1024.3017     2.9734     7.5076    121.412   -0.01136    6.18407    6.18338      8.236     0.4450   11.21394   3.784983 2.5051e-11    24.2433    24.2429 1.0000e-12     13.101          1        813    1496.84 3.9495e+00  50037.493     33.847 1563956816       0.07      0.675   40.39954  -71.67923    32.2569  1024.2292    24.1707    12.9227 0.0000e+00
     14.000    12.8217    32.3631  1024.4487     2.9367     7.4078    118.001   -0.02571    6.27775    6.27828      8.225     0.4135   11.36849   3.790294 2.5322e-11    24.3856    24.3852 1.0000e-12     14.110          1        848    1496.70 3.9495e+00  50272.638     35.301 1563956818      -0.01      0.696   40.39954  -71.67922    32.3942  1024.3593    24.2963    12.8198 0.0000e+00
     15.000    11.9785    32.2427  1024.5202     2.9131     7.4012    117.618   -0.01946    6.29255    6.29328      8.219     0.3660   11.39283   3.699836 2.5320e-11    24.4526    24.4522 1.0000e-12     15.121          1        880    1493.71 3.9495e+00  50224.173     36.623 1563956819       0.09      0.727   40.39954  -71.67922    32.2513  1024.4133    24.3455    11.9766 0.0000e+00
     16.000    11.2436    32.2863  1024.6923     2.8963     7.4007    117.349   -0.01509    6.30660    6.30753      8.215     0.4030   11.41596   3.641636 2.5320e-11    24.6199    24.6196 1.0000e-12     16.117          1        909    1491.22 3.9495e+00  50400.100     37.842 1563956820      -0.04      0.831   40.39954  -71.67923    32.3218  1024.6054    24.5329    11.2417 0.0000e+00
     17.000    10.9228    32.3403  1024.7961     2.8440     7.2742    113.815   -0.02343    6.39125    6.39322      8.205     0.4763   11.55686   3.622317 -9.990e-29    24.7189    24.7186 1.0000e-12     17.143          1        965    1490.18 3.9495e+00  50527.566     40.181 1563956823      -0.12      0.334   40.39955  -71.67924    32.4124  1024.7372    24.6600    10.9208 0.0000e+00
     18.000    10.7267    32.3176  1024.8171     2.8046     7.1469    110.988   -0.03052    6.43935    6.44197      8.197     0.4443   11.63645   3.601522 2.5320e-11    24.7354    24.7350 1.0000e-12     18.138          1        995    1489.47 3.9495e+00  50529.904     41.426 1563956824       0.33      0.693   40.39956  -71.67924    32.3782  1024.7492    24.6674    10.7246 0.0000e+00
     19.000    10.3527    32.2820  1024.8580     2.7682     7.1036    109.696   -0.02687    6.47583    6.47894      8.180     0.3437   11.69690   3.565252 2.5320e-11    24.7715    24.7712 1.0000e-12     19.147          1       1028    1488.11 3.9495e+00  50545.550     42.809 1563956825      -0.13      0.784   40.39956  -71.67924    32.3457  1024.7924    24.7059    10.3505 0.0000e+00
     20.000     9.9227    32.2702  1024.9253     2.7266     7.0239    107.632   -0.02713    6.52588    6.52967      8.170     0.3684   11.77971   3.527276 2.5320e-11    24.8342    24.8339 1.0000e-12     20.162          1       1064    1486.56 3.9495e+00  50608.520     44.310 1563956827       0.09      0.629   40.39956  -71.67924    32.3446  1024.8679    24.7766     9.9205 0.0000e+00
     21.000     9.7482    32.2772  1024.9641     2.6972     6.9282    105.937   -0.02893    6.53996    6.54395      8.167     0.3907   11.80296   3.512664 2.5320e-11    24.8682    24.8678 1.0000e-12     21.164          1       1090    1485.95 3.9495e+00  50651.685     45.357 1563956828       0.23      0.851   40.39956  -71.67924    32.3516  1024.9063    24.8104     9.7459 0.0000e+00
     22.000     9.4419    32.2705  1025.0128     2.6652     6.8674    104.918   -0.02475    6.54552    6.54961      8.157     0.5162   11.81170   3.485718 2.5320e-11    24.9122    24.9118 1.0000e-12     22.166          1       1123    1484.84 3.9495e+00  50702.668     46.745 1563956829      -0.20      0.793   40.39956  -71.67925    32.3505  1024.9592    24.8586     9.4395 0.0000e+00
     23.000     9.1245    32.2983  1025.0895     2.6143     6.7849    103.237   -0.01879    6.57215    6.57667      8.141     0.8674   11.85510   3.463363 2.5320e-11    24.9842    24.9838 1.0000e-12     23.189          1       1185    1483.72 3.9495e+00  50805.953     49.336 1563956832       0.15      0.252   40.39956  -71.67926    32.4064  1025.0576    24.9522     9.1221 0.0000e+00
     24.000     9.1534    32.3345  1025.1179     2.6009     6.8268    103.620   -0.01131    6.58829    6.59303      8.126     0.9531   11.88187   3.469116 2.5320e-11    25.0079    25.0075 1.0000e-12     24.190          1       1215    1483.89 3.9495e+00  50851.807     50.592 1563956833       0.26      0.691   40.39958  -71.67926    32.4394  1025.0833    24.9734     9.1509 0.0000e+00
     25.000     9.0102    32.3600  1025.1647     2.5791     6.7340    101.822   -0.01674    6.61349    6.61859      8.122     0.9968   11.92335   3.459420 -9.990e-29    25.0503    25.0499 1.0000e-12     25.198          1       1241    1483.41 3.9495e+00  50918.964     51.662 1563956834       0.13      0.886   40.39958  -71.67926    32.4687  1025.1330    25.0185     9.0076 0.0000e+00
     26.000     8.9244    32.3664  1025.1877     2.5578     6.6201    100.068   -0.02177    6.61556    6.62070      8.122     1.1171   11.92675   3.453121 -9.990e-29    25.0685    25.0681 1.0000e-12     26.202          1       1264    1483.11 3.9495e+00  50946.069     52.638 1563956835       0.09      0.993   40.39958  -71.67926    32.4810  1025.1604    25.0413     8.9217 0.0000e+00
     27.000     8.7693    32.3676  1025.2170     2.5278     6.5594     99.008   -0.01874    6.62514    6.63042      8.112     1.3188   11.94250   3.439630 2.5320e-11    25.0932    25.0928 1.0000e-12     27.206          1       1305    1482.56 3.9495e+00  50981.344     54.328 1563956837      -0.11      0.715   40.39958  -71.67926    32.4813  1025.1890    25.0652     8.7665 0.0000e+00
     28.000     8.5710    32.3775  1025.2596     2.4866     6.5368     98.296   -0.00949    6.65007    6.65575      8.093     1.9351   11.98316   3.424315 2.5320e-11    25.1311    25.1307 1.0000e-12     28.231          1       1380    1481.84 3.9495e+00  51038.784     57.471 1563956840       0.49      0.236   40.39960  -71.67928    32.5022  1025.2400    25.1114     8.5681 0.0000e+00
     29.000     8.5044    32.4147  1025.3034     2.4782     6.4996     97.686   -0.01090    6.65354    6.65928      8.095     1.9870   11.98880   3.422684 2.5320e-11    25.1702    25.1698 1.0000e-12     29.223          1       1402    1481.66 3.9495e+00  51107.026     58.363 1563956841       0.37      0.817   40.39960  -71.67928    32.5459  1025.2886    25.1555     8.5015 0.0000e+00
     30.000     8.4809    32.4293  1025.3230     2.4738     6.5236     98.119   -0.00623    6.64864    6.65431      8.095     2.3131   11.98081   3.421725 -9.990e-29    25.1852    25.1847 1.0000e-12     30.241          1       1429    1481.60 3.9495e+00  51133.480     59.495 1563956842      -0.09      0.943   40.39960  -71.67928    32.5570  1025.3055    25.1677     8.4779 0.0000e+00
     31.000     8.4095    32.4374  1025.3446     2.4698     6.5433     98.295   -0.00363    6.65672    6.66251      8.094     2.4733   11.99412   3.417009 -9.990e-29    25.2022    25.2018 1.0000e-12     31.234          1       1462    1481.36 3.9495e+00  51161.784     60.893 1563956844      -0.13      0.714   40.39961  -71.67928    32.5727  1025.3329    25.1905     8.4064 0.0000e+00
     32.000     8.3669    32.4338  1025.3527     2.4433     6.3985     96.127   -0.00970    6.65626    6.66205      8.082     2.6156   11.99317   3.413108 2.5320e-11    25.2056    25.2052 1.0000e-12     32.245          1       1542    1481.21 3.9495e+00  51166.225     64.228 1563956847       0.40      0.278   40.39962  -71.67928    32.5703  1025.3420    25.1950     8.3637 0.0000e+00
     33.000     8.3647    32.4830  1025.3963     2.4177     6.3393     95.155   -0.00767    6.66207    6.66797      8.060     2.3771   12.00256   3.419035 2.5320e-11    25.2446    25.2442 1.0000e-12     33.250          1       1634    1481.28 3.9495e+00  51237.678     68.038 1563956851       0.21      0.656   40.39962  -71.67928    32.6347  1025.3971    25.2455     8.3614 0.0000e+00
     34.000     8.3787    32.4887  1025.4032     2.3926     6.3022     93.938   -0.00807    6.70899    6.71558      8.028     0.8983   12.08003   3.420099 2.5320e-11    25.2471    25.2466 1.0000e-12     34.268          1       1749    1481.36 3.9495e+00  51243.462     72.850 1563956855       0.18      0.604   40.39964  -71.67930    32.6325  1025.3980    25.2418     8.3753 0.0000e+00
     35.000     8.1810    32.4684  1025.4212     2.3605     6.0906     90.497   -0.02111    6.73016    6.73705      8.018     0.6941   12.11512   3.400027 2.5320e-11    25.2602    25.2597 1.0000e-12     35.278          1       1780    1480.60 3.9495e+00  51259.537     74.129 1563956857       0.11      0.738   40.39964  -71.67930    32.6024  1025.4083    25.2473     8.1776 0.0000e+00
     36.000     8.0728    32.4881  1025.4572     2.3336     5.9656     88.308   -0.02710    6.75550    6.76274      8.020     0.6707   12.15715   3.392921 2.5320e-11    25.2916    25.2911 1.0000e-12     36.279          1       1806    1480.23 3.9495e+00  51313.762     75.201 1563956858       0.11      0.896   40.39964  -71.67930    32.6268  1025.4478    25.2822     8.0693 0.0000e+00
     37.000     7.9231    32.4793  1025.4766     2.3165     6.0185     88.926   -0.01702    6.76798    6.77542      8.023     0.6987   12.17766   3.378599 2.5320e-11    25.3063    25.3057 1.0000e-12     37.290          1       1837    1479.67 3.9495e+00  51336.799     76.510 1563956859      -0.15      0.829   40.39964  -71.67930    32.6128  1025.4632    25.2928     7.9195 0.0000e+00
     38.000     7.7336    32.4623  1025.4950     2.3246     6.2293     92.062    0.00171    6.76642    6.77385      8.028     0.7711   12.17501   3.360174 2.5320e-11    25.3198    25.3193 1.0000e-12     38.294          1       1873    1478.94 3.9495e+00  51357.967     77.998 1563956861      -0.04      0.695   40.39964  -71.67930    32.5916  1025.4782    25.3031     7.7300 0.0000e+00
     39.000     7.6074    32.4789  1025.5307     2.3466     6.4190     94.508    0.01045    6.79219    6.80001      8.032     0.5582   12.21747   3.352092 2.5320e-11    25.3508    25.3503 1.0000e-12     39.314          1       1931    1478.50 3.9495e+00  51413.236     80.429 1563956863      -0.11      0.351   40.39965  -71.67930    32.6224  1025.5248    25.3449     7.6037 0.0000e+00
     40.000     7.5932    32.4771  1025.5359     2.3347     6.2288     91.666   -0.00498    6.79508    6.80296      8.028     0.5555   12.22204   3.350195 -9.990e-29    25.3513    25.3508 1.0000e-12     40.313          1       1963    1478.46 3.9495e+00  51414.797     81.742 1563956864       0.47      0.662   40.39966  -71.67930    32.6147  1025.5254    25.3409     7.5894 0.0000e+00
     41.000     7.5186    32.4824  1025.5551     2.3196     6.0929     89.809   -0.01245    6.78421    6.79193      8.027     0.5349   12.20401   3.343757 2.5320e-11    25.3658    25.3653 1.0000e-12     41.326          1       1988    1478.19 3.9495e+00  51440.885     82.809 1563956865       0.06      0.965   40.39966  -71.67930    32.6147  1025.5404    25.3512     7.5148 0.0000e+00
     42.000     7.4270    32.4960  1025.5832     2.3061     6.0497     89.224   -0.01188    6.78042    6.78810      8.029     0.5122   12.19756   3.338095 2.5320e-11    25.3893    25.3888 1.0000e-12     42.325          1       2020    1477.87 3.9495e+00  51484.233     84.140 1563956867      -0.24      0.831   40.39966  -71.67930    32.6391  1025.5768    25.3830     7.4231 0.0000e+00
     43.000     7.5032    32.5109  1025.5889     2.3117     6.2257     91.811    0.00376    6.78106    6.78877      8.043     0.5291   12.19842   3.346622 2.5320e-11    25.3904    25.3899 1.0000e-12     43.343          1       2066    1478.20 3.9495e+00  51486.909     86.025 1563956869       0.15      0.470   40.39966  -71.67930    32.6592  1025.5867    25.3882     7.4992 0.0000e+00
