CalculateIndicators/WaterTemperature/Data/CTD_NYOS/NYB1-2190723.cnv
* Sea-Bird SBE 9 Data File:
* FileName = C:\Seabird 9 CTD\Data\2019\201907_offshore\NYB1-2190723.hex
* Software Version Seasave V 7.23.2
* Temperature SN = 4590
* Conductivity SN = 3228
* Number of Bytes Per Scan = 44
* Number of Voltage Words = 5
* Number of Scans Averaged by the Deck Unit = 1
* NMEA Latitude = 40 41.96 N
* NMEA Longitude = 071 47.50 W
* NMEA UTC (Time) = Jul 24 2019  04:52:36
* NMEA baud rate = 4800
** Ship: Seawolf
** Station: 1.2
** Operator: LIS
# nquan = 35
# nvalues = 95                          
# units = specified
# name 0 = depSM: Depth [salt water, m]
# name 1 = t090C: Temperature [ITS-90, deg C]
# name 2 = sal00: Salinity, Practical [PSU]
# name 3 = density00: Density [density, kg/m^3]
# name 4 = sbeox0V: Oxygen raw, SBE 43 [V]
# name 5 = sbeox0ML/L: Oxygen, SBE 43 [ml/l]
# name 6 = sbeox0PS: Oxygen, SBE 43 [% saturation]
# name 7 = sbox0dV/dT: Oxygen, SBE 43 [dov/dt]
# name 8 = oxsolML/L: Oxygen Saturation, Garcia & Gordon [ml/l]
# name 9 = oxsatML/L: Oxygen Saturation, Weiss [ml/l]
# name 10 = ph: pH
# name 11 = flECO-AFL: Fluorescence, WET Labs ECO-AFL/FL [mg/m^3]
# name 12 = n2satML/L: Nitrogen Saturation [ml/l]
# name 13 = c0S/m: Conductivity [S/m]
# name 14 = cpar: CPAR/Corrected Irradiance [%]
# name 15 = sigma-é00: Density [sigma-theta, kg/m^3]
# name 16 = sigma-t00: Density [sigma-t, kg/m^3 ]
# name 17 = par: PAR/Irradiance, Biospherical/Licor
# name 18 = prDM: Pressure, Digiquartz [db]
# name 19 = pumps: Pump Status
# name 20 = scan: Scan Count
# name 21 = svCM: Sound Velocity [Chen-Millero, m/s]
# name 22 = spar: SPAR, Biospherical/Licor
# name 23 = specc: Specific Conductance [uS/cm]
# name 24 = timeS: Time, Elapsed [seconds]
# name 25 = timeY: Time, System [seconds]
# name 26 = accM: Acceleration [m/s^2]
# name 27 = dz/dtM: Descent Rate [m/s]
# name 28 = latitude: Latitude [deg]
# name 29 = longitude: Longitude [deg]
# name 30 = gsw_saA0: Absolute Salinity [g/kg]
# name 31 = gsw_densityA0: density, TEOS-10 [density, kg/m^3]
# name 32 = gsw_sigma0A0: density, TEOS-10 [sigma-0, kg/m^3 ]
# name 33 = gsw_ptA0: potential temperature [ITS-90, deg C]
# name 34 = flag: flag
# span 0 =      2.000,     49.000       
# span 1 =     7.9105,    21.8503       
# span 2 =    31.2175,    32.4944       
# span 3 =  1021.4037,  1025.5425       
# span 4 =     1.8705,     2.9734       
# span 5 =     3.6432,     7.4892       
# span 6 =     68.775,    125.956       
# span 7 =   -0.07411,    0.20685       
# span 8 =    5.11476,    6.72200       
# span 9 =    5.10345,    6.72879       
# span 10 =      7.850,      8.209      
# span 11 =     0.1090,     1.0367      
# span 12 =    9.44753,   12.10139      
# span 13 =   3.381186,   4.502345      
# span 14 = -7.767e+03, 1.0514e+05      
# span 15 =    21.3950,    25.3192      
# span 16 =    21.3948,    25.3186      
# span 17 = -1.681e-04, 1.3212e-01      
# span 18 =      2.015,     49.380      
# span 19 =         -0,          1      
# span 20 =        248,      10583      
# span 21 =    1479.79,    1522.41      
# span 22 = 4.8550e-02, 4.3068e+00      
# span 23 =  47994.353,  51366.750      
# span 24 =     10.280,    440.934      
# span 25 = 1563943969, 1563944400      
# span 26 =      -0.91,       0.51      
# span 27 =     -1.497,      0.877      
# span 28 =   40.69952,   40.70089      
# span 29 =  -71.79254,  -71.79172      
# span 30 =    31.3269,    32.6482      
# span 31 =  1021.4122,  1025.5452      
# span 32 =    21.4036,    25.3217      
# span 33 =     7.9058,    21.8499      
# span 34 = 0.0000e+00, 0.0000e+00      
# interval = meters: 1                  
# start_time = Jul 24 2019 04:52:39 [System UTC, first data scan.]
# bad_flag = -9.990e-29
*END*
[from data line 42]
     44.000     7.9202    32.4939  1025.5208     1.9576     4.9256     73.285   -0.00097    6.72117    6.72794      7.884     0.1393   12.09999   3.381880 2.5320e-11    25.3182    25.3176 1.0000e-12     44.343          1       2382    1479.79 3.9495e+00  51362.741     99.212 1563944058       0.14      0.608   40.69984  -71.79190    32.6475  1025.5230    25.3204     7.9160 0.0000e+00
     45.000     7.9159    32.4944  1025.5265     1.9566     4.9298     73.343   -0.00030    6.72155    6.72833      7.883     0.1183   12.10062   3.381605 2.5320e-11    25.3192    25.3186 1.0000e-12     45.356          1       2462    1479.79 3.9495e+00  51365.120    102.553 1563944061      -0.10      0.261   40.69986  -71.79192    32.6482  1025.5288    25.3215     7.9115 0.0000e+00
     46.000     7.9134    32.4939  1025.5310     1.9560     4.9311     73.363    0.00001    6.72144    6.72823      7.880     0.1113   12.10046   3.381386 2.5320e-11    25.3192    25.3186 1.0000e-12     46.364          1       2543    1479.80 3.9495e+00  51365.619    105.918 1563944065       0.15      0.387   40.69986  -71.79192    32.6477  1025.5334    25.3215     7.9089 0.0000e+00
     47.000     7.9128    32.4936  1025.5355     1.9548     4.9272     73.299   -0.00009    6.72200    6.72879 -9.990e-29     0.1229   12.10139   3.381384 6.0691e+04    25.3190    25.3184 1.0000e-12     47.368          1       2730    1479.82 3.1947e+00  51365.976    113.718 1563944072      -0.04      0.374   40.69990  -71.79194    32.6477  1025.5380    25.3216     7.9083 0.0000e+00
     48.000     7.9105    32.4932  1025.5402     1.9555     4.9331     73.388    0.00018    6.72196    6.72874      7.873     0.1241   12.10131   3.381186 7.8557e+02    25.3192    25.3185 1.0000e-12     48.377          1       2886    1479.83 3.1108e+00  51366.750    120.209 1563944079       0.11      0.200   40.69992  -71.79196    32.6473  1025.5427    25.3217     7.9058 0.0000e+00
     49.000     7.9162    32.4913  1025.5425     1.9545     4.9258     73.287   -0.00008    6.72119    6.72796      7.857     0.1316   12.10006   3.381564 2.5320e-11    25.3168    25.3162 1.0000e-12     49.380          1       4906    1479.85 4.2848e+00  51363.350    204.393 1563944163      -0.15      0.151   40.70019  -71.79213    32.6456  1025.5452    25.3196     7.9114 0.0000e+00
     48.000     7.9179    32.4913  1025.5376     1.9544     4.9252     73.281   -0.00005    6.72103    6.72780      7.862     0.1259   12.09980   3.381669 2.5320e-11    25.3165    25.3159 1.0000e-12     48.380          1       5127    1479.85 3.9495e+00  51362.167    213.595 1563944172      -0.18     -0.268   40.70022  -71.79216    32.6455  1025.5402    25.3192     7.9133 0.0000e+00
     47.000     7.9185    32.4911  1025.5328     1.9548     4.9284     73.326    0.00026    6.72113    6.72790 -9.990e-29     0.1315   12.09996   3.381665 -9.990e-29    25.3163    25.3157 1.0000e-12     47.368          1       5164    1479.83 3.9495e+00  51361.172    215.107 1563944174      -0.02     -0.414   40.70022  -71.79216    32.6454  1025.5354    25.3190     7.9140 0.0000e+00
     46.000     7.9177    32.4913  1025.5284     1.9552     4.9276     73.319    0.00016    6.72066    6.72743 -9.990e-29     0.1303   12.09919   3.381556 2.5320e-11    25.3165    25.3159 1.0000e-12     46.363          1       5204    1479.81 3.9495e+00  51360.884    216.803 1563944175       0.02     -0.550   40.70022  -71.79216    32.6455  1025.5310    25.3192     7.9133 0.0000e+00
     45.000     7.9177    32.4913  1025.5238     1.9566     4.9391     73.499    0.00095    6.72003    6.72679 -9.990e-29     0.1185   12.09816   3.381518 2.5320e-11    25.3165    25.3159 1.0000e-12     45.350          1       5246    1479.80 3.9495e+00  51360.241    218.534 1563944177      -0.18     -0.539   40.70023  -71.79216    32.6456  1025.5264    25.3192     7.9133 0.0000e+00
     44.000     7.9216    32.4909  1025.5183     1.9571     4.9354     73.449    0.00047    6.71946    6.72621 -9.990e-29     0.1227   12.09723   3.381800 2.5320e-11    25.3156    25.3150 1.0000e-12     44.351          1       5285    1479.79 3.9495e+00  51358.097    220.146 1563944179       0.13     -0.601   40.70024  -71.79216    32.6453  1025.5211    25.3185     7.9174 0.0000e+00
     43.000     7.9291    32.4899  1025.5118     1.9563     4.9218     73.260   -0.00045    6.71831    6.72504      7.861     0.1090   12.09534   3.382331 -9.990e-29    25.3138    25.3132 1.0000e-12     43.336          1       5359    1479.80 3.9495e+00  51354.283    223.261 1563944182      -0.09     -0.261   40.70024  -71.79216    32.6445  1025.5147    25.3168     7.9249 0.0000e+00
     42.000     7.9328    32.4899  1025.5066     1.9571     4.9337     73.445    0.00062    6.71751    6.72423      7.861     0.1421   12.09403   3.382621 -9.990e-29    25.3132    25.3126 1.0000e-12     42.328          1       5404    1479.80 3.9495e+00  51352.684    225.132 1563944184      -0.23     -0.518   40.70024  -71.79216    32.6446  1025.5097    25.3163     7.9288 0.0000e+00
     41.000     7.9368    32.4890  1025.5008     1.9574     4.9305     73.400    0.00025    6.71733    6.72405      7.860     0.1256   12.09373   3.382852 -9.990e-29    25.3120    25.3114 1.0000e-12     41.328          1       5436    1479.80 3.9495e+00  51349.885    226.444 1563944185      -0.03     -0.749   40.70026  -71.79216    32.6438  1025.5039    25.3151     7.9329 0.0000e+00
     40.000     7.9431    32.4878  1025.4943     1.9589     4.9370     73.528    0.00070    6.71454    6.72121      7.862     0.1495   12.08915   3.383236 2.5320e-11    25.3101    25.3096 1.0000e-12     40.315          1       5497    1479.81 3.9495e+00  51346.049    229.000 1563944188       0.13     -0.373   40.70026  -71.79218    32.6425  1025.4973    25.3132     7.9392 0.0000e+00
     39.000     7.9568    32.4855  1025.4859     1.9650     4.9693     74.091    0.00265    6.70703    6.71358      7.864     0.1940   12.07683   3.384242 2.5320e-11    25.3063    25.3058 1.0000e-12     39.305          1       5563    1479.84 3.9495e+00  51338.902    231.763 1563944190      -0.13     -0.405   40.70026  -71.79218    32.6410  1025.4895    25.3100     7.9530 0.0000e+00
     38.000     7.9920    32.4805  1025.4723     1.9700     4.9815     74.274    0.00217    6.70682    6.71336      7.864     0.1945   12.07650   3.386925 2.5320e-11    25.2973    25.2968 1.0000e-12     38.303          1       5695    1479.95 3.9495e+00  51322.880    237.230 1563944196       0.03     -0.520   40.70029  -71.79219    32.6373  1025.4770    25.3020     7.9883 0.0000e+00
     37.000     8.0500    32.4754  1025.4552     1.9710     4.9085     73.335   -0.00447    6.69321    6.69955      7.862     0.1772   12.05411   3.391481 2.5320e-11    25.2849    25.2844 1.0000e-12     37.288          1       6842    1480.15 3.9495e+00  51301.394    285.062 1563944244      -0.19     -0.456   40.70042  -71.79228    32.6324  1025.4601    25.2898     8.0464 0.0000e+00
     36.000     8.0821    32.4710  1025.4424     1.9646     4.8802     72.958   -0.00479    6.68906    6.69534      7.859     0.1867   12.04724   3.393818 -9.990e-29    25.2768    25.2763 1.0000e-12     36.283          1       6847    1480.25 3.9495e+00  51287.021    285.260 1563944244      -0.08     -0.686   40.70042  -71.79228    32.6278  1025.4472    25.2816     8.0786 0.0000e+00
     35.000     8.1048    32.4672  1025.4315     1.9607     4.8844     73.035   -0.00284    6.68766    6.69392 -9.990e-29     0.1909   12.04495   3.395392 -9.990e-29    25.2704    25.2699 1.0000e-12     35.277          1       6881    1480.31 3.9495e+00  51275.640    286.648 1563944245      -0.01     -0.723   40.70043  -71.79228    32.6240  1025.4363    25.2753     8.1013 0.0000e+00
     34.000     8.1382    32.4669  1025.4218     1.9514     4.8469     72.493   -0.00327    6.68604    6.69228      7.853     0.2061   12.04226   3.398313 2.5320e-11    25.2654    25.2649 1.0000e-12     34.265          1       6942    1480.42 3.9495e+00  51266.893    289.215 1563944248      -0.01     -0.414   40.70044  -71.79228    32.6245  1025.4272    25.2708     8.1348 0.0000e+00
     33.000     8.1498    32.4661  1025.4149     1.9438     4.8238     72.169   -0.00270    6.68395    6.69015      7.851     0.2005   12.03885   3.399114 2.5320e-11    25.2631    25.2626 1.0000e-12     33.244          1       7001    1480.45 3.9495e+00  51262.580    291.659 1563944250      -0.91     -0.520   40.70044  -71.79229    32.6227  1025.4195    25.2677     8.1465 0.0000e+00
     32.000     8.1559    32.4657  1025.4090     1.9410     4.8036     71.879   -0.00381    6.68281    6.68900      7.850     0.2018   12.03692   3.399556 -9.990e-29    25.2618    25.2614 1.0000e-12     32.257          1       7015    1480.45 3.9495e+00  51259.832    292.231 1563944251      -0.90     -1.112   40.70044  -71.79230    32.6221  1025.4136    25.2664     8.1528 0.0000e+00
     31.000     8.1606    32.4654  1025.4035     1.9386     4.7936     71.723   -0.00407    6.68346    6.68966      7.850     0.1929   12.03802   3.399878 -9.990e-29    25.2609    25.2604 1.0000e-12     31.260          1       7031    1480.46 3.9239e+00  51257.675    292.915 1563944252      -0.25     -1.497   40.70044  -71.79230    32.6217  1025.4080    25.2653     8.1576 0.0000e+00
     30.000     8.1780    32.4662  1025.3970     1.9362     4.8083     71.967   -0.00135    6.68130    6.68745      7.860     0.4121   12.03455   3.401488 -9.990e-29    25.2590    25.2586 1.0000e-12     30.244          1       7092    1480.51 3.4817e+00  51254.324    295.447 1563944254       0.00     -0.882   40.70046  -71.79230    32.6230  1025.4019    25.2638     8.1751 0.0000e+00
     29.000     8.1892    32.4618  1025.3872     1.9534     4.9722     74.447    0.01031    6.67881    6.68491      7.892     0.7407   12.03073   3.401822 -9.990e-29    25.2538    25.2534 1.0000e-12     29.229          1       7156    1480.53 3.9444e+00  51244.626    298.132 1563944257      -0.84     -0.897   40.70048  -71.79230    32.6167  1025.3906    25.2572     8.1864 0.0000e+00
     28.000     8.1878    32.4524  1025.3754     1.9856     5.2433     78.486    0.02756    6.68043    6.68655      7.914     0.9636   12.03339   3.400642 -9.990e-29    25.2466    25.2462 1.0000e-12     28.233          1       7175    1480.49 3.9045e+00  51230.843    298.924 1563944258      -0.23     -1.295   40.70048  -71.79230    32.6058  1025.3778    25.2490     8.1851 0.0000e+00
     27.000     8.2006    32.4431  1025.3616     2.1192     5.7918     86.795    0.03938    6.67340    6.67941      7.943     1.0168   12.02179   3.401127 4.0000e+04    25.2375    25.2371 1.0000e-12     27.226          1       7496    1480.51 2.1877e+00  51214.211    312.302 1563944271       0.13     -0.905   40.70051  -71.79233    32.5996  1025.3665    25.2422     8.1979 0.0000e+00
     26.000     8.3167    32.4211  1025.3226     2.2997     6.1888     93.401    0.02346    6.62531    6.63062      7.991     0.8630   11.94251   3.409356 -7.767e+03    25.2031    25.2027 1.0000e-12     26.197          1       8008    1480.91 4.3068e+00  51155.838    333.617 1563944292       0.09     -0.253   40.70058  -71.79239    32.5797  1025.3292    25.2097     8.3141 0.0000e+00
     25.000     8.3752    32.4246  1025.3121     2.3178     6.1685     93.852    0.02130    6.57275    6.57731      8.020     0.8443   11.85565   3.415222 2.5320e-11    25.1972    25.1968 1.0000e-12     25.186          1       7975    1481.12 3.9495e+00  51147.152    332.271 1563944291      -0.40     -0.615   40.70058  -71.79238    32.5882  1025.3224    25.2076     8.3727 0.0000e+00
     24.000     8.4676    32.4153  1025.2864     2.3618     6.4239     98.330    0.03915    6.53309    6.53708      8.032     0.7789   11.79033   3.422775 2.5320e-11    25.1761    25.1758 1.0000e-12     24.185          1       7995    1481.43 3.9495e+00  51112.783    333.071 1563944292      -0.44     -0.970   40.70058  -71.79238    32.5831  1025.3001    25.1899     8.4652 0.0000e+00
     23.000     8.6077    32.4171  1025.2621     2.4119     6.7283    103.056    0.05601    6.52875    6.53267      8.049     0.7354   11.78324   3.436174 -9.990e-29    25.1564    25.1560 1.0000e-12     23.189          1       8013    1481.95 3.1334e+00  51083.330    333.819 1563944293      -0.25     -1.241   40.70058  -71.79238    32.5955  1025.2842    25.1786     8.6054 0.0000e+00
     22.000     8.9835    32.3919  1025.1798     2.5119     7.0704    108.692    0.06180    6.50549    6.50909      8.073     0.6688   11.74484   3.467123 -9.990e-29    25.0790    25.0786 1.0000e-12     22.179          1       8051    1483.30 3.6792e+00  50968.023    335.417 1563944294       0.30     -0.801   40.70059  -71.79238    32.5746  1025.2055    25.1047     8.9812 0.0000e+00
     21.000     9.3672    32.3701  1025.0982     2.6379     7.1576    111.222    0.03561    6.43519    6.43782      8.090     0.5431   11.62864   3.498607 3.5913e-11    25.0022    25.0018 1.0000e-12     21.157          1       8120    1484.67 3.6600e+00  50857.417    338.297 1563944297      -0.29     -0.264   40.70060  -71.79238    32.5518  1025.1232    25.0272     9.3649 0.0000e+00
     20.000     9.5784    32.3541  1025.0471     2.6592     7.0514    110.286    0.02114    6.39370    6.39573      8.093     0.5959   11.56062   3.515924 2.5133e-11    24.9557    24.9554 1.0000e-12     20.153          1       8150    1485.41 3.9544e+00  50792.440    339.525 1563944298      -0.24     -0.700   40.70060  -71.79238    32.5388  1025.0747    24.9834     9.5763 0.0000e+00
     19.000     9.7384    32.3474  1025.0113     2.6834     7.1158    111.482    0.02133    6.38287    6.38474      8.095     0.5863   11.54290   3.530174 2.5320e-11    24.9245    24.9242 1.0000e-12     19.155          1       8175    1485.97 3.9495e+00  50750.997    340.596 1563944299      -0.10     -0.895   40.70060  -71.79239    32.5406  1025.0456    24.9589     9.7363 0.0000e+00
     18.000    10.1543    32.3198  1024.9163     2.7368     7.2760    113.945    0.01967    6.38552    6.38746      8.112     0.4626   11.54682   3.563325 3.1823e-11    24.8343    24.8340 1.0000e-12     18.148          1       8295    1487.42 3.9495e+00  50634.495    345.567 1563944304       0.15     -0.661   40.70061  -71.79240    32.5041  1024.9440    24.8620    10.1523 0.0000e+00
     17.000    10.4196    32.2928  1024.8461     2.8154     7.3454    116.111    0.00746    6.32618    6.32725      8.138     0.3473   11.44981   3.582182 2.5493e-11    24.7687    24.7684 1.0000e-12     17.135          1       8983    1488.33 3.9495e+00  50547.790    374.252 1563944333      -0.02     -0.577   40.70070  -71.79246    32.4577  1024.8588    24.7815    10.4176 0.0000e+00
     16.000    10.6225    32.2759  1024.7936     2.8346     7.4079    117.371    0.01045    6.31151    6.31231      8.136     0.2977   11.42679   3.598845 2.5320e-11    24.7209    24.7206 1.0000e-12     16.118          1       9043    1489.02 3.9495e+00  50487.928    376.759 1563944335      -0.08     -0.517   40.70070  -71.79244    32.4448  1024.8097    24.7370    10.6206 0.0000e+00
     15.000    10.7635    32.2183  1024.7198     2.8338     7.3438    116.426    0.00328    6.30767    6.30839      8.127     0.2819   11.42082   3.604769 2.5320e-11    24.6516    24.6513 1.0000e-12     15.120          1       9071    1489.43 3.9495e+00  50381.813    377.915 1563944337      -0.22     -0.772   40.70071  -71.79245    32.3794  1024.7301    24.6620    10.7617 0.0000e+00
