CalculateIndicators/WaterTemperature/Data/CTD_NYOS/NYB1-3190723.cnv
* Sea-Bird SBE 9 Data File:
* FileName = C:\Seabird 9 CTD\Data\2019\201907_offshore\NYB1-3190723.hex
* Software Version Seasave V 7.23.2
* Temperature SN = 4590
* Conductivity SN = 3228
* Number of Bytes Per Scan = 44
* Number of Voltage Words = 5
* Number of Scans Averaged by the Deck Unit = 1
* NMEA Latitude = 40 23.96 N
* NMEA Longitude = 071 40.75 W
* NMEA UTC (Time) = Jul 24 2019  08:26:20
* NMEA baud rate = 4800
** Ship: Seawolf
** Station: 1.3
** Operator: LIS
# nquan = 35
# nvalues = 144                         
# units = specified
# name 0 = depSM: Depth [salt water, m]
# name 1 = t090C: Temperature [ITS-90, deg C]
# name 2 = sal00: Salinity, Practical [PSU]
# name 3 = density00: Density [density, kg/m^3]
# name 4 = sbeox0V: Oxygen raw, SBE 43 [V]
# name 5 = sbeox0ML/L: Oxygen, SBE 43 [ml/l]
# name 6 = sbeox0PS: Oxygen, SBE 43 [% saturation]
# name 7 = sbox0dV/dT: Oxygen, SBE 43 [dov/dt]
# name 8 = oxsolML/L: Oxygen Saturation, Garcia & Gordon [ml/l]
# name 9 = oxsatML/L: Oxygen Saturation, Weiss [ml/l]
# name 10 = ph: pH
# name 11 = flECO-AFL: Fluorescence, WET Labs ECO-AFL/FL [mg/m^3]
# name 12 = n2satML/L: Nitrogen Saturation [ml/l]
# name 13 = c0S/m: Conductivity [S/m]
# name 14 = cpar: CPAR/Corrected Irradiance [%]
# name 15 = sigma-é00: Density [sigma-theta, kg/m^3]
# name 16 = sigma-t00: Density [sigma-t, kg/m^3 ]
# name 17 = par: PAR/Irradiance, Biospherical/Licor
# name 18 = prDM: Pressure, Digiquartz [db]
# name 19 = pumps: Pump Status
# name 20 = scan: Scan Count
# name 21 = svCM: Sound Velocity [Chen-Millero, m/s]
# name 22 = spar: SPAR, Biospherical/Licor
# name 23 = specc: Specific Conductance [uS/cm]
# name 24 = timeS: Time, Elapsed [seconds]
# name 25 = timeY: Time, System [seconds]
# name 26 = accM: Acceleration [m/s^2]
# name 27 = dz/dtM: Descent Rate [m/s]
# name 28 = latitude: Latitude [deg]
# name 29 = longitude: Longitude [deg]
# name 30 = gsw_saA0: Absolute Salinity [g/kg]
# name 31 = gsw_densityA0: density, TEOS-10 [density, kg/m^3]
# name 32 = gsw_sigma0A0: density, TEOS-10 [sigma-0, kg/m^3 ]
# name 33 = gsw_ptA0: potential temperature [ITS-90, deg C]
# name 34 = flag: flag
# span 0 =      2.000,     74.000       
# span 1 =     6.8896,    23.4353       
# span 2 =    31.4471,    32.7132       
# span 3 =  1021.2025,  1025.9605       
# span 4 =     2.0608,     3.0567       
# span 5 =     4.9446,     7.7862       
# span 6 =     77.862,    131.366       
# span 7 =   -0.12742,    0.10165       
# span 8 =    4.96432,    6.87201       
# span 9 =    4.95239,    6.88128       
# span 10 =      7.934,      8.239      
# span 11 =    -0.0033,     2.7966      
# span 12 =    9.19365,   12.34693      
# span 13 =   3.308966,   4.692973      
# span 14 = 2.5051e-11, 2.6999e+03      
# span 15 =    21.1864,    25.6189      
# span 16 =    21.1862,    25.6180      
# span 17 = 1.0000e-12, 1.0000e-12      
# span 18 =      2.039,     74.576      
# span 19 =          1,          1      
# span 20 =        166,      10759      
# span 21 =    1476.30,    1526.89      
# span 22 = 2.7242e+00, 4.4586e+00      
# span 23 =  48296.120,  51925.612      
# span 24 =      6.888,    448.232      
# span 25 = 1563956789, 1563957231      
# span 26 =      -0.81,       0.58      
# span 27 =     -1.097,      0.993      
# span 28 =   40.39949,   40.40024      
# span 29 =  -71.67972,  -71.67918      
# span 30 =    31.5385,    32.8695      
# span 31 =  1021.2288,  1025.9630      
# span 32 =    21.2157,    25.6224      
# span 33 =     6.8841,    23.4346      
# span 34 = 0.0000e+00, 0.0000e+00      
# interval = meters: 1                  
# start_time = Jul 24 2019 08:26:23 [System UTC, first data scan.]
# bad_flag = -9.990e-29
*END*
[from data line 125]
     20.000     9.9765    32.2525  1024.9027     2.6747     7.0790    111.119    0.02202    6.37064    6.37232      8.117     0.4932   11.52320   3.540516 -9.990e-29    24.8114    24.8110 1.0000e-12     20.156          1       9377    1486.73 3.9495e+00  50572.718    390.684 1563957173      -0.21     -0.550   40.40014  -71.67964    32.4312  1024.9262    24.8350     9.9742 0.0000e+00
     19.000    10.3519    32.2368  1024.8230     2.7166     7.1063    112.593    0.01860    6.31169    6.31264      8.132     0.5418   11.42503   3.572645 2.5320e-11    24.7365    24.7362 1.0000e-12     19.146          1       9432    1488.05 3.9495e+00  50482.190    392.948 1563957176       0.16     -0.424   40.40014  -71.67964    32.4210  1024.8510    24.7645    10.3497 0.0000e+00
     18.000    10.4902    32.2708  1024.8214     2.7515     7.1855    114.204    0.01823    6.29182    6.29247      8.147     0.4797   11.39261   3.588932 2.5320e-11    24.7396    24.7392 1.0000e-12     18.127          1       9479    1488.57 3.9495e+00  50505.062    394.899 1563957177      -0.60     -0.477   40.40014  -71.67964    32.4621  1024.8548    24.7730    10.4881 0.0000e+00
     17.000    10.7697    32.3111  1024.8000     2.7614     7.1412    114.350    0.01625    6.24504    6.24520      8.149     0.4949   11.31368   3.619019 2.5320e-11    24.7230    24.7226 1.0000e-12     17.136          1       9496    1489.60 3.9495e+00  50513.730    395.626 1563957178      -0.61     -0.986   40.40014  -71.67964    32.5153  1024.8434    24.7662    10.7677 0.0000e+00
     16.000    10.9687    32.2716  1024.7299     2.7924     7.1286    116.084    0.02034    6.14160    6.14044      8.147     0.5051   11.14297   3.631292 2.5320e-11    24.6571    24.6568 1.0000e-12     16.134          1       9527    1490.24 3.9495e+00  50422.150    396.904 1563957180       0.18     -0.922   40.40014  -71.67964    32.4616  1024.7626    24.6899    10.9668 0.0000e+00
     15.000    12.1113    32.3115  1024.5480     2.8692     7.2700    120.168    0.02522    6.04975    6.04740      8.154     0.4493   10.99193   3.742973 2.5320e-11    24.4805    24.4801 1.0000e-12     15.115          1       9598    1494.24 3.9495e+00  50303.377    399.870 1563957182      -0.09     -0.266   40.40016  -71.67964    32.5538  1024.6213    24.5536    12.1094 0.0000e+00
     14.000    12.8665    32.2187  1024.3285     2.9101     7.2872    121.222    0.01759    6.01144    6.00862      8.168     0.4996   10.92882   3.796127 -9.990e-29    24.2656    24.2652 1.0000e-12     14.107          1       9654    1496.68 3.9495e+00  50064.957    402.199 1563957185      -0.06     -0.434   40.40016  -71.67964    32.4115  1024.3642    24.3012    12.8647 0.0000e+00
     13.000    13.0580    32.1579  1024.2393     2.9538     7.3532    122.786    0.01264    5.98899    5.98587      8.176     0.5364   10.89230   3.806589 2.5320e-11    24.1807    24.1803 1.0000e-12     13.112          1       9825    1497.24 3.9495e+00  49954.435    409.342 1563957192      -0.18     -0.514   40.40017  -71.67967    32.3474  1024.2727    24.2142    13.0562 0.0000e+00
     12.000    13.8208    32.1481  1024.0735     3.0412     6.9662    126.677    0.02231    5.50489    5.49696      8.166     0.4735   10.08938   3.876056 -9.990e-29    24.0197    24.0194 1.0000e-12     12.101          1      10287    1499.73 3.9495e+00  49848.126    428.567 1563957211      -0.01     -0.647   40.40021  -71.67970    32.3518  1024.1182    24.0644    13.8191 0.0000e+00
     11.000    15.4662    32.1015  1023.6843     3.0567     6.3622    125.590    0.01000    5.06447    5.05291      8.137     0.3561    9.36106   4.037708 2.5320e-11    23.6360    23.6356 1.0000e-12     11.068          1      10415    1504.94 3.9495e+00  49610.260    433.925 1563957217      -0.40     -0.271   40.40022  -71.67970    32.4525  1023.8421    23.7932    15.4646 0.0000e+00
     10.000    18.2520    31.8819  1022.8660     2.9379     5.7324    113.037   -0.08437    5.07169    5.06021      8.137     0.3281    9.37399   4.270822 2.5320e-11    22.8204    22.8200 1.0000e-12     10.087          1      10434    1513.13 3.9495e+00  49080.418    434.711 1563957217      -0.56     -0.851   40.40022  -71.67970    32.2398  1023.0293    22.9853    18.2503 0.0000e+00
      9.000    21.0335    31.7133  1022.0206     2.7646     5.1283    101.621   -0.12742    5.04598    5.03439      8.137     0.2541    9.33027   4.511416 2.5320e-11    21.9820    21.9816 1.0000e-12      9.074          1      10467    1520.77 3.9495e+00  48714.268    436.100 1563957219       0.27     -0.853   40.40022  -71.67970    32.0765  1022.1871    22.1479    21.0318 0.0000e+00
      8.000    22.3193    31.4471  1021.4675     2.6668     5.1167    102.608   -0.04547    4.98671    4.97486      8.135     0.1681    9.23128   4.588284 2.5320e-11    21.4325    21.4321 1.0000e-12      8.060          1      10514    1523.93 3.9495e+00  48296.120    438.056 1563957221      -0.02     -0.499   40.40022  -71.67970    31.7278  1021.5718    21.5371    22.3177 0.0000e+00
      7.000    22.7801    31.5012  1021.3752     2.6058     4.9636     99.957   -0.04087    4.96572    4.95378      8.136     0.1681    9.19643   4.639146 -9.990e-29    21.3445    21.3441 1.0000e-12      7.048          1      10550    1525.18 3.9495e+00  48357.123    439.560 1563957222      -0.20     -0.615   40.40022  -71.67970    31.7845  1021.4810    21.4507    22.7787 0.0000e+00
      6.000    23.1313    31.5439  1021.3037     2.5834     4.9446     99.507   -0.03123    4.96911    4.95719      8.138     0.1540    9.20211   4.676484 -9.990e-29    21.2780    21.2776 1.0000e-12      6.053          1      10575    1526.11 3.9495e+00  48408.488    440.574 1563957223      -0.21     -0.888   40.40022  -71.67970    31.8161  1021.4008    21.3748    23.1301 0.0000e+00
      5.000    23.3573    31.5227  1021.2189     2.5676     4.9747    100.129   -0.01034    4.96835    4.95642      8.138     0.1586    9.20077   4.690281 2.5320e-11    21.1973    21.1970 1.0000e-12      5.039          1      10618    1526.65 3.9495e+00  48372.794    442.357 1563957225       0.27     -0.617   40.40023  -71.67971    31.7585  1021.2884    21.2668    23.3562 0.0000e+00
      4.000    23.4065    31.5271  1021.2038     2.5675     5.0081    100.778   -0.00045    4.96945    4.95752      8.139     0.1506    9.20250   4.692973 2.5320e-11    21.1864    21.1862 1.0000e-12      4.031          1      10660    1526.77 3.9495e+00  48376.853    444.139 1563957227      -0.26     -0.553   40.40024  -71.67972    31.7439  1021.2589    21.2416    23.4057 0.0000e+00
      3.000    23.4009    31.5292  1021.2025     2.5739     5.0364    101.405    0.00421    4.96663    4.95470      8.142     0.1549    9.19771   4.690951 2.5320e-11    21.1895    21.1894 1.0000e-12      3.023          1      10694    1526.74 3.9495e+00  48379.560    445.523 1563957228       0.01     -0.736   40.40024  -71.67972    31.7329  1021.2479    21.2349    23.4003 0.0000e+00
      2.000    23.3889    31.5448  1021.2134     2.5712     5.0162    101.027    0.00060    4.96521    4.95328      8.145     0.1547    9.19543   4.690055 2.5320e-11    21.2048    21.2047 1.0000e-12      2.039          1      10759    1526.71 3.9495e+00  48400.788    448.232 1563957231      -0.11     -0.638   40.40024  -71.67972    31.7350  1021.2486    21.2399    23.3885 0.0000e+00
