CalculateIndicators/WaterTemperature/Data/CTD_NYOS/NYB1-3190723.cnv
* Sea-Bird SBE 9 Data File:
* FileName = C:\Seabird 9 CTD\Data\2019\201907_offshore\NYB1-3190723.hex
* Software Version Seasave V 7.23.2
* Temperature SN = 4590
* Conductivity SN = 3228
* Number of Bytes Per Scan = 44
* Number of Voltage Words = 5
* Number of Scans Averaged by the Deck Unit = 1
* NMEA Latitude = 40 23.96 N
* NMEA Longitude = 071 40.75 W
* NMEA UTC (Time) = Jul 24 2019  08:26:20
* NMEA baud rate = 4800
** Ship: Seawolf
** Station: 1.3
** Operator: LIS
# nquan = 35
# nvalues = 144                         
# units = specified
# name 0 = depSM: Depth [salt water, m]
# name 1 = t090C: Temperature [ITS-90, deg C]
# name 2 = sal00: Salinity, Practical [PSU]
# name 3 = density00: Density [density, kg/m^3]
# name 4 = sbeox0V: Oxygen raw, SBE 43 [V]
# name 5 = sbeox0ML/L: Oxygen, SBE 43 [ml/l]
# name 6 = sbeox0PS: Oxygen, SBE 43 [% saturation]
# name 7 = sbox0dV/dT: Oxygen, SBE 43 [dov/dt]
# name 8 = oxsolML/L: Oxygen Saturation, Garcia & Gordon [ml/l]
# name 9 = oxsatML/L: Oxygen Saturation, Weiss [ml/l]
# name 10 = ph: pH
# name 11 = flECO-AFL: Fluorescence, WET Labs ECO-AFL/FL [mg/m^3]
# name 12 = n2satML/L: Nitrogen Saturation [ml/l]
# name 13 = c0S/m: Conductivity [S/m]
# name 14 = cpar: CPAR/Corrected Irradiance [%]
# name 15 = sigma-é00: Density [sigma-theta, kg/m^3]
# name 16 = sigma-t00: Density [sigma-t, kg/m^3 ]
# name 17 = par: PAR/Irradiance, Biospherical/Licor
# name 18 = prDM: Pressure, Digiquartz [db]
# name 19 = pumps: Pump Status
# name 20 = scan: Scan Count
# name 21 = svCM: Sound Velocity [Chen-Millero, m/s]
# name 22 = spar: SPAR, Biospherical/Licor
# name 23 = specc: Specific Conductance [uS/cm]
# name 24 = timeS: Time, Elapsed [seconds]
# name 25 = timeY: Time, System [seconds]
# name 26 = accM: Acceleration [m/s^2]
# name 27 = dz/dtM: Descent Rate [m/s]
# name 28 = latitude: Latitude [deg]
# name 29 = longitude: Longitude [deg]
# name 30 = gsw_saA0: Absolute Salinity [g/kg]
# name 31 = gsw_densityA0: density, TEOS-10 [density, kg/m^3]
# name 32 = gsw_sigma0A0: density, TEOS-10 [sigma-0, kg/m^3 ]
# name 33 = gsw_ptA0: potential temperature [ITS-90, deg C]
# name 34 = flag: flag
# span 0 =      2.000,     74.000       
# span 1 =     6.8896,    23.4353       
# span 2 =    31.4471,    32.7132       
# span 3 =  1021.2025,  1025.9605       
# span 4 =     2.0608,     3.0567       
# span 5 =     4.9446,     7.7862       
# span 6 =     77.862,    131.366       
# span 7 =   -0.12742,    0.10165       
# span 8 =    4.96432,    6.87201       
# span 9 =    4.95239,    6.88128       
# span 10 =      7.934,      8.239      
# span 11 =    -0.0033,     2.7966      
# span 12 =    9.19365,   12.34693      
# span 13 =   3.308966,   4.692973      
# span 14 = 2.5051e-11, 2.6999e+03      
# span 15 =    21.1864,    25.6189      
# span 16 =    21.1862,    25.6180      
# span 17 = 1.0000e-12, 1.0000e-12      
# span 18 =      2.039,     74.576      
# span 19 =          1,          1      
# span 20 =        166,      10759      
# span 21 =    1476.30,    1526.89      
# span 22 = 2.7242e+00, 4.4586e+00      
# span 23 =  48296.120,  51925.612      
# span 24 =      6.888,    448.232      
# span 25 = 1563956789, 1563957231      
# span 26 =      -0.81,       0.58      
# span 27 =     -1.097,      0.993      
# span 28 =   40.39949,   40.40024      
# span 29 =  -71.67972,  -71.67918      
# span 30 =    31.5385,    32.8695      
# span 31 =  1021.2288,  1025.9630      
# span 32 =    21.2157,    25.6224      
# span 33 =     6.8841,    23.4346      
# span 34 = 0.0000e+00, 0.0000e+00      
# interval = meters: 1                  
# start_time = Jul 24 2019 08:26:23 [System UTC, first data scan.]
# bad_flag = -9.990e-29
*END*
[from data line 83]
     62.000     6.8925    32.6874  1025.8994     2.0748     5.4817     79.771    0.00065    6.87188    6.88114 -9.990e-29     0.0334   12.34679   3.311044 2.5320e-11    25.6124    25.6117 1.0000e-12     62.493          1       5411    1476.37 3.9495e+00  51909.012    225.402 1563957008      -0.16     -0.853   40.39982  -71.67938    32.8410  1025.9004    25.6135     6.8870 0.0000e+00
     61.000     6.8905    32.6851  1025.8932     2.0765     5.4864     79.897    0.00105    6.86680    6.87596      7.934     0.0522   12.33846   3.310657 2.5320e-11    25.6109    25.6102 1.0000e-12     61.485          1       5448    1476.34 3.9495e+00  51905.606    226.965 1563957010       0.22     -0.709   40.39982  -71.67938    32.8392  1025.8946    25.6123     6.8850 0.0000e+00
     60.000     6.8978    32.6770  1025.8812     2.0771     5.4767     79.812    0.00041    6.86202    6.87110      7.934     0.0478   12.33063   3.310646 2.5320e-11    25.6035    25.6028 1.0000e-12     60.469          1       5493    1476.34 3.9495e+00  51891.362    228.847 1563957011      -0.22     -0.478   40.39982  -71.67940    32.8326  1025.8838    25.6062     6.8924 0.0000e+00
     59.000     6.9341    32.6720  1025.8677     2.0720     5.4280     79.113   -0.00249    6.86108    6.87015      7.934     0.0447   12.32908   3.313408 -9.990e-29    25.5947    25.5940 1.0000e-12     59.471          1       5528    1476.46 3.6185e+00  51873.797    230.299 1563957013       0.07     -0.672   40.39982  -71.67940    32.8287  1025.8713    25.5983     6.9288 0.0000e+00
     58.000     6.9620    32.6674  1025.8557     2.0646     5.3941     78.643   -0.00307    6.85903    6.86807 -9.990e-29     0.0534   12.32573   3.315337 2.5320e-11    25.5874    25.5867 1.0000e-12     58.450          1       5586    1476.55 3.7881e+00  51859.278    232.725 1563957015      -0.08     -0.308   40.39982  -71.67940    32.8238  1025.8590    25.5907     6.9568 0.0000e+00
     57.000     6.9724    32.6666  1025.8491     2.0625     5.4075     78.824   -0.00107    6.86016    6.86922      7.934     0.0560   12.32759   3.316125 2.5320e-11    25.5854    25.5847 1.0000e-12     57.461          1       5801    1476.57 3.9464e+00  51854.700    241.665 1563957024      -0.12     -0.650   40.39984  -71.67941    32.8230  1025.8524    25.5887     6.9673 0.0000e+00
     56.000     6.9825    32.6649  1025.8418     2.0608     5.4133     78.918    0.00024    6.85942    6.86846      7.936     0.0649   12.32644   3.316727 2.5320e-11    25.5827    25.5820 1.0000e-12     56.447          1       6508    1476.59 3.9495e+00  51848.952    271.143 1563957054      -0.35     -0.823   40.39990  -71.67946    32.8204  1025.8444    25.5854     6.9775 0.0000e+00
     55.000     6.9862    32.6627  1025.8348     2.0623     5.4308     79.130    0.00113    6.86314    6.87222      7.939     0.0756   12.33269   3.316766 2.5320e-11    25.5804    25.5798 1.0000e-12     55.438          1       6568    1476.59 3.9495e+00  51844.025    273.608 1563957056       0.18     -0.822   40.39990  -71.67946    32.8178  1025.8372    25.5828     6.9812 0.0000e+00
     54.000     6.9758    32.6586  1025.8284     2.0693     5.4796     79.803    0.00333    6.86638    6.87549      7.944     0.1559   12.33822   3.315331 2.5320e-11    25.5786    25.5780 1.0000e-12     54.425          1       6611    1476.53 3.9495e+00  51840.237    275.403 1563957058       0.01     -0.549   40.39991  -71.67946    32.8125  1025.8298    25.5800     6.9710 0.0000e+00
     53.000     6.9478    32.6469  1025.8183     2.0915     5.6452     82.232    0.01218    6.86502    6.87409      7.950     0.1518   12.33629   3.311672 2.5320e-11    25.5731    25.5725 1.0000e-12     53.419          1       6652    1476.39 3.9495e+00  51830.165    277.133 1563957060       0.01     -0.584   40.39992  -71.67946    32.7994  1025.8187    25.5735     6.9431 0.0000e+00
     52.000     6.9392    32.6320  1025.8031     2.1206     5.7854     84.332    0.01656    6.86020    6.86917      7.963     0.1731   12.32862   3.309605 2.5320e-11    25.5625    25.5618 1.0000e-12     52.399          1       6695    1476.32 3.9495e+00  51810.390    278.899 1563957062      -0.04     -0.550   40.39992  -71.67946    32.7854  1025.8042    25.5636     6.9345 0.0000e+00
     51.000     6.9448    32.6194  1025.7878     2.1430     5.8977     85.974    0.02002    6.85980    6.86875      7.967     0.1736   12.32807   3.308966 -9.990e-29    25.5519    25.5513 1.0000e-12     51.399          1       6717    1476.30 3.9495e+00  51790.419    279.848 1563957062      -0.45     -0.791   40.39992  -71.67946    32.7736  1025.7895    25.5536     6.9402 0.0000e+00
     50.000     6.9735    32.5980  1025.7625     2.1752     6.0440     88.170    0.02404    6.85507    6.86393      7.973     0.1989   12.32030   3.309578 -9.990e-29    25.5311    25.5305 1.0000e-12     50.404          1       6748    1476.37 3.9495e+00  51751.327    281.122 1563957064      -0.06     -0.873   40.39992  -71.67946    32.7534  1025.7653    25.5340     6.9690 0.0000e+00
     49.000     6.9995    32.5768  1025.7376     2.2384     6.1949     90.822    0.02133    6.82083    6.82916      7.990     0.3446   12.26396   3.309991 2.5320e-11    25.5109    25.5103 1.0000e-12     49.369          1       6816    1476.43 3.9495e+00  51713.281    283.955 1563957067      -0.59     -0.173   40.39992  -71.67948    32.7337  1025.7416    25.5150     6.9951 0.0000e+00
     48.000     7.0602    32.5772  1025.7252     2.2461     6.1511     90.440    0.01646    6.80136    6.80939      7.993     0.3825   12.23180   3.315852 2.5320e-11    25.5033    25.5027 1.0000e-12     48.381          1       6833    1476.65 3.9495e+00  51697.991    284.665 1563957067      -0.67     -0.866   40.39992  -71.67948    32.7407  1025.7343    25.5124     7.0559 0.0000e+00
     47.000     7.1387    32.5583  1025.6950     2.2657     6.1947     91.297    0.01591    6.78530    6.79307      8.008     0.5319   12.20541   3.320784 2.5320e-11    25.4777    25.4771 1.0000e-12     47.381          1       6857    1476.92 3.9495e+00  51649.299    285.668 1563957068       0.07     -1.097   40.39993  -71.67948    32.7206  1025.7034    25.4861     7.1345 0.0000e+00
     46.000     7.3655    32.5566  1025.6578     2.3420     6.6835     98.594    0.03989    6.77886    6.78652      8.034     0.6739   12.19509   3.341422 2.5320e-11    25.4455    25.4449 1.0000e-12     46.358          1       6904    1477.78 3.9495e+00  51588.953    287.611 1563957070       0.22     -0.493   40.39994  -71.67948    32.7313  1025.6760    25.4636     7.3612 0.0000e+00
     45.000     7.5006    32.5339  1025.6165     2.3842     6.7285     99.231    0.02987    6.78071    6.78838      8.030     0.5442   12.19830   3.350286 -9.990e-29    25.4089    25.4083 1.0000e-12     45.355          1       6942    1478.25 3.9495e+00  51521.932    289.204 1563957072      -0.10     -0.630   40.39994  -71.67948    32.7004  1025.6285    25.4209     7.4964 0.0000e+00
     44.000     7.5396    32.5140  1025.5909     2.3783     6.3918     94.270   -0.00203    6.78031    6.78796      8.020     0.5199   12.19766   3.351397 -9.990e-29    25.3878    25.3872 1.0000e-12     44.340          1       6979    1478.36 3.9495e+00  51483.018    290.741 1563957073      -0.02     -0.635   40.39994  -71.67948    32.6762  1025.5994    25.3965     7.5355 0.0000e+00
     43.000     7.5268    32.5044  1025.5805     2.3586     6.2303     91.880   -0.01160    6.78088    6.78855      8.016     0.5098   12.19863   3.349309 2.5320e-11    25.3821    25.3815 1.0000e-12     43.346          1       7014    1478.28 3.9495e+00  51471.941    292.213 1563957075      -0.01     -0.706   40.39994  -71.67948    32.6661  1025.5888    25.3904     7.5228 0.0000e+00
     42.000     7.4956    32.4882  1025.5675     2.3247     6.1703     90.998   -0.00602    6.78068    6.78834      8.006     0.5169   12.19833   3.344240 2.5320e-11    25.3737    25.3731 1.0000e-12     42.346          1       7291    1478.13 3.9495e+00  51455.878    303.765 1563957086      -0.25     -0.514   40.39997  -71.67950    32.6411  1025.5690    25.3751     7.4917 0.0000e+00
     41.000     7.4997    32.4809  1025.5566     2.3063     6.1443     90.832   -0.00034    6.76446    6.77184      8.004     0.6229   12.17196   3.344206 2.5320e-11    25.3673    25.3668 1.0000e-12     41.319          1       7887    1478.12 3.9495e+00  51443.772    328.564 1563957111      -0.40     -0.423   40.40004  -71.67954    32.6373  1025.5608    25.3716     7.4959 0.0000e+00
     40.000     7.5717    32.4830  1025.5435     2.3131     6.1964     91.745    0.00379    6.75391    6.76114      8.008     0.8022   12.15442   3.350978 2.5320e-11    25.3589    25.3584 1.0000e-12     40.313          1       7910    1478.38 3.9495e+00  51428.288    329.559 1563957112      -0.11     -0.726   40.40004  -71.67954    32.6434  1025.5508    25.3663     7.5679 0.0000e+00
     39.000     7.6329    32.4673  1025.5179     2.3265     6.2620     93.135    0.00925    6.72363    6.73041      8.007     0.7589   12.10449   3.354588 -9.990e-29    25.3380    25.3375 1.0000e-12     39.307          1       7941    1478.58 3.9495e+00  51390.408    330.813 1563957113      -0.01     -0.803   40.40004  -71.67954    32.6253  1025.5235    25.3436     7.6292 0.0000e+00
     38.000     7.6750    32.4658  1025.5061     2.3310     6.2242     92.890    0.00629    6.70056    6.70701      8.003     0.8027   12.06629   3.358575 -9.990e-29    25.3309    25.3304 1.0000e-12     38.300          1       7973    1478.72 3.9495e+00  51377.120    332.159 1563957115       0.04     -0.764   40.40004  -71.67954    32.6293  1025.5161    25.3409     7.6714 0.0000e+00
     37.000     7.9086    32.4618  1025.4649     2.3141     6.0149     89.954   -0.00825    6.68655    6.69281      7.997     0.7821   12.04295   3.379387 2.5320e-11    25.2946    25.2940 1.0000e-12     37.293          1       8013    1479.59 3.9495e+00  51315.370    333.844 1563957116       0.12     -0.625   40.40004  -71.67954    32.6348  1025.4824    25.3120     7.9050 0.0000e+00
     36.000     8.1041    32.4671  1025.4362     2.2972     5.9298     89.096   -0.00786    6.65553    6.66131      8.000     1.9493   11.99208   3.396277 2.5320e-11    25.2705    25.2700 1.0000e-12     36.276          1       8068    1480.33 3.9495e+00  51276.154    336.108 1563957119      -0.03     -0.404   40.40004  -71.67954    32.6336  1025.4485    25.2829     8.1006 0.0000e+00
     35.000     8.1851    32.4910  1025.4384     2.3162     6.1645     92.562    0.01013    6.65980    6.66563      8.008     2.2019   11.99929   3.407136 2.5320e-11    25.2775    25.2769 1.0000e-12     35.265          1       8098    1480.65 3.9495e+00  51291.447    337.370 1563957120      -0.37     -0.666   40.40004  -71.67956    32.6743  1025.4638    25.3029     8.1816 0.0000e+00
     34.000     8.3414    32.4719  1025.3957     2.3292     6.2678     94.109    0.01653    6.66012    6.66594      8.010     2.7176   11.99990   3.417590 -9.990e-29    25.2394    25.2389 1.0000e-12     34.272          1       8117    1481.20 3.9495e+00  51227.676    338.184 1563957121      -0.38     -1.011   40.40004  -71.67956    32.6405  1025.4098    25.2536     8.3380 0.0000e+00
     33.000     8.3425    32.4407  1025.3664     2.3484     6.2997     94.649    0.01370    6.65584    6.66159      8.019     2.7966   11.99288   3.414353 2.5320e-11    25.2148    25.2143 1.0000e-12     33.265          1       8155    1481.15 3.9495e+00  51182.546    339.742 1563957122       0.18     -0.779   40.40005  -71.67956    32.6057  1025.3779    25.2262     8.3392 0.0000e+00
     32.000     8.3453    32.4215  1025.3464     2.3993     6.5221     98.242    0.02171    6.63872    6.64419      8.038     2.4027   11.96499   3.412603 2.5320e-11    25.1993    25.1988 1.0000e-12     32.242          1       8223    1481.12 3.9495e+00  51154.018    342.584 1563957125      -0.39     -0.234   40.40006  -71.67956    32.5849  1025.3566    25.2096     8.3421 0.0000e+00
     31.000     8.4019    32.4154  1025.3286     2.4206     6.5723     98.990    0.01947    6.63937    6.64485      8.040     2.2478   11.96610   3.417167 2.5320e-11    25.1862    25.1857 1.0000e-12     31.248          1       8252    1481.30 3.9495e+00  51132.194    343.785 1563957126      -0.12     -0.726   40.40006  -71.67956    32.5814  1025.3409    25.1984     8.3988 0.0000e+00
     30.000     8.4873    32.3869  1025.2888     2.4363     6.4973     98.056    0.00739    6.62615    6.63141      8.042     1.4415   11.94464   3.421476 2.5320e-11    25.1510    25.1505 1.0000e-12     30.234          1       8302    1481.57 3.9495e+00  51071.704    345.865 1563957128       0.14     -0.488   40.40006  -71.67957    32.5484  1025.2978    25.1600     8.4843 0.0000e+00
     29.000     8.5211    32.3706  1025.2663     2.4481     6.5279     98.532    0.00657    6.62517    6.63039      8.046     1.1976   11.94319   3.422895 2.5320e-11    25.1332    25.1327 1.0000e-12     29.226          1       8348    1481.66 3.9495e+00  51040.709    347.811 1563957130      -0.17     -0.507   40.40007  -71.67957    32.5327  1025.2758    25.1427     8.5182 0.0000e+00
     28.000     8.6354    32.3480  1025.2268     2.4636     6.5675     99.169    0.00564    6.62260    6.62780      8.051     1.1960   11.93883   3.431511 2.5320e-11    25.0983    25.0979 1.0000e-12     28.233          1       8427    1482.05 3.9495e+00  50982.964    351.074 1563957134      -0.38     -0.588   40.40008  -71.67957    32.5186  1025.2431    25.1146     8.6325 0.0000e+00
     27.000     8.8043    32.3474  1025.1960     2.4922     6.6128    100.657    0.00718    6.56970    6.57414      8.066     0.9747   11.85157   3.445549 2.5320e-11    25.0721    25.0717 1.0000e-12     27.213          1       9040    1482.66 3.9495e+00  50945.390    376.610 1563957159       0.14     -0.597   40.40012  -71.67962    32.5113  1025.2071    25.0832     8.8015 0.0000e+00
     26.000     8.8991    32.3292  1025.1625     2.5141     6.7055    102.279    0.01138    6.55605    6.56031      8.079     0.8534   11.82884   3.452137 -9.990e-29    25.0433    25.0429 1.0000e-12     26.190          1       9145    1482.97 3.9495e+00  50898.682    381.019 1563957164      -0.62     -0.422   40.40012  -71.67962    32.4939  1025.1743    25.0552     8.8964 0.0000e+00
     25.000     8.9909    32.3326  1025.1463     2.5269     6.7561    103.297    0.01452    6.54043    6.54444      8.082     0.8736   11.80349   3.460693 -9.990e-29    25.0319    25.0315 1.0000e-12     25.211          1       9161    1483.30 3.9495e+00  50883.994    381.680 1563957164      -0.60     -0.993   40.40012  -71.67962    32.4996  1025.1601    25.0455     8.9883 0.0000e+00
     24.000     9.1509    32.3010  1025.0921     2.5637     6.8397    104.969    0.01397    6.51597    6.51962      8.085     0.6240   11.76329   3.471354 2.5320e-11    24.9821    24.9817 1.0000e-12     24.186          1       9227    1483.84 3.9495e+00  50805.058    384.398 1563957167      -0.16     -0.461   40.40013  -71.67963    32.4650  1025.1036    24.9937     9.1483 0.0000e+00
     23.000     9.1728    32.2652  1025.0561     2.5802     6.7702    105.018    0.00934    6.44674    6.44945      8.088     0.5333   11.64878   3.469754 2.5320e-11    24.9508    24.9504 1.0000e-12     23.180          1       9265    1483.86 3.9495e+00  50749.464    386.015 1563957169      -0.60     -0.744   40.40014  -71.67964    32.4289  1025.0674    24.9621     9.1704 0.0000e+00
     22.000     9.3210    32.2587  1025.0229     2.5968     6.8432    106.285    0.01296    6.43856    6.44116      8.095     0.5126   11.63533   3.482974 2.5320e-11    24.9222    24.9218 1.0000e-12     22.181          1       9290    1484.38 3.9495e+00  50709.268    387.026 1563957170      -0.04     -1.032   40.40014  -71.67964    32.4316  1025.0416    24.9410     9.3187 0.0000e+00
