CalculateIndicators/WaterTemperature/Data/CTD_NYOS/NYB1-2190723.cnv
* Sea-Bird SBE 9 Data File:
* FileName = C:\Seabird 9 CTD\Data\2019\201907_offshore\NYB1-2190723.hex
* Software Version Seasave V 7.23.2
* Temperature SN = 4590
* Conductivity SN = 3228
* Number of Bytes Per Scan = 44
* Number of Voltage Words = 5
* Number of Scans Averaged by the Deck Unit = 1
* NMEA Latitude = 40 41.96 N
* NMEA Longitude = 071 47.50 W
* NMEA UTC (Time) = Jul 24 2019  04:52:36
* NMEA baud rate = 4800
** Ship: Seawolf
** Station: 1.2
** Operator: LIS
# nquan = 35
# nvalues = 95                          
# units = specified
# name 0 = depSM: Depth [salt water, m]
# name 1 = t090C: Temperature [ITS-90, deg C]
# name 2 = sal00: Salinity, Practical [PSU]
# name 3 = density00: Density [density, kg/m^3]
# name 4 = sbeox0V: Oxygen raw, SBE 43 [V]
# name 5 = sbeox0ML/L: Oxygen, SBE 43 [ml/l]
# name 6 = sbeox0PS: Oxygen, SBE 43 [% saturation]
# name 7 = sbox0dV/dT: Oxygen, SBE 43 [dov/dt]
# name 8 = oxsolML/L: Oxygen Saturation, Garcia & Gordon [ml/l]
# name 9 = oxsatML/L: Oxygen Saturation, Weiss [ml/l]
# name 10 = ph: pH
# name 11 = flECO-AFL: Fluorescence, WET Labs ECO-AFL/FL [mg/m^3]
# name 12 = n2satML/L: Nitrogen Saturation [ml/l]
# name 13 = c0S/m: Conductivity [S/m]
# name 14 = cpar: CPAR/Corrected Irradiance [%]
# name 15 = sigma-é00: Density [sigma-theta, kg/m^3]
# name 16 = sigma-t00: Density [sigma-t, kg/m^3 ]
# name 17 = par: PAR/Irradiance, Biospherical/Licor
# name 18 = prDM: Pressure, Digiquartz [db]
# name 19 = pumps: Pump Status
# name 20 = scan: Scan Count
# name 21 = svCM: Sound Velocity [Chen-Millero, m/s]
# name 22 = spar: SPAR, Biospherical/Licor
# name 23 = specc: Specific Conductance [uS/cm]
# name 24 = timeS: Time, Elapsed [seconds]
# name 25 = timeY: Time, System [seconds]
# name 26 = accM: Acceleration [m/s^2]
# name 27 = dz/dtM: Descent Rate [m/s]
# name 28 = latitude: Latitude [deg]
# name 29 = longitude: Longitude [deg]
# name 30 = gsw_saA0: Absolute Salinity [g/kg]
# name 31 = gsw_densityA0: density, TEOS-10 [density, kg/m^3]
# name 32 = gsw_sigma0A0: density, TEOS-10 [sigma-0, kg/m^3 ]
# name 33 = gsw_ptA0: potential temperature [ITS-90, deg C]
# name 34 = flag: flag
# span 0 =      2.000,     49.000       
# span 1 =     7.9105,    21.8503       
# span 2 =    31.2175,    32.4944       
# span 3 =  1021.4037,  1025.5425       
# span 4 =     1.8705,     2.9734       
# span 5 =     3.6432,     7.4892       
# span 6 =     68.775,    125.956       
# span 7 =   -0.07411,    0.20685       
# span 8 =    5.11476,    6.72200       
# span 9 =    5.10345,    6.72879       
# span 10 =      7.850,      8.209      
# span 11 =     0.1090,     1.0367      
# span 12 =    9.44753,   12.10139      
# span 13 =   3.381186,   4.502345      
# span 14 = -7.767e+03, 1.0514e+05      
# span 15 =    21.3950,    25.3192      
# span 16 =    21.3948,    25.3186      
# span 17 = -1.681e-04, 1.3212e-01      
# span 18 =      2.015,     49.380      
# span 19 =         -0,          1      
# span 20 =        248,      10583      
# span 21 =    1479.79,    1522.41      
# span 22 = 4.8550e-02, 4.3068e+00      
# span 23 =  47994.353,  51366.750      
# span 24 =     10.280,    440.934      
# span 25 = 1563943969, 1563944400      
# span 26 =      -0.91,       0.51      
# span 27 =     -1.497,      0.877      
# span 28 =   40.69952,   40.70089      
# span 29 =  -71.79254,  -71.79172      
# span 30 =    31.3269,    32.6482      
# span 31 =  1021.4122,  1025.5452      
# span 32 =    21.4036,    25.3217      
# span 33 =     7.9058,    21.8499      
# span 34 = 0.0000e+00, 0.0000e+00      
# interval = meters: 1                  
# start_time = Jul 24 2019 04:52:39 [System UTC, first data scan.]
# bad_flag = -9.990e-29
*END*
[from data line 83]
     13.000    10.9131    32.0839  1024.5800     2.8153     7.1332    114.083   -0.00755    6.25259    6.25258      8.112     0.3044   11.33008   3.604453 2.5320e-11    24.5209    24.5207 1.0000e-12     13.105          1       9137    1489.77 3.9495e+00  50166.332    380.648 1563944339       0.01     -0.716   40.70072  -71.79246    32.2451  1024.5910    24.5320    10.9115 0.0000e+00
     12.000    11.1709    32.0125  1024.4745     2.8076     7.0204    113.885   -0.00464    6.16477    6.16369      8.117     0.3389   11.18425   3.621556 2.5320e-11    24.4201    24.4199 1.0000e-12     12.093          1       9183    1490.57 3.9495e+00  50023.775    382.592 1563944341       0.13     -0.527   40.70072  -71.79246    32.1889  1024.4977    24.4432    11.1694 0.0000e+00
     11.000    11.4719    32.0450  1024.4415     2.8305     7.1056    116.938    0.01371    6.07630    6.07414      8.125     0.3550   11.03798   3.653353 -9.990e-29    24.3917    24.3915 1.0000e-12     11.076          1       9227    1491.65 3.4837e+00  50021.057    384.396 1563944343      -0.28     -0.504   40.70072  -71.79246    32.2396  1024.4786    24.4289    11.4706 0.0000e+00
     10.000    11.9029    32.0709  1024.3784     2.8552     7.1444    118.796    0.02089    6.01412    6.01122      8.123     0.3595   10.93508   3.695944 -9.990e-29    24.3330    24.3328 1.0000e-12     10.083          1       9249    1493.16 3.4566e+00  49991.044    385.339 1563944344      -0.32     -0.882   40.70074  -71.79246    32.2812  1024.4277    24.3825    11.9016 0.0000e+00
      9.000    12.4061    32.0163  1024.2374     2.8836     7.2171    120.573    0.02506    5.98566    5.98243      8.123     0.3567   10.88806   3.734187 -9.990e-29    24.1968    24.1966 1.0000e-12      9.075          1       9279    1494.80 3.6158e+00  49842.932    386.570 1563944345       0.17     -0.908   40.70074  -71.79246    32.2170  1024.2797    24.2391    12.4049 0.0000e+00
      8.000    13.3403    32.0005  1024.0390     2.9080     7.1083    119.426    0.00448    5.95389    5.95034      8.125     0.3521   10.83535   3.814899 3.2641e-11    24.0030    24.0028 1.0000e-12      8.068          1       9539    1497.91 3.3858e+00  49696.860    397.400 1563944356      -0.03     -0.326   40.70077  -71.79248    32.1881  1024.0717    24.0357    13.3392 0.0000e+00
      7.000    14.2046    32.0729  1023.9133     2.9734     6.6884    122.935    0.01875    5.44069    5.43187      8.121     0.3650    9.98642   3.911123 2.5659e-11    23.8824    23.8822 1.0000e-12      7.060          1      10081    1500.80 3.9233e+00  49699.394    419.986 1563944379      -0.48     -0.654   40.70084  -71.79252    32.3534  1024.0172    23.9859    14.2036 0.0000e+00
      6.000    17.2315    31.8497  1023.0680     2.9272     6.1011    116.478   -0.02918    5.23766    5.22715      8.106     0.3354    9.65124   4.164511 -9.990e-29    23.0411    23.0409 1.0000e-12      6.046          1      10144    1510.00 3.9495e+00  49107.400    422.628 1563944381       0.19     -0.676   40.70084  -71.79252    32.1439  1023.1832    23.1567    17.2305 0.0000e+00
      5.000    18.9146    31.5809  1022.4516     2.8206     5.6454    109.096   -0.05828    5.17354    5.16259      8.091     0.3109    9.54494   4.289826 2.5320e-11    22.4298    22.4296 1.0000e-12      5.040          1      10184    1514.64 3.9495e+00  48627.619    424.297 1563944383      -0.08     -0.596   40.70084  -71.79252    31.8855  1022.5751    22.5531    18.9137 0.0000e+00
      4.000    20.8298    31.2811  1021.7286     2.7103     5.2580    102.572   -0.07411    5.12632    5.11507      8.086     0.3064    9.46720   4.427394 2.5320e-11    21.7111    21.7109 1.0000e-12      4.027          1      10223    1519.69 3.9495e+00  48119.497    425.900 1563944385       0.01     -0.629   40.70085  -71.79252    31.5605  1021.8333    21.8159    20.8291 0.0000e+00
      3.000    21.2098    31.2907  1021.6292     2.6433     5.1587    100.723   -0.05471    5.12169    5.11041 -9.990e-29     0.3236    9.45931   4.464650 2.2869e-03    21.6163    21.6161 9.0323e-05      3.027          1      10255    1520.71 3.9495e+00  48117.480    427.269 1563944386      -0.04     -0.721   40.70086  -71.79252    31.5752  1021.7376    21.7245    21.2092 0.0000e+00
      2.000    21.8242    31.2175  1021.4037     2.6088     5.2444    102.388   -0.00864    5.12212    5.11085      8.105     0.3109    9.45990   4.501112 1.6921e+00    21.3950    21.3948 6.6829e-02      2.027          1      10583    1522.27 3.9495e+00  47994.353    440.934 1563944400      -0.05     -0.341   40.70089  -71.79254    31.4122  1021.4442    21.4354    21.8238 0.0000e+00
