CalculateIndicators/WaterTemperature/Data/CTD_NYOS/NYB_20190531_4_4.cnv
* Sea-Bird SBE 9 Data File:
* FileName = C:\Seabird 9 CTD\Data\2019\201905_offshore\NYB_20190531_4_4.hex
* Software Version Seasave V 7.23.2
* Temperature SN = 4590
* Conductivity SN = 3228
* Number of Bytes Per Scan = 44
* Number of Voltage Words = 5
* Number of Scans Averaged by the Deck Unit = 1
* NMEA Latitude = 39 48.66 N
* NMEA Longitude = 072 30.02 W
* NMEA UTC (Time) = Jun 01 2019  00:05:22
* NMEA baud rate = 4800
** Ship: Seawolf
** Station: 4-4
** Operator: LIS
# nquan = 35
# nvalues = 126                         
# units = specified
# name 0 = depSM: Depth [salt water, m]
# name 1 = t090C: Temperature [ITS-90, deg C]
# name 2 = sal00: Salinity, Practical [PSU]
# name 3 = density00: Density [density, kg/m^3]
# name 4 = sbeox0V: Oxygen raw, SBE 43 [V]
# name 5 = sbeox0ML/L: Oxygen, SBE 43 [ml/l]
# name 6 = sbeox0PS: Oxygen, SBE 43 [% saturation]
# name 7 = sbox0dV/dT: Oxygen, SBE 43 [dov/dt]
# name 8 = oxsolML/L: Oxygen Saturation, Garcia & Gordon [ml/l]
# name 9 = oxsatML/L: Oxygen Saturation, Weiss [ml/l]
# name 10 = ph: pH
# name 11 = flECO-AFL: Fluorescence, WET Labs ECO-AFL/FL [mg/m^3]
# name 12 = n2satML/L: Nitrogen Saturation [ml/l]
# name 13 = c0S/m: Conductivity [S/m]
# name 14 = cpar: CPAR/Corrected Irradiance [%]
# name 15 = sigma-é00: Density [sigma-theta, kg/m^3]
# name 16 = sigma-t00: Density [sigma-t, kg/m^3 ]
# name 17 = par: PAR/Irradiance, Biospherical/Licor
# name 18 = prDM: Pressure, Digiquartz [db]
# name 19 = pumps: Pump Status
# name 20 = scan: Scan Count
# name 21 = svCM: Sound Velocity [Chen-Millero, m/s]
# name 22 = spar: SPAR, Biospherical/Licor
# name 23 = specc: Specific Conductance [uS/cm]
# name 24 = timeS: Time, Elapsed [seconds]
# name 25 = timeY: Time, System [seconds]
# name 26 = accM: Acceleration [m/s^2]
# name 27 = dz/dtM: Descent Rate [m/s]
# name 28 = latitude: Latitude [deg]
# name 29 = longitude: Longitude [deg]
# name 30 = gsw_saA0: Absolute Salinity [g/kg]
# name 31 = gsw_densityA0: density, TEOS-10 [density, kg/m^3]
# name 32 = gsw_sigma0A0: density, TEOS-10 [sigma-0, kg/m^3 ]
# name 33 = gsw_ptA0: potential temperature [ITS-90, deg C]
# name 34 = flag: flag
# span 0 =      1.000,     64.000       
# span 1 =     5.2524,    16.1193       
# span 2 =    31.8572,    33.0239       
# span 3 =  1023.3095,  1026.2222       
# span 4 =     2.1410,     3.0603       
# span 5 =     4.1058,     7.6610       
# span 6 =     71.144,    121.024       
# span 7 =   -0.04136,    0.13980       
# span 8 =    5.68129,    7.13417       
# span 9 =    5.67474,    7.14779       
# span 10 =      7.784,      8.064      
# span 11 =     0.0123,     2.0131      
# span 12 =   10.38378,   12.77809      
# span 13 =   3.181003,   4.051511      
# span 14 = -1.438e+04, 6.4560e+04      
# span 15 =    23.3052,    25.9281      
# span 16 =    23.3052,    25.9276      
# span 17 = 1.0000e-12, 6.3414e+00      
# span 18 =      1.017,     64.496      
# span 19 =          0,          1      
# span 20 =        136,       8312      
# span 21 =    1469.85,    1506.55      
# span 22 = 2.4543e+00, 2.3754e+01      
# span 23 =  49203.474,  52591.312      
# span 24 =      5.646,    346.305      
# span 25 = 1559347528, 1559347868      
# span 26 =      -0.73,       0.47      
# span 27 =     -1.444,      1.005      
# span 28 =   39.81112,   39.81122      
# span 29 =  -72.50044,  -72.50010      
# span 30 =    32.0500,    33.0953      
# span 31 =  1023.3472,  1026.2238      
# span 32 =    23.3427,    25.9266      
# span 33 =     5.2481,    16.1191      
# span 34 = 0.0000e+00, 0.0000e+00      
# interval = meters: 1                  
# start_time = Jun 01 2019 00:05:22 [System UTC, first data scan.]
# bad_flag = -9.990e-29
*END*
[from data line 83]
     43.000     5.7135    32.8099  1026.0576     2.4556     6.1705     87.516    0.00476    7.05064    7.06288      7.890     0.6717   12.64043   3.219542 5.0640e-12    25.8574    25.8570 1.0000e-12     43.341          1       4600    1471.54 1.9747e+01  52406.880    191.640 1559347713       0.06     -0.735   39.81120  -72.50038    32.9679  1026.0612    25.8610     5.7101 0.0000e+00
     42.000     5.7138    32.8011  1026.0460     2.4701     6.1265     88.157    0.00571    6.94967    6.96035      7.893     1.0416   12.47315   3.219265 5.0640e-12    25.8504    25.8500 1.0000e-12     42.318          1       4666    1471.51 1.9747e+01  52393.322    194.357 1559347716       0.11     -0.254   39.81120  -72.50038    32.9650  1026.0542    25.8587     5.7104 0.0000e+00
     41.000     5.8954    32.8074  1026.0242     2.4890     6.2562     89.954    0.01375    6.95492    6.96568      7.898     1.1320   12.48179   3.237160 5.4692e-12    25.8334    25.8330 1.0000e-12     41.307          1       4694    1472.23 1.8690e+01  52347.043    195.523 1559347717      -0.69     -0.643   39.81120  -72.50038    32.9906  1026.0476    25.8570     5.8921 0.0000e+00
     40.000     6.1073    32.8205  1026.0037     2.4968     6.2845     90.299    0.01365    6.95963    6.97048      7.901     1.0931   12.48947   3.258269 5.0658e-12    25.8179    25.8175 1.0000e-12     40.312          1       4709    1473.08 1.9742e+01  52303.354    196.164 1559347718      -0.68     -1.122   39.81120  -72.50038    33.0223  1026.0418    25.8559     6.1040 0.0000e+00
     39.000     6.2872    32.8432  1025.9943     2.5032     6.2827     90.382    0.01195    6.95129    6.96201      7.902     1.1391   12.47568   3.274272 -9.990e-29    25.8132    25.8128 1.0000e-12     39.319          1       4725    1473.80 1.3568e+01  52282.957    196.834 1559347719      -0.27     -1.444   39.81120  -72.50038    33.0273  1026.0185    25.8374     6.2839 0.0000e+00
     38.000     6.3446    32.8583  1025.9942     2.5244     6.2884     91.105    0.01056    6.90286    6.91284      7.904     1.2413   12.39547   3.279469 3.3333e+04    25.8179    25.8175 1.0000e-12     38.302          1       4778    1474.03 1.0422e+01  52288.022    199.049 1559347721       0.08     -0.747   39.81120  -72.50037    33.0301  1026.0088    25.8324     6.3413 0.0000e+00
     37.000     6.3831    32.8671  1025.9915     2.5563     6.3633     93.080    0.01609    6.83634    6.84533      7.909     1.2553   12.28520   3.284886 -3.069e+02    25.8200    25.8196 1.0000e-12     37.285          1       4839    1474.18 1.9823e+01  52289.346    201.586 1559347723      -0.47     -0.578   39.81120  -72.50036    33.0536  1026.0176    25.8460     6.3799 0.0000e+00
     36.000     6.7870    32.8810  1025.9451     2.5690     6.3971     93.458    0.01431    6.84482    6.85397      7.911     1.2895   12.29893   3.323536 5.1347e-12    25.7784    25.7780 1.0000e-12     36.280          1       4864    1475.77 1.9539e+01  52196.465    202.626 1559347724      -0.15     -0.903   39.81120  -72.50036    33.0924  1025.9907    25.8241     6.7838 0.0000e+00
     35.000     7.0402    32.9084  1025.9282     2.5793     6.3919     93.511    0.01075    6.83548    6.84447      7.914     1.2230   12.28360   3.345896 6.4560e+04    25.7665    25.7661 1.0000e-12     35.279          1       4889    1476.77 4.8135e+00  52168.087    203.674 1559347726      -0.00     -0.967   39.81120  -72.50036    33.0953  1025.9545    25.7927     7.0371 0.0000e+00
     34.000     7.1129    32.9246  1025.9264     2.6355     6.5264     95.688    0.00786    6.82090    6.82965      7.943     1.5836   12.25973   3.351445 -7.250e+03    25.7692    25.7688 1.0000e-12     34.270          1       5462    1477.06 1.9902e+01  52170.615    227.524 1559347749       0.12     -0.402   39.81121  -72.50033    33.0868  1025.9333    25.7762     7.1098 0.0000e+00
     33.000     7.2151    32.9117  1025.8976     2.6955     6.7029     99.001    0.01403    6.77051    6.77848      7.967     1.8554   12.17666   3.358888 5.6276e-12    25.7452    25.7448 1.0000e-12     33.255          1       5987    1477.43 1.7762e+01  52125.213    249.401 1559347771      -0.03     -0.533   39.81122  -72.50030    33.0708  1025.9022    25.7498     7.2121 0.0000e+00
     32.000     7.3270    32.8941  1025.8637     2.7218     6.7796    100.400    0.01634    6.75261    6.76028      7.970     1.7616   12.14730   3.367399 5.6266e-12    25.7160    25.7156 1.0000e-12     32.248          1       6016    1477.82 1.7773e+01  52070.797    250.645 1559347772      -0.02     -0.609   39.81122  -72.50029    33.0571  1025.8715    25.7238     7.3240 0.0000e+00
     31.000     7.5134    32.8905  1025.8302     2.7518     6.8497    101.957    0.01874    6.71821    6.72538      7.974     1.6952   12.09028   3.383818 5.6266e-12    25.6872    25.6868 1.0000e-12     31.237          1       6053    1478.51 1.7773e+01  52017.557    252.148 1559347774      -0.09     -0.646   39.81122  -72.50028    33.0582  1025.8417    25.6988     7.5105 0.0000e+00
     30.000     7.5384    32.8723  1025.8077     2.7796     6.9464    103.734    0.02385    6.69631    6.70317      7.977     1.6788   12.05402   3.384571 5.6266e-12    25.6695    25.6691 1.0000e-12     30.233          1       6080    1478.57 1.7773e+01  51985.488    253.293 1559347775      -0.16     -0.810   39.81120  -72.50028    33.0430  1025.8217    25.6834     7.5356 0.0000e+00
     29.000     7.7209    32.8807  1025.7838     2.8002     6.9865    104.408    0.02164    6.69148    6.69827      7.981     1.6507   12.04602   3.402159 5.6266e-12    25.6501    25.6497 1.0000e-12     29.231          1       6107    1479.27 1.7773e+01  51950.864    254.397 1559347776      -0.01     -0.919   39.81122  -72.50028    33.0601  1025.8047    25.6710     7.7181 0.0000e+00
     28.000     7.9131    32.8930  1025.7612     2.8266     6.9532    104.764    0.01463    6.63710    6.64308      7.986     1.5983   11.95623   3.420049 4.8893e-05    25.6324    25.6320 8.6896e-06     28.218          1       6150    1480.00 1.7773e+01  51922.063    256.226 1559347778       0.22     -0.587   39.81122  -72.50028    33.0708  1025.7808    25.6519     7.9104 0.0000e+00
     27.000     8.1205    32.8975  1025.7298     2.8575     7.0112    106.318    0.01672    6.59454    6.59987      7.991     1.4781   11.88620   3.438135 1.1995e+04    25.6056    25.6052 1.0064e-02     27.201          1       6194    1480.77 1.4773e+01  51877.905    258.048 1559347780      -0.35     -0.496   39.81122  -72.50028    33.0690  1025.7445    25.6204     8.1178 0.0000e+00
     26.000     8.3206    32.8901  1025.6896     2.8772     7.0976    107.501    0.01957    6.60233    6.60776      7.994     1.4439   11.89925   3.457492 5.5902e+04    25.5702    25.5698 3.7737e-02     26.209          1       6217    1481.50 6.1989e+00  51821.560    259.020 1559347781      -0.27     -0.888   39.81122  -72.50027    33.0871  1025.7244    25.6050     8.3180 0.0000e+00
     25.000     8.5984    32.8667  1025.6248     2.9048     7.1703    108.485    0.01716    6.60954    6.61510      7.999     1.4276   11.91095   3.478399 1.3694e+04    25.5102    25.5098 6.0783e-02     25.195          1       6258    1482.50 1.5024e+01  51725.075    260.702 1559347783       0.26     -0.668   39.81122  -72.50026    33.0483  1025.6478    25.5331     8.5958 0.0000e+00
     24.000     8.5679    32.8565  1025.6169     2.9209     7.1529    108.284    0.00844    6.60566    6.61115      8.004     1.4521   11.90464   3.473700 3.8294e+04    25.5068    25.5064 9.3480e-02     24.190          1       6305    1482.36 9.0549e+00  51716.414    262.664 1559347785      -0.04     -0.534   39.81122  -72.50026    33.0276  1025.6317    25.5216     8.5655 0.0000e+00
     23.000     8.8493    32.7891  1025.5163     2.9700     7.1923    109.612    0.00029    6.56170    6.56649      8.028     1.3642   11.83281   3.491306 -1.527e+03    25.4109    25.4105 1.2531e-01     23.183          1       6685    1483.31 1.7567e+01  51558.985    278.486 1559347800      -0.05     -0.243   39.81121  -72.50023    32.9511  1025.5243    25.4189     8.8469 0.0000e+00
     22.000     9.0830    32.7301  1025.4291     2.9864     7.1814    110.348    0.00087    6.50799    6.51192      8.041     1.1118   11.74516   3.506769 1.3764e+02    25.3283    25.3280 1.5761e-01     22.175          1       6923    1484.08 1.7733e+01  51424.976    288.433 1559347810      -0.18     -0.936   39.81120  -72.50020    32.8965  1025.4410    25.3403     9.0807 0.0000e+00
     21.000     9.3053    32.7056  1025.3701     2.9835     7.1366    109.816   -0.00295    6.49871    6.50250      8.043     1.1584   11.72995   3.525032 1.1466e+00    25.2742    25.2738 2.0378e-01     21.163          1       6960    1484.85 1.7773e+01  51344.687    289.969 1559347812       0.19     -0.844   39.81120  -72.50020    32.8819  1025.3898    25.2938     9.3030 0.0000e+00
     20.000     9.3270    32.6766  1025.3395     2.9883     7.1948    110.639    0.00310    6.50294    6.50682      8.043     1.1432   11.73675   3.522730 2.3707e+00    25.2480    25.2476 2.6027e-01     20.156          1       6992    1484.88 2.4543e+00  51298.028    291.311 1559347813      -0.05     -0.729   39.81120  -72.50020    32.8384  1025.3480    25.2566     9.3248 0.0000e+00
     19.000     9.3552    32.6761  1025.3300     2.9920     7.2036    110.718    0.00241    6.50619    6.51001      8.045     1.1075   11.74342   3.525354 2.2978e+00    25.2431    25.2428 3.2284e-01     19.150          1       7031    1484.97 1.4120e+01  51291.182    292.918 1559347815       0.14     -0.659   39.81120  -72.50020    32.8402  1025.3403    25.2534     9.3531 0.0000e+00
     18.000     9.3541    32.6638  1025.3159     3.0024     7.2195    111.396    0.00483    6.48106    6.48440      8.049     1.0175   11.70337   3.523669 2.2175e+00    25.2336    25.2333 3.9544e-01     18.136          1       7081    1484.93 1.7810e+01  51273.197    294.983 1559347817      -0.08     -0.458   39.81120  -72.50020    32.8242  1025.3234    25.2412     9.3522 0.0000e+00
     17.000     9.3265    32.5283  1025.2098     3.0368     7.3212    114.367    0.01995    6.40156    6.40378      8.049     0.8524   11.57249   3.506665 2.8609e+00    25.1321    25.1318 4.7008e-01     17.131          1       7116    1484.65 1.6548e+01  51086.728    296.477 1559347818      -0.08     -0.652   39.81120  -72.50020    32.6739  1025.2063    25.1286     9.3247 0.0000e+00
     16.000     9.4382    32.4548  1025.1298     3.0539     7.3526    114.997    0.01877    6.39382    6.39595      8.052     0.6713   11.55949   3.514822 3.1535e+00    25.0567    25.0565 5.4711e-01     16.115          1       7149    1484.95 1.7406e+01  50960.309    297.831 1559347820      -0.08     -0.710   39.81120  -72.50020    32.6563  1025.1701    25.0970     9.4365 0.0000e+00
     15.000    10.0487    32.4365  1025.0113     3.0498     7.2455    113.149    0.00159    6.40352    6.40579      8.054     0.6663   11.57541   3.565475 4.4509e+04    24.9430    24.9427 6.4434e-01     15.115          1       7171    1487.14 8.5270e+00  50816.650    298.760 1559347821      -0.31     -0.908   39.81120  -72.50020    32.6222  1025.0396    24.9713    10.0470 0.0000e+00
     14.000    10.1617    32.3917  1024.9529     3.0430     7.1764    112.149   -0.00554    6.39901    6.40123      8.056     0.7334   11.56794   3.570413 5.9421e+04    24.8891    24.8889 7.4484e-01     14.121          1       7194    1487.47 5.4921e+00  50731.440    299.688 1559347822      -0.04     -1.098   39.81120  -72.50020    32.5710  1024.9766    24.9128    10.1601 0.0000e+00
     13.000    10.1753    32.4267  1024.9733     3.0572     7.1997    113.955    0.00706    6.31793    6.31903      8.057     0.5025   11.43427   3.575778 -1.438e+04    24.9142    24.9140 7.7415e-01     13.087          1       7265    1487.55 1.8560e+01  50778.487    302.681 1559347825      -0.09     -0.165   39.81121  -72.50018    32.6136  1025.0026    24.9435    10.1738 0.0000e+00
     12.000    10.4712    32.3857  1024.8868     3.0570     7.1643    113.220   -0.00062    6.32773    6.32897      8.058     0.4582   11.45036   3.598124 5.6247e+00    24.8323    24.8320 8.9339e-01     12.094          1       7291    1488.54 1.5896e+01  50666.757    303.741 1559347826      -0.73     -0.737   39.81120  -72.50018    32.5742  1024.9176    24.8630    10.4698 0.0000e+00
     11.000    10.6312    32.3807  1024.8509     3.0539     7.1450    112.907   -0.00244    6.32817    6.32941      8.061     0.4490   11.45107   3.611342 5.8928e+04    24.8009    24.8007 1.0149e+00     11.096          1       7315    1489.09 6.3474e+00  50631.014    304.757 1559347827       0.01     -1.046   39.81120  -72.50018    32.5644  1024.8781    24.8281    10.6299 0.0000e+00
     10.000    10.8799    32.3881  1024.8084     3.0603     7.1140    113.674    0.00258    6.25862    6.25900      8.064     0.4084   11.33585   3.633397 6.9858e+03    24.7629    24.7627 1.0361e+00     10.083          1       7496    1489.96 1.4619e+01  50598.626    312.288 1559347834      -0.18     -0.282   39.81120  -72.50016    32.5633  1024.8291    24.7837    10.8787 0.0000e+00
      9.000    12.0407    32.3840  1024.5909     3.0445     6.6324    111.106   -0.02039    5.96964    5.96638      8.054     0.3145   10.85869   3.741931 -6.389e+00    24.5506    24.5504 1.1038e+00      9.070          1       7978    1493.99 1.5800e+01  50410.760    332.382 1559347854      -0.28     -0.705   39.81120  -72.50012    32.6079  1024.6497    24.6091    12.0395 0.0000e+00
      8.000    12.9955    32.2672  1024.3134     2.9860     6.3482    106.791   -0.04136    5.94453    5.94091      8.048     0.2853   10.81823   3.815407 7.9356e+00    24.2771    24.2769 1.2537e+00      8.066          1       8010    1497.07 1.5798e+01  50111.837    333.714 1559347856       0.06     -0.766   39.81120  -72.50012    32.4865  1024.3693    24.3333    12.9944 0.0000e+00
      7.000    13.6144    32.1803  1024.1188     2.9341     6.2014    105.724   -0.02736    5.86576    5.86120      8.041     0.2458   10.68886   3.860423 8.8325e+00    24.0870    24.0868 1.3565e+00      7.050          1       8056    1499.01 1.5442e+01  49911.744    335.644 1559347858       0.11     -0.513   39.81120  -72.50012    32.3835  1024.1628    24.1315    13.6134 0.0000e+00
      6.000    13.7048    32.1296  1024.0570     2.9029     6.1207    105.068   -0.01867    5.82541    5.82039      8.033     0.2035   10.62236   3.863555 1.2449e+01    24.0312    24.0310 1.6027e+00      6.041          1       8092    1499.24 1.2121e+01  49835.286    337.113 1559347859      -0.29     -0.619   39.81120  -72.50010    32.3362  1024.1038    24.0770    13.7040 0.0000e+00
      5.000    14.3350    31.9989  1023.8221     2.8827     5.9732    103.926   -0.02322    5.74746    5.74160      8.027     0.1943   10.49357   3.906598 5.8175e+01    23.7995    23.7994 1.8457e+00      5.046          1       8117    1501.13 4.0335e+00  49575.813    338.161 1559347860      -0.14     -0.897   39.81120  -72.50010    32.2066  1023.8705    23.8481    14.3343 0.0000e+00
      4.000    14.7078    31.9707  1023.7176     2.8719     5.9787    104.712   -0.00686    5.70971    5.70345      8.021     0.1216   10.43100   3.939505 1.1377e+01    23.6999    23.6998 2.1410e+00      4.029          1       8158    1502.28 1.6343e+01  49497.335    339.885 1559347862       0.25     -0.626   39.81120  -72.50010    32.1983  1023.7814    23.7635    14.7072 0.0000e+00
      3.000    15.6185    31.8746  1023.4428     2.8412     5.8359    102.353   -0.02009    5.70171    5.69537      8.017     0.1274   10.41762   4.012121 1.6869e+01    23.4294    23.4293 2.6650e+00      3.023          1       8195    1505.04 1.5798e+01  49273.068    341.426 1559347863      -0.22     -0.620   39.81120  -72.50010    32.1056  1023.5097    23.4963    15.6180 0.0000e+00
