CalculateIndicators/WaterTemperature/Data/CTD_NYOS/NYB_20190601_4_1.cnv
* Sea-Bird SBE 9 Data File:
* FileName = C:\Seabird 9 CTD\Data\2019\201905_offshore\NYB_20190601_4_1.hex
* Software Version Seasave V 7.23.2
* Temperature SN = 4590
* Conductivity SN = 3228
* Number of Bytes Per Scan = 44
* Number of Voltage Words = 5
* Number of Scans Averaged by the Deck Unit = 1
* NMEA Latitude = 40 39.27 N
* NMEA Longitude = 072 48.91 W
* NMEA UTC (Time) = Jun 01 2019  09:56:43
* NMEA baud rate = 4800
** Ship: Seawolf
** Station: 4-1
** Operator: AJB
# nquan = 35
# nvalues = 48                          
# units = specified
# name 0 = depSM: Depth [salt water, m]
# name 1 = t090C: Temperature [ITS-90, deg C]
# name 2 = sal00: Salinity, Practical [PSU]
# name 3 = density00: Density [density, kg/m^3]
# name 4 = sbeox0V: Oxygen raw, SBE 43 [V]
# name 5 = sbeox0ML/L: Oxygen, SBE 43 [ml/l]
# name 6 = sbeox0PS: Oxygen, SBE 43 [% saturation]
# name 7 = sbox0dV/dT: Oxygen, SBE 43 [dov/dt]
# name 8 = oxsolML/L: Oxygen Saturation, Garcia & Gordon [ml/l]
# name 9 = oxsatML/L: Oxygen Saturation, Weiss [ml/l]
# name 10 = ph: pH
# name 11 = flECO-AFL: Fluorescence, WET Labs ECO-AFL/FL [mg/m^3]
# name 12 = n2satML/L: Nitrogen Saturation [ml/l]
# name 13 = c0S/m: Conductivity [S/m]
# name 14 = cpar: CPAR/Corrected Irradiance [%]
# name 15 = sigma-é00: Density [sigma-theta, kg/m^3]
# name 16 = sigma-t00: Density [sigma-t, kg/m^3 ]
# name 17 = par: PAR/Irradiance, Biospherical/Licor
# name 18 = prDM: Pressure, Digiquartz [db]
# name 19 = pumps: Pump Status
# name 20 = scan: Scan Count
# name 21 = svCM: Sound Velocity [Chen-Millero, m/s]
# name 22 = spar: SPAR, Biospherical/Licor
# name 23 = specc: Specific Conductance [uS/cm]
# name 24 = timeS: Time, Elapsed [seconds]
# name 25 = timeY: Time, System [seconds]
# name 26 = accM: Acceleration [m/s^2]
# name 27 = dz/dtM: Descent Rate [m/s]
# name 28 = latitude: Latitude [deg]
# name 29 = longitude: Longitude [deg]
# name 30 = gsw_saA0: Absolute Salinity [g/kg]
# name 31 = gsw_densityA0: density, TEOS-10 [density, kg/m^3]
# name 32 = gsw_sigma0A0: density, TEOS-10 [sigma-0, kg/m^3 ]
# name 33 = gsw_ptA0: potential temperature [ITS-90, deg C]
# name 34 = flag: flag
# span 0 =      1.000,     25.000       
# span 1 =     9.8877,    16.1485       
# span 2 =    30.0531,    31.8189       
# span 3 =  1021.9231,  1024.6013       
# span 4 =     2.5599,     2.8502       
# span 5 =     5.8177,     6.5886       
# span 6 =     90.071,    105.524       
# span 7 =   -0.04472,    0.06797       
# span 8 =    5.77906,    6.46432       
# span 9 =    5.77263,    6.46685       
# span 10 =      7.953,      8.019      
# span 11 =     0.3465,     1.3922      
# span 12 =   10.56483,   11.68317      
# span 13 =   3.485453,   3.840560      
# span 14 = 3.2132e-01, 3.9642e+01      
# span 15 =    21.9134,    24.4872      
# span 16 =    21.9134,    24.4867      
# span 17 = 2.6507e-01, 3.9296e+01      
# span 18 =      1.019,     25.190      
# span 19 =          1,          1      
# span 20 =       1019,       4560      
# span 21 =    1485.97,    1504.59      
# span 22 = 5.0613e+01, 1.0046e+02      
# span 23 =  46688.106,  49978.675      
# span 24 =     42.414,    189.963      
# span 25 = 1559383045, 1559383193      
# span 26 =      -0.36,       0.85      
# span 27 =     -0.862,      0.890      
# span 28 =   40.65456,   40.65458      
# span 29 =  -72.81556,  -72.81528      
# span 30 =    30.1737,    31.9540      
# span 31 =  1021.9121,  1024.5883      
# span 32 =    21.9033,    24.4742      
# span 33 =     9.8850,    16.1482      
# span 34 = 0.0000e+00, 0.0000e+00      
# interval = meters: 1                  
# start_time = Jun 01 2019 09:56:43 [System UTC, first data scan.]
# bad_flag = -9.990e-29
*END*
      2.000    16.1485    30.0531  1021.9231     2.7922     5.9454    100.820   -0.00920    5.89722    5.89218      7.955     0.5427   10.75654   3.840560 2.6058e+01    21.9134    21.9134 2.2641e+01      2.005          1       1019    1504.59 8.6888e+01  46688.106     42.414 1559383045       0.85      0.308   40.65458  -72.81528    30.1737  1021.9121    21.9033    16.1482 0.0000e+00
      3.000    15.2554    30.3765  1022.3697     2.8133     6.1273    103.482    0.01251    5.92113    5.91638      7.953     0.4084   10.79570   3.798825 1.9593e+01    22.3565    22.3564 1.7024e+01      3.026          1       1056    1502.16 8.6888e+01  47221.075     43.943 1559383047      -0.00      0.714   40.65458  -72.81528    30.4910  1022.3527    22.3393    15.2550 0.0000e+00
      4.000    14.6857    30.5677  1022.6415     2.8290     6.1844    104.028    0.01053    5.94491    5.94043      7.959     0.3643   10.83481   3.769839 1.4656e+01    22.6236    22.6235 1.2687e+01      4.029          1       1094    1500.57 8.6888e+01  47543.788     45.532 1559383048      -0.08      0.652   40.65458  -72.81528    30.6762  1022.6190    22.6011    14.6851 0.0000e+00
      5.000    14.3023    30.6709  1022.8051     2.8286     6.1700    103.100   -0.00063    5.98453    5.98053      7.969     0.3465   10.89954   3.748102 1.0984e+01    22.7827    22.7826 9.5435e+00      5.040          1       1140    1499.47 8.6888e+01  47727.289     47.465 1559383050       0.09      0.486   40.65458  -72.81528    30.7816  1022.7838    22.7614    14.3016 0.0000e+00
      6.000    14.0701    30.7121  1022.8888     2.8362     6.2325    103.718    0.00270    6.00899    6.00529      7.974     0.3553   10.93950   3.731877 9.0771e+00    22.8618    22.8617 7.7683e+00      6.049          1       1179    1498.77 8.5835e+01  47810.304     49.103 1559383052       0.00      0.619   40.65458  -72.81529    30.8179  1022.8635    22.8365    14.0692 0.0000e+00
      7.000    13.8083    30.7880  1023.0048     2.8382     6.2758    104.022    0.00532    6.03314    6.02970      7.982     0.4138   10.97961   3.718247 6.9449e+00    22.9733    22.9731 6.0383e+00      7.059          1       1212    1498.02 8.6923e+01  47945.511     50.463 1559383053       0.15      0.690   40.65458  -72.81530    30.9020  1022.9854    22.9539    13.8073 0.0000e+00
      8.000    13.6935    30.8346  1023.0682     2.8328     6.2238    102.952   -0.00458    6.04533    6.04204      7.982     0.4965   10.99974   3.712998 5.4645e+00    23.0323    23.0321 4.7480e+00      8.058          1       1237    1497.71 8.6888e+01  48024.738     51.512 1559383054       0.15      0.890   40.65458  -72.81530    30.9456  1023.0463    23.0104    13.6924 0.0000e+00
      9.000    13.4574    30.8482  1023.1302     2.8232     6.2031    102.404   -0.00601    6.05743    6.05430      7.986     0.6377   11.01936   3.693753 5.4290e+00    23.0897    23.0895 4.7060e+00      9.067          1       1274    1496.96 8.6888e+01  48071.613     53.032 1559383056      -0.22      0.737   40.65458  -72.81530    30.9575  1023.1067    23.0663    13.4562 0.0000e+00
     10.000    13.2591    30.8719  1023.1921     2.8190     6.2281    102.621   -0.00138    6.06906    6.06607      7.990     0.9732   11.03850   3.679951 4.7396e+00    23.1471    23.1468 4.0738e+00     10.084          1       1321    1496.34 8.6024e+01  48128.887     55.010 1559383058       0.11      0.459   40.65458  -72.81530    30.9894  1023.1748    23.1297    13.2577 0.0000e+00
     11.000    13.1692    30.9060  1023.2405     2.8199     6.2365    102.769   -0.00028    6.06845    6.06546      7.992     1.2275   11.03738   3.676029 5.8268e+00    23.1910    23.1907 3.2301e+00     11.085          1       1351    1496.10 5.5547e+01  48188.234     56.250 1559383059       0.18      0.740   40.65458  -72.81530    31.0255  1023.2246    23.1750    13.1677 0.0000e+00
     12.000    13.1064    30.9128  1023.2624     2.8213     6.2438    102.965    0.00116    6.06400    6.06098      7.996     1.3922   11.02954   3.671656 3.9578e+00    23.2084    23.2081 2.9286e+00     12.094          1       1382    1495.91 7.6924e+01  48205.867     57.554 1559383060      -0.06      0.796   40.65458  -72.81530    31.0353  1023.2488    23.1948    13.1048 0.0000e+00
     13.000    13.0919    30.9192  1023.2748     2.8257     6.2816    103.336    0.00317    6.07877    6.07597      7.997     1.3793   11.05311   3.671805 2.9059e+00    23.2162    23.2159 2.5205e+00     13.101          1       1414    1495.89 8.6802e+01  48217.258     58.884 1559383062       0.01      0.751   40.65458  -72.81530    31.0482  1023.2660    23.2075    13.0902 0.0000e+00
     14.000    13.1156    30.9576  1023.3044     2.8118     6.2424    101.883   -0.00625    6.12713    6.12494      7.998     1.2728   11.13256   3.679135 2.4957e+00    23.2414    23.2410 2.1146e+00     14.107          1       1450    1496.03 8.5086e+01  48268.776     60.376 1559383063      -0.10      0.705   40.65458  -72.81531    31.0973  1023.3038    23.2408    13.1137 0.0000e+00
     15.000    12.9256    31.0522  1023.4188     2.7884     6.1429    100.071   -0.01507    6.13856    6.13659      7.995     1.0532   11.15015   3.669983 3.3035e+00    23.3512    23.3508 1.7329e+00     15.122          1       1492    1495.52 5.2089e+01  48425.819     62.130 1559383065       0.02      0.553   40.65458  -72.81532    31.1667  1023.3984    23.3307    12.9236 0.0000e+00
     16.000    12.5341    31.1079  1023.5412     2.7833     6.1478    100.688   -0.00573    6.10580    6.10354      7.994     1.0418   11.09419   3.642175 2.6438e+00    23.4690    23.4686 1.3315e+00     16.124          1       1523    1494.28 5.0613e+01  48555.404     63.418 1559383066       0.16      0.727   40.65458  -72.81532    31.2263  1023.5234    23.4511    12.5321 0.0000e+00
     17.000    12.4440    31.2187  1023.6486     2.7822     6.1801    101.036   -0.00120    6.11669    6.11462      7.996     0.9885   11.11108   3.647021 1.3744e+00    23.5718    23.5714 1.1587e+00     17.132          1       1555    1494.12 8.4998e+01  48722.923     64.732 1559383068      -0.05      0.791   40.65458  -72.81532    31.3469  1023.6380    23.5612    12.4419 0.0000e+00
     18.000    12.6174    31.3396  1023.7139     2.7834     6.2020    101.143   -0.00066    6.13186    6.12999      7.999     0.8287   11.13607   3.677945 1.1363e+00    23.6327    23.6323 9.8730e-01     18.141          1       1588    1494.87 8.6885e+01  48870.668     66.143 1559383069       0.00      0.709   40.65458  -72.81532    31.4965  1023.7250    23.6438    12.6151 0.0000e+00
     19.000    12.5592    31.4688  1023.8296     2.7941     6.3570    102.258    0.00649    6.21653    6.21574      8.005     0.7265   11.27546   3.683937 1.2269e+00    23.7439    23.7434 7.9813e-01     19.145          1       1625    1494.84 6.6907e+01  49060.015     67.649 1559383070      -0.09      0.692   40.65456  -72.81532    31.6022  1023.8220    23.7363    12.5567 0.0000e+00
     20.000    12.3510    31.5041  1023.9008     2.7968     6.4774    101.814    0.00039    6.36193    6.36310      8.019     0.7374   11.51421   3.668365 1.2418e+00    23.8105    23.8100 6.6166e-01     20.164          1       1671    1494.19 5.3090e+01  49138.406     69.571 1559383072       0.01      0.488   40.65456  -72.81534    31.6280  1023.8858    23.7954    12.3484 0.0000e+00
     21.000    11.7882    31.5631  1024.0551     2.8175     6.5886    103.777    0.01125    6.34876    6.34974      8.019     0.7662   11.49270   3.619566 8.9576e-01    23.9598    23.9593 4.8444e-01     21.167          1       1699    1492.33 5.4194e+01  49301.945     70.735 1559383074       0.32      0.734   40.65457  -72.81534    31.6332  1023.9980    23.9029    11.7856 0.0000e+00
     22.000    10.7859    31.7210  1024.3597     2.7900     6.4544    100.824   -0.00645    6.40315    6.40484      8.012     0.7527   11.58261   3.549859 5.9980e-01    24.2597    24.2593 4.4393e-01     22.169          1       1754    1489.02 7.6642e+01  49684.941     73.048 1559383076      -0.13      0.485   40.65457  -72.81534    31.8095  1024.3156    24.2156    10.7833 0.0000e+00
     23.000     9.9671    31.8150  1024.5769     2.6504     5.8714     90.822   -0.04472    6.46432    6.46685      7.992     0.7206   11.68317   3.489392 4.1733e-01    24.4719    24.4715 3.7419e-01     23.184          1       1854    1486.22 8.9376e+01  49958.244     77.206 1559383080       0.22      0.295   40.65456  -72.81534    31.9185  1024.5436    24.4386     9.9645 0.0000e+00
     24.000     9.9146    31.8189  1024.5930     2.6036     5.8177     90.071   -0.03112    6.45906    6.46152      7.987     0.7343   11.67452   3.486370 4.2914e-01    24.4834    24.4830 3.0136e-01     24.187          1       1892    1486.05 7.0442e+01  49974.401     78.779 1559383082       0.08      0.584   40.65457  -72.81534    31.9338  1024.5685    24.4589     9.9120 0.0000e+00
     25.000     9.8877    31.8181  1024.6013     2.5600     5.8550     90.647   -0.00541    6.45911    6.46156      7.983     0.7031   11.67466   3.485453 3.2132e-01    24.4872    24.4867 2.6507e-01     25.190          1       1975    1485.97 8.3453e+01  49978.675     82.237 1559383085      -0.35      0.111   40.65456  -72.81536    31.9478  1024.5883    24.4742     9.8850 0.0000e+00
     24.000     9.9178    31.8122  1024.5872     2.5599     5.9054     91.446    0.00280    6.45777    6.46020      7.975     0.7062   11.67258   3.488635 3.8403e-01    24.4777    24.4773 3.1963e-01     24.190          1       2100    1486.05 8.4649e+01  49964.359     87.463 1559383090      -0.17     -0.444   40.65456  -72.81536    31.9540  1024.5836    24.4741     9.9152 0.0000e+00
     23.000     9.9375    31.7960  1024.5668     2.5635     5.8775     91.686    0.00403    6.41152    6.41332      7.964     0.7458   11.59654   3.489239 5.7970e-01    24.4618    24.4614 4.0508e-01     23.182          1       2404    1486.09 6.7629e+01  49937.095    100.105 1559383103      -0.09     -0.330   40.65456  -72.81539    31.9432  1024.5674    24.4624     9.9349 0.0000e+00
     22.000    10.1053    31.7709  1024.5149     2.6579     6.2321    100.280    0.05241    6.21475    6.21389      7.954     0.7376   11.27302   3.503638 5.5218e-01    24.4146    24.4142 5.0323e-01     22.169          1       3001    1486.65 9.1179e+01  49870.814    124.996 1559383128      -0.33     -0.419   40.65456  -72.81544    31.9413  1024.5338    24.4335    10.1029 0.0000e+00
     21.000    10.8378    31.6892  1024.3221     2.7457     6.5107    105.524    0.06797    6.16989    6.16844      7.958     0.7195   11.19957   3.563586 6.6245e-01    24.2271    24.2267 6.0125e-01     21.164          1       3022    1489.15 9.0774e+01  49631.304    125.862 1559383129      -0.07     -0.706   40.65456  -72.81544    31.9012  1024.3738    24.2784    10.8354 0.0000e+00
     20.000    11.6745    31.5484  1024.0600     2.7856     6.4201    104.444    0.03600    6.14694    6.14522      7.958     0.7434   11.16149   3.621673 1.1876e+00    23.9689    23.9685 7.2067e-01     20.157          1       3054    1491.91 6.1627e+01  49295.842    127.225 1559383130      -0.01     -0.736   40.65456  -72.81544    31.7515  1024.1056    24.0150    11.6720 0.0000e+00
     19.000    12.0927    31.4682  1023.9166     2.7993     6.3184    102.985    0.01263    6.13523    6.13333      7.962     0.7866   11.14283   3.650207 1.4014e+00    23.8309    23.8304 8.5613e-01     19.149          1       3089    1493.24 6.2300e+01  49124.465    128.681 1559383131       0.06     -0.709   40.65456  -72.81544    31.6723  1023.9635    23.8776    12.0903 0.0000e+00
     18.000    12.3135    31.4585  1023.8634     2.7996     6.2608    101.966    0.00099    6.14005    6.13811      7.962     0.9267   11.15239   3.667235 1.1223e+00    23.7821    23.7816 1.0251e+00     18.140          1       3126    1493.97 9.1231e+01  49077.797    130.206 1559383133      -0.02     -0.651   40.65456  -72.81544    31.6496  1023.9004    23.8191    12.3112 0.0000e+00
     17.000    12.4335    31.3859  1023.7801     2.7836     6.1671    100.391   -0.00863    6.14309    6.14111      7.962     0.9749   11.15863   3.669481 1.3738e+00    23.7033    23.7029 1.2492e+00     17.135          1       3163    1494.28 9.0925e+01  48959.584    131.730 1559383135       0.05     -0.674   40.65456  -72.81546    31.5705  1023.8123    23.7356    12.4314 0.0000e+00
     16.000    12.4162    31.2441  1023.6690     2.7744     6.1148    100.107   -0.00728    6.10826    6.10579      7.965     1.0304   11.10225   3.650972 1.7500e+00    23.5967    23.5963 1.5062e+00     16.120          1       3202    1494.03 8.7844e+01  48762.156    133.393 1559383136      -0.06     -0.577   40.65456  -72.81546    31.4083  1023.6859    23.6137    12.4142 0.0000e+00
     15.000    12.3886    31.1738  1023.6152     2.7793     6.1676    101.171    0.00255    6.09629    6.09369      7.965     1.1110   11.08219   3.641460 3.1221e+00    23.5475    23.5472 1.8440e+00     15.122          1       3231    1493.84 5.9619e+01  48667.035    134.582 1559383137      -0.15     -0.785   40.65456  -72.81546    31.3408  1023.6346    23.5668    12.3867 0.0000e+00
     14.000    12.7171    31.0383  1023.4435     2.7820     6.1535    101.193    0.00148    6.08094    6.07809      7.967     1.2541   11.05798   3.657252 2.7381e+00    23.3801    23.3798 2.1816e+00     14.109          1       3270    1494.78 8.2338e+01  48431.462    136.208 1559383139       0.19     -0.664   40.65456  -72.81546    31.2187  1023.4738    23.4107    12.7153 0.0000e+00
     13.000    12.8330    31.0505  1023.4263     2.8004     6.2477    102.869    0.01153    6.07345    6.07050      7.972     1.3098   11.04589   3.667434 2.7984e+00    23.3682    23.3678 2.6084e+00     13.096          1       3309    1495.17 9.3199e+01  48436.148    137.828 1559383141      -0.19     -0.578   40.65456  -72.81546    31.2198  1023.4480    23.3894    12.8313 0.0000e+00
     12.000    12.9885    30.9353  1023.3027     2.8085     6.2655    103.116    0.01015    6.07623    6.07333      7.974     1.3320   11.05028   3.668986 3.4343e+00    23.2484    23.2481 3.1873e+00     12.102          1       3336    1495.54 -9.990e-29  48251.165    138.945 1559383142      -0.15     -0.830   40.65456  -72.81546    31.1068  1023.3267    23.2726    12.9869 0.0000e+00
     11.000    13.0709    30.9003  1023.2551     2.8166     6.2310    102.711    0.00130    6.06655    6.06351      7.975     1.1377   11.03459   3.671388 4.1364e+00    23.2056    23.2053 3.8311e+00     11.084          1       3430    1495.76 9.2598e+01  48192.349    142.855 1559383146      -0.01     -0.250   40.65456  -72.81547    31.0623  1023.2719    23.2224    13.0694 0.0000e+00
     10.000    13.1188    30.8926  1023.2354     2.8207     6.2295    102.831    0.00051    6.05800    6.05487      7.990     1.0369   11.02051   3.674266 5.9517e+00    23.1903    23.1901 4.6147e+00     10.081          1       3551    1495.90 8.0196e+01  48174.996    147.935 1559383151      -0.04     -0.420   40.65456  -72.81548    31.0505  1023.2490    23.2040    13.1175 0.0000e+00
      9.000    13.2262    30.8671  1023.1902     2.8371     6.2294    103.542    0.00042    6.01632    6.01268      7.991     0.4984   10.95197   3.679807 5.8421e+00    23.1497    23.1495 5.5590e+00      9.065          1       4083    1496.21 9.5062e+01  48125.534    170.086 1559383173      -0.36     -0.444   40.65456  -72.81552    31.0152  1023.1964    23.1559    13.2250 0.0000e+00
      8.000    13.2842    30.8423  1023.1551     2.8345     6.1981    103.226   -0.00190    6.00438    6.00061      7.995     0.4784   10.93238   3.682810 7.2226e+00    23.1191    23.1189 6.7258e+00      8.063          1       4095    1496.36 9.3138e+01  48083.028    170.578 1559383173      -0.21     -0.767   40.65456  -72.81552    30.9964  1023.1662    23.1301    13.2832 0.0000e+00
