CalculateIndicators/WaterTemperature/Data/CTD_NYOS/NYB_20190601_3_2.cnv
* Sea-Bird SBE 9 Data File:
* FileName = C:\Seabird 9 CTD\Data\2019\201905_offshore\NYB_20190601_3_2.hex
* Software Version Seasave V 7.23.2
* Temperature SN = 4590
* Conductivity SN = 3228
* Number of Bytes Per Scan = 44
* Number of Voltage Words = 5
* Number of Scans Averaged by the Deck Unit = 1
* NMEA Latitude = 40 25.86 N
* NMEA Longitude = 072 23.10 W
* NMEA UTC (Time) = Jun 01 2019  15:46:16
* NMEA baud rate = 4800
** Ship: Seawolf
** Station: 3-2
** Operator: AJB
# nquan = 35
# nvalues = 96                          
# units = specified
# name 0 = depSM: Depth [salt water, m]
# name 1 = t090C: Temperature [ITS-90, deg C]
# name 2 = sal00: Salinity, Practical [PSU]
# name 3 = density00: Density [density, kg/m^3]
# name 4 = sbeox0V: Oxygen raw, SBE 43 [V]
# name 5 = sbeox0ML/L: Oxygen, SBE 43 [ml/l]
# name 6 = sbeox0PS: Oxygen, SBE 43 [% saturation]
# name 7 = sbox0dV/dT: Oxygen, SBE 43 [dov/dt]
# name 8 = oxsolML/L: Oxygen Saturation, Garcia & Gordon [ml/l]
# name 9 = oxsatML/L: Oxygen Saturation, Weiss [ml/l]
# name 10 = ph: pH
# name 11 = flECO-AFL: Fluorescence, WET Labs ECO-AFL/FL [mg/m^3]
# name 12 = n2satML/L: Nitrogen Saturation [ml/l]
# name 13 = c0S/m: Conductivity [S/m]
# name 14 = cpar: CPAR/Corrected Irradiance [%]
# name 15 = sigma-é00: Density [sigma-theta, kg/m^3]
# name 16 = sigma-t00: Density [sigma-t, kg/m^3 ]
# name 17 = par: PAR/Irradiance, Biospherical/Licor
# name 18 = prDM: Pressure, Digiquartz [db]
# name 19 = pumps: Pump Status
# name 20 = scan: Scan Count
# name 21 = svCM: Sound Velocity [Chen-Millero, m/s]
# name 22 = spar: SPAR, Biospherical/Licor
# name 23 = specc: Specific Conductance [uS/cm]
# name 24 = timeS: Time, Elapsed [seconds]
# name 25 = timeY: Time, System [seconds]
# name 26 = accM: Acceleration [m/s^2]
# name 27 = dz/dtM: Descent Rate [m/s]
# name 28 = latitude: Latitude [deg]
# name 29 = longitude: Longitude [deg]
# name 30 = gsw_saA0: Absolute Salinity [g/kg]
# name 31 = gsw_densityA0: density, TEOS-10 [density, kg/m^3]
# name 32 = gsw_sigma0A0: density, TEOS-10 [sigma-0, kg/m^3 ]
# name 33 = gsw_ptA0: potential temperature [ITS-90, deg C]
# name 34 = flag: flag
# span 0 =      1.000,     49.000       
# span 1 =     6.2717,    15.2674       
# span 2 =    29.9101,    32.5758       
# span 3 =  1021.9998,  1025.6849       
# span 4 =     2.2302,     2.8843       
# span 5 =     5.3621,     6.9361       
# span 6 =     76.791,    108.448       
# span 7 =   -0.05343,    0.06213       
# span 8 =    5.83388,    6.98324       
# span 9 =    5.82772,    6.99384       
# span 10 =      7.881,      8.092      
# span 11 =     0.0610,     0.4522      
# span 12 =   10.66099,   12.53437      
# span 13 =   3.230013,   3.787814      
# span 14 = 9.2497e-02, 4.9175e+01      
# span 15 =    21.9961,    25.4578      
# span 16 =    21.9961,    25.4573      
# span 17 = 1.2229e+00, 5.9722e+02      
# span 18 =      1.016,     49.383      
# span 19 =          1,          1      
# span 20 =       2561,      12584      
# span 21 =    1473.34,    1501.63      
# span 22 = 1.2088e+03, 1.3527e+03      
# span 23 =  46568.736,  51642.263      
# span 24 =    106.648,    524.311      
# span 25 = 1559404082, 1559404500      
# span 26 =      -0.30,       0.26      
# span 27 =     -0.701,      0.879      
# span 28 =   40.43124,   40.43166      
# span 29 =  -72.38627,  -72.38520      
# span 30 =    30.0550,    32.7286      
# span 31 =  1022.0078,  1025.6866      
# span 32 =    22.0033,    25.4590      
# span 33 =     6.2676,    15.2672      
# span 34 = 0.0000e+00, 0.0000e+00      
# interval = meters: 1                  
# start_time = Jun 01 2019 15:46:16 [System UTC, first data scan.]
# bad_flag = -9.990e-29
*END*
[from data line 42]
     44.000     6.5158    32.3907  1025.6316     2.2874     5.4843     78.845   -0.00409    6.95583    6.96601      7.971     0.0919   12.48912   3.249286 1.6127e-01    25.4274    25.4269 2.1420e+00     44.350          1       4196    1474.22 1.3282e+03  51572.775    174.797 1559404151       0.04      0.254   40.43132  -72.38536    32.5268  1025.6198    25.4156     6.5121 0.0000e+00
     45.000     6.4617    32.3867  1025.6400     2.2789     5.4660     78.519   -0.00370    6.96143    6.97170      7.965     0.0814   12.49827   3.244687 1.4431e-01    25.4312    25.4307 1.9148e+00     45.354          1       4253    1474.02 1.3270e+03  51582.634    177.166 1559404153      -0.03      0.419   40.43132  -72.38538    32.5268  1025.6314    25.4226     6.4578 0.0000e+00
     46.000     6.4231    32.3928  1025.6544     2.2681     5.4381     77.987   -0.00421    6.97306    6.98350      7.958     0.0692   12.51756   3.242166 1.2873e-01    25.4409    25.4404 1.7076e+00     46.361          1       4316    1473.89 1.3265e+03  51602.761    179.798 1559404156      -0.01      0.390   40.43132  -72.38538    32.5351  1025.6475    25.4340     6.4192 0.0000e+00
     47.000     6.3486    32.3946  1025.6699     2.2538     5.3918     77.238   -0.00521    6.98073    6.99130      7.950     0.0712   12.53014   3.235383 1.1907e-01    25.4521    25.4516 1.5244e+00     47.370          1       4385    1473.61 1.2801e+03  51627.561    182.668 1559404158       0.03      0.348   40.43132  -72.38539    32.5302  1025.6577    25.4395     6.3446 0.0000e+00
     48.000     6.2983    32.3944  1025.6808     2.2426     5.3695     76.894   -0.00390    6.98303    6.99364      7.941     0.0956   12.53395   3.232056 1.0765e-01    25.4578    25.4573 1.3747e+00     48.379          1       4450    1473.43 1.2770e+03  51641.155    185.361 1559404161       0.00      0.370   40.43132  -72.38540    32.5407  1025.6770    25.4540     6.2943 0.0000e+00
     49.000     6.2717    32.3894  1025.6849     2.2302     5.3625     76.791   -0.00001    6.98324    6.99384      7.899     0.0865   12.53437   3.230013 9.2497e-02    25.4573    25.4567 1.2229e+00     49.383          1       5375    1473.34 1.3211e+03  51642.263    223.922 1559404200      -0.07      0.060   40.43137  -72.38549    32.5429  1025.6866    25.4590     6.2676 0.0000e+00
     48.000     6.2960    32.3869  1025.6752     2.2318     5.3621     76.913    0.00066    6.97162    6.98204      7.882     0.0664   12.51523   3.231938 1.0485e-01    25.4522    25.4517 1.3667e+00     48.379          1       6020    1473.42 1.3034e+03  51631.070    250.797 1559404227      -0.18     -0.378   40.43140  -72.38555    32.5417  1025.6780    25.4550     6.2919 0.0000e+00
     47.000     6.3216    32.3866  1025.6670     2.2354     5.3730     77.198    0.00184    6.95999    6.97022      7.882     0.0610   12.49613   3.234218 1.1589e-01    25.4487    25.4482 1.5104e+00     47.368          1       6072    1473.50 -9.990e-29  51622.737    252.952 1559404229      -0.10     -0.522   40.43140  -72.38556    32.5431  1025.6712    25.4529     6.3176 0.0000e+00
     46.000     6.3741    32.3826  1025.6526     2.2418     5.4061     77.724    0.00394    6.95555    6.96570      7.881     0.0833   12.48888   3.238514 1.2889e-01    25.4390    25.4385 1.6794e+00     46.365          1       6109    1473.68 1.3029e+03  51601.694    254.520 1559404230      -0.03     -0.636   40.43141  -72.38556    32.5413  1025.6585    25.4449     6.3702 0.0000e+00
     45.000     6.4505    32.3706  1025.6286     2.2509     5.4289     78.108    0.00384    6.95051    6.96058      7.882     0.0886   12.48052   3.243828 1.4654e-01    25.4198    25.4193 1.8939e+00     45.353          1       6169    1473.95 1.2924e+03  51562.584    257.007 1559404233       0.12     -0.379   40.43142  -72.38556    32.5280  1025.6337    25.4249     6.4467 0.0000e+00
     44.000     6.4793    32.3717  1025.6208     2.2611     5.4587     78.591    0.00420    6.94567    6.95567      7.882     0.0861   12.47254   3.246465 1.6267e-01    25.4165    25.4161 2.1183e+00     44.346          1       6226    1474.05 1.3023e+03  51554.117    259.368 1559404235      -0.12     -0.474   40.43142  -72.38557    32.5303  1025.6272    25.4230     6.4756 0.0000e+00
     43.000     6.5067    32.3706  1025.6122     2.2665     5.4614     78.685    0.00302    6.94081    6.95073      7.882     0.0821   12.46451   3.248564 1.8035e-01    25.4127    25.4122 2.3470e+00     43.339          1       6270    1474.14 1.3014e+03  51545.631    261.212 1559404237      -0.01     -0.546   40.43142  -72.38558    32.5279  1025.6172    25.4177     6.5030 0.0000e+00
     42.000     6.5331    32.3697  1025.6035     2.2715     5.4512     78.799    0.00228    6.91786    6.92743      7.882     0.0812   12.42655   3.250782 1.9981e-01    25.4087    25.4082 2.5954e+00     42.328          1       6321    1474.23 1.2990e+03  51536.534    263.326 1559404239       0.05     -0.467   40.43142  -72.38558    32.5279  1025.6091    25.4143     6.5295 0.0000e+00
     41.000     6.5682    32.3706  1025.5950     2.2815     5.4696     79.572    0.00541    6.87375    6.88267      7.883     0.0779   12.35357   3.253946 2.2577e-01    25.4049    25.4045 2.8960e+00     41.324          1       6361    1474.35 1.2829e+03  51527.895    265.020 1559404241      -0.13     -0.587   40.43142  -72.38558    32.5300  1025.6017    25.4115     6.5647 0.0000e+00
     40.000     6.8168    32.3755  1025.5617     2.3007     5.5413     80.889    0.00960    6.85053    6.85913      7.885     0.0859   12.31494   3.276944 2.4894e-01    25.3764    25.3759 3.1995e+00     40.316          1       6409    1475.32 1.2852e+03  51467.387    266.991 1559404243       0.11     -0.517   40.43142  -72.38558    32.5483  1025.5789    25.3936     6.8133 0.0000e+00
     39.000     7.0736    32.3994  1025.5417     2.3318     5.5786     82.520    0.01243    6.76067    6.76796      7.889     0.0971   12.16611   3.301146 2.7152e-01    25.3613    25.3608 3.5280e+00     39.306          1       6471    1476.33 1.2994e+03  51433.481    269.589 1559404245      -0.01     -0.382   40.43142  -72.38560    32.5713  1025.5582    25.3778     7.0701 0.0000e+00
     38.000     7.4346    32.4083  1025.4944     2.3820     5.7330     85.900    0.02352    6.67406    6.68014      7.900     0.1064   12.02218   3.335061 3.0240e-01    25.3186    25.3182 3.9048e+00     38.299          1       6525    1477.72 1.2914e+03  51353.296    271.813 1559404248      -0.07     -0.460   40.43142  -72.38560    32.6007  1025.5271    25.3516     7.4310 0.0000e+00
     37.000     8.2850    32.5016  1025.4415     2.4948     5.9385     89.207    0.00719    6.65719    6.66305      7.953     0.1682   11.99421   3.415463 3.3774e-01    25.2716    25.2710 4.3354e+00     37.298          1       7139    1481.07 1.2848e+03  51284.829    297.424 1559404273      -0.30     -0.424   40.43145  -72.38566    32.6692  1025.4547    25.2846     8.2813 0.0000e+00
     36.000     8.4235    32.5035  1025.4173     2.5112     5.9512     89.945    0.00760    6.61663    6.62191      7.967     0.1693   11.92702   3.428026 3.6629e-01    25.2519    25.2514 4.6952e+00     36.288          1       7408    1481.58 -9.990e-29  51255.939    308.617 1559404284       0.11     -0.625   40.43146  -72.38568    32.6738  1025.4327    25.2673     8.4199 0.0000e+00
     35.000     8.6353    32.5022  1025.3798     2.5328     5.9952     90.840    0.00708    6.59979    6.60485      7.972     0.1603   11.89908   3.445905 4.0575e-01    25.2192    25.2187 5.1843e+00     35.274          1       7506    1482.35 1.2751e+03  51206.413    312.723 1559404288      -0.02     -0.323   40.43148  -72.38570    32.6670  1025.3910    25.2304     8.6317 0.0000e+00
     34.000     8.7020    32.5111  1025.3720     2.5491     6.0166     91.451    0.00614    6.57909    6.58387      7.977     0.1712   11.86470   3.452568 4.5407e-01    25.2160    25.2155 5.7627e+00     34.266          1       7568    1482.60 1.2690e+03  51203.633    315.302 1559404291      -0.03     -0.396   40.43148  -72.38570    32.6760  1025.3832    25.2273     8.6985 0.0000e+00
     33.000     8.8195    32.5210  1025.3571     2.5639     6.0538     92.141    0.00654    6.57017    6.57483      7.981     0.1972   11.84979   3.464083 4.9737e-01    25.2059    25.2053 6.3769e+00     33.260          1       7622    1483.03 1.2821e+03  51192.289    317.562 1559404293       0.02     -0.447   40.43148  -72.38572    32.6889  1025.3707    25.2194     8.8161 0.0000e+00
     32.000     8.9085    32.5331  1025.3482     2.5843     6.1141     93.207    0.00816    6.55972    6.56424      7.988     0.2298   11.83240   3.472686 5.4261e-01    25.2015    25.2010 6.9648e+00     32.251          1       7684    1483.36 1.2836e+03  51189.440    320.136 1559404296      -0.00     -0.389   40.43148  -72.38572    32.6974  1025.3590    25.2123     8.9052 0.0000e+00
     31.000     8.9748    32.5423  1025.3405     2.6029     6.1566     93.922    0.00716    6.55499    6.55945      7.992     0.2924   11.82446   3.479323 5.9145e-01    25.1985    25.1980 7.5805e+00     31.240          1       7744    1483.60 1.2817e+03  51187.996    322.609 1559404298      -0.05     -0.403   40.43148  -72.38572    32.7061  1025.3509    25.2089     8.9716 0.0000e+00
     30.000     9.0066    32.5515  1025.3381     2.6143     6.1811     94.291    0.00579    6.55534    6.55981      7.997     0.3192   11.82503   3.482745 6.6994e-01    25.2007    25.2002 8.4756e+00     30.238          1       7793    1483.71 1.2654e+03  51193.540    324.647 1559404300       0.07     -0.475   40.43148  -72.38572    32.7130  1025.3467    25.2093     9.0035 0.0000e+00
     29.000     9.0140    32.5553  1025.3353     2.6308     6.2130     94.864    0.00441    6.54936    6.55375      8.005     0.2838   11.81509   3.483386 7.2984e-01    25.2025    25.2020 9.3713e+00     29.222          1       7877    1483.73 1.2842e+03  51196.778    328.147 1559404304      -0.09     -0.208   40.43150  -72.38574    32.7133  1025.3412    25.2084     9.0110 0.0000e+00
     28.000     9.0275    32.5564  1025.3295     2.6458     6.2776     95.925    0.00816    6.54424    6.54857      8.010     0.3322   11.80655   3.484816 8.2195e-01    25.2013    25.2008 1.0338e+01     28.224          1       7919    1483.76 1.2579e+03  51195.035    329.896 1559404306      -0.05     -0.547   40.43150  -72.38574    32.7163  1025.3369    25.2087     9.0245 0.0000e+00
     27.000     9.0942    32.5683  1025.3238     2.7053     6.4189     98.016    0.00270    6.54883    6.55322      8.054     0.3847   11.81423   3.491223 9.0346e-01    25.2002    25.1997 1.1489e+01     27.212          1       8773    1484.01 1.2718e+03  51197.246    365.506 1559404341      -0.05     -0.200   40.43154  -72.38583    32.7221  1025.3264    25.2028     9.0914 0.0000e+00
     26.000     9.0569    32.5578  1025.3168     2.7086     6.4393     98.261    0.00377    6.55323    6.55766      8.053     0.4054   11.82165   3.486798 9.9530e-01    25.1978    25.1974 1.2543e+01     26.204          1       8888    1483.84 1.2607e+03  51189.519    370.303 1559404346      -0.04     -0.372   40.43154  -72.38584    32.7108  1025.3188    25.1997     9.0542 0.0000e+00
     25.000     9.0250    32.5449  1025.3071     2.7265     6.5060     99.147    0.00466    6.56193    6.56647      8.057     0.4200   11.83622   3.482578 1.1114e+00    25.1926    25.1922 1.3893e+01     25.195          1       8969    1483.69 1.2497e+03  51177.201    373.685 1559404349       0.03     -0.298   40.43154  -72.38586    32.6965  1025.3081    25.1936     9.0224 0.0000e+00
     24.000     8.9744    32.5329  1025.3010     2.7296     6.5123     98.853    0.00051    6.58794    6.59278      8.059     0.4522   11.88006   3.476886 1.2262e+00    25.1911    25.1907 1.5564e+01     24.188          1       9044    1483.47 1.2693e+03  51170.230    376.802 1559404353      -0.06     -0.343   40.43154  -72.38587    32.6842  1025.3017    25.1918     8.9718 0.0000e+00
     23.000     8.7860    32.4500  1025.2607     2.6945     6.3365     95.739   -0.01413    6.61845    6.62360      8.050     0.3030   11.93184   3.451235 1.3429e+00    25.1552    25.1548 1.7053e+01     23.178          1       9127    1482.65 1.2699e+03  51092.060    380.234 1559404356       0.03     -0.256   40.43154  -72.38588    32.5894  1025.2523    25.1468     8.7836 0.0000e+00
     22.000     8.6741    32.3735  1025.2132     2.6638     6.2733     94.739   -0.01044    6.62168    6.62686      8.044     0.2991   11.93749   3.434506 1.5196e+00    25.1123    25.1119 1.9300e+01     22.176          1       9184    1482.12 1.2716e+03  51006.936    382.628 1559404358      -0.05     -0.476   40.43154  -72.38588    32.5172  1025.2084    25.1075     8.6719 0.0000e+00
     21.000     8.6112    32.3163  1025.1734     2.6459     6.2862     94.724   -0.00278    6.63632    6.64164      8.034     0.3018   11.96236   3.423783 1.6375e+00    25.0770    25.0766 2.0862e+01     21.160          1       9282    1481.80 1.2738e+03  50938.589    386.691 1559404362      -0.08     -0.175   40.43154  -72.38590    32.4627  1025.1709    25.0745     8.6091 0.0000e+00
     20.000     8.5651    32.2817  1025.1486     2.6340     6.2171     94.122   -0.00327    6.60532    6.61019      8.031     0.2918   11.91122   3.416760 1.9004e+00    25.0568    25.0565 2.3711e+01     20.157          1       9344    1481.57 1.2479e+03  50898.946    389.292 1559404365       0.06     -0.351   40.43154  -72.38591    32.4315  1025.1489    25.0571     8.5631 0.0000e+00
     19.000     8.7816    32.2616  1025.0954     2.6797     6.4960     98.466    0.01897    6.59720    6.60195 -9.990e-29     0.2475   11.89791   3.434376 2.0609e+00    25.0082    25.0079 2.6156e+01     19.148          1       9423    1482.34 1.2694e+03  50822.972    392.571 1559404368      -0.03     -0.325   40.43156  -72.38592    32.4186  1025.1015    25.0143     8.7797 0.0000e+00
     18.000     8.8162    32.2534  1025.0791     2.7473     6.6436    100.727    0.01158    6.59565    6.60038      8.040     0.2399   11.89539   3.436362 2.3459e+00    24.9966    24.9963 2.9246e+01     18.143          1       9650    1482.44 1.2465e+03  50803.507    402.026 1559404378      -0.06     -0.263   40.43156  -72.38594    32.4082  1025.0835    25.0009     8.8144 0.0000e+00
     17.000     8.8234    32.2466  1025.0681     2.7773     6.6490    100.841   -0.00002    6.59352    6.59818 -9.990e-29 -9.990e-29   11.89222   3.436075 2.6662e+00    24.9901    24.9899 3.3145e+01     17.131          1      10421    1482.44 1.2431e+03  50791.661    434.151 1559404410      -0.07     -0.387   40.43158  -72.38602    32.3990  1025.0707    24.9927     8.8217 0.0000e+00
     16.000     8.8445    32.2302  1025.0474     2.7700     6.6177    100.234   -0.00261    6.60221    6.60694      8.040     0.2410   11.90726   3.436349 2.8869e+00    24.9741    24.9738 3.5658e+01     16.126          1      10453    1482.48 1.2356e+03  50763.297    435.494 1559404411       0.03     -0.447   40.43158  -72.38604    32.3832  1025.0505    24.9771     8.8428 0.0000e+00
     15.000     8.8049    32.1731  1025.0042     2.6881     6.1379     92.970   -0.03719    6.60204    6.60675      8.033     0.2371   11.90725   3.427088 3.2809e+00    24.9354    24.9352 3.9776e+01     15.117          1      10515    1482.25 1.2122e+03  50690.058    438.095 1559404414      -0.03     -0.387   40.43158  -72.38604    32.3228  1025.0049    24.9361     8.8034 0.0000e+00
