CalculateIndicators/WaterTemperature/Data/CTD_NYOS/NYB_20190601_3_1.cnv
* Sea-Bird SBE 9 Data File:
* FileName = C:\Seabird 9 CTD\Data\2019\201905_offshore\NYB_20190601_3_1.hex
* Software Version Seasave V 7.23.2
* Temperature SN = 4590
* Conductivity SN = 3228
* Number of Bytes Per Scan = 44
* Number of Voltage Words = 5
* Number of Scans Averaged by the Deck Unit = 1
* NMEA Latitude = 40 45.22 N
* NMEA Longitude = 072 30.22 W
* NMEA UTC (Time) = Jun 01 2019  12:30:11
* NMEA baud rate = 4800
** Ship: Seawolf
** Station: 3-1
** Operator: AJB
# nquan = 35
# nvalues = 45                          
# units = specified
# name 0 = depSM: Depth [salt water, m]
# name 1 = t090C: Temperature [ITS-90, deg C]
# name 2 = sal00: Salinity, Practical [PSU]
# name 3 = density00: Density [density, kg/m^3]
# name 4 = sbeox0V: Oxygen raw, SBE 43 [V]
# name 5 = sbeox0ML/L: Oxygen, SBE 43 [ml/l]
# name 6 = sbeox0PS: Oxygen, SBE 43 [% saturation]
# name 7 = sbox0dV/dT: Oxygen, SBE 43 [dov/dt]
# name 8 = oxsolML/L: Oxygen Saturation, Garcia & Gordon [ml/l]
# name 9 = oxsatML/L: Oxygen Saturation, Weiss [ml/l]
# name 10 = ph: pH
# name 11 = flECO-AFL: Fluorescence, WET Labs ECO-AFL/FL [mg/m^3]
# name 12 = n2satML/L: Nitrogen Saturation [ml/l]
# name 13 = c0S/m: Conductivity [S/m]
# name 14 = cpar: CPAR/Corrected Irradiance [%]
# name 15 = sigma-é00: Density [sigma-theta, kg/m^3]
# name 16 = sigma-t00: Density [sigma-t, kg/m^3 ]
# name 17 = par: PAR/Irradiance, Biospherical/Licor
# name 18 = prDM: Pressure, Digiquartz [db]
# name 19 = pumps: Pump Status
# name 20 = scan: Scan Count
# name 21 = svCM: Sound Velocity [Chen-Millero, m/s]
# name 22 = spar: SPAR, Biospherical/Licor
# name 23 = specc: Specific Conductance [uS/cm]
# name 24 = timeS: Time, Elapsed [seconds]
# name 25 = timeY: Time, System [seconds]
# name 26 = accM: Acceleration [m/s^2]
# name 27 = dz/dtM: Descent Rate [m/s]
# name 28 = latitude: Latitude [deg]
# name 29 = longitude: Longitude [deg]
# name 30 = gsw_saA0: Absolute Salinity [g/kg]
# name 31 = gsw_densityA0: density, TEOS-10 [density, kg/m^3]
# name 32 = gsw_sigma0A0: density, TEOS-10 [sigma-0, kg/m^3 ]
# name 33 = gsw_ptA0: potential temperature [ITS-90, deg C]
# name 34 = flag: flag
# span 0 =      2.000,     24.000       
# span 1 =    10.0630,    15.4727       
# span 2 =    29.6729,    31.5664       
# span 3 =  1021.7824,  1024.3718       
# span 4 =     2.0561,     2.8792       
# span 5 =     4.0470,     6.7764       
# span 6 =     69.391,    113.286       
# span 7 =   -0.02811,    0.21150       
# span 8 =    5.81545,    6.42002       
# span 9 =    5.80907,    6.42169       
# span 10 =      7.965,      8.060      
# span 11 =     0.2810,     0.8487      
# span 12 =   10.63150,   11.61371      
# span 13 =   3.477231,   3.745370      
# span 14 = 6.5894e-01, 2.9158e+01      
# span 15 =    21.7690,    24.2623      
# span 16 =    21.7689,    24.2619      
# span 17 = 5.6076e+00, 2.5333e+02      
# span 18 =      2.017,     24.175      
# span 19 =          0,          1      
# span 20 =        420,       4967      
# span 21 =    1486.28,    1502.04      
# span 22 = 7.8106e+02, 8.6995e+02      
# span 23 =  46216.599,  49589.751      
# span 24 =     17.444,    206.921      
# span 25 = 1559392228, 1559392418      
# span 26 =      -0.40,       0.34      
# span 27 =     -0.793,      0.806      
# span 28 =   40.75374,   40.75395      
# span 29 =  -72.50399,  -72.50380      
# span 30 =    29.8128,    31.7102      
# span 31 =  1021.7873,  1024.3707      
# span 32 =    21.7739,    24.2613      
# span 33 =    10.0604,    15.4722      
# span 34 = 0.0000e+00, 0.0000e+00      
# interval = meters: 1                  
# start_time = Jun 01 2019 12:30:11 [System UTC, first data scan.]
# bad_flag = -9.990e-29
*END*
      2.000    15.4335    29.7372  1021.8357     2.0561     4.0470     69.391    0.01056    5.83188    5.82570      8.049     0.4413   10.65786   3.745370 2.8587e+01    21.8268    21.8267 2.4276e+02      2.017          0        420    1501.97 8.4943e+02  46309.789     17.444 1559392228       0.10      0.167   40.75374  -72.50380    29.8792  1021.8420    21.8331    15.4332 0.0000e+00
      3.000    15.4727    29.6729  1021.7824     2.1916     4.6640     78.937    0.05424    5.90518    5.89994      8.058     0.4824   10.77550   3.741274 1.9996e+01    21.7690    21.7689 1.6932e+02      3.023          0        493    1502.04 8.4664e+02  46216.599     20.494 1559392231       0.01      0.356   40.75374  -72.50380    29.8128  1021.7873    21.7739    15.4722 0.0000e+00
      4.000    14.8706    29.9947  1022.1613     2.6716     6.7764    113.286    0.21150    5.98316    5.97886      8.057     0.3463   10.90256   3.723695 1.4984e+01    22.1434    22.1433 1.2642e+02      4.035          1        557    1500.50 8.4383e+02  46724.518     23.157 1559392234       0.04      0.373   40.75374  -72.50382    30.1180  1022.1522    22.1343    14.8700 0.0000e+00
      5.000    14.2722    30.2405  1022.4796     2.7788     6.4115    106.871    0.07259    5.99925    5.99512      8.056     0.2810   10.92923   3.698113 1.0274e+01    22.4570    22.4568 8.7191e+01      5.043          1        596    1498.87 8.4873e+02  47126.589     24.775 1559392236       0.21      0.592   40.75374  -72.50382    30.3492  1022.4582    22.4358    14.2715 0.0000e+00
      6.000    14.0045    30.3123  1022.5937     2.8078     6.3032    105.048    0.03445    6.00034    5.99623      8.059     0.2873   10.93108   3.682625 7.9996e+00    22.5668    22.5666 6.7811e+01      6.043          1        624    1498.09 8.4758e+02  47257.051     25.950 1559392237       0.12      0.806   40.75375  -72.50382    30.4179  1022.5696    22.5427    14.0036 0.0000e+00
      7.000    13.8474    30.3240  1022.6388     2.8283     6.2592    104.254    0.01343    6.00379    5.99971 -9.990e-29     0.3080   10.93686   3.671721 7.4659e+00    22.6074    22.6072 6.3080e+01      7.052          1        668    1497.60 8.4490e+02  47290.854     27.803 1559392239      -0.19      0.580   40.75376  -72.50382    30.4415  1022.6238    22.5923    13.8465 0.0000e+00
      8.000    13.8028    30.3193  1022.6487     2.8368     6.2323    103.707    0.00185    6.00952    6.00550      8.059     0.3181   10.94640   3.668218 6.6396e+00    22.6128    22.6126 5.5780e+01      8.066          1        730    1497.47 8.4019e+02  47289.753     30.372 1559392241       0.13      0.375   40.75376  -72.50382    30.4442  1022.6394    22.6034    13.8017 0.0000e+00
      9.000    13.7786    30.3159  1022.6554     2.8373     6.2332    103.659    0.00086    6.01323    6.00925      8.059     0.3267   10.95250   3.666131 5.1352e+00    22.6150    22.6147 4.3454e+01      9.073          1        768    1497.40 8.4621e+02  47288.087     31.958 1559392243       0.14      0.606   40.75376  -72.50382    30.4438  1022.6484    22.6079    13.7773 0.0000e+00
     10.000    13.7524    30.3164  1022.6656     2.8324     6.2034    103.128   -0.00298    6.01524    6.01128      8.059     0.3376   10.95580   3.664139 4.4508e+00    22.6206    22.6203 3.7618e+01     10.074          1        799    1497.33 8.4523e+02  47292.243     33.261 1559392244       0.05      0.755   40.75376  -72.50382    30.4458  1022.6596    22.6147    13.7510 0.0000e+00
     11.000    13.7161    30.3218  1022.6815     2.8353     6.2345    103.601    0.00106    6.01773    6.01381      8.060     0.3573   10.95991   3.661972 4.6198e+00    22.6320    22.6318 3.8599e+01     11.086          1        844    1497.23 8.3557e+02  47304.418     35.124 1559392246      -0.15      0.553   40.75376  -72.50382    30.4542  1022.6778    22.6284    13.7146 0.0000e+00
     12.000    13.6917    30.3265  1022.6945     2.8391     6.2635    103.860    0.00203    6.03072    6.02695      8.060     0.3621   10.98106   3.660657 4.2080e+00    22.6406    22.6402 3.5084e+01     12.092          1        892    1497.17 8.3365e+02  47314.314     37.113 1559392248      -0.00      0.519   40.75376  -72.50382    30.4611  1022.6925    22.6385    13.6901 0.0000e+00
     13.000    13.6495    30.3282  1022.7087     2.8388     6.2499    103.578   -0.00134    6.03404    6.03038      8.059     0.3816   10.98535   3.657024 3.5676e+00    22.6502    22.6499 2.9894e+01     13.107          1        942    1497.05 8.3814e+02  47321.807     39.225 1559392250       0.07      0.450   40.75376  -72.50382    30.4606  1022.7051    22.6466    13.6477 0.0000e+00
     14.000    13.5192    30.3937  1022.7896     2.8496     6.3341    104.781    0.00723    6.04508    6.04157      8.056     0.3923   11.00324   3.653613 2.9221e+00    22.7266    22.7263 2.4705e+01     14.107          1        977    1496.71 8.4551e+02  47429.260     40.655 1559392251       0.09      0.674   40.75378  -72.50382    30.5325  1022.7905    22.7275    13.5174 0.0000e+00
     15.000    13.4977    30.4738  1022.8603     2.8473     6.3214    104.025   -0.00048    6.07693    6.07384      8.057     0.4348   11.05490   3.660139 2.6942e+00    22.7928    22.7924 2.2381e+01     15.117          1       1017    1496.75 8.3068e+02  47544.922     42.346 1559392253      -0.08      0.610   40.75378  -72.50382    30.6099  1022.8588    22.7913    13.4957 0.0000e+00
     16.000    13.3373    30.5453  1022.9515     2.8408     6.3043    103.431   -0.00395    6.09520    6.09250      8.054     0.4783   11.08207   3.653445 2.3828e+00    22.8794    22.8790 1.9789e+01     16.125          1       1063    1496.32 8.3058e+02  47664.281     44.245 1559392255      -0.02      0.531   40.75378  -72.50382    30.6761  1022.9456    22.8736    13.3352 0.0000e+00
     17.000    12.9483    30.7191  1023.1659     2.8441     6.3725    104.125    0.00234    6.12010    6.11782      8.049     0.4999   11.12101   3.638734 2.1181e+00    23.0891    23.0887 1.7607e+01     17.134          1       1111    1495.23 8.3115e+02  47955.674     46.252 1559392257      -0.02      0.501   40.75378  -72.50383    30.8528  1023.1614    23.0848    12.9461 0.0000e+00
     18.000    12.8668    31.0391  1023.4336     2.8193     6.3204    101.500   -0.01417    6.22717    6.22622      8.051     0.6639   11.29737   3.665580 1.7457e+00    23.3526    23.3522 1.4613e+01     18.144          1       1155    1495.35 8.3726e+02  48417.419     48.065 1559392259       0.10      0.545   40.75378  -72.50384    31.1723  1023.4277    23.3465    12.8645 0.0000e+00
     19.000    12.5737    31.1164  1023.5539     2.7999     6.3153    100.505   -0.01519    6.28360    6.28337      8.050     0.8312   11.39034   3.646473 1.4370e+00    23.4682    23.4677 1.2126e+01     19.149          1       1188    1494.47 8.4385e+02  48563.870     49.471 1559392260       0.08      0.695   40.75380  -72.50384    31.2331  1023.5348    23.4490    12.5713 0.0000e+00
     20.000    11.8448    31.2086  1023.7648     2.7939     6.3107    101.077   -0.00625    6.24344    6.24269      8.048     0.7857   11.32440   3.589545 1.2834e+00    23.6743    23.6738 1.0736e+01     20.151          1       1224    1492.09 8.3633e+02  48795.710     50.959 1559392262      -0.07      0.698   40.75380  -72.50384    31.2946  1023.7213    23.6308    11.8423 0.0000e+00
     21.000    11.0645    31.2891  1023.9718     2.7456     6.2758     98.379   -0.01138    6.37987    6.38096      8.042     0.8282   11.54821   3.530034 1.0566e+00    23.8762    23.8758 8.8132e+00     21.161          1       1316    1489.47 8.3544e+02  49026.273     54.782 1559392266       0.34      0.376   40.75380  -72.50384    31.3735  1023.9263    23.8309    11.0620 0.0000e+00
     22.000    10.5491    31.4235  1024.1697     2.6761     6.0003     93.651   -0.02811    6.40731    6.40882      8.036     0.8487   11.59269   3.501050 9.1302e-01    24.0695    24.0691 7.7080e+00     22.170          1       1374    1487.82 8.4442e+02  49302.210     57.214 1559392268      -0.12      0.546   40.75380  -72.50384    31.5278  1024.1388    24.0386    10.5466 0.0000e+00
     23.000    10.3174    31.5022  1024.2747     2.5975     5.8483     91.156   -0.01748    6.41567    6.41729      8.025     0.7606   11.60636   3.490271 8.0358e-01    24.1699    24.1695 6.7380e+00     23.179          1       1475    1487.10 8.3875e+02  49453.646     61.418 1559392272       0.04      0.293   40.75380  -72.50384    31.6203  1024.2541    24.1492    10.3148 0.0000e+00
     24.000    10.0630    31.5664  1024.3718     2.5301     5.8083     90.489    0.00692    6.41881    6.42047      8.002     0.6899   11.61167   3.477231 6.5894e-01    24.2623    24.2619 5.6076e+00     24.175          1       1679    1486.28 8.4969e+02  49589.751     69.898 1559392280      -0.24      0.196   40.75380  -72.50384    31.7102  1024.3707    24.2613    10.0604 0.0000e+00
     23.000    10.2285    31.5202  1024.3037     2.5563     5.8359     90.902   -0.00098    6.42002    6.42169      7.997     0.7549   11.61371   3.486930 8.3245e-01    24.1988    24.1984 7.0285e+00     23.183          1       1949    1486.81 8.4437e+02  49494.779     81.183 1559392292      -0.21     -0.281   40.75382  -72.50386    31.6641  1024.3029    24.1980    10.2259 0.0000e+00
     22.000    10.3973    31.4464  1024.2133     2.5793     5.9290     92.928    0.00967    6.38035    6.38140      7.965     0.8399   11.54959   3.495362 9.9005e-01    24.1130    24.1126 8.3813e+00     22.173          1       2818    1487.31 8.4650e+02  49360.241    117.383 1559392328       0.06     -0.308   40.75385  -72.50390    31.6023  1024.2223    24.1220    10.3948 0.0000e+00
     21.000    10.5976    31.3574  1024.1056     2.6499     6.1315     97.599    0.02639    6.28271    6.28242      7.969     0.8362   11.38964   3.504239 1.1520e+00    24.0098    24.0094 9.7560e+00     21.164          1       2876    1487.90 8.4682e+02  49199.296    119.799 1559392331      -0.06     -0.368   40.75386  -72.50390    31.5181  1024.1186    24.0230    10.5952 0.0000e+00
     20.000    11.2442    31.2225  1023.8836     2.7299     6.2512    101.419    0.02984    6.16406    6.16230      7.973     0.8152   11.19385   3.548962 1.4345e+00    23.7929    23.7925 1.1453e+01     20.157          1       2940    1490.01 7.9999e+02  48906.182    122.461 1559392333       0.04     -0.360   40.75386  -72.50390    31.4071  1023.9159    23.8251    11.2418 0.0000e+00
     19.000    12.2426    31.1146  1023.6140     2.7841     6.2760    102.633    0.01626    6.11510    6.11271      7.977     0.6694   11.11352   3.625751 1.5864e+00    23.5281    23.5277 1.3223e+01     19.150          1       3009    1493.33 8.3341e+02  48606.886    125.343 1559392336       0.02     -0.357   40.75386  -72.50390    31.3108  1023.6561    23.5702    12.2402 0.0000e+00
     18.000    12.6918    31.0365  1023.4650     2.8104     6.2879    103.067    0.00779    6.10083    6.09819      7.984     0.5525   11.09147   3.655573 1.8171e+00    23.3838    23.3833 1.5129e+01     18.143          1       3081    1494.76 8.3227e+02  48435.319    128.323 1559392339      -0.05     -0.360   40.75386  -72.50390    31.2221  1023.4994    23.4182    12.6895 0.0000e+00
     17.000    12.8925    30.9146  1023.3279     2.8253     6.2772    103.441    0.00436    6.06850    6.06527      7.993     0.4780   11.04175   3.657569 2.1641e+00    23.2512    23.2508 1.7755e+01     17.128          1       3155    1495.28 8.2182e+02  48237.826    131.412 1559392342      -0.05     -0.286   40.75386  -72.50390    31.0758  1023.3439    23.2673    12.8903 0.0000e+00
     16.000    13.1128    30.6257  1023.0573     2.8366     6.2831    103.864    0.00333    6.04931    6.04583      7.998     0.4570   11.01049   3.646788 2.5905e+00    22.9852    22.9848 2.0723e+01     16.126          1       3215    1495.66 8.0055e+02  47804.511    133.905 1559392345       0.07     -0.350   40.75388  -72.50392    30.7955  1023.0810    23.0089    13.1107 0.0000e+00
     15.000    13.3703    30.4971  1022.9032     2.8437     6.2910    104.161    0.00322    6.03965    6.03602      8.003     0.4187   10.99525   3.654901 3.1106e+00    22.8357    22.8353 2.4290e+01     15.119          1       3287    1496.36 7.8106e+02  47592.244    136.935 1559392348      -0.07     -0.395   40.75388  -72.50392    30.6635  1022.9250    22.8575    13.3682 0.0000e+00
     14.000    13.4911    30.4215  1022.8166     2.8507     6.2987    104.401    0.00246    6.03318    6.02943      8.006     0.4066   10.98532   3.656245 3.4659e+00    22.7536    22.7533 2.7817e+01     14.107          1       3355    1496.65 8.0258e+02  47471.554    139.770 1559392351      -0.00     -0.339   40.75388  -72.50392    30.5794  1022.8321    22.7691    13.4892 0.0000e+00
     13.000    13.5421    30.3604  1022.7548     2.8483     6.2642    103.997   -0.00110    6.02339    6.01952      8.010     0.4072   10.96939   3.653863 4.0078e+00    22.6963    22.6960 3.2394e+01     13.103          1       3419    1496.73 8.0824e+02  47379.267    142.414 1559392353       0.06     -0.355   40.75388  -72.50392    30.5169  1022.7695    22.7110    13.5404 0.0000e+00
     12.000    13.6447    30.3189  1022.6980     2.8450     6.2514    103.900   -0.00034    6.01674    6.01279      8.013 -9.990e-29   10.95849   3.657914 4.5893e+00    22.6441    22.6438 3.7045e+01     12.093          1       3496    1497.01 8.0722e+02  47309.150    145.607 1559392356      -0.10     -0.338   40.75388  -72.50392    30.4731  1022.7110    22.6571    13.6430 0.0000e+00
     11.000    13.6840    30.3100  1022.6788     2.8406     6.2295    103.573   -0.00181    6.01459    6.01062      8.016     0.3456   10.95493   3.660067 5.2739e+00    22.6293    22.6290 4.2543e+01     11.087          1       3557    1497.11 8.0692e+02  47291.412    148.164 1559392359       0.06     -0.374   40.75388  -72.50392    30.4621  1022.6903    22.6408    13.6825 0.0000e+00
     10.000    13.7211    30.3065  1022.6641     2.8423     6.2461    103.915    0.00139    6.01083    6.00682      8.019     0.3481   10.94871   3.662402 6.1415e+00    22.6192    22.6189 5.0221e+01     10.082          1       3732    1497.21 8.1692e+02  47281.767    155.445 1559392366      -0.09     -0.302   40.75389  -72.50392    30.4546  1022.6726    22.6276    13.7197 0.0000e+00
      9.000    13.7689    30.3061  1022.6498     2.8435     6.2293    103.758   -0.00081    6.00370    5.99960      8.042     0.3108   10.93682   3.666017 6.4900e+00    22.6094    22.6091 5.6426e+01      9.073          1       4593    1497.36 8.6944e+02  47275.472    191.337 1559392402      -0.40     -0.410   40.75392  -72.50396    30.4504  1022.6554    22.6149    13.7677 0.0000e+00
      8.000    13.7828    30.3059  1022.6424     2.8448     6.2302    103.880    0.00021    5.99751    5.99336      8.040     0.2864   10.92654   3.667223 7.3081e+00    22.6064    22.6062 6.3575e+01      8.063          1       4618    1497.39 8.6995e+02  47273.081    192.391 1559392403       0.09     -0.628   40.75392  -72.50396    30.4509  1022.6485    22.6125    13.7817 0.0000e+00
      7.000    13.8093    30.3082  1022.6343     2.8485     6.2202    104.166    0.00161    5.97140    5.96694      8.040     0.2931   10.88369   3.669829 8.7467e+00    22.6029    22.6027 7.5938e+01      7.050          1       4658    1497.46 8.6825e+02  47272.911    194.031 1559392405      -0.15     -0.579   40.75393  -72.50396    30.4543  1022.6412    22.6098    13.8084 0.0000e+00
      6.000    13.8427    30.3079  1022.6229     2.8561     6.2371    104.850    0.00577    5.94863    5.94390      8.039     0.2910   10.84637   3.672792 1.1048e+01    22.5959    22.5958 9.5300e+01      6.050          1       4687    1497.55 8.6277e+02  47268.358    195.232 1559392406      -0.12     -0.793   40.75394  -72.50396    30.4555  1022.6310    22.6040    13.8419 0.0000e+00
