CalculateIndicators/WaterTemperature/Data/CTD_NYOS/NYB_20190601_3_2.cnv
* Sea-Bird SBE 9 Data File:
* FileName = C:\Seabird 9 CTD\Data\2019\201905_offshore\NYB_20190601_3_2.hex
* Software Version Seasave V 7.23.2
* Temperature SN = 4590
* Conductivity SN = 3228
* Number of Bytes Per Scan = 44
* Number of Voltage Words = 5
* Number of Scans Averaged by the Deck Unit = 1
* NMEA Latitude = 40 25.86 N
* NMEA Longitude = 072 23.10 W
* NMEA UTC (Time) = Jun 01 2019  15:46:16
* NMEA baud rate = 4800
** Ship: Seawolf
** Station: 3-2
** Operator: AJB
# nquan = 35
# nvalues = 96                          
# units = specified
# name 0 = depSM: Depth [salt water, m]
# name 1 = t090C: Temperature [ITS-90, deg C]
# name 2 = sal00: Salinity, Practical [PSU]
# name 3 = density00: Density [density, kg/m^3]
# name 4 = sbeox0V: Oxygen raw, SBE 43 [V]
# name 5 = sbeox0ML/L: Oxygen, SBE 43 [ml/l]
# name 6 = sbeox0PS: Oxygen, SBE 43 [% saturation]
# name 7 = sbox0dV/dT: Oxygen, SBE 43 [dov/dt]
# name 8 = oxsolML/L: Oxygen Saturation, Garcia & Gordon [ml/l]
# name 9 = oxsatML/L: Oxygen Saturation, Weiss [ml/l]
# name 10 = ph: pH
# name 11 = flECO-AFL: Fluorescence, WET Labs ECO-AFL/FL [mg/m^3]
# name 12 = n2satML/L: Nitrogen Saturation [ml/l]
# name 13 = c0S/m: Conductivity [S/m]
# name 14 = cpar: CPAR/Corrected Irradiance [%]
# name 15 = sigma-é00: Density [sigma-theta, kg/m^3]
# name 16 = sigma-t00: Density [sigma-t, kg/m^3 ]
# name 17 = par: PAR/Irradiance, Biospherical/Licor
# name 18 = prDM: Pressure, Digiquartz [db]
# name 19 = pumps: Pump Status
# name 20 = scan: Scan Count
# name 21 = svCM: Sound Velocity [Chen-Millero, m/s]
# name 22 = spar: SPAR, Biospherical/Licor
# name 23 = specc: Specific Conductance [uS/cm]
# name 24 = timeS: Time, Elapsed [seconds]
# name 25 = timeY: Time, System [seconds]
# name 26 = accM: Acceleration [m/s^2]
# name 27 = dz/dtM: Descent Rate [m/s]
# name 28 = latitude: Latitude [deg]
# name 29 = longitude: Longitude [deg]
# name 30 = gsw_saA0: Absolute Salinity [g/kg]
# name 31 = gsw_densityA0: density, TEOS-10 [density, kg/m^3]
# name 32 = gsw_sigma0A0: density, TEOS-10 [sigma-0, kg/m^3 ]
# name 33 = gsw_ptA0: potential temperature [ITS-90, deg C]
# name 34 = flag: flag
# span 0 =      1.000,     49.000       
# span 1 =     6.2717,    15.2674       
# span 2 =    29.9101,    32.5758       
# span 3 =  1021.9998,  1025.6849       
# span 4 =     2.2302,     2.8843       
# span 5 =     5.3621,     6.9361       
# span 6 =     76.791,    108.448       
# span 7 =   -0.05343,    0.06213       
# span 8 =    5.83388,    6.98324       
# span 9 =    5.82772,    6.99384       
# span 10 =      7.881,      8.092      
# span 11 =     0.0610,     0.4522      
# span 12 =   10.66099,   12.53437      
# span 13 =   3.230013,   3.787814      
# span 14 = 9.2497e-02, 4.9175e+01      
# span 15 =    21.9961,    25.4578      
# span 16 =    21.9961,    25.4573      
# span 17 = 1.2229e+00, 5.9722e+02      
# span 18 =      1.016,     49.383      
# span 19 =          1,          1      
# span 20 =       2561,      12584      
# span 21 =    1473.34,    1501.63      
# span 22 = 1.2088e+03, 1.3527e+03      
# span 23 =  46568.736,  51642.263      
# span 24 =    106.648,    524.311      
# span 25 = 1559404082, 1559404500      
# span 26 =      -0.30,       0.26      
# span 27 =     -0.701,      0.879      
# span 28 =   40.43124,   40.43166      
# span 29 =  -72.38627,  -72.38520      
# span 30 =    30.0550,    32.7286      
# span 31 =  1022.0078,  1025.6866      
# span 32 =    22.0033,    25.4590      
# span 33 =     6.2676,    15.2672      
# span 34 = 0.0000e+00, 0.0000e+00      
# interval = meters: 1                  
# start_time = Jun 01 2019 15:46:16 [System UTC, first data scan.]
# bad_flag = -9.990e-29
*END*
[from data line 83]
     13.000     9.0848    32.0732  1024.8734     2.6962     6.2380     99.945    0.03136    6.24571    6.24524      8.021     0.4346   11.32491   3.444041 4.0790e+00    24.8141    24.8139 5.0664e+01     13.101          1      10647    1483.13 -9.990e-29  50490.611    443.572 1559404419       0.01     -0.355   40.43158  -72.38605    32.2462  1024.8927    24.8332     9.0834 0.0000e+00
     12.000    10.5800    31.7272  1024.3532     2.8311     6.5065    108.448    0.06213    5.99970    5.99601      8.022     0.3929   10.92220   3.548508 4.6899e+00    24.2989    24.2987 5.8217e+01     12.093          1      10701    1488.12 1.2407e+03  49725.955    445.836 1559404422      -0.09     -0.462   40.43158  -72.38606    31.9807  1024.4368    24.3822    10.5786 0.0000e+00
     11.000    13.0877    31.1312  1023.4266     2.8547     6.2797    105.354    0.01197    5.96054    5.95641      8.025     0.3776   10.85744   3.707670 5.3556e+00    23.3767    23.3765 6.6396e+01     11.087          1      10756    1496.06 1.2398e+03  48520.093    448.145 1559404424       0.08     -0.423   40.43158  -72.38606    31.3916  1023.5184    23.4688    13.0862 0.0000e+00
     10.000    14.0508    30.9781  1023.1163     2.8378     6.1225    103.112   -0.00619    5.93776    5.93333      8.030     0.3350   10.82036   3.770935 6.3450e+00    23.0715    23.0712 7.6737e+01     10.074          1      10837    1499.09 1.2088e+03  48186.405    451.486 1559404427      -0.09     -0.273   40.43160  -72.38608    31.1908  1023.1720    23.1272    14.0494 0.0000e+00
      9.000    14.0361    30.9654  1023.1046     2.8395     6.1472    103.672   -0.00015    5.92951    5.92497      8.030     0.3344   10.80731   3.767231 7.5052e+00    23.0643    23.0641 9.2981e+01      9.072          1      10881    1499.01 1.2386e+03  48170.007    453.335 1559404429      -0.07     -0.533   40.43160  -72.38608    31.1691  1023.1535    23.1132    14.0348 0.0000e+00
      8.000    14.2435    30.8720  1022.9858     2.8325     6.1062    103.142   -0.00295    5.92018    5.91551      8.032     0.3432   10.79227   3.773526 8.3887e+00    22.9498    22.9496 1.0211e+02      8.062          1      10941    1499.56 1.2174e+03  48015.727    455.822 1559404432       0.07     -0.381   40.43160  -72.38608    31.0599  1023.0230    22.9871    14.2423 0.0000e+00
      7.000    14.3591    30.8150  1022.9135     2.8394     6.1191    103.709    0.00042    5.90028    5.89537      8.059     0.2980   10.75989   3.773152 1.0362e+01    22.8821    22.8819 1.2735e+02      7.052          1      11675    1499.85 1.2357e+03  47923.596    486.414 1559404462      -0.22     -0.187   40.43162  -72.38617    30.9642  1022.9213    22.8899    14.3581 0.0000e+00
      6.000    14.4017    30.7942  1022.8842     2.8394     6.0973    103.588   -0.00106    5.88614    5.88104      8.056     0.2517   10.73719   3.774702 1.2257e+01    22.8573    22.8572 1.5026e+02      6.047          1      11807    1499.95 1.2263e+03  47889.751    491.896 1559404468      -0.16     -0.625   40.43162  -72.38619    30.9447  1022.8930    22.8662    14.4008 0.0000e+00
      5.000    14.5382    30.7531  1022.8198     2.8355     6.0926    103.320   -0.00207    5.89679    5.89168      8.056     0.2446   10.75713   3.782451 1.4653e+01    22.7974    22.7972 1.7969e+02      5.039          1      11842    1500.33 1.2263e+03  47817.630    493.362 1559404469       0.05     -0.701   40.43162  -72.38620    30.9067  1022.8312    22.8088    14.5375 0.0000e+00
      4.000    14.6496    30.6805  1022.7362     2.8396     6.1018    103.748    0.00090    5.88139    5.87595      8.056     0.2341   10.73497   3.783173 1.9118e+01    22.7183    22.7182 2.3400e+02      4.030          1      11881    1500.59 1.2241e+03  47704.723    494.985 1559404471       0.05     -0.637   40.43162  -72.38620    30.8252  1022.7410    22.7231    14.6490 0.0000e+00
      3.000    14.7048    30.3521  1022.4672     2.8569     6.1926    105.246    0.01025    5.88392    5.87857      8.056     0.2628   10.73797   3.751157 2.6266e+01    22.4538    22.4537 3.2109e+02      3.027          1      11923    1500.37 1.2225e+03  47238.892    496.768 1559404473      -0.01     -0.562   40.43162  -72.38620    30.4928  1022.4702    22.4567    14.7044 0.0000e+00
      2.000    14.8787    30.1922  1022.3032     2.8546     6.1327    104.326   -0.00021    5.87843    5.87301      8.059     0.2276   10.72921   3.749629 3.5997e+01    22.2941    22.2941 4.4042e+02      2.018          1      12013    1500.73 1.2235e+03  46997.269    500.485 1559404476       0.02     -0.298   40.43162  -72.38621    30.3435  1022.3149    22.3060    14.8784 0.0000e+00
      1.000    15.2674    29.9101  1021.9998     2.8843     6.1904    106.104    0.00481    5.83388    5.82772      8.067     0.2089   10.66099   3.751040 4.9175e+01    21.9961    21.9961 5.9722e+02      1.016          1      12584    1501.63 1.2131e+03  46568.736    524.311 1559404500       0.01     -0.238   40.43166  -72.38627    30.0550  1022.0078    22.0033    15.2672 0.0000e+00
