CalculateIndicators/WaterTemperature/Data/CTD_NYOS/NYB_20190531_4_3.cnv
* Sea-Bird SBE 9 Data File:
* FileName = C:\Seabird 9 CTD\Data\2019\201905_offshore\NYB_20190531_4_3.hex
* Software Version Seasave V 7.23.2
* Temperature SN = 4590
* Conductivity SN = 3228
* Number of Bytes Per Scan = 44
* Number of Voltage Words = 5
* Number of Scans Averaged by the Deck Unit = 1
* NMEA Latitude = 40 05.89 N
* NMEA Longitude = 072 36.40 W
* NMEA UTC (Time) = Jun 01 2019  02:43:04
* NMEA baud rate = 4800
** Ship: Seawolf
** Station: 4-3
** Operator: LIS
# nquan = 35
# nvalues = 96                          
# units = specified
# name 0 = depSM: Depth [salt water, m]
# name 1 = t090C: Temperature [ITS-90, deg C]
# name 2 = sal00: Salinity, Practical [PSU]
# name 3 = density00: Density [density, kg/m^3]
# name 4 = sbeox0V: Oxygen raw, SBE 43 [V]
# name 5 = sbeox0ML/L: Oxygen, SBE 43 [ml/l]
# name 6 = sbeox0PS: Oxygen, SBE 43 [% saturation]
# name 7 = sbox0dV/dT: Oxygen, SBE 43 [dov/dt]
# name 8 = oxsolML/L: Oxygen Saturation, Garcia & Gordon [ml/l]
# name 9 = oxsatML/L: Oxygen Saturation, Weiss [ml/l]
# name 10 = ph: pH
# name 11 = flECO-AFL: Fluorescence, WET Labs ECO-AFL/FL [mg/m^3]
# name 12 = n2satML/L: Nitrogen Saturation [ml/l]
# name 13 = c0S/m: Conductivity [S/m]
# name 14 = cpar: CPAR/Corrected Irradiance [%]
# name 15 = sigma-é00: Density [sigma-theta, kg/m^3]
# name 16 = sigma-t00: Density [sigma-t, kg/m^3 ]
# name 17 = par: PAR/Irradiance, Biospherical/Licor
# name 18 = prDM: Pressure, Digiquartz [db]
# name 19 = pumps: Pump Status
# name 20 = scan: Scan Count
# name 21 = svCM: Sound Velocity [Chen-Millero, m/s]
# name 22 = spar: SPAR, Biospherical/Licor
# name 23 = specc: Specific Conductance [uS/cm]
# name 24 = timeS: Time, Elapsed [seconds]
# name 25 = timeY: Time, System [seconds]
# name 26 = accM: Acceleration [m/s^2]
# name 27 = dz/dtM: Descent Rate [m/s]
# name 28 = latitude: Latitude [deg]
# name 29 = longitude: Longitude [deg]
# name 30 = gsw_saA0: Absolute Salinity [g/kg]
# name 31 = gsw_densityA0: density, TEOS-10 [density, kg/m^3]
# name 32 = gsw_sigma0A0: density, TEOS-10 [sigma-0, kg/m^3 ]
# name 33 = gsw_ptA0: potential temperature [ITS-90, deg C]
# name 34 = flag: flag
# span 0 =      1.000,     49.000       
# span 1 =     5.6850,    16.0464       
# span 2 =    31.4020,    33.3216       
# span 3 =  1022.9930,  1026.1053       
# span 4 =     2.2488,     2.9389       
# span 5 =     4.4838,     7.2035       
# span 6 =     75.392,    109.336       
# span 7 =   -0.04920,    0.08441       
# span 8 =    5.70324,    7.06866       
# span 9 =    5.69668,    7.08095       
# span 10 =      7.589,      8.029      
# span 11 =     0.0450,     2.2384      
# span 12 =   10.42513,   12.67240      
# span 13 =   3.202112,   3.992149      
# span 14 = -4.431e+03, 1.0589e+05      
# span 15 =    22.9886,    25.9720      
# span 16 =    22.9886,    25.9716      
# span 17 = -2.651e-02, 1.7263e-01      
# span 18 =      1.018,     49.376      
# span 19 =          0,          1      
# span 20 =         -8,       7466      
# span 21 =    1471.17,    1505.83      
# span 22 = -2.279e-01, 4.1765e+00      
# span 23 =  48608.969,  52536.813      
# span 24 =     -0.384,    311.033      
# span 25 = 1559356984, 1559357295      
# span 26 =      -0.47,       0.44      
# span 27 =     -1.139,      1.065      
# span 28 =   40.09818,   40.09828      
# span 29 =  -72.60683,  -72.60645      
# span 30 =    31.5567,    33.4129      
# span 31 =  1023.0079,  1026.0623      
# span 32 =    23.0034,    25.9241      
# span 33 =     5.6819,    16.0462      
# span 34 = 0.0000e+00, 0.0000e+00      
# interval = meters: 1                  
# start_time = Jun 01 2019 02:43:05 [System UTC, first data scan.]
# bad_flag = -9.990e-29
*END*
      2.000    15.5213    31.7102  1023.3334     2.3961     4.5890     80.162   -0.04920    5.72622    5.71987      7.589     0.1539   10.46366   3.974415 4.3709e+00    23.3242    23.3241 1.7263e-01      2.008          0         -8    1504.53 3.9495e+00  49053.085     -0.384 1559356984       0.22      0.035   40.09818  -72.60668    31.8481  1023.3294    23.3206    15.5210 0.0000e+00
      3.000    15.7057    31.4020  1023.0604     2.4674     5.1879     89.637    0.03405    5.78871    5.78316      7.688     0.1495   10.56401   3.958381 -6.712e-01    23.0471    23.0470 -2.651e-02      3.038          0         79    1504.77 3.9495e+00  48608.969      3.265 1559356988       0.06      0.311   40.09828  -72.60683    31.5567  1023.0707    23.0573    15.7052 0.0000e+00
      4.000    15.5402    31.5459  1023.2118     2.4760     5.1694     89.265    0.02383    5.79117    5.78571      7.702     0.1633   10.56687   3.958623 1.4100e-02    23.1938    23.1937 5.5687e-04      4.023          0         98    1504.43 3.9495e+00  48823.971      4.057 1559356989       0.43      0.747   40.09826  -72.60678    31.6915  1023.2144    23.1966    15.5396 0.0000e+00
      5.000    15.2497    31.6870  1023.3880     2.4272     4.8387     83.136   -0.02690    5.82013    5.81499      7.747     0.1811   10.61467   3.947992 2.5320e-11    23.3657    23.3656 1.0000e-12      5.041          0        146    1503.70 3.9495e+00  49048.684      6.023 1559356990      -0.29      0.553   40.09825  -72.60678    31.8305  1023.3885    23.3662    15.2490 0.0000e+00
      6.000    15.0052    31.8503  1023.5708     2.3717     4.6581     79.948   -0.03566    5.82642    5.82142      7.778     0.2127   10.62385   3.941805 2.5320e-11    23.5441    23.5439 1.0000e-12      6.049          0        184    1503.12 3.9495e+00  49300.324      7.622 1559356992       0.36      0.592   40.09824  -72.60678    31.9736  1023.5551    23.5283    15.0043 0.0000e+00
      7.000    14.8521    31.8464  1023.6049     2.3499     4.6618     79.761   -0.02530    5.84478    5.84003      7.798     0.2071   10.65322   3.929483 2.5320e-11    23.5738    23.5736 1.0000e-12      7.049          0        212    1502.65 3.9495e+00  49310.963      8.796 1559356993       0.03      0.857   40.09824  -72.60678    31.9871  1023.6026    23.5714    14.8510 0.0000e+00
      8.000    14.8058    31.9460  1023.6959     2.3142     4.6209     78.582   -0.01929    5.88086    5.87670      7.824     0.2144   10.70970   3.935774 2.5320e-11    23.6601    23.6599 1.0000e-12      8.063          0        251    1502.63 3.9495e+00  49453.696     10.409 1559356995      -0.13      0.647   40.09824  -72.60678    32.0819  1023.6896    23.6539    14.8046 0.0000e+00
      9.000    14.5556    32.0956  1023.8687     2.2666     4.4838     75.392   -0.03141    5.94725    5.94382      7.851     0.2553   10.82008   3.929794 2.5320e-11    23.8286    23.8283 1.0000e-12      9.070          0        290    1502.02 3.9495e+00  49689.381     12.027 1559356997       0.03      0.620   40.09824  -72.60678    32.2340  1023.8636    23.8234    14.5543 0.0000e+00
     10.000    14.1527    32.4009  1024.1927     2.2488     4.5429     76.094   -0.01308    5.97010    5.96701      7.871     0.3134   10.85678   3.924327 -9.990e-29    24.1479    24.1476 1.0000e-12     10.082          0        325    1501.09 3.9495e+00  50158.242     13.492 1559356998       0.08      0.663   40.09824  -72.60678    32.5209  1024.1722    24.1274    14.1512 0.0000e+00
     11.000    13.7274    32.4230  1024.3016     2.2488     4.5879     76.705   -0.00572    5.98111    5.97833      7.885     0.3631   10.87208   3.885138 -9.990e-29    24.2524    24.2521 1.0000e-12     11.084          0        352    1499.74 3.9495e+00  50239.699     14.630 1559356999       0.15      0.823   40.09824  -72.60678    32.5162  1024.2602    24.2109    13.7258 0.0000e+00
     12.000    13.4894    32.3688  1024.3123     2.2661     4.7765     78.821    0.01007    6.05959    6.05803      7.902     0.3813   10.99749   3.861220 2.5320e-11    24.2584    24.2581 1.0000e-12     12.088          0        384    1498.91 3.9495e+00  50193.150     15.948 1559357000      -0.13      0.820   40.09824  -72.60678    32.4948  1024.2963    24.2425    13.4877 0.0000e+00
     13.000    13.1261    32.8100  1024.7303     2.2665     4.8682     78.054    0.00150    6.23765    6.23841      7.928     0.4163   11.29167   3.873820 2.5320e-11    24.6720    24.6716 1.0000e-12     13.103          0        428    1498.23 3.9495e+00  50855.381     17.801 1559357002      -0.04      0.529   40.09824  -72.60678    32.9260  1024.7047    24.6463    13.1243 0.0000e+00
     14.000    12.3118    33.2088  1025.2025     2.2768     4.9584     77.997   -0.00419    6.35652    6.35885      7.949     0.3197   11.48857   3.837004 2.5320e-11    25.1395    25.1392 1.0000e-12     14.113          0        465    1495.98 3.9495e+00  51523.911     19.326 1559357004       0.12      0.635   40.09824  -72.60678    33.2874  1025.1461    25.0830    12.3100 0.0000e+00
     15.000    11.3631    33.2059  1025.3811     2.3889     5.8051     90.830    0.07525    6.39098    6.39391      7.960     0.2580   11.54394   3.744543 2.5320e-11    25.3131    25.3128 1.0000e-12     15.117          0        493    1492.72 3.9495e+00  51666.832     20.487 1559357005       0.15      0.804   40.09824  -72.60678    33.2318  1025.2835    25.2156    11.3613 0.0000e+00
     16.000    10.5168    33.1789  1025.5149     2.4295     5.8546     91.147    0.05937    6.42350    6.42681      7.969     0.2462   11.59860   3.666989 -9.990e-29    25.4422    25.4419 1.0000e-12     16.119          0        521    1489.73 3.9495e+00  51775.474     21.668 1559357006      -0.04      0.880   40.09824  -72.60676    33.2246  1025.4322    25.3595    10.5149 0.0000e+00
     17.000     9.9647    33.3022  1025.7100     2.4213     5.4704     84.599   -0.00305    6.46631    6.46991      7.983     0.2735   11.67322   3.631917 -9.990e-29    25.6326    25.6323 1.0000e-12     17.134          0        562    1487.92 3.9495e+00  52051.825     23.366 1559357008      -0.15      0.617   40.09824  -72.60676    33.3755  1025.6478    25.5704     9.9628 0.0000e+00
     18.000     9.6806    33.2221  1025.6992     2.4874     5.8500     90.382    0.02481    6.47251    6.47619      7.993     0.3241   11.68359   3.597353 2.5320e-11    25.6172    25.6169 1.0000e-12     18.145          0        599    1486.81 3.9495e+00  51995.537     24.937 1559357009       0.17      0.600   40.09824  -72.60676    33.2833  1025.6277    25.5456     9.6786 0.0000e+00
     19.000     9.5413    32.9795  1025.5370     2.5667     6.4700     99.949    0.08441    6.47326    6.47702      7.997     0.3290   11.68387   3.562519 2.5320e-11    25.4503    25.4499 1.0000e-12     19.146          0        626    1486.02 3.9495e+00  51681.789     26.022 1559357011       0.19      0.842   40.09824  -72.60676    33.0528  1025.4758    25.3890     9.5393 0.0000e+00
     20.000     9.4908    32.8985  1025.4866     2.5524     5.9698     92.127    0.01304    6.48016    6.48399      8.003     0.3307   11.69569   3.553151 2.5320e-11    25.3952    25.3948 1.0000e-12     20.150          0        656    1485.76 3.9495e+00  51578.162     27.302 1559357012      -0.14      0.848   40.09824  -72.60676    33.0024  1025.4493    25.3580     9.4886 0.0000e+00
     21.000     9.4478    33.0057  1025.5818     2.4885     5.4799     84.403   -0.03527    6.49248    6.49623      8.011     0.3043   11.71915   3.560763 2.5320e-11    25.4860    25.4856 1.0000e-12     21.166          0        701    1485.74 3.9495e+00  51739.006     29.184 1559357014      -0.07      0.522   40.09824  -72.60676    33.1202  1025.5525    25.4566     9.4455 0.0000e+00
     22.000     9.4000    32.9341  1025.5382     2.4915     5.6450     86.861   -0.01244    6.49880    6.50265      8.016     0.3324   11.72949   3.549018 2.5320e-11    25.4377    25.4374 1.0000e-12     22.175          0        739    1485.50 3.9495e+00  51648.440     30.732 1559357015       0.16      0.618   40.09822  -72.60676    33.0424  1025.5042    25.4037     9.3976 0.0000e+00
     23.000     9.3978    32.7373  1025.3893     2.5612     6.2924     96.692    0.05342    6.50761    6.51164      8.020     0.3150   11.74343   3.530610 2.5320e-11    25.2842    25.2838 1.0000e-12     23.178          0        767    1485.27 3.9495e+00  51371.303     31.898 1559357016       0.13      0.815   40.09822  -72.60676    32.8536  1025.3623    25.2572     9.3954 0.0000e+00
     24.000     9.3982    32.6737  1025.3442     2.6038     6.3473     97.557    0.04302    6.50621    6.51032      8.021     0.3749   11.73982   3.525919 2.5320e-11    25.2344    25.2340 1.0000e-12     24.188          0        796    1485.21 3.9495e+00  51281.993     33.109 1559357018      -0.03      0.848   40.09822  -72.60676    32.8043  1025.3285    25.2188     9.3956 0.0000e+00
     25.000     9.3058    32.7730  1025.4412     2.6139     6.2153     95.473    0.01798    6.51002    6.51426      8.023     0.4136   11.74511   3.527243 -9.990e-29    25.3269    25.3265 1.0000e-12     25.191          0        824    1485.01 3.9495e+00  51442.370     34.300 1559357019       0.01      0.839   40.09822  -72.60676    32.9025  1025.4241    25.3099     9.3031 0.0000e+00
     26.000     9.2558    32.8808  1025.5380     2.5750     5.9372     89.962   -0.01850    6.60087    6.60667      8.027     0.4083   11.89250   3.534398 -9.990e-29    25.4191    25.4186 1.0000e-12     26.203          0        868    1484.97 3.9495e+00  51604.887     36.108 1559357021      -0.20      0.587   40.09822  -72.60675    33.0225  1025.5301    25.4112     9.2530 0.0000e+00
     27.000     9.1153    32.9746  1025.6381     2.5071     5.6626     84.472   -0.04092    6.70347    6.71086      8.028     0.4477   12.06124   3.529253 2.5320e-11    25.5145    25.5140 1.0000e-12     27.214          0        910    1484.58 3.9495e+00  51766.552     37.886 1559357022       0.26      0.539   40.09822  -72.60674    33.0987  1025.6162    25.4927     9.1125 0.0000e+00
     28.000     8.5228    33.2202  1025.9268     2.5058     5.8830     87.112   -0.01634    6.75285    6.76108      8.026     0.4530   12.14187   3.497347 2.5320e-11    25.7985    25.7981 1.0000e-12     28.216          0        939    1482.70 3.9495e+00  52245.801     39.082 1559357024       0.10      0.803   40.09822  -72.60674    33.3185  1025.8835    25.7551     8.5199 0.0000e+00
     29.000     7.8922    33.3216  1026.1053     2.5216     6.3230     91.392    0.01467    6.91889    6.92876      8.026     0.4493   12.42550   3.450084 2.5320e-11    25.9720    25.9716 1.0000e-12     29.227          0        972    1480.46 3.9495e+00  52536.813     40.454 1559357025      -0.09      0.763   40.09822  -72.60674    33.4129  1026.0557    25.9223     7.8894 0.0000e+00
     30.000     7.6240    33.2662  1026.1051     2.5617     6.5181     93.068    0.01265    7.00360    7.01478      8.020     0.4407   12.56551   3.421949 2.5320e-11    25.9667    25.9663 1.0000e-12     30.237          0       1003    1479.39 3.9495e+00  52523.546     41.760 1559357026       0.08      0.740   40.09822  -72.60674    33.3662  1026.0623    25.9241     7.6211 0.0000e+00
     31.000     6.9931    32.9916  1025.9811     2.6371     7.2035    102.871    0.06674    7.00245    7.01363      8.012     0.5136   12.56351   3.331870 3.7179e+04    25.8379    25.8375 1.0000e-12     31.240          1       1030    1476.63 2.3343e+00  52295.959     42.879 1559357027       0.09      0.864   40.09822  -72.60674    32.9866  1025.8568    25.7134     6.9903 0.0000e+00
     32.000     6.2850    32.6015  1025.7708     2.6312     6.7561     96.346    0.01378    7.01268    7.02402      8.005     0.5972   12.58031   3.241778 2.9178e+04    25.6222    25.6218 1.0000e-12     32.245          1       1066    1473.37 2.7154e+00  51932.614     44.374 1559357029      -0.19      0.737   40.09822  -72.60673    32.6688  1025.7042    25.5556     6.2823 0.0000e+00
     33.000     6.0726    32.6034  1025.8041     2.5580     6.1451     87.050   -0.03691    7.05879    7.07093      7.989     0.6207   12.65590   3.227009 -4.431e+03    25.6507    25.6503 1.0000e-12     33.268          1       1128    1472.55 4.1362e+00  51995.587     46.951 1559357031       0.08      0.279   40.09822  -72.60672    32.7083  1025.7669    25.6134     6.0698 0.0000e+00
     34.000     5.9950    32.6023  1025.8174     2.5205     6.0597     85.779   -0.03340    7.06431    7.07657      7.980     0.9686   12.66474   3.220010 2.5320e-11    25.6593    25.6589 1.0000e-12     34.270          1       1154    1472.26 3.9495e+00  52017.427     48.059 1559357033       0.44      0.698   40.09822  -72.60672    32.7041  1025.7777    25.6196     5.9922 0.0000e+00
     35.000     5.8806    32.6182  1025.8486     2.4921     5.9816     84.669   -0.03203    7.06467    7.07694      7.973     2.2384   12.66531   3.211597 2.5320e-11    25.6857    25.6853 1.0000e-12     35.271          1       1176    1471.84 3.9495e+00  52074.569     48.966 1559357033       0.23      1.026   40.09822  -72.60672    32.7194  1025.8083    25.6454     5.8778 0.0000e+00
     36.000     5.7406    32.6505  1025.8958     2.4607     5.8881     83.325   -0.03146    7.06643    7.07873      7.966     1.4810   12.66824   3.203327 2.5320e-11    25.7281    25.7278 1.0000e-12     36.275          1       1200    1471.33 3.9495e+00  52163.884     49.965 1559357034      -0.08      1.065   40.09822  -72.60672    32.7611  1025.8627    25.6951     5.7378 0.0000e+00
     37.000     5.7107    32.6671  1025.9171     2.4158     5.7489     81.333   -0.03127    7.06834    7.08067      7.960     1.1415   12.67141   3.203125 -9.990e-29    25.7448    25.7444 1.0000e-12     37.287          1       1235    1471.25 3.9495e+00  52197.368     51.418 1559357036      -0.24      0.772   40.09822  -72.60672    32.7874  1025.8916    25.7193     5.7078 0.0000e+00
     38.000     5.6954    32.6667  1025.9233     2.3771     5.7178     80.897   -0.02056    7.06797    7.08030      7.952     0.9172   12.67075   3.202449 2.5320e-11    25.7463    25.7460 1.0000e-12     38.298          1       1281    1471.20 3.9495e+00  52202.183     53.341 1559357038      -0.04      0.525   40.09822  -72.60672    32.7942  1025.9035    25.7264     5.6924 0.0000e+00
     39.000     5.6850    32.6659  1025.9285     2.3595     5.7537     81.469   -0.00941    7.06243    7.07467      7.942     0.3605   12.66151   3.202112 2.5320e-11    25.7469    25.7465 1.0000e-12     39.310          1       1325    1471.18 3.9495e+00  52204.778     55.147 1559357040       0.11      0.539   40.09822  -72.60672    32.8000  1025.9139    25.7322     5.6819 0.0000e+00
     40.000     5.6879    32.6697  1025.9359     2.3499     5.7373     81.261   -0.00763    7.06036    7.07258      7.937     0.1235   12.65804   3.203117 4.2376e+03    25.7495    25.7492 1.0000e-12     40.316          1       1354    1471.21 3.6444e+00  52210.152     56.387 1559357041       0.17      0.749   40.09822  -72.60672    32.8081  1025.9246    25.7383     5.6847 0.0000e+00
     41.000     5.7035    32.6732  1025.9415     2.3394     5.6910     80.620   -0.00906    7.05903    7.07124      7.933     0.0593   12.65579   3.205225 9.8184e+04    25.7505    25.7501 1.0000e-12     41.320          1       1380    1471.29 5.9803e-02  52211.245     57.464 1559357042       0.09      0.895   40.09822  -72.60672    32.8163  1025.9339    25.7430     5.7002 0.0000e+00
     42.000     5.7280    32.6785  1025.9474     2.3292     5.6582     80.153   -0.00919    7.05927    7.07148      7.929     0.0588   12.65610   3.207954 9.9981e+04    25.7517    25.7514 1.0000e-12     42.326          1       1409    1471.42 2.3119e+00  52212.135     58.666 1559357043      -0.10      0.889   40.09822  -72.60672    32.8229  1025.9408    25.7452     5.7246 0.0000e+00
