CalculateIndicators/WaterTemperature/Data/CTD_NYOS/NYB_20190531_4_2.cnv
* Sea-Bird SBE 9 Data File:
* FileName = C:\Seabird 9 CTD\Data\2019\201905_offshore\NYB_20190531_4_2.hex
* Software Version Seasave V 7.23.2
* Temperature SN = 4590
* Conductivity SN = 3228
* Number of Bytes Per Scan = 44
* Number of Voltage Words = 5
* Number of Scans Averaged by the Deck Unit = 1
* NMEA Latitude = 40 23.08 N
* NMEA Longitude = 072 42.89 W
* NMEA UTC (Time) = Jun 01 2019  05:21:03
* NMEA baud rate = 4800
** Ship: Seawolf
** Station: 4-2
** Operator: LIS
# nquan = 35
# nvalues = 78                          
# units = specified
# name 0 = depSM: Depth [salt water, m]
# name 1 = t090C: Temperature [ITS-90, deg C]
# name 2 = sal00: Salinity, Practical [PSU]
# name 3 = density00: Density [density, kg/m^3]
# name 4 = sbeox0V: Oxygen raw, SBE 43 [V]
# name 5 = sbeox0ML/L: Oxygen, SBE 43 [ml/l]
# name 6 = sbeox0PS: Oxygen, SBE 43 [% saturation]
# name 7 = sbox0dV/dT: Oxygen, SBE 43 [dov/dt]
# name 8 = oxsolML/L: Oxygen Saturation, Garcia & Gordon [ml/l]
# name 9 = oxsatML/L: Oxygen Saturation, Weiss [ml/l]
# name 10 = ph: pH
# name 11 = flECO-AFL: Fluorescence, WET Labs ECO-AFL/FL [mg/m^3]
# name 12 = n2satML/L: Nitrogen Saturation [ml/l]
# name 13 = c0S/m: Conductivity [S/m]
# name 14 = cpar: CPAR/Corrected Irradiance [%]
# name 15 = sigma-é00: Density [sigma-theta, kg/m^3]
# name 16 = sigma-t00: Density [sigma-t, kg/m^3 ]
# name 17 = par: PAR/Irradiance, Biospherical/Licor
# name 18 = prDM: Pressure, Digiquartz [db]
# name 19 = pumps: Pump Status
# name 20 = scan: Scan Count
# name 21 = svCM: Sound Velocity [Chen-Millero, m/s]
# name 22 = spar: SPAR, Biospherical/Licor
# name 23 = specc: Specific Conductance [uS/cm]
# name 24 = timeS: Time, Elapsed [seconds]
# name 25 = timeY: Time, System [seconds]
# name 26 = accM: Acceleration [m/s^2]
# name 27 = dz/dtM: Descent Rate [m/s]
# name 28 = latitude: Latitude [deg]
# name 29 = longitude: Longitude [deg]
# name 30 = gsw_saA0: Absolute Salinity [g/kg]
# name 31 = gsw_densityA0: density, TEOS-10 [density, kg/m^3]
# name 32 = gsw_sigma0A0: density, TEOS-10 [sigma-0, kg/m^3 ]
# name 33 = gsw_ptA0: potential temperature [ITS-90, deg C]
# name 34 = flag: flag
# span 0 =      1.000,     40.000       
# span 1 =     6.0324,    15.3168       
# span 2 =    31.0519,    33.2130       
# span 3 =  1022.9110,  1025.7380       
# span 4 =     2.1347,     3.0041       
# span 5 =     4.1654,     7.8234       
# span 6 =     70.994,    120.712       
# span 7 =   -0.04967,    0.19204       
# span 8 =    5.79229,    7.02023       
# span 9 =    5.78646,    7.03153       
# span 10 =      7.874,      8.040      
# span 11 =     0.0823,     1.3294      
# span 12 =   10.57658,   12.59443      
# span 13 =   3.216150,   3.890532      
# span 14 = -4.247e+02, 9.9999e+04      
# span 15 =    22.9020,    25.5520      
# span 16 =    22.9020,    25.5516      
# span 17 = -5.985e-04, 3.5580e-01      
# span 18 =      1.035,     40.310      
# span 19 =          0,          1      
# span 20 =        270,       6651      
# span 21 =    1472.29,    1503.18      
# span 22 = 8.5187e-01, 4.0678e+00      
# span 23 =  48216.953,  51887.968      
# span 24 =     11.217,    277.080      
# span 25 = 1559366474, 1559366740      
# span 26 =      -0.37,       0.60      
# span 27 =     -0.925,      1.028      
# span 28 =   40.38456,   40.38474      
# span 29 =  -72.71496,  -72.71479      
# span 30 =    29.2137,    33.1716      
# span 31 =  1021.3579,  1025.7380      
# span 32 =    21.3533,    25.5520      
# span 33 =     6.0292,    15.3165      
# span 34 = 0.0000e+00, 0.0000e+00      
# interval = meters: 1                  
# start_time = Jun 01 2019 05:21:03 [System UTC, first data scan.]
# bad_flag = -9.990e-29
*END*
[from data line 42]
     36.000     6.0446    32.4606  1025.7088     2.3139     5.6398     80.360   -0.00067    7.01814    7.02938      7.878     0.0961   12.59114   3.216414 -9.990e-29    25.5414    25.5410 1.0000e-12     36.282          1       2758    1472.31 3.5267e+00  51800.429    114.855 1559366578       0.07     -0.686   40.38465  -72.71486    32.6149  1025.7109    25.5435     6.0416 0.0000e+00
     35.000     6.0475    32.4589  1025.7024     2.3142     5.6468     80.471    0.00024    7.01718    7.02840      7.875     0.1137   12.58961   3.216474 -9.990e-29    25.5396    25.5393 1.0000e-12     35.276          1       2795    1472.30 1.8560e+00  51796.448    116.421 1559366580       0.00     -0.645   40.38464  -72.71486    32.6132  1025.7046    25.5418     6.0446 0.0000e+00
     34.000     6.0504    32.4570  1025.6959     2.3136     5.6382     80.360   -0.00032    7.01621    7.02741      7.874     0.1641   12.58805   3.216510 -9.990e-29    25.5377    25.5374 1.0000e-12     34.264          1       2838    1472.29 3.9858e+00  51792.037    118.196 1559366581       0.06     -0.571   40.38464  -72.71486    32.6113  1025.6980    25.5399     6.0476 0.0000e+00
     33.000     6.0586    32.4520  1025.6863     2.3119     5.6244     80.189   -0.00101    7.01394    7.02511 -9.990e-29     0.2112   12.58432   3.216743 -9.990e-29    25.5328    25.5325 1.0000e-12     33.253          1       2872    1472.30 3.9495e+00  51781.821    119.626 1559366583      -0.22     -0.640   40.38464  -72.71486    32.6066  1025.6886    25.5352     6.0559 0.0000e+00
     32.000     6.0626    32.4499  1025.6795     2.3118     5.6222     80.191   -0.00092    7.01108    7.02219 -9.990e-29     0.1780   12.57960   3.216856 -9.990e-29    25.5307    25.5303 1.0000e-12     32.254          1       2896    1472.30 3.9495e+00  51776.954    120.628 1559366584      -0.22     -0.910   40.38464  -72.71486    32.6044  1025.6818    25.5330     6.0600 0.0000e+00
     31.000     6.0669    32.4490  1025.6736     2.3150     5.6497     80.620    0.00154    7.00792    7.01898      7.874     0.2023   12.57442   3.217142 -9.990e-29    25.5294    25.5291 1.0000e-12     31.248          1       2924    1472.30 3.8832e+00  51773.687    121.806 1559366585       0.13     -0.925   40.38464  -72.71486    32.6040  1025.6763    25.5322     6.0643 0.0000e+00
     30.000     6.1306    32.4423  1025.6557     2.3444     5.8111     83.192    0.01237    6.98549    6.99618      7.877     0.8839   12.53756   3.222332 -9.990e-29    25.5162    25.5159 1.0000e-12     30.239          1       2988    1472.53 3.0166e+00  51745.114    124.460 1559366588       0.01     -0.421   40.38464  -72.71485    32.6015  1025.6618    25.5223     6.1281 0.0000e+00
     29.000     6.5185    32.3998  1025.5686     2.4777     6.1845     90.170    0.02202    6.85921    6.86789      7.904     0.8207   12.32993   3.253195 2.5320e-11    25.4341    25.4338 1.0000e-12     29.228          1       3424    1474.00 4.0678e+00  51574.590    142.616 1559366606      -0.32     -0.419   40.38463  -72.71484    32.5748  1025.5874    25.4529     6.5160 0.0000e+00
     28.000     6.7975    32.3674  1025.5022     2.5418     6.2851     93.391    0.02716    6.73008    6.73676      7.915     0.6397   12.11720   3.274372 2.5320e-11    25.3724    25.3720 1.0000e-12     28.218          1       3634    1475.04 3.9495e+00  51451.882    151.390 1559366615      -0.13     -0.723   40.38462  -72.71484    32.5440  1025.5224    25.3927     6.7950 0.0000e+00
     27.000     7.2434    32.3300  1025.4082     2.5896     6.4774     96.540    0.03678    6.70966    6.71602      7.921     0.5773   12.08367   3.312432 2.5320e-11    25.2835    25.2831 1.0000e-12     27.215          1       3665    1476.71 3.9495e+00  51283.702    152.662 1559366616       0.04     -0.815   40.38462  -72.71484    32.5400  1025.4549    25.3300     7.2409 0.0000e+00
     26.000     7.9221    32.2822  1025.2713     2.6487     6.5919     98.894    0.03482    6.66572    6.67144      7.924     0.5588   12.01120   3.365587 2.5320e-11    25.1515    25.1512 1.0000e-12     26.202          1       3706    1479.24 3.9495e+00  51048.980    154.373 1559366618       0.11     -0.600   40.38462  -72.71484    32.4796  1025.3084    25.1887     7.9196 0.0000e+00
     25.000     8.0709    32.2804  1025.2438     2.6976     6.7146    100.842    0.03275    6.65854    6.66415      7.931     0.5588   11.99945   3.378242 -9.990e-29    25.1287    25.1283 1.0000e-12     25.191          1       3742    1479.79 3.9495e+00  51010.891    155.893 1559366619      -0.15     -0.627   40.38462  -72.71484    32.4771  1025.2804    25.1653     8.0685 0.0000e+00
     24.000     8.2698    32.2658  1025.1986     2.7227     6.7766    101.342    0.02648    6.68681    6.69286      7.940     0.5642   12.04588   3.393930 -9.990e-29    25.0881    25.0878 1.0000e-12     24.189          1       3769    1480.51 3.9495e+00  50943.910    157.007 1559366620      -0.16     -0.832   40.38462  -72.71484    32.4604  1025.2337    25.1233     8.2674 0.0000e+00
     23.000     8.3966    32.2517  1025.1641     2.7425     6.7229    100.973    0.01494    6.65814    6.66372      7.947     0.5614   11.99907   3.402582 2.5320e-11    25.0585    25.0581 1.0000e-12     23.187          1       3812    1480.95 3.9495e+00  50895.586    158.793 1559366622       0.07     -0.675   40.38462  -72.71484    32.4356  1025.1910    25.0853     8.3943 0.0000e+00
     22.000     8.6273    32.1950  1025.0803     2.8260     6.8682    104.201    0.01064    6.59176    6.59632      7.977     0.4836   11.89034   3.417152 2.5320e-11    24.9793    24.9790 1.0000e-12     22.177          1       4149    1481.73 3.9495e+00  50764.345    172.843 1559366636      -0.37     -0.293   40.38461  -72.71483    32.3777  1025.1065    25.0055     8.6251 0.0000e+00
     21.000     9.1134    32.1385  1024.9571     2.8692     6.8928    105.278    0.00278    6.54715    6.55100      7.993     0.4023   11.81766   3.451952 2.5320e-11    24.8610    24.8606 1.0000e-12     21.162          1       4423    1483.45 3.9495e+00  50580.827    184.256 1559366647      -0.07     -0.582   40.38460  -72.71482    32.2989  1024.9664    24.8702     9.1112 0.0000e+00
     20.000     9.0921    32.0939  1024.9209     2.8666     6.8424    104.725   -0.00129    6.53370    6.53733      7.996     0.3356   11.79598   3.445909 -9.990e-29    24.8293    24.8290 1.0000e-12     20.157          1       4455    1483.30 3.9495e+00  50521.342    185.570 1559366649      -0.04     -0.657   40.38460  -72.71482    32.2559  1024.9316    24.8400     9.0899 0.0000e+00
     19.000     9.2093    32.0449  1024.8597     2.8658     6.8431    104.772   -0.00033    6.53142    6.53500      7.999     0.2964   11.79240   3.451910 2.5320e-11    24.7727    24.7724 1.0000e-12     19.143          1       4490    1483.66 3.9495e+00  50427.393    187.032 1559366650      -0.04     -0.672   40.38460  -72.71482    32.2126  1024.8750    24.7880     9.2073 0.0000e+00
     18.000     9.3215    32.0007  1024.8029     2.8650     6.8295    104.682   -0.00081    6.52410    6.52756      8.000     0.3189   11.78046   3.456959 2.5320e-11    24.7205    24.7202 1.0000e-12     18.141          1       4516    1484.00 3.9495e+00  50341.548    188.145 1559366651      -0.19     -0.821   40.38460  -72.71482    32.1641  1024.8151    24.7327     9.3196 0.0000e+00
     17.000     9.3344    31.9844  1024.7835     2.8673     6.8352    104.915    0.00060    6.51495    6.51828      8.003     0.3467   11.76549   3.456330 2.5320e-11    24.7057    24.7054 1.0000e-12     17.139          1       4545    1484.01 3.9495e+00  50315.203    189.333 1559366652       0.08     -0.895   40.38460  -72.71482    32.1464  1024.7948    24.7169     9.3326 0.0000e+00
     16.000     9.4212    31.9583  1024.7448     2.8877     6.9316    106.734    0.00995    6.49431    6.49733      8.007     0.2916   11.73170   3.461440 2.5320e-11    24.6716    24.6713 1.0000e-12     16.122          1       4596    1484.28 3.9495e+00  50260.567    191.449 1559366655       0.16     -0.460   40.38460  -72.71482    32.1217  1024.7572    24.6840     9.4195 0.0000e+00
     15.000     9.4762    31.9571  1024.7305     2.9060     6.9899    107.692    0.01140    6.49066    6.49363      8.013     0.2389   11.72566   3.466560 -9.990e-29    24.6620    24.6617 1.0000e-12     15.111          1       4637    1484.47 3.9495e+00  50248.218    193.158 1559366656      -0.33     -0.547   40.38460  -72.71482    32.1254  1024.7468    24.6782     9.4746 0.0000e+00
     14.000     9.6421    31.9192  1024.6697     2.9122     6.9829    107.594    0.00764    6.49003    6.49297      8.015     0.2380   11.72494   3.477081 -9.990e-29    24.6057    24.6055 1.0000e-12     14.114          1       4661    1485.01 3.9495e+00  50161.220    194.158 1559366657      -0.23     -0.891   40.38460  -72.71482    32.0855  1024.6847    24.6207     9.6405 0.0000e+00
     13.000     9.6626    31.8731  1024.6258     2.9399     6.9322    108.581    0.00554    6.38537    6.38681      8.026     0.2898   11.55366   3.473256 2.5320e-11    24.5664    24.5662 1.0000e-12     13.106          1       5038    1485.01 3.9495e+00  50091.421    209.868 1559366673      -0.16     -0.497   40.38458  -72.71481    32.0284  1024.6324    24.5730     9.6612 0.0000e+00
     12.000     9.7652    31.8494  1024.5861     2.9964     6.9922    112.838    0.02510    6.19687    6.19575      8.028     0.3365   11.24427   3.481243 2.5320e-11    24.5314    24.5311 1.0000e-12     12.096          1       5296    1485.34 3.9495e+00  50038.346    220.617 1559366684      -0.32     -0.670   40.38458  -72.71480    32.0192  1024.6041    24.5492     9.7639 0.0000e+00
     11.000    10.5506    31.7179  1024.3474     3.0041     6.8550    112.399    0.01611    6.09772    6.09532      8.022     0.3734   11.08168   3.541682 2.5320e-11    24.2974    24.2972 1.0000e-12     11.087          1       5332    1487.99 3.9495e+00  49713.267    222.136 1559366685       0.11     -0.738   40.38458  -72.71480    31.9378  1024.4050    24.3550    10.5494 0.0000e+00
     10.000    11.9872    31.4158  1023.8546     2.9795     6.4912    108.662   -0.01537    5.97380    5.96989      8.012     0.3824   10.87794   3.635302 3.3153e-11    23.8085    23.8083 1.0000e-12     10.078          1       5372    1492.67 3.9495e+00  49056.499    223.801 1559366687      -0.00     -0.603   40.38458  -72.71480    31.6216  1023.9030    23.8577    11.9860 0.0000e+00
      9.000    12.9601    31.2960  1023.5725     2.9304     6.2702    105.480   -0.02779    5.94437    5.94010      8.007     0.3441   10.82982   3.715051 2.5125e-11    23.5326    23.5324 1.0000e-12      9.067          1       5411    1495.81 3.9495e+00  48764.439    225.415 1559366689      -0.01     -0.620   40.38458  -72.71480    31.5667  1023.6717    23.6312    12.9589 0.0000e+00
      8.000    13.7916    31.1305  1023.2768     2.8889     6.0947    103.066   -0.03519    5.91342    5.90881      8.005     0.3509   10.77857   3.766481 -9.990e-29    23.2411    23.2409 1.0000e-12      8.062          1       5442    1498.38 3.9495e+00  48428.888    226.726 1559366690      -0.14     -0.722   40.38456  -72.71480    31.3616  1023.3462    23.3103    13.7905 0.0000e+00
      7.000    13.9882    31.0624  1023.1802     2.8709     6.1132    103.666   -0.01788    5.89702    5.89223      8.003     0.3421   10.75140   3.774727 -9.990e-29    23.1487    23.1485 1.0000e-12      7.057          1       5472    1498.93 3.9495e+00  48309.099    227.977 1559366691       0.01     -0.817   40.38456  -72.71480    31.2777  1023.2377    23.2062    13.9873 0.0000e+00
      6.000    14.4748    31.0519  1023.0674     2.8438     6.0629    103.282   -0.00770    5.87034    5.86528      8.000     0.3155   10.70689   3.814732 2.5320e-11    23.0405    23.0404 1.0000e-12      6.052          1       5648    1500.49 3.9495e+00  48242.941    235.298 1559366698      -0.06     -0.363   40.38456  -72.71480    31.2509  1023.1125    23.0856    14.4740 0.0000e+00
      5.000    14.8945    31.0775  1022.9949     2.8462     6.0323    104.073    0.00061    5.79615    5.79036      8.000     0.2778   10.58311   3.850708 -9.990e-29    22.9725    22.9723 1.0000e-12      5.036          1       6157    1501.86 3.9495e+00  48234.613    256.482 1559366720      -0.33     -0.503   40.38456  -72.71480    31.2407  1023.0125    22.9902    14.8938 0.0000e+00
      4.000    15.0940    31.0870  1022.9552     2.8390     5.9879    103.351   -0.00446    5.79372    5.78789      7.999     0.2598   10.57903   3.870255 -9.990e-29    22.9374    22.9373 1.0000e-12      4.032          1       6172    1502.49 3.9495e+00  48228.341    257.142 1559366720      -0.11     -0.737   40.38456  -72.71480    31.2576  1022.9786    22.9607    15.0934 0.0000e+00
      3.000    15.2654    31.0968  1022.9216     2.8309     5.9610    102.887   -0.00571    5.79373    5.78791      8.001     0.2436   10.57900   3.885799 2.5320e-11    22.9082    22.9081 1.0000e-12      3.025          1       6207    1503.03 3.9495e+00  48224.848    258.566 1559366722       0.10     -0.740   40.38456  -72.71480    31.2608  1022.9399    22.9265    15.2649 0.0000e+00
      2.000    15.3168    31.1032  1022.9110     2.8254     5.9543    102.789   -0.00377    5.79272    5.78689      8.003     0.2659   10.57732   3.890532 1.7894e+00    22.9020    22.9020 7.0672e-02      2.013          1       6245    1503.18 3.9495e+00  48228.530    260.157 1559366723      -0.04     -0.612   40.38456  -72.71480    31.2626  1022.9257    22.9168    15.3165 0.0000e+00
      1.000    15.3143    31.1108  1022.9128     2.8265     5.9717    103.097   -0.00045    5.79229    5.78646 -9.990e-29     0.2639   10.57658   3.890043 9.0087e+00    22.9084    22.9084 3.5580e-01      1.035          1       6651    1503.17 3.9495e+00  48238.833    277.080 1559366740      -0.36     -0.231   40.38456  -72.71479    29.2137  1021.3579    21.3533    15.3142 0.0000e+00
