CalculateIndicators/WaterTemperature/Data/CTD_NYOS/NYB_20190531_4_4.cnv
* Sea-Bird SBE 9 Data File:
* FileName = C:\Seabird 9 CTD\Data\2019\201905_offshore\NYB_20190531_4_4.hex
* Software Version Seasave V 7.23.2
* Temperature SN = 4590
* Conductivity SN = 3228
* Number of Bytes Per Scan = 44
* Number of Voltage Words = 5
* Number of Scans Averaged by the Deck Unit = 1
* NMEA Latitude = 39 48.66 N
* NMEA Longitude = 072 30.02 W
* NMEA UTC (Time) = Jun 01 2019  00:05:22
* NMEA baud rate = 4800
** Ship: Seawolf
** Station: 4-4
** Operator: LIS
# nquan = 35
# nvalues = 126                         
# units = specified
# name 0 = depSM: Depth [salt water, m]
# name 1 = t090C: Temperature [ITS-90, deg C]
# name 2 = sal00: Salinity, Practical [PSU]
# name 3 = density00: Density [density, kg/m^3]
# name 4 = sbeox0V: Oxygen raw, SBE 43 [V]
# name 5 = sbeox0ML/L: Oxygen, SBE 43 [ml/l]
# name 6 = sbeox0PS: Oxygen, SBE 43 [% saturation]
# name 7 = sbox0dV/dT: Oxygen, SBE 43 [dov/dt]
# name 8 = oxsolML/L: Oxygen Saturation, Garcia & Gordon [ml/l]
# name 9 = oxsatML/L: Oxygen Saturation, Weiss [ml/l]
# name 10 = ph: pH
# name 11 = flECO-AFL: Fluorescence, WET Labs ECO-AFL/FL [mg/m^3]
# name 12 = n2satML/L: Nitrogen Saturation [ml/l]
# name 13 = c0S/m: Conductivity [S/m]
# name 14 = cpar: CPAR/Corrected Irradiance [%]
# name 15 = sigma-é00: Density [sigma-theta, kg/m^3]
# name 16 = sigma-t00: Density [sigma-t, kg/m^3 ]
# name 17 = par: PAR/Irradiance, Biospherical/Licor
# name 18 = prDM: Pressure, Digiquartz [db]
# name 19 = pumps: Pump Status
# name 20 = scan: Scan Count
# name 21 = svCM: Sound Velocity [Chen-Millero, m/s]
# name 22 = spar: SPAR, Biospherical/Licor
# name 23 = specc: Specific Conductance [uS/cm]
# name 24 = timeS: Time, Elapsed [seconds]
# name 25 = timeY: Time, System [seconds]
# name 26 = accM: Acceleration [m/s^2]
# name 27 = dz/dtM: Descent Rate [m/s]
# name 28 = latitude: Latitude [deg]
# name 29 = longitude: Longitude [deg]
# name 30 = gsw_saA0: Absolute Salinity [g/kg]
# name 31 = gsw_densityA0: density, TEOS-10 [density, kg/m^3]
# name 32 = gsw_sigma0A0: density, TEOS-10 [sigma-0, kg/m^3 ]
# name 33 = gsw_ptA0: potential temperature [ITS-90, deg C]
# name 34 = flag: flag
# span 0 =      1.000,     64.000       
# span 1 =     5.2524,    16.1193       
# span 2 =    31.8572,    33.0239       
# span 3 =  1023.3095,  1026.2222       
# span 4 =     2.1410,     3.0603       
# span 5 =     4.1058,     7.6610       
# span 6 =     71.144,    121.024       
# span 7 =   -0.04136,    0.13980       
# span 8 =    5.68129,    7.13417       
# span 9 =    5.67474,    7.14779       
# span 10 =      7.784,      8.064      
# span 11 =     0.0123,     2.0131      
# span 12 =   10.38378,   12.77809      
# span 13 =   3.181003,   4.051511      
# span 14 = -1.438e+04, 6.4560e+04      
# span 15 =    23.3052,    25.9281      
# span 16 =    23.3052,    25.9276      
# span 17 = 1.0000e-12, 6.3414e+00      
# span 18 =      1.017,     64.496      
# span 19 =          0,          1      
# span 20 =        136,       8312      
# span 21 =    1469.85,    1506.55      
# span 22 = 2.4543e+00, 2.3754e+01      
# span 23 =  49203.474,  52591.312      
# span 24 =      5.646,    346.305      
# span 25 = 1559347528, 1559347868      
# span 26 =      -0.73,       0.47      
# span 27 =     -1.444,      1.005      
# span 28 =   39.81112,   39.81122      
# span 29 =  -72.50044,  -72.50010      
# span 30 =    32.0500,    33.0953      
# span 31 =  1023.3472,  1026.2238      
# span 32 =    23.3427,    25.9266      
# span 33 =     5.2481,    16.1191      
# span 34 = 0.0000e+00, 0.0000e+00      
# interval = meters: 1                  
# start_time = Jun 01 2019 00:05:22 [System UTC, first data scan.]
# bad_flag = -9.990e-29
*END*
[from data line 42]
     44.000     5.7239    32.8227  1026.0711     2.5143     6.2180     88.058   -0.01312    7.06136    7.07382      7.984     0.3279   12.65763   3.218142 4.6036e-12    25.8663    25.8659 1.0000e-12     44.348          1       1701    1471.62 2.1722e+01  52422.802     70.850 1559347593       0.04      0.645   39.81116  -72.50044    32.9414  1026.0438    25.8389     5.7204 0.0000e+00
     45.000     5.7603    32.8499  1026.0929     2.5001     6.1835     87.430   -0.01311    7.07251    7.08515      7.980     0.3221   12.67608   3.225354 4.6036e-12    25.8835    25.8830 1.0000e-12     45.351          1       1730    1471.81 2.1722e+01  52451.885     72.030 1559347594       0.14      0.801   39.81116  -72.50044    32.9871  1026.0800    25.8706     5.7567 0.0000e+00
     46.000     5.7254    32.8464  1026.0990     2.4883     6.1789     87.292   -0.00993    7.07837    7.09110      7.976     0.3004   12.68580   3.221306 4.6036e-12    25.8849    25.8844 1.0000e-12     46.358          1       1760    1471.68 2.1722e+01  52457.974     73.302 1559347595      -0.08      0.827   39.81116  -72.50044    32.9748  1026.0792    25.8651     5.7217 0.0000e+00
     47.000     5.6234    32.8416  1026.1121     2.4749     6.1446     86.749   -0.00953    7.08316    7.09597      7.971     0.2982   12.69372   3.212539 4.6036e-12    25.8932    25.8928 1.0000e-12     47.367          1       1793    1471.29 2.1722e+01  52482.846     74.669 1559347597       0.00      0.731   39.81116  -72.50044    32.9746  1026.0959    25.8770     5.6197 0.0000e+00
     48.000     5.5774    32.8366  1026.1184     2.4582     6.1147     86.014   -0.00959    7.10900    7.12222      7.964     0.2278   12.73640   3.208485 4.6576e-12    25.8947    25.8942 1.0000e-12     48.375          1       1835    1471.11 -9.990e-29  52490.499     76.406 1559347598      -0.16      0.604   39.81116  -72.50044    32.9730  1026.1048    25.8812     5.5736 0.0000e+00
     49.000     5.5405    32.8378  1026.1283     2.4371     6.0456     84.816   -0.01174    7.12791    7.14145      7.956     0.1336   12.76762   3.205675 4.6019e-12    25.9000    25.8995 1.0000e-12     49.390          1       1878    1470.98 -9.990e-29  52504.244     78.198 1559347600       0.27      0.510   39.81116  -72.50044    32.9768  1026.1169    25.8885     5.5366 0.0000e+00
     50.000     5.3965    32.8317  1026.1452     2.4195     5.9643     83.633   -0.01497    7.13150    7.14509      7.952     0.0881   12.77357   3.191844 4.6036e-12    25.9120    25.9115 1.0000e-12     50.390          1       1903    1470.40 2.1722e+01  52541.272     79.256 1559347601       0.23      0.846   39.81116  -72.50044    32.9598  1026.1251    25.8919     5.3926 0.0000e+00
     51.000     5.3126    32.8333  1026.1609     2.3997     5.8853     82.510   -0.01686    7.13279    7.14640      7.947     0.0616   12.77570   3.185573 5.4856e+04    25.9229    25.9224 1.0000e-12     51.396          1       1932    1470.08 9.0649e+00  52570.603     80.442 1559347602      -0.09      0.899   39.81116  -72.50044    32.9700  1026.1475    25.9095     5.3087 0.0000e+00
     52.000     5.2731    32.8318  1026.1689     2.3800     5.8411     81.886   -0.01477    7.13316    7.14677      7.944     0.0471   12.77632   3.182333 1.2365e+04    25.9262    25.9258 1.0000e-12     52.411          1       1965    1469.94 1.7708e+01  52581.686     81.841 1559347604      -0.05      0.718   39.81116  -72.50044    32.9712  1026.1577    25.9150     5.2691 0.0000e+00
     53.000     5.2589    32.8307  1026.1744     2.3680     5.8437     81.920   -0.01020    7.13351    7.14713      7.941     0.0480   12.77689   3.181381 9.4580e+02    25.9270    25.9266 1.0000e-12     53.411          1       1998    1469.90 2.1423e+01  52585.433     83.225 1559347605      -0.07      0.744   39.81116  -72.50044    32.9739  1026.1661    25.9187     5.2548 0.0000e+00
     54.000     5.2550    32.8301  1026.1790     2.3577     5.8594     82.138   -0.00485    7.13365    7.14728      7.934     0.0357   12.77712   3.181303 4.6847e-12    25.9270    25.9265 1.0000e-12     54.428          1       2045    1469.90 -9.990e-29  52586.502     85.155 1559347607      -0.01      0.480   39.81116  -72.50044    32.9763  1026.1732    25.9211     5.2508 0.0000e+00
     55.000     5.2531    32.8307  1026.1844     2.3523     5.8486     81.986   -0.00421    7.13364    7.14726      7.931     0.0408   12.77709   3.181400 4.6040e-12    25.9277    25.9272 1.0000e-12     55.431          1       2078    1469.91 -9.990e-29  52588.764     86.555 1559347608       0.12      0.685   39.81116  -72.50044    32.9787  1026.1800    25.9233     5.2489 0.0000e+00
     56.000     5.2525    32.8309  1026.1893     2.3490     5.8519     82.032   -0.00271    7.13364    7.14727      7.928     0.0410   12.77711   3.181527 6.2734e+04    25.9279    25.9274 1.0000e-12     56.443          1       2110    1469.92 5.9242e+00  52589.957     87.889 1559347610       0.03      0.740   39.81116  -72.50044    32.9803  1026.1860    25.9246     5.2482 0.0000e+00
     57.000     5.2524    32.8311  1026.1941     2.3456     5.8409     81.878   -0.00276    7.13367    7.14730      7.925     0.0367   12.77716   3.181664 3.2098e+04    25.9281    25.9276 1.0000e-12     57.446          1       2137    1469.94 1.3010e+01  52590.958     88.996 1559347611       0.14      0.851   39.81116  -72.50044    32.9814  1026.1915    25.9255     5.2481 0.0000e+00
     58.000     5.2526    32.8309  1026.1986     2.3437     5.8406     81.875   -0.00215    7.13365    7.14727      7.925     0.0257   12.77713   3.181773 1.7884e+03    25.9279    25.9274 1.0000e-12     58.449          1       2166    1469.95 2.1236e+01  52591.312     90.200 1559347612      -0.09      0.884   39.81116  -72.50044    32.9820  1026.1966    25.9260     5.2481 0.0000e+00
     59.000     5.2526    32.8301  1026.2027     2.3409     5.8388     81.851   -0.00147    7.13346    7.14708      7.920     0.0232   12.77682   3.181854 4.6036e-12    25.9273    25.9268 1.0000e-12     59.465          1       2212    1469.97 2.1722e+01  52590.888     92.137 1559347614      -0.15      0.523   39.81116  -72.50044    32.9824  1026.2016    25.9262     5.2481 0.0000e+00
     60.000     5.2531    32.8295  1026.2068     2.3392     5.8390     81.860   -0.00085    7.13299    7.14660      7.915     0.0222   12.77606   3.181957 4.0211e+04    25.9268    25.9262 1.0000e-12     60.476          1       2255    1469.99 1.2723e+01  52590.670     93.900 1559347616       0.20      0.543   39.81116  -72.50044    32.9826  1026.2065    25.9264     5.2485 0.0000e+00
     61.000     5.2542    32.8295  1026.2113     2.3370     5.8260     81.671   -0.00160    7.13348    7.14710      7.915     0.0422   12.77686   3.182138 4.0009e+04    25.9266    25.9261 1.0000e-12     61.479          1       2281    1470.01 1.0607e+01  52590.922     95.008 1559347617       0.21      0.816   39.81116  -72.50044    32.9831  1026.2113    25.9266     5.2496 0.0000e+00
     62.000     5.2559    32.8288  1026.2153     2.3373     5.8378     81.843   -0.00037    7.13297    7.14658      7.912     0.0340   12.77604   3.182305 7.8345e+02    25.9259    25.9254 1.0000e-12     62.483          1       2317    1470.03 2.1406e+01  52590.203     96.511 1559347618      -0.25      0.732   39.81116  -72.50044    32.9828  1026.2156    25.9262     5.2512 0.0000e+00
     63.000     5.2549    32.8282  1026.2196     2.3379     5.8451     81.944    0.00021    7.13302    7.14663      7.910     0.0595   12.77613   3.182262 4.1081e+04    25.9256    25.9250 1.0000e-12     63.491          1       2389    1470.04 1.2590e+01  52590.424     99.484 1559347621       0.08      0.359   39.81116  -72.50044    32.9828  1026.2203    25.9263     5.2501 0.0000e+00
     64.000     5.2559    32.8257  1026.2222     2.3344     5.8283     81.705   -0.00042    7.13333    7.14694      7.899     0.0299   12.77666   3.182264 -3.628e+03    25.9235    25.9229 1.0000e-12     64.496          1       2804    1470.06 2.2528e+01  52587.175    116.771 1559347639      -0.14      0.218   39.81118  -72.50042    32.9814  1026.2238    25.9251     5.2510 0.0000e+00
     63.000     5.2571    32.8248  1026.2166     2.3348     5.8325     81.760   -0.00002    7.13359    7.14720 -9.990e-29     0.0360   12.77711   3.182255 4.6012e-12    25.9226    25.9221 1.0000e-12     63.496          1       3185    1470.04 2.1722e+01  52584.734    132.659 1559347654      -0.08     -0.467   39.81118  -72.50042    32.9805  1026.2183    25.9243     5.2523 0.0000e+00
     62.000     5.2572    32.8242  1026.2115     2.3362     5.8421     81.893    0.00080    7.13388    7.14750 -9.990e-29     0.0128   12.77759   3.182157 4.6036e-12    25.9221    25.9216 1.0000e-12     62.475          1       3387    1470.03 2.1722e+01  52583.137    141.091 1559347663      -0.49     -0.608   39.81118  -72.50042    32.9799  1026.2130    25.9238     5.2524 0.0000e+00
     61.000     5.2561    32.8241  1026.2069     2.3362     5.8405     81.871    0.00062    7.13382    7.14744 -9.990e-29     0.0123   12.77749   3.181991 4.6036e-12    25.9222    25.9216 1.0000e-12     61.476          1       3401    1470.01 2.1722e+01  52582.644    141.654 1559347664      -0.54     -1.014   39.81118  -72.50042    32.9796  1026.2083    25.9236     5.2514 0.0000e+00
     60.000     5.2548    32.8238  1026.2021     2.3365     5.8394     81.855    0.00036    7.13387    7.14749 -9.990e-29     0.0250   12.77758   3.181825 4.6036e-12    25.9221    25.9215 1.0000e-12     60.481          1       3417    1469.99 2.1722e+01  52581.840    142.345 1559347664      -0.32     -1.320   39.81118  -72.50042    32.9794  1026.2037    25.9236     5.2502 0.0000e+00
     59.000     5.2537    32.8238  1026.1975     2.3367     5.8373     81.826    0.00015    7.13386    7.14748 -9.990e-29     0.0298   12.77756   3.181684 4.7016e-12    25.9221    25.9216 1.0000e-12     59.470          1       3459    1469.96 2.1301e+01  52581.421    144.077 1559347666       0.28     -0.766   39.81119  -72.50042    32.9794  1026.1992    25.9238     5.2492 0.0000e+00
     58.000     5.2533    32.8233  1026.1925     2.3357     5.8253     81.657   -0.00059    7.13392    7.14754      7.881     0.0332   12.77767   3.181580 4.6022e-12    25.9218    25.9213 1.0000e-12     58.446          1       3533    1469.95 -9.990e-29  52580.121    147.179 1559347669      -0.31     -0.268   39.81119  -72.50042    32.9791  1026.1942    25.9235     5.2489 0.0000e+00
     57.000     5.2536    32.8233  1026.1878     2.3358     5.8289     81.705   -0.00019    7.13406    7.14768      7.880     0.0335   12.77790   3.181550 4.6221e-12    25.9217    25.9212 1.0000e-12     57.443          1       3559    1469.93 -9.990e-29  52579.235    148.268 1559347670      -0.32     -0.714   39.81118  -72.50042    32.9789  1026.1894    25.9234     5.2493 0.0000e+00
     56.000     5.2533    32.8228  1026.1828     2.3367     5.8384     81.839    0.00060    7.13409    7.14771      7.880     0.0320   12.77796   3.181437 4.6245e-12    25.9215    25.9210 1.0000e-12     56.439          1       3582    1469.91 -9.990e-29  52578.040    149.218 1559347671      -0.20     -0.969   39.81118  -72.50042    32.9785  1026.1844    25.9230     5.2490 0.0000e+00
     55.000     5.2533    32.8226  1026.1780     2.3371     5.8403     81.864    0.00069    7.13417    7.14779      7.879     0.0324   12.77809   3.181372 4.6042e-12    25.9212    25.9208 1.0000e-12     55.437          1       3606    1469.90 2.1174e+01  52576.969    150.201 1559347672       0.02     -1.052   39.81118  -72.50042    32.9783  1026.1796    25.9229     5.2491 0.0000e+00
     54.000     5.2524    32.8224  1026.1732     2.3376     5.8382     81.838    0.00039    7.13394    7.14755      7.878     0.0417   12.77775   3.181236 -9.990e-29    25.9211    25.9207 1.0000e-12     54.428          1       3642    1469.88 1.5416e+01  52576.150    151.692 1559347674       0.25     -0.770   39.81119  -72.50040    32.9780  1026.1748    25.9228     5.2483 0.0000e+00
     53.000     5.2527    32.8200  1026.1666     2.3385     5.8369     81.849    0.00032    7.13130    7.14486      7.878     0.0571   12.77344   3.181003 4.9687e-12    25.9192    25.9188 1.0000e-12     53.408          1       3698    1469.86 2.0666e+01  52571.903    154.028 1559347676      -0.06     -0.363   39.81120  -72.50040    32.9756  1026.1682    25.9208     5.2486 0.0000e+00
     52.000     5.2559    32.8172  1026.1593     2.3405     5.8484     82.043    0.00123    7.12844    7.14196      7.878     0.0766   12.76873   3.181029 5.0835e-12    25.9166    25.9162 1.0000e-12     52.409          1       3729    1469.85 1.9788e+01  52566.051    155.316 1559347677      -0.28     -0.685   39.81120  -72.50040    32.9733  1026.1613    25.9186     5.2519 0.0000e+00
     51.000     5.2688    32.8155  1026.1518     2.3443     5.8668     82.357    0.00245    7.12364    7.13708 -9.990e-29     0.0849   12.76080   3.181989 4.9326e-12    25.9138    25.9133 1.0000e-12     51.401          1       3763    1469.88 2.0318e+01  52558.742    156.756 1559347679       0.13     -0.746   39.81120  -72.50040    32.9720  1026.1542    25.9161     5.2649 0.0000e+00
     50.000     5.2881    32.8148  1026.1444     2.3486     5.8781     82.559    0.00257    7.11984    7.13322 -9.990e-29     0.0950   12.75452   3.183750 1.6734e-11    25.9110    25.9106 1.0000e-12     50.388          1       3802    1469.94 8.4922e+00  52550.888    158.379 1559347680      -0.10     -0.573   39.81120  -72.50040    32.9738  1026.1486    25.9153     5.2843 0.0000e+00
     49.000     5.3627    32.8148  1026.1310     2.3667     5.9378     83.564    0.00424    7.10583    7.11897      7.882     0.1721   12.73138   3.190245 4.0958e-12    25.9024    25.9020 1.0000e-12     49.390          1       4102    1470.23 2.0856e+01  52526.529    170.877 1559347693       0.00     -0.401   39.81120  -72.50039    32.9753  1026.1365    25.9079     5.3589 0.0000e+00
     48.000     5.5041    32.8199  1026.1138     2.3973     6.0500     85.582    0.01001    7.06917    7.08172      7.885     0.2446   12.67085   3.202994 5.0671e-12    25.8901    25.8897 1.0000e-12     48.369          1       4466    1470.79 -9.990e-29  52489.022    186.055 1559347708      -0.05     -0.472   39.81120  -72.50038    32.9824  1026.1209    25.8972     5.5003 0.0000e+00
     47.000     5.5399    32.8176  1026.1031     2.4101     6.0904     86.251    0.01092    7.06118    7.07360 -9.990e-29     0.2600   12.65765   3.205825 5.0640e-12    25.8840    25.8836 1.0000e-12     47.369          1       4471    1470.92 -9.990e-29  52473.848    186.250 1559347708      -0.27     -0.709   39.81120  -72.50038    32.9800  1026.1102    25.8911     5.5362 0.0000e+00
     46.000     5.6035    32.8174  1026.0907     2.4238     6.1187     86.804    0.01058    7.04884    7.06107 -9.990e-29     0.3235   12.63722   3.211532 5.2341e-12    25.8764    25.8760 1.0000e-12     46.361          1       4501    1471.16 1.9747e+01  52453.357    187.511 1559347709       0.06     -0.832   39.81120  -72.50038    32.9831  1026.1004    25.8861     5.5999 0.0000e+00
     45.000     5.6801    32.8189  1026.0781     2.4392     6.1837     87.597    0.01139    7.05923    7.07160      7.887     0.3702   12.65457   3.218065 5.0647e-12    25.8685    25.8681 1.0000e-12     45.352          1       4534    1471.45 1.9747e+01  52431.271    188.890 1559347711       0.01     -0.731   39.81120  -72.50038    32.9828  1026.0863    25.8768     5.6765 0.0000e+00
