CalculateIndicators/WaterTemperature/Data/CTD_NYOS/NYB_20190531_4_3.cnv
* Sea-Bird SBE 9 Data File:
* FileName = C:\Seabird 9 CTD\Data\2019\201905_offshore\NYB_20190531_4_3.hex
* Software Version Seasave V 7.23.2
* Temperature SN = 4590
* Conductivity SN = 3228
* Number of Bytes Per Scan = 44
* Number of Voltage Words = 5
* Number of Scans Averaged by the Deck Unit = 1
* NMEA Latitude = 40 05.89 N
* NMEA Longitude = 072 36.40 W
* NMEA UTC (Time) = Jun 01 2019  02:43:04
* NMEA baud rate = 4800
** Ship: Seawolf
** Station: 4-3
** Operator: LIS
# nquan = 35
# nvalues = 96                          
# units = specified
# name 0 = depSM: Depth [salt water, m]
# name 1 = t090C: Temperature [ITS-90, deg C]
# name 2 = sal00: Salinity, Practical [PSU]
# name 3 = density00: Density [density, kg/m^3]
# name 4 = sbeox0V: Oxygen raw, SBE 43 [V]
# name 5 = sbeox0ML/L: Oxygen, SBE 43 [ml/l]
# name 6 = sbeox0PS: Oxygen, SBE 43 [% saturation]
# name 7 = sbox0dV/dT: Oxygen, SBE 43 [dov/dt]
# name 8 = oxsolML/L: Oxygen Saturation, Garcia & Gordon [ml/l]
# name 9 = oxsatML/L: Oxygen Saturation, Weiss [ml/l]
# name 10 = ph: pH
# name 11 = flECO-AFL: Fluorescence, WET Labs ECO-AFL/FL [mg/m^3]
# name 12 = n2satML/L: Nitrogen Saturation [ml/l]
# name 13 = c0S/m: Conductivity [S/m]
# name 14 = cpar: CPAR/Corrected Irradiance [%]
# name 15 = sigma-é00: Density [sigma-theta, kg/m^3]
# name 16 = sigma-t00: Density [sigma-t, kg/m^3 ]
# name 17 = par: PAR/Irradiance, Biospherical/Licor
# name 18 = prDM: Pressure, Digiquartz [db]
# name 19 = pumps: Pump Status
# name 20 = scan: Scan Count
# name 21 = svCM: Sound Velocity [Chen-Millero, m/s]
# name 22 = spar: SPAR, Biospherical/Licor
# name 23 = specc: Specific Conductance [uS/cm]
# name 24 = timeS: Time, Elapsed [seconds]
# name 25 = timeY: Time, System [seconds]
# name 26 = accM: Acceleration [m/s^2]
# name 27 = dz/dtM: Descent Rate [m/s]
# name 28 = latitude: Latitude [deg]
# name 29 = longitude: Longitude [deg]
# name 30 = gsw_saA0: Absolute Salinity [g/kg]
# name 31 = gsw_densityA0: density, TEOS-10 [density, kg/m^3]
# name 32 = gsw_sigma0A0: density, TEOS-10 [sigma-0, kg/m^3 ]
# name 33 = gsw_ptA0: potential temperature [ITS-90, deg C]
# name 34 = flag: flag
# span 0 =      1.000,     49.000       
# span 1 =     5.6850,    16.0464       
# span 2 =    31.4020,    33.3216       
# span 3 =  1022.9930,  1026.1053       
# span 4 =     2.2488,     2.9389       
# span 5 =     4.4838,     7.2035       
# span 6 =     75.392,    109.336       
# span 7 =   -0.04920,    0.08441       
# span 8 =    5.70324,    7.06866       
# span 9 =    5.69668,    7.08095       
# span 10 =      7.589,      8.029      
# span 11 =     0.0450,     2.2384      
# span 12 =   10.42513,   12.67240      
# span 13 =   3.202112,   3.992149      
# span 14 = -4.431e+03, 1.0589e+05      
# span 15 =    22.9886,    25.9720      
# span 16 =    22.9886,    25.9716      
# span 17 = -2.651e-02, 1.7263e-01      
# span 18 =      1.018,     49.376      
# span 19 =          0,          1      
# span 20 =         -8,       7466      
# span 21 =    1471.17,    1505.83      
# span 22 = -2.279e-01, 4.1765e+00      
# span 23 =  48608.969,  52536.813      
# span 24 =     -0.384,    311.033      
# span 25 = 1559356984, 1559357295      
# span 26 =      -0.47,       0.44      
# span 27 =     -1.139,      1.065      
# span 28 =   40.09818,   40.09828      
# span 29 =  -72.60683,  -72.60645      
# span 30 =    31.5567,    33.4129      
# span 31 =  1023.0079,  1026.0623      
# span 32 =    23.0034,    25.9241      
# span 33 =     5.6819,    16.0462      
# span 34 = 0.0000e+00, 0.0000e+00      
# interval = meters: 1                  
# start_time = Jun 01 2019 02:43:05 [System UTC, first data scan.]
# bad_flag = -9.990e-29
*END*
[from data line 83]
     13.000    11.6757    31.9177  1024.3139     2.9234     6.4865    106.834   -0.00669    6.07097    6.06856      8.000     0.3553   11.03234   3.662452 2.5320e-11    24.2553    24.2550 1.0000e-12     13.105          1       5402    1492.23 3.9495e+00  49814.611    225.023 1559357210       0.29     -0.756   40.09818  -72.60652    32.1506  1024.3812    24.3224    11.6741 0.0000e+00
     12.000    12.5893    31.7612  1024.0187     2.9069     6.3359    106.178   -0.00620    5.96732    5.96366      7.996     0.3194   10.86133   3.724895 2.5320e-11    23.9642    23.9639 1.0000e-12     12.091          1       5454    1495.17 3.9495e+00  49460.365    227.193 1559357212      -0.10     -0.432   40.09818  -72.60652    31.9703  1024.0685    24.0144    12.5878 0.0000e+00
     11.000    13.2477    31.6874  1023.8283     2.8853     6.1542    104.712   -0.01330    5.87727    5.87256      7.989     0.2388   10.71305   3.779054 2.5320e-11    23.7790    23.7787 1.0000e-12     11.083          1       5494    1497.28 3.9495e+00  49274.188    228.889 1559357213      -0.02     -0.590   40.09818  -72.60652    31.9283  1023.9031    23.8537    13.2462 0.0000e+00
     10.000    13.6428    31.6570  1023.7225     2.8694     6.1025    104.327   -0.00942    5.84931    5.84428      7.987     0.1947   10.66707   3.809558 -9.990e-29    23.6776    23.6773 1.0000e-12     10.072          1       5527    1498.54 3.9495e+00  49181.629    230.253 1559357215      -0.19     -0.675   40.09818  -72.60652    31.8834  1023.7863    23.7414    13.6415 0.0000e+00
      9.000    14.1817    31.5837  1023.5517     2.8481     5.9694    102.671   -0.01893    5.81407    5.80863      7.985     0.1812   10.60924   3.851429 -9.990e-29    23.5113    23.5110 1.0000e-12      9.070          1       5550    1500.21 3.9495e+00  49017.153    231.226 1559357216      -0.24     -0.919   40.09818  -72.60652    31.8249  1023.6272    23.5869    14.1804 0.0000e+00
      8.000    14.5654    31.5187  1023.4174     2.8350     5.9354    102.242   -0.01694    5.80527    5.79974      7.985     0.1798   10.59469   3.876367 -9.990e-29    23.3817    23.3814 1.0000e-12      8.069          1       5575    1501.36 3.9495e+00  48885.011    232.232 1559357217       0.02     -1.032   40.09818  -72.60652    31.7386  1023.4770    23.4412    14.5642 0.0000e+00
      7.000    14.9405    31.4534  1023.2833     2.8129     5.9009    101.603   -0.01216    5.80779    5.80230      7.985     0.1538   10.59873   3.902237 1.0169e+04    23.2521    23.2519 1.0000e-12      7.056          1       5620    1502.47 3.5131e+00  48755.354    234.107 1559357219       0.24     -0.603   40.09819  -72.60651    31.6684  1023.3394    23.3081    14.9394 0.0000e+00
      6.000    15.0916    31.4292  1023.2281     2.8018     5.9020    101.834   -0.00279    5.79576    5.79015      7.985     0.1763   10.57855   3.910306 1.0589e+05    23.2014    23.2012 1.0000e-12      6.036          1       5676    1502.91 -2.279e-01  48705.990    236.469 1559357221      -0.31     -0.368   40.09820  -72.60650    31.6192  1023.2650    23.2383    15.0907 0.0000e+00
      5.000    15.1447    31.4442  1023.2237     2.8099     5.9196    102.635    0.00265    5.76767    5.76177      7.994     0.1476   10.53201   3.915861 2.1375e+04    23.2014    23.2013 1.0000e-12      5.047          1       5976    1503.08 3.0254e+00  48721.257    248.968 1559357233      -0.02     -0.679   40.09820  -72.60651    31.6266  1023.2549    23.2325    15.1440 0.0000e+00
      4.000    15.3853    31.4674  1023.1852     2.8242     5.9071    103.521    0.00556    5.70619    5.69966      8.019     0.1303   10.43007   3.938038 -3.155e+02    23.1674    23.1673 1.0000e-12      4.029          1       6962    1503.85 3.9535e+00  48729.820    290.057 1559357275      -0.24     -0.648   40.09822  -72.60646    31.6321  1023.2027    23.1849    15.3847 0.0000e+00
      3.000    15.7033    31.4482  1023.0963     2.8198     5.8685    102.832   -0.00090    5.70690    5.70038 -9.990e-29     0.1257   10.43120   3.965661 1.3170e+00    23.0830    23.0829 3.6146e-02      3.028          1       6979    1504.81 2.4619e+00  48673.692    290.763 1559357275       0.11     -0.740   40.09822  -72.60646    31.6235  1023.1221    23.1087    15.7028 0.0000e+00
      2.000    15.9876    31.4238  1023.0104     2.8158     5.8536    102.638   -0.00108    5.70324    5.69668      8.021     0.1393   10.42513   3.986855 3.7755e+00    23.0014    23.0014 1.5121e-01      2.007          1       7035    1505.66 4.1765e+00  48613.643    293.098 1559357278      -0.04     -0.329   40.09822  -72.60646    31.5846  1023.0252    23.0163    15.9873 0.0000e+00
      1.000    16.0464    31.4241  1022.9930     2.8010     5.9295    101.543   -0.00691    5.83972    5.83258      8.029     0.7387   10.69704   3.992149 3.8167e+00    22.9886    22.9886 1.5075e-01      1.018          1       7466    1505.83 3.9495e+00  48608.978    311.033 1559357295      -0.30     -0.602   40.09824  -72.60645    31.5849  1023.0079    23.0034    16.0462 0.0000e+00
