CalculateIndicators/WaterTemperature/Data/CTD_NYOS/NYB_20190531_4_3.cnv
* Sea-Bird SBE 9 Data File:
* FileName = C:\Seabird 9 CTD\Data\2019\201905_offshore\NYB_20190531_4_3.hex
* Software Version Seasave V 7.23.2
* Temperature SN = 4590
* Conductivity SN = 3228
* Number of Bytes Per Scan = 44
* Number of Voltage Words = 5
* Number of Scans Averaged by the Deck Unit = 1
* NMEA Latitude = 40 05.89 N
* NMEA Longitude = 072 36.40 W
* NMEA UTC (Time) = Jun 01 2019  02:43:04
* NMEA baud rate = 4800
** Ship: Seawolf
** Station: 4-3
** Operator: LIS
# nquan = 35
# nvalues = 96                          
# units = specified
# name 0 = depSM: Depth [salt water, m]
# name 1 = t090C: Temperature [ITS-90, deg C]
# name 2 = sal00: Salinity, Practical [PSU]
# name 3 = density00: Density [density, kg/m^3]
# name 4 = sbeox0V: Oxygen raw, SBE 43 [V]
# name 5 = sbeox0ML/L: Oxygen, SBE 43 [ml/l]
# name 6 = sbeox0PS: Oxygen, SBE 43 [% saturation]
# name 7 = sbox0dV/dT: Oxygen, SBE 43 [dov/dt]
# name 8 = oxsolML/L: Oxygen Saturation, Garcia & Gordon [ml/l]
# name 9 = oxsatML/L: Oxygen Saturation, Weiss [ml/l]
# name 10 = ph: pH
# name 11 = flECO-AFL: Fluorescence, WET Labs ECO-AFL/FL [mg/m^3]
# name 12 = n2satML/L: Nitrogen Saturation [ml/l]
# name 13 = c0S/m: Conductivity [S/m]
# name 14 = cpar: CPAR/Corrected Irradiance [%]
# name 15 = sigma-é00: Density [sigma-theta, kg/m^3]
# name 16 = sigma-t00: Density [sigma-t, kg/m^3 ]
# name 17 = par: PAR/Irradiance, Biospherical/Licor
# name 18 = prDM: Pressure, Digiquartz [db]
# name 19 = pumps: Pump Status
# name 20 = scan: Scan Count
# name 21 = svCM: Sound Velocity [Chen-Millero, m/s]
# name 22 = spar: SPAR, Biospherical/Licor
# name 23 = specc: Specific Conductance [uS/cm]
# name 24 = timeS: Time, Elapsed [seconds]
# name 25 = timeY: Time, System [seconds]
# name 26 = accM: Acceleration [m/s^2]
# name 27 = dz/dtM: Descent Rate [m/s]
# name 28 = latitude: Latitude [deg]
# name 29 = longitude: Longitude [deg]
# name 30 = gsw_saA0: Absolute Salinity [g/kg]
# name 31 = gsw_densityA0: density, TEOS-10 [density, kg/m^3]
# name 32 = gsw_sigma0A0: density, TEOS-10 [sigma-0, kg/m^3 ]
# name 33 = gsw_ptA0: potential temperature [ITS-90, deg C]
# name 34 = flag: flag
# span 0 =      1.000,     49.000       
# span 1 =     5.6850,    16.0464       
# span 2 =    31.4020,    33.3216       
# span 3 =  1022.9930,  1026.1053       
# span 4 =     2.2488,     2.9389       
# span 5 =     4.4838,     7.2035       
# span 6 =     75.392,    109.336       
# span 7 =   -0.04920,    0.08441       
# span 8 =    5.70324,    7.06866       
# span 9 =    5.69668,    7.08095       
# span 10 =      7.589,      8.029      
# span 11 =     0.0450,     2.2384      
# span 12 =   10.42513,   12.67240      
# span 13 =   3.202112,   3.992149      
# span 14 = -4.431e+03, 1.0589e+05      
# span 15 =    22.9886,    25.9720      
# span 16 =    22.9886,    25.9716      
# span 17 = -2.651e-02, 1.7263e-01      
# span 18 =      1.018,     49.376      
# span 19 =          0,          1      
# span 20 =         -8,       7466      
# span 21 =    1471.17,    1505.83      
# span 22 = -2.279e-01, 4.1765e+00      
# span 23 =  48608.969,  52536.813      
# span 24 =     -0.384,    311.033      
# span 25 = 1559356984, 1559357295      
# span 26 =      -0.47,       0.44      
# span 27 =     -1.139,      1.065      
# span 28 =   40.09818,   40.09828      
# span 29 =  -72.60683,  -72.60645      
# span 30 =    31.5567,    33.4129      
# span 31 =  1023.0079,  1026.0623      
# span 32 =    23.0034,    25.9241      
# span 33 =     5.6819,    16.0462      
# span 34 = 0.0000e+00, 0.0000e+00      
# interval = meters: 1                  
# start_time = Jun 01 2019 02:43:05 [System UTC, first data scan.]
# bad_flag = -9.990e-29
*END*
[from data line 42]
     44.000     5.7346    32.6912  1025.9660     2.3168     5.6682     80.328   -0.00329    7.05631    7.06850      7.921     0.1063   12.65098   3.210052 2.5320e-11    25.7611    25.7606 1.0000e-12     44.344          1       1481    1471.49 3.9495e+00  52229.979     61.654 1559357046      -0.06      0.672   40.09821  -72.60671    32.8393  1025.9622    25.7573     5.7311 0.0000e+00
     45.000     5.7319    32.7021  1025.9795     2.3121     5.6579     80.191   -0.00274    7.05554    7.06773      7.917     0.0820   12.64967   3.211047 5.6311e+03    25.7700    25.7695 1.0000e-12     45.353          1       1521    1471.51 3.7271e+00  52247.161     63.335 1559357048       0.04      0.584   40.09820  -72.60670    32.8527  1025.9778    25.7682     5.7283 0.0000e+00
     46.000     5.7495    32.7119  1025.9898     2.3057     5.6285     79.784   -0.00383    7.05461    7.06678      7.913     0.0762   12.64808   3.213548 5.5026e+04    25.7756    25.7752 1.0000e-12     46.363          1       1560    1471.61 1.6771e+00  52256.673     64.962 1559357049      -0.04      0.628   40.09820  -72.60670    32.8634  1025.9887    25.7745     5.7458 0.0000e+00
     47.000     5.7506    32.7138  1025.9958     2.3005     5.6110     79.543   -0.00393    7.05399    7.06615      7.910     0.0450   12.64706   3.213895 -1.215e+03    25.7770    25.7765 1.0000e-12     47.371          1       1593    1471.63 3.9997e+00  52259.819     66.323 1559357051       0.22      0.667   40.09820  -72.60670    32.8658  1025.9951    25.7763     5.7468 0.0000e+00
     48.000     5.7546    32.7163  1026.0020     2.2983     5.6132     79.583   -0.00274    7.05328    7.06543      7.909     0.0665   12.64594   3.214588 1.2817e+04    25.7785    25.7780 1.0000e-12     48.372          1       1620    1471.67 3.3168e+00  52262.913     67.451 1559357052       0.05      0.885   40.09820  -72.60670    32.8692  1026.0020    25.7785     5.7508 0.0000e+00
     49.000     5.7604    32.7110  1026.0018     2.2954     5.6402     79.949    0.00139    7.05474    7.06691      7.884     0.0607   12.64840   3.214869 3.6142e+04    25.7737    25.7732 1.0000e-12     49.376          1       2127    1471.71 2.7316e+00  52254.400     88.566 1559357073      -0.39      0.137   40.09820  -72.60666    32.8662  1026.0036    25.7755     5.7565 0.0000e+00
     48.000     5.7605    32.7094  1025.9959     2.2948     5.6246     79.720   -0.00017    7.05545    7.06762      7.876     0.0634   12.64961   3.214683 -4.863e+02    25.7724    25.7719 1.0000e-12     48.378          1       2345    1471.69 4.0246e+00  52251.263     97.674 1559357082      -0.17     -0.326   40.09820  -72.60666    32.8645  1025.9976    25.7742     5.7566 0.0000e+00
     47.000     5.7590    32.7075  1025.9899     2.2975     5.6469     80.002    0.00138    7.05843    7.07063      7.875     0.0958   12.65470   3.214314 -9.990e-29    25.7711    25.7706 1.0000e-12     47.363          1       2439    1471.66 3.9520e+00  52248.266    101.578 1559357086      -0.19     -0.580   40.09820  -72.60666    32.8623  1025.9913    25.7725     5.7553 0.0000e+00
     46.000     5.7541    32.7052  1025.9840     2.2984     5.6482     80.012    0.00117    7.05921    7.07142      7.875     0.1178   12.65605   3.213633 -9.990e-29    25.7698    25.7694 1.0000e-12     46.359          1       2461    1471.62 3.2940e+00  52245.681    102.516 1559357087      -0.24     -0.819   40.09820  -72.60666    32.8599  1025.9854    25.7712     5.7504 0.0000e+00
     45.000     5.7496    32.7013  1025.9768     2.2999     5.6528     80.081    0.00119    7.05890    7.07110      7.875     0.0901   12.65553   3.212755 -9.990e-29    25.7673    25.7668 1.0000e-12     45.358          1       2485    1471.58 2.4083e+00  52240.747    103.496 1559357088      -0.09     -0.997   40.09820  -72.60666    32.8548  1025.9773    25.7677     5.7460 0.0000e+00
     44.000     5.7382    32.6908  1025.9652     2.3013     5.6562     80.130    0.00113    7.05876    7.07096      7.875     0.1192   12.65535   3.210833 -9.990e-29    25.7603    25.7599 1.0000e-12     44.351          1       2519    1471.51 2.2597e+00  52228.293    104.929 1559357089       0.23     -0.802   40.09820  -72.60666    32.8446  1025.9660    25.7611     5.7347 0.0000e+00
     43.000     5.7387    32.6868  1025.9573     2.3020     5.6499     79.997   -0.00001    7.06263    7.07485 -9.990e-29     0.0887   12.66202   3.210594 2.5320e-11    25.7571    25.7567 1.0000e-12     43.330          1       2581    1471.49 4.1738e+00  52221.615    107.512 1559357092      -0.04     -0.291   40.09820  -72.60664    32.8419  1025.9591    25.7589     5.7353 0.0000e+00
     42.000     5.7406    32.6784  1025.9458     2.3041     5.6690     80.222    0.00113    7.06670    7.07899      7.871     0.1822   12.66884   3.209782 2.5320e-11    25.7502    25.7498 1.0000e-12     42.321          1       2615    1471.47 3.9495e+00  52208.353    108.926 1559357093      -0.30     -0.636   40.09820  -72.60664    32.8313  1025.9459    25.7503     5.7372 0.0000e+00
     41.000     5.7298    32.6655  1025.9322     2.3061     5.6819     80.437    0.00219    7.06381    7.07605      7.872     0.2548   12.66399   3.207720 2.5320e-11    25.7413    25.7409 1.0000e-12     41.318          1       2637    1471.39 3.9495e+00  52192.220    109.835 1559357094      -0.32     -0.924   40.09820  -72.60664    32.8190  1025.9328    25.7419     5.7265 0.0000e+00
     40.000     5.7201    32.6629  1025.9267     2.3092     5.6981     80.649    0.00278    7.06533    7.07760      7.872     0.2198   12.66656   3.206590 5.9244e+04    25.7404    25.7400 1.0000e-12     40.324          1       2657    1471.33 1.6097e+00  52190.676    110.684 1559357095      -0.14     -1.139   40.09820  -72.60664    32.8161  1025.9271    25.7408     5.7169 0.0000e+00
     39.000     5.7084    32.6569  1025.9186     2.3144     5.7145     80.848    0.00261    7.06819    7.08049      7.872     0.4206   12.67140   3.205017 7.6179e+04    25.7370    25.7366 1.0000e-12     39.306          1       2705    1471.26 8.8471e-01  52184.731    112.683 1559357097       0.31     -0.562   40.09820  -72.60664    32.8102  1025.9191    25.7375     5.7053 0.0000e+00
     38.000     5.6959    32.6503  1025.9103     2.3234     5.7613     81.522    0.00485    7.06721    7.07950 -9.990e-29     0.7334   12.66972   3.203350 2.6135e+04    25.7333    25.7329 1.0000e-12     38.301          1       2754    1471.19 2.8442e+00  52178.381    114.700 1559357099      -0.42     -0.506   40.09820  -72.60664    32.8040  1025.9111    25.7341     5.6929 0.0000e+00
     37.000     5.6997    32.6387  1025.8960     2.3375     5.7815     81.787    0.00154    7.06866    7.08095      7.871     1.1600   12.67240   3.202724 -1.631e+03    25.7236    25.7233 1.0000e-12     37.295          1       3173    1471.17 4.0185e+00  52159.754    132.153 1559357117       0.06     -0.423   40.09820  -72.60663    32.7936  1025.8978    25.7255     5.6968 0.0000e+00
     36.000     5.7100    32.6351  1025.8872     2.3492     5.7978     82.322    0.00238    7.04289    7.05469      7.872     1.0404   12.63047   3.203232 2.5320e-11    25.7195    25.7192 1.0000e-12     36.277          1       4156    1471.19 3.9495e+00  52150.727    173.112 1559357158       0.02     -0.401   40.09820  -72.60659    32.7899  1025.8890    25.7213     5.7071 0.0000e+00
     35.000     5.7270    32.6154  1025.8649     2.3713     5.9448     84.639    0.01367    7.02372    7.03519      7.878     0.7423   12.59904   3.203152 2.5320e-11    25.7019    25.7016 1.0000e-12     35.267          1       4087    1471.22 3.9495e+00  52116.438    170.253 1559357155      -0.47     -0.609   40.09820  -72.60658    32.7729  1025.8689    25.7059     5.7242 0.0000e+00
     34.000     5.8127    32.5910  1025.8307     2.3894     6.0461     86.062    0.01880    7.02528    7.03677      7.879     0.7345   12.60162   3.208799 2.5320e-11    25.6723    25.6720 1.0000e-12     34.272          1       4109    1471.51 3.9495e+00  52054.460    171.156 1559357156      -0.26     -0.988   40.09820  -72.60658    32.7541  1025.8392    25.6809     5.8100 0.0000e+00
     33.000     5.9275    32.5689  1025.7947     2.4106     6.1052     86.938    0.01826    7.02254    7.03397      7.883     0.7174   12.59723   3.216897 -9.990e-29    25.6411    25.6408 1.0000e-12     33.262          1       4138    1471.93 3.9495e+00  51988.567    172.375 1559357157       0.22     -0.934   40.09820  -72.60658    32.7347  1025.8054    25.6519     5.9248 0.0000e+00
     32.000     5.9859    32.5617  1025.7771     2.4346     6.1584     87.696    0.01562    7.02246    7.03390      7.884     0.6781   12.59700   3.220592 -9.990e-29    25.6283    25.6280 1.0000e-12     32.248          1       4176    1472.14 3.9495e+00  51960.268    173.952 1559357158       0.06     -0.638   40.09820  -72.60658    32.7204  1025.7823    25.6335     5.9833 0.0000e+00
     31.000     5.9970    32.5514  1025.7630     2.4574     6.1108     88.399    0.01404    6.91318    6.92276      7.887     0.6694   12.41832   3.220760 4.0909e+04    25.6188    25.6184 1.0000e-12     31.246          1       4214    1472.15 2.6374e+00  51941.481    175.537 1559357160       0.08     -0.648   40.09820  -72.60658    32.7120  1025.7697    25.6255     5.9945 0.0000e+00
     30.000     6.1280    32.5195  1025.7169     2.5422     6.3745     94.858    0.04045    6.71918    6.72570      7.900     0.4227   12.09908   3.231319 2.5911e+04    25.5775    25.5772 1.0000e-12     30.223          1       4271    1472.61 2.7949e+00  51858.642    177.919 1559357162      -0.02     -0.335   40.09820  -72.60658    32.7047  1025.7430    25.6036     6.1255 0.0000e+00
     29.000     7.0780    32.3443  1025.4512     2.6083     6.7110     99.566    0.05615    6.74007    6.74693      7.913     0.4529   12.13346   3.302233 -4.248e+02    25.3168    25.3165 1.0000e-12     29.224          1       4297    1476.12 3.9555e+00  51345.879    179.000 1559357163      -0.44     -0.718   40.09819  -72.60658    32.5837  1025.5207    25.3866     7.0754 0.0000e+00
     28.000     7.5937    32.3148  1025.3527     2.6447     6.7800    100.493    0.04943    6.74666    6.75367      7.919     0.4462   12.14379   3.341570 9.1585e+04    25.2235    25.2232 1.0000e-12     28.223          1       4320    1478.06 2.6417e-01  51175.176    179.954 1559357164      -0.14     -1.016   40.09818  -72.60658    32.5266  1025.4009    25.2717     7.5911 0.0000e+00
     27.000     8.2586    32.3158  1025.2525     2.7347     6.7322    100.844    0.01618    6.67612    6.68207      7.946     0.4531   12.02748   3.399293 2.8391e+04    25.1282    25.1278 1.0000e-12     27.225          1       4514    1480.57 2.7567e+00  51021.402    188.059 1559357173       0.03     -0.756   40.09818  -72.60656    32.5258  1025.2995    25.1753     8.2559 0.0000e+00
     26.000     8.9571    32.3207  1025.1466     2.8217     6.8060    103.839    0.00877    6.55453    6.55875      7.987     0.3993   11.82656   3.459084 8.8850e+02    25.0274    25.0270 1.0000e-12     26.209          1       4925    1483.18 3.9115e+00  50874.838    205.184 1559357190      -0.13     -0.822   40.09818  -72.60654    32.5132  1025.1802    25.0610     8.9544 0.0000e+00
     25.000     9.1440    32.3108  1025.1054     2.8332     6.8010    103.984    0.00530    6.54048    6.54450      7.991     0.4177   11.80351   3.472269 2.5320e-11    24.9909    24.9905 1.0000e-12     25.194          1       4980    1483.84 3.9495e+00  50821.087    207.457 1559357192       0.11     -0.630   40.09818  -72.60654    32.4804  1025.1212    25.0068     9.1413 0.0000e+00
     24.000     9.1448    32.3120  1025.1016     2.8468     6.8292    104.730    0.00696    6.52079    6.52449      7.996     0.3669   11.77139   3.472412 2.5320e-11    24.9917    24.9913 1.0000e-12     24.187          1       5026    1483.83 3.9495e+00  50822.114    209.376 1559357194       0.11     -0.528   40.09818  -72.60654    32.4815  1025.1174    25.0075     9.1423 0.0000e+00
     23.000     9.2578    32.2844  1025.0576     2.8647     6.8895    105.752    0.00938    6.51482    6.51842      8.001     0.3113   11.76168   3.480013 2.5320e-11    24.9524    24.9520 1.0000e-12     23.167          1       5074    1484.20 3.9495e+00  50759.325    211.356 1559357196      -0.29     -0.447   40.09818  -72.60654    32.4579  1025.0766    24.9714     9.2554 0.0000e+00
     22.000     9.3530    32.2568  1025.0164     2.8726     6.9133    106.079    0.00913    6.51714    6.52079      8.004     0.3146   11.76543   3.485035 2.5320e-11    24.9156    24.9153 1.0000e-12     22.171          1       5094    1484.50 3.9495e+00  50699.987    212.228 1559357197      -0.47     -0.861   40.09818  -72.60654    32.4239  1025.0306    24.9300     9.3506 0.0000e+00
     21.000     9.3659    32.2496  1025.0041     2.8778     6.9173    106.172    0.00780    6.51514    6.51876      8.006     0.3266   11.76215   3.485482 -9.990e-29    24.9081    24.9077 1.0000e-12     21.174          1       5116    1484.52 3.9495e+00  50687.338    213.139 1559357198      -0.07     -1.116   40.09818  -72.60654    32.4173  1025.0189    24.9228     9.3636 0.0000e+00
     20.000     9.3703    32.2533  1025.0018     2.8846     6.8932    106.047    0.00382    6.50022    6.50360      8.009     0.3154   11.73786   3.485749 -9.990e-29    24.9103    24.9099 1.0000e-12     20.155          1       5162    1484.52 3.9495e+00  50690.974    215.029 1559357199       0.31     -0.583   40.09818  -72.60653    32.4165  1025.0129    24.9214     9.3682 0.0000e+00
     19.000     9.4109    32.2421  1024.9819     2.8929     6.9197    106.547    0.00526    6.49454    6.49784      8.010     0.2862   11.72852   3.488353 2.5320e-11    24.8950    24.8947 1.0000e-12     19.141          1       5205    1484.64 3.9495e+00  50666.237    216.852 1559357201      -0.35     -0.517   40.09818  -72.60652    32.4070  1024.9944    24.9076     9.4089 0.0000e+00
     18.000     9.4792    32.2213  1024.9502     2.8923     6.8848    106.108    0.00120    6.48842    6.49164      8.013     0.3016   11.71844   3.492529 2.5320e-11    24.8679    24.8676 1.0000e-12     18.146          1       5230    1484.85 3.9495e+00  50623.025    217.857 1559357202      -0.24     -0.880   40.09818  -72.60652    32.3887  1024.9648    24.8825     9.4773 0.0000e+00
     17.000     9.5334    32.2143  1024.9314     2.9006     6.8207    106.697    0.00384    6.39306    6.39492      8.011     0.2933   11.56193   3.496032 2.5320e-11    24.8537    24.8534 1.0000e-12     17.134          1       5271    1485.03 3.9495e+00  50601.491    219.601 1559357204       0.24     -0.638   40.09818  -72.60652    32.3762  1024.9418    24.8641     9.5316 0.0000e+00
     16.000     9.7043    32.1897  1024.8800     2.9310     6.8267    109.336    0.01794    6.24356    6.24335      8.007     0.3105   11.31624   3.510517 -9.990e-29    24.8071    24.8068 1.0000e-12     16.113          1       5320    1485.60 3.9495e+00  50534.236    221.639 1559357206      -0.30     -0.435   40.09818  -72.60652    32.3714  1024.9059    24.8329     9.7025 0.0000e+00
     15.000    10.2396    32.0978  1024.7153     2.9346     6.7175    108.870    0.01120    6.17014    6.16902      8.004     0.3363   11.19486   3.550990 -9.990e-29    24.6469    24.6466 1.0000e-12     15.115          1       5342    1487.41 3.9495e+00  50304.000    222.561 1559357207      -0.41     -0.845   40.09818  -72.60652    32.3044  1024.7611    24.6927    10.2379 0.0000e+00
