CalculateIndicators/WaterTemperature/Data/CTD_NYOS/NYB_20190531_4_4.cnv
* Sea-Bird SBE 9 Data File:
* FileName = C:\Seabird 9 CTD\Data\2019\201905_offshore\NYB_20190531_4_4.hex
* Software Version Seasave V 7.23.2
* Temperature SN = 4590
* Conductivity SN = 3228
* Number of Bytes Per Scan = 44
* Number of Voltage Words = 5
* Number of Scans Averaged by the Deck Unit = 1
* NMEA Latitude = 39 48.66 N
* NMEA Longitude = 072 30.02 W
* NMEA UTC (Time) = Jun 01 2019  00:05:22
* NMEA baud rate = 4800
** Ship: Seawolf
** Station: 4-4
** Operator: LIS
# nquan = 35
# nvalues = 126                         
# units = specified
# name 0 = depSM: Depth [salt water, m]
# name 1 = t090C: Temperature [ITS-90, deg C]
# name 2 = sal00: Salinity, Practical [PSU]
# name 3 = density00: Density [density, kg/m^3]
# name 4 = sbeox0V: Oxygen raw, SBE 43 [V]
# name 5 = sbeox0ML/L: Oxygen, SBE 43 [ml/l]
# name 6 = sbeox0PS: Oxygen, SBE 43 [% saturation]
# name 7 = sbox0dV/dT: Oxygen, SBE 43 [dov/dt]
# name 8 = oxsolML/L: Oxygen Saturation, Garcia & Gordon [ml/l]
# name 9 = oxsatML/L: Oxygen Saturation, Weiss [ml/l]
# name 10 = ph: pH
# name 11 = flECO-AFL: Fluorescence, WET Labs ECO-AFL/FL [mg/m^3]
# name 12 = n2satML/L: Nitrogen Saturation [ml/l]
# name 13 = c0S/m: Conductivity [S/m]
# name 14 = cpar: CPAR/Corrected Irradiance [%]
# name 15 = sigma-é00: Density [sigma-theta, kg/m^3]
# name 16 = sigma-t00: Density [sigma-t, kg/m^3 ]
# name 17 = par: PAR/Irradiance, Biospherical/Licor
# name 18 = prDM: Pressure, Digiquartz [db]
# name 19 = pumps: Pump Status
# name 20 = scan: Scan Count
# name 21 = svCM: Sound Velocity [Chen-Millero, m/s]
# name 22 = spar: SPAR, Biospherical/Licor
# name 23 = specc: Specific Conductance [uS/cm]
# name 24 = timeS: Time, Elapsed [seconds]
# name 25 = timeY: Time, System [seconds]
# name 26 = accM: Acceleration [m/s^2]
# name 27 = dz/dtM: Descent Rate [m/s]
# name 28 = latitude: Latitude [deg]
# name 29 = longitude: Longitude [deg]
# name 30 = gsw_saA0: Absolute Salinity [g/kg]
# name 31 = gsw_densityA0: density, TEOS-10 [density, kg/m^3]
# name 32 = gsw_sigma0A0: density, TEOS-10 [sigma-0, kg/m^3 ]
# name 33 = gsw_ptA0: potential temperature [ITS-90, deg C]
# name 34 = flag: flag
# span 0 =      1.000,     64.000       
# span 1 =     5.2524,    16.1193       
# span 2 =    31.8572,    33.0239       
# span 3 =  1023.3095,  1026.2222       
# span 4 =     2.1410,     3.0603       
# span 5 =     4.1058,     7.6610       
# span 6 =     71.144,    121.024       
# span 7 =   -0.04136,    0.13980       
# span 8 =    5.68129,    7.13417       
# span 9 =    5.67474,    7.14779       
# span 10 =      7.784,      8.064      
# span 11 =     0.0123,     2.0131      
# span 12 =   10.38378,   12.77809      
# span 13 =   3.181003,   4.051511      
# span 14 = -1.438e+04, 6.4560e+04      
# span 15 =    23.3052,    25.9281      
# span 16 =    23.3052,    25.9276      
# span 17 = 1.0000e-12, 6.3414e+00      
# span 18 =      1.017,     64.496      
# span 19 =          0,          1      
# span 20 =        136,       8312      
# span 21 =    1469.85,    1506.55      
# span 22 = 2.4543e+00, 2.3754e+01      
# span 23 =  49203.474,  52591.312      
# span 24 =      5.646,    346.305      
# span 25 = 1559347528, 1559347868      
# span 26 =      -0.73,       0.47      
# span 27 =     -1.444,      1.005      
# span 28 =   39.81112,   39.81122      
# span 29 =  -72.50044,  -72.50010      
# span 30 =    32.0500,    33.0953      
# span 31 =  1023.3472,  1026.2238      
# span 32 =    23.3427,    25.9266      
# span 33 =     5.2481,    16.1191      
# span 34 = 0.0000e+00, 0.0000e+00      
# interval = meters: 1                  
# start_time = Jun 01 2019 00:05:22 [System UTC, first data scan.]
# bad_flag = -9.990e-29
*END*
      2.000    15.1861    32.1621  1023.7539     2.1629     4.1058     71.144   -0.02885    5.77104    5.76553      7.784     0.1587   10.53038   3.995592 2.1903e+04    23.7450    23.7450 6.3414e+00      2.019          0        136    1504.00 1.7864e+01  49712.711      5.646 1559347528       0.11      0.045   39.81112  -72.50042    32.3120  1023.7575    23.7486    15.1858 0.0000e+00
      3.000    15.1891    32.0396  1023.6635     2.1410     4.2874     74.404    0.02618    5.76262    5.75692      7.826     0.1559   10.51862   3.982471 -1.937e+02    23.6501    23.6500 4.7802e+00      3.023          0        269    1503.88 2.3754e+01  49542.885     11.179 1559347533       0.11      0.439   39.81112  -72.50042    32.1909  1023.6686    23.6552    15.1887 0.0000e+00
      4.000    15.2212    32.0089  1023.6374     2.2062     4.5217     78.578    0.04234    5.75444    5.74868      7.841     0.1411   10.50434   3.982164 1.6065e+01    23.6196    23.6195 3.8070e+00      4.034          0        307    1503.96 2.3697e+01  49497.773     12.755 1559347535       0.22      0.588   39.81112  -72.50042    32.1614  1023.6435    23.6257    15.2206 0.0000e+00
      5.000    15.3299    31.9042  1023.5377     2.2796     4.7363     82.251    0.04712    5.75834    5.75262      7.852     0.1432   10.51081   3.980763 1.3287e+01    23.5154    23.5152 3.1487e+00      5.034          0        338    1504.20 2.3697e+01  49342.440     14.037 1559347536       0.00      0.782   39.81112  -72.50042    32.0597  1023.5465    23.5243    15.3292 0.0000e+00
      6.000    15.4091    31.9436  1023.5553     2.3962     5.1993     89.508    0.07233    5.80889    5.80391      7.873     0.1674   10.59092   3.992691 1.2838e+01    23.5285    23.5284 2.9918e+00      6.050          0        380    1504.51 2.3697e+01  49389.993     15.788 1559347538      -0.10      0.577   39.81112  -72.50042    32.1015  1023.5659    23.5391    15.4082 0.0000e+00
      7.000    15.3573    31.9622  1023.5853     2.4121     5.0303     86.051    0.01897    5.84574    5.84120      7.887     0.1796   10.65114   3.989496 1.0431e+01    23.5542    23.5540 2.4722e+00      7.055          0        413    1504.39 2.3697e+01  49421.157     17.178 1559347539       0.22      0.663   39.81112  -72.50042    32.1147  1023.5918    23.5606    15.3562 0.0000e+00
      8.000    14.8682    32.2744  1023.9353     2.4364     5.1251     86.805    0.01459    5.90389    5.90012      7.904     0.2033   10.74554   3.977536 9.7094e+00    23.8997    23.8994 2.3008e+00      8.059          0        449    1503.21 2.3697e+01  49904.387     18.655 1559347541      -0.14      0.713   39.81112  -72.50042    32.4104  1023.9278    23.8921    14.8670 0.0000e+00
      9.000    14.4159    32.3769  1024.1150     2.4570     5.1951     87.324    0.00972    5.94925    5.94626      7.927     0.2668   10.81631   3.945422 8.2248e+00    24.0747    24.0744 1.9490e+00      9.077          0        493    1501.90 2.3697e+01  50094.514     20.508 1559347542       0.19      0.457   39.81112  -72.50042    32.4936  1024.0921    24.0519    14.4146 0.0000e+00
     10.000    13.9054    32.5760  1024.3788     2.4602     5.2883     87.337    0.00823    6.05561    6.05377      7.946     0.3213   10.99463   3.920633 6.9576e+00    24.3341    24.3338 1.6487e+00     10.072          0        521    1500.48 2.3697e+01  50430.619     21.654 1559347543       0.15      0.805   39.81112  -72.50042    32.6963  1024.3578    24.3130    13.9040 0.0000e+00
     11.000    13.4852    32.9389  1024.7494     2.4638     5.2944     85.557   -0.01335    6.18760    6.18710      7.966     0.3805   11.21763   3.921435 7.4458e+00    24.7002    24.6998 1.7644e+00     11.092          0        556    1499.55 2.3697e+01  50986.244     23.116 1559347545      -0.12      0.710   39.81112  -72.50043    33.0637  1024.7303    24.6810    13.4837 0.0000e+00
     12.000    13.1513    33.0239  1024.8859     2.6945     6.8995    110.119    0.13955    6.26280    6.26325      7.978     0.3596   11.34217   3.889151 6.2422e+00    24.8319    24.8316 1.4792e+00     12.087          0        583    1498.55 2.3697e+01  51148.467     24.241 1559347546       0.20      0.807   39.81112  -72.50044    33.0472  1024.7881    24.7342    13.1497 0.0000e+00
     13.000    11.6366    32.4185  1024.7113     2.9318     7.6610    121.024    0.13980    6.33071    6.33204      8.003     0.4189   11.45467   3.692482 6.2032e+00    24.6526    24.6523 1.4529e+00     13.103          1        628    1492.71 2.3697e+01  50520.194     26.128 1559347548      -0.26      0.565   39.81112  -72.50044    32.4797  1024.6441    24.5853    11.6350 0.0000e+00
     14.000    10.8638    32.4429  1024.8725     3.0129     7.4082    116.828    0.05700    6.34116    6.34262      8.016     0.4864   11.47207   3.625385 5.0858e+00    24.8090    24.8087 1.2051e+00     14.111          1        666    1490.04 2.3697e+01  50680.528     27.720 1559347550       0.47      0.576   39.81112  -72.50044    32.4964  1024.7987    24.7352    10.8622 0.0000e+00
     15.000    10.6773    32.4393  1024.9068     3.0307     7.2792    114.682    0.02602    6.34726    6.34879      8.021     0.5117   11.48223   3.611401 3.8597e+00    24.8387    24.8384 9.1461e-01     15.110          1        692    1489.39 2.3697e+01  50707.577     28.772 1559347551       0.13      0.929   39.81112  -72.50044    32.5221  1024.8556    24.7875    10.6756 0.0000e+00
     16.000    10.6079    32.4338  1024.9191     3.0403     7.2391    113.540    0.00940    6.37582    6.37773      8.027     0.5529   11.52939   3.605494 4.2029e+00    24.8464    24.8460 9.9596e-01     16.123          1        724    1489.15 2.3697e+01  50712.523     30.135 1559347552      -0.17      0.797   39.81113  -72.50044    32.5243  1024.8738    24.8011    10.6061 0.0000e+00
     17.000    10.5116    32.4237  1024.9323     3.0347     7.2713    112.193   -0.00216    6.48124    6.48462      8.039     0.7483   11.70326   3.596889 3.8355e+00    24.8550    24.8547 9.0888e-01     17.133          1        767    1488.82 2.3697e+01  50715.935     31.919 1559347554      -0.12      0.575   39.81114  -72.50044    32.5234  1024.8942    24.8169    10.5097 0.0000e+00
     18.000    10.2163    32.4488  1025.0066     3.0315     7.2539    111.751   -0.00525    6.49116    6.49465      8.046     0.9908   11.71990   3.573677 3.1296e+00    24.9246    24.9242 7.4161e-01     18.146          1        804    1487.81 2.3697e+01  50804.194     33.466 1559347555       0.32      0.571   39.81114  -72.50044    32.5533  1024.9719    24.8899    10.2143 0.0000e+00
     19.000     9.7457    32.4910  1025.1218     3.0443     7.3868    113.649    0.00778    6.49960    6.50321      8.047     0.9444   11.73401   3.530497 2.0140e+00    25.0351    25.0348 4.7725e-01     19.143          1        827    1486.17 2.3697e+01  50954.116     34.425 1559347556       0.27      0.930   39.81114  -72.50044    32.5369  1025.0411    24.9544     9.7436 0.0000e+00
     20.000     9.4418    32.4724  1025.1614     3.0506     7.3570    113.719    0.00553    6.46938    6.47273      8.051     0.8971   11.68196   3.507305 2.2271e+00    25.0701    25.0697 5.2155e-01     20.153          1        869    1485.05 2.3697e+01  50987.044     36.153 1559347558      -0.29      0.644   39.81114  -72.50044    32.5740  1025.1239    25.0325     9.4396 0.0000e+00
     21.000     9.3892    32.5100  1025.2037     3.0498     7.3220    113.233    0.00083    6.46633    6.46972      8.056     0.9435   11.67588   3.510651 1.8096e+00    25.1076    25.1072 4.2898e-01     21.170          1        915    1484.92 2.3697e+01  51049.998     38.090 1559347560       0.44      0.478   39.81114  -72.50044    32.6557  1025.2005    25.1044     9.3869 0.0000e+00
     22.000     9.7352    32.6584  1025.2684     3.0405     7.2437    111.981   -0.00757    6.46870    6.47211      8.056     0.9872   11.68006   3.554047 1.2588e+00    25.1680    25.1676 2.9829e-01     22.171          1        939    1486.38 2.3697e+01  51192.675     39.076 1559347561       0.29      0.889   39.81114  -72.50044    32.7867  1025.2511    25.1508     9.7327 0.0000e+00
     23.000     9.5704    32.6701  1025.3089     3.0301     7.2140    111.273   -0.01001    6.48314    6.48677      8.056     0.9963   11.70364   3.541172 9.5539e-01    25.2040    25.2036 2.2640e-01     23.172          1        963    1485.82 2.3697e+01  51242.436     40.095 1559347562      -0.00      1.005   39.81114  -72.50044    32.8044  1025.2962    25.1912     9.5679 0.0000e+00
     24.000     9.5508    32.7072  1025.3457     3.0079     7.2095    110.122   -0.01164    6.54696    6.55155      8.058     1.1384   11.80836   3.542794 1.0677e+00    25.2361    25.2357 2.5301e-01     24.187          1       1010    1485.80 2.3697e+01  51299.048     42.027 1559347564      -0.26      0.551   39.81114  -72.50044    32.8387  1025.3306    25.2211     9.5482 0.0000e+00
     25.000     9.3035    32.7439  1025.4187     2.9821     7.1468    108.592   -0.01536    6.58133    6.58647      8.060     1.3502   11.86445   3.522651 7.2173e-01    25.3044    25.3040 1.7103e-01     25.199          1       1053    1484.96 2.3697e+01  51401.461     43.829 1559347566       0.40      0.530   39.81114  -72.50044    32.8570  1025.3891    25.2748     9.3008 0.0000e+00
     26.000     9.0205    32.7733  1025.4910     2.9779     7.1912    109.173   -0.00807    6.58701    6.59227      8.060     1.3938   11.87343   3.500829 3.8591e-01    25.3720    25.3716 9.1450e-02     26.199          1       1078    1483.97 2.3697e+01  51502.179     44.857 1559347567       0.21      0.897   39.81114  -72.50044    32.8906  1025.4644    25.3454     9.0178 0.0000e+00
     27.000     8.8140    32.8354  1025.5764     2.9760     7.2563    109.773   -0.00171    6.61030    6.61594      8.061     1.3964   11.91142   3.489005 5.6664e+04    25.4527    25.4523 9.4883e-02     27.207          1       1109    1483.30 9.5979e+00  51634.684     46.181 1559347568      -0.19      0.839   39.81114  -72.50044    32.9580  1025.5535    25.4298     8.8112 0.0000e+00
     28.000     8.7040    32.8826  1025.6349     2.9589     7.1729    108.195   -0.00954    6.62966    6.63559      8.058     1.3894   11.94322   3.484575 7.3666e+02    25.5066    25.5061 7.2216e-02     28.221          1       1147    1482.96 2.1961e+01  51726.005     47.771 1559347570       0.03      0.609   39.81114  -72.50044    33.0134  1025.6182    25.4899     8.7011 0.0000e+00
     29.000     8.5470    32.9256  1025.6971     2.9353     7.0780    106.330   -0.01714    6.65675    6.66308      8.057     1.5143   11.98805   3.473789 2.6496e+01    25.5641    25.5637 3.2625e-02     29.223          1       1178    1482.44 2.3664e+01  51822.472     49.040 1559347571       0.10      0.760   39.81114  -72.50044    33.0459  1025.6720    25.5390     8.5441 0.0000e+00
     30.000     8.4029    32.9444  1025.7384     2.9021     7.0205    104.428   -0.02095    6.72294    6.73022      8.058     1.5676   12.09776   3.463582 7.1736e-02    25.6007    25.6002 1.6999e-02     30.231          1       1216    1481.94 2.3697e+01  51882.067     50.613 1559347572      -0.14      0.678   39.81114  -72.50044    33.0725  1025.7192    25.5815     8.3999 0.0000e+00
     31.000     8.1171    32.9383  1025.7807     2.8740     7.0157    103.786   -0.01547    6.75972    6.76756      8.053     1.6428   12.15839   3.436028 3.6651e-03    25.6382    25.6378 8.6852e-04     31.246          1       1260    1480.88 2.3697e+01  51940.349     52.438 1559347574       0.07      0.529   39.81115  -72.50044    33.0478  1025.7468    25.6043     8.1140 0.0000e+00
     32.000     7.7449    32.9106  1025.8177     2.8559     7.0071    103.243   -0.01317    6.78703    6.79529      8.050     1.7380   12.20349   3.400320 7.6359e-05    25.6703    25.6698 1.8095e-05     32.249          1       1290    1479.44 2.3697e+01  51990.056     53.691 1559347576       0.19      0.734   39.81116  -72.50044    33.0161  1025.7806    25.6332     7.7418 0.0000e+00
     33.000     7.5855    32.9182  1025.8510     2.8292     6.8855    101.247   -0.02036    6.80065    6.80913      8.046     1.7969   12.22588   3.388689 4.2652e-12    25.6989    25.6985 1.0000e-12     33.256          1       1317    1478.86 2.3487e+01  52040.773     54.845 1559347577       0.03      0.869   39.81116  -72.50044    33.0414  1025.8277    25.6756     7.5824 0.0000e+00
     34.000     7.4769    32.9318  1025.8817     2.8019     6.7798     99.684   -0.02339    6.80130    6.80980      8.041     1.9585   12.22689   3.379513 4.3833e-12    25.7249    25.7244 1.0000e-12     34.263          1       1346    1478.47 2.2908e+01  52087.894     56.060 1559347578      -0.04      0.847   39.81116  -72.50044    33.0448  1025.8503    25.6935     7.4737 0.0000e+00
     35.000     7.2833    32.9351  1025.9159     2.7722     6.7075     98.567   -0.02154    6.80507    6.81363      8.036     2.0131   12.23299   3.363807 4.2631e-12    25.7543    25.7538 1.0000e-12     35.270          1       1379    1477.75 2.3475e+01  52142.485     57.432 1559347579      -0.08      0.763   39.81116  -72.50044    33.0582  1025.8923    25.7307     7.2801 0.0000e+00
     36.000     7.2599    32.9466  1025.9328     2.7280     6.5945     96.412   -0.02310    6.84013    6.84924      8.028     1.3567   12.29090   3.363727 4.3406e-12    25.7666    25.7662 1.0000e-12     36.281          1       1425    1477.69 2.3076e+01  52165.575     59.333 1559347581      -0.14      0.538   39.81115  -72.50044    33.0793  1025.9166    25.7504     7.2566 0.0000e+00
     37.000     7.2305    32.9609  1025.9527     2.6773     6.4678     93.493   -0.02856    6.91797    6.92824      8.021     1.1640   12.41996   3.361898 4.5207e-12    25.7817    25.7812 1.0000e-12     37.294          1       1467    1477.61 2.2149e+01  52193.465     61.074 1559347583       0.30      0.523   39.81115  -72.50044    33.0870  1025.9314    25.7605     7.2271 0.0000e+00
     38.000     7.0550    32.9626  1025.9828     2.6463     6.3714     91.851   -0.03073    6.93673    6.94728      8.016     1.1582   12.45109   3.346974 4.3904e-12    25.8072    25.8067 1.0000e-12     38.291          1       1493    1476.95 2.2820e+01  52243.539     62.177 1559347584       0.13      0.852   39.81116  -72.50044    33.0914  1025.9634    25.7878     7.0516 0.0000e+00
     39.000     6.6678    32.9274  1026.0114     2.6204     6.3862     91.991   -0.01964    6.94228    6.95291      8.010     1.1036   12.46034   3.307499 4.3520e-12    25.8308    25.8303 1.0000e-12     39.311          1       1527    1475.41 2.3017e+01  52297.914     63.578 1559347585      -0.13      0.747   39.81116  -72.50044    33.0287  1025.9705    25.7898     6.6644 0.0000e+00
     40.000     6.4581    32.9078  1026.0280     2.5997     6.3350     91.222   -0.01831    6.94456    6.95521      8.006     1.1962   12.46417   3.288928 4.5670e-12    25.8425    25.8420 1.0000e-12     40.311          1       1553    1474.58 2.1911e+01  52328.102     64.674 1559347587       0.21      0.820   39.81116  -72.50044    33.0246  1025.9991    25.8136     6.4547 0.0000e+00
     41.000     6.4023    32.9009  1026.0344     2.5786     6.3226     90.377   -0.01751    6.99584    7.00725      8.004     1.1497   12.54939   3.284438 4.6060e-12    25.8442    25.8437 1.0000e-12     41.314          1       1583    1474.37 2.1685e+01  52334.686     65.927 1559347588      -0.13      0.866   39.81116  -72.50044    33.0282  1026.0137    25.8236     6.3988 0.0000e+00
     42.000     6.3584    32.8872  1026.0339     2.5519     6.3186     89.587   -0.01427    7.05305    7.06535      7.997     1.2029   12.64418   3.278995 4.4338e-12    25.8391    25.8386 1.0000e-12     42.332          1       1629    1474.19 -9.990e-29  52328.443     67.819 1559347590      -0.07      0.497   39.81116  -72.50044    33.0094  1026.0093    25.8145     6.3548 0.0000e+00
