CalculateIndicators/WaterTemperature/Data/CTD_NYOS/NYB_20190601_3_2.cnv
* Sea-Bird SBE 9 Data File:
* FileName = C:\Seabird 9 CTD\Data\2019\201905_offshore\NYB_20190601_3_2.hex
* Software Version Seasave V 7.23.2
* Temperature SN = 4590
* Conductivity SN = 3228
* Number of Bytes Per Scan = 44
* Number of Voltage Words = 5
* Number of Scans Averaged by the Deck Unit = 1
* NMEA Latitude = 40 25.86 N
* NMEA Longitude = 072 23.10 W
* NMEA UTC (Time) = Jun 01 2019  15:46:16
* NMEA baud rate = 4800
** Ship: Seawolf
** Station: 3-2
** Operator: AJB
# nquan = 35
# nvalues = 96                          
# units = specified
# name 0 = depSM: Depth [salt water, m]
# name 1 = t090C: Temperature [ITS-90, deg C]
# name 2 = sal00: Salinity, Practical [PSU]
# name 3 = density00: Density [density, kg/m^3]
# name 4 = sbeox0V: Oxygen raw, SBE 43 [V]
# name 5 = sbeox0ML/L: Oxygen, SBE 43 [ml/l]
# name 6 = sbeox0PS: Oxygen, SBE 43 [% saturation]
# name 7 = sbox0dV/dT: Oxygen, SBE 43 [dov/dt]
# name 8 = oxsolML/L: Oxygen Saturation, Garcia & Gordon [ml/l]
# name 9 = oxsatML/L: Oxygen Saturation, Weiss [ml/l]
# name 10 = ph: pH
# name 11 = flECO-AFL: Fluorescence, WET Labs ECO-AFL/FL [mg/m^3]
# name 12 = n2satML/L: Nitrogen Saturation [ml/l]
# name 13 = c0S/m: Conductivity [S/m]
# name 14 = cpar: CPAR/Corrected Irradiance [%]
# name 15 = sigma-é00: Density [sigma-theta, kg/m^3]
# name 16 = sigma-t00: Density [sigma-t, kg/m^3 ]
# name 17 = par: PAR/Irradiance, Biospherical/Licor
# name 18 = prDM: Pressure, Digiquartz [db]
# name 19 = pumps: Pump Status
# name 20 = scan: Scan Count
# name 21 = svCM: Sound Velocity [Chen-Millero, m/s]
# name 22 = spar: SPAR, Biospherical/Licor
# name 23 = specc: Specific Conductance [uS/cm]
# name 24 = timeS: Time, Elapsed [seconds]
# name 25 = timeY: Time, System [seconds]
# name 26 = accM: Acceleration [m/s^2]
# name 27 = dz/dtM: Descent Rate [m/s]
# name 28 = latitude: Latitude [deg]
# name 29 = longitude: Longitude [deg]
# name 30 = gsw_saA0: Absolute Salinity [g/kg]
# name 31 = gsw_densityA0: density, TEOS-10 [density, kg/m^3]
# name 32 = gsw_sigma0A0: density, TEOS-10 [sigma-0, kg/m^3 ]
# name 33 = gsw_ptA0: potential temperature [ITS-90, deg C]
# name 34 = flag: flag
# span 0 =      1.000,     49.000       
# span 1 =     6.2717,    15.2674       
# span 2 =    29.9101,    32.5758       
# span 3 =  1021.9998,  1025.6849       
# span 4 =     2.2302,     2.8843       
# span 5 =     5.3621,     6.9361       
# span 6 =     76.791,    108.448       
# span 7 =   -0.05343,    0.06213       
# span 8 =    5.83388,    6.98324       
# span 9 =    5.82772,    6.99384       
# span 10 =      7.881,      8.092      
# span 11 =     0.0610,     0.4522      
# span 12 =   10.66099,   12.53437      
# span 13 =   3.230013,   3.787814      
# span 14 = 9.2497e-02, 4.9175e+01      
# span 15 =    21.9961,    25.4578      
# span 16 =    21.9961,    25.4573      
# span 17 = 1.2229e+00, 5.9722e+02      
# span 18 =      1.016,     49.383      
# span 19 =          1,          1      
# span 20 =       2561,      12584      
# span 21 =    1473.34,    1501.63      
# span 22 = 1.2088e+03, 1.3527e+03      
# span 23 =  46568.736,  51642.263      
# span 24 =    106.648,    524.311      
# span 25 = 1559404082, 1559404500      
# span 26 =      -0.30,       0.26      
# span 27 =     -0.701,      0.879      
# span 28 =   40.43124,   40.43166      
# span 29 =  -72.38627,  -72.38520      
# span 30 =    30.0550,    32.7286      
# span 31 =  1022.0078,  1025.6866      
# span 32 =    22.0033,    25.4590      
# span 33 =     6.2676,    15.2672      
# span 34 = 0.0000e+00, 0.0000e+00      
# interval = meters: 1                  
# start_time = Jun 01 2019 15:46:16 [System UTC, first data scan.]
# bad_flag = -9.990e-29
*END*
      2.000    15.0632    30.0138  1022.1272     2.8610     6.2100    105.223    0.00754    5.90180    5.89674      8.072     0.2779   10.76560   3.744080 3.4438e+01    22.1183    22.1182 4.6584e+02      2.011          1       2561    1501.11 1.3527e+03  46730.466    106.648 1559404082       0.24      0.438   40.43124  -72.38520    30.1505  1022.1284    22.1195    15.0629 0.0000e+00
      3.000    14.8416    30.1347  1022.2713     2.8638     6.1718    104.919    0.00180    5.88245    5.87733      8.064     0.2094   10.73062   3.738458 2.4456e+01    22.2578    22.2577 3.3081e+02      3.027          1       2615    1500.56 1.3527e+03  46921.221    108.902 1559404085      -0.01      0.451   40.43124  -72.38520    30.2714  1022.2719    22.2585    14.8412 0.0000e+00
      4.000    14.6341    30.5882  1022.6683     2.8437     6.0739    102.983   -0.01123    5.89794    5.89301      8.065     0.2045   10.75584   3.772797 1.8070e+01    22.6504    22.6503 2.4438e+02      4.031          1       2652    1500.43 1.3524e+03  47577.149    110.461 1559404086       0.11      0.626   40.43124  -72.38520    30.7433  1022.6814    22.6635    14.6336 0.0000e+00
      5.000    14.6638    30.7183  1022.7668     2.8328     6.0668    102.647   -0.00934    5.91030    5.90552      8.064     0.2343   10.77606   3.787814 1.3863e+01    22.7444    22.7442 1.8722e+02      5.038          1       2688    1500.70 1.3504e+03  47756.223    111.968 1559404088      -0.01      0.673   40.43124  -72.38521    30.8556  1022.7658    22.7434    14.6631 0.0000e+00
      6.000    14.5214    30.7785  1022.8473     2.8298     6.1029    103.109   -0.00192    5.91891    5.91426      8.066     0.2797   10.78955   3.781713 1.1809e+01    22.8205    22.8203 1.5933e+02      6.047          1       2728    1500.32 1.3491e+03  47855.501    113.631 1559404089      -0.04      0.612   40.43125  -72.38522    30.9130  1022.8440    22.8171    14.5205 0.0000e+00
      7.000    14.3966    30.8124  1022.9038     2.8324     6.1349    103.504    0.00146    5.92728    5.92277      8.068     0.3102   10.80248   3.774482 1.0458e+01    22.8724    22.8722 1.4077e+02      7.056          1       2765    1499.97 1.3460e+03  47916.182    115.182 1559404091       0.07      0.633   40.43126  -72.38522    30.9464  1022.8998    22.8685    14.3956 0.0000e+00
      8.000    14.3285    30.8733  1022.9693     2.8327     6.1372    103.424    0.00028    5.93402    5.92962      8.071     0.3096   10.81308   3.775561 9.1426e+00    22.9335    22.9332 1.2295e+02      8.061          1       2798    1499.84 1.3448e+03  48009.063    116.556 1559404092       0.03      0.726   40.43126  -72.38522    31.0103  1022.9675    22.9316    14.3274 0.0000e+00
      9.000    14.2345    30.9591  1023.0593     2.8366     6.2024    103.786    0.00275    5.97620    5.97232      8.073     0.3266   10.88193   3.776669 7.7679e+00    23.0189    23.0186 1.0448e+02      9.069          1       2836    1499.65 1.3450e+03  48139.462    118.109 1559404094      -0.08      0.669   40.43126  -72.38523    31.0956  1023.0567    23.0163    14.2333 0.0000e+00
     10.000    14.1343    31.0304  1023.1393     2.8233     6.3764    102.271   -0.00635    6.23533    6.23484      8.083     0.3649   11.30575   3.775454 6.5480e+00    23.0945    23.0942 8.7694e+01     10.080          1       2876    1499.42 1.3390e+03  48250.585    119.808 1559404096       0.02      0.585   40.43126  -72.38524    31.1649  1023.1349    23.0900    14.1329 0.0000e+00
     11.000    13.7379    31.1329  1023.3031     2.8186     6.5387    101.669   -0.00992    6.43095    6.43318      8.092     0.4205   11.62618   3.748721 5.7146e+00    23.2536    23.2533 7.4145e+01     11.087          1       2911    1498.26 1.2979e+03  48438.815    121.237 1559404097       0.10      0.679   40.43126  -72.38524    31.2396  1023.2767    23.2273    13.7364 0.0000e+00
     12.000    11.9468    31.5717  1023.9886     2.8468     6.9361    105.867    0.01906    6.55137    6.55537      8.087     0.4358   11.82362   3.627901 4.7207e+00    23.9343    23.9340 6.2533e+01     12.089          1       2943    1492.71 1.3257e+03  49293.003    122.575 1559404098      -0.02      0.759   40.43126  -72.38524    31.5854  1023.8880    23.8337    11.9453 0.0000e+00
     13.000     9.8870    32.0029  1024.6901     2.8117     6.6435    100.678   -0.01644    6.59860    6.60335      8.068     0.3160   11.90053   3.491616 4.0593e+00    24.6309    24.6307 5.4470e+01     13.103          1       2989    1485.99 1.3418e+03  50234.994    124.493 1559404100      -0.12      0.529   40.43126  -72.38525    32.0164  1024.5862    24.5269     9.8856 0.0000e+00
     14.000     8.8493    32.1800  1024.9983     2.7243     6.1250     92.951   -0.05343    6.58952    6.59418      8.071     0.2204   11.88501   3.420279 3.4144e+00    24.9340    24.9338 4.5801e+01     14.114          1       3030    1482.41 1.3413e+03  50688.836    126.204 1559404102       0.20      0.560   40.43126  -72.38526    32.2117  1024.9072    24.8429     8.8478 0.0000e+00
     15.000     8.8022    32.2180  1025.0398     2.7085     6.2254     94.419   -0.03242    6.59340    6.59813 -9.990e-29     0.1928   11.89137   3.423043 2.8134e+00    24.9709    24.9707 3.7668e+01     15.115          1       3057    1482.30 1.3389e+03  50754.054    127.351 1559404103       0.16      0.810   40.43126  -72.38526    32.2829  1024.9743    24.9054     8.8006 0.0000e+00
     16.000     8.8598    32.2621  1025.0701     2.7365     6.6251    100.449    0.01362    6.59542    6.60017 -9.990e-29     0.1987   11.89470   3.433690 2.6547e+00    24.9967    24.9965 3.5542e+01     16.121          1       3089    1482.58 1.3388e+03  50805.544    128.681 1559404104      -0.12      0.805   40.43126  -72.38526    32.3413  1025.0155    24.9422     8.8582 0.0000e+00
     17.000     8.8333    32.2752  1025.0890     2.7593     6.6980    101.486    0.01359    6.59991    6.60474      8.073     0.1989   11.90188   3.433993 2.5001e+00    25.0110    25.0107 3.3422e+01     17.132          1       3132    1482.51 1.3370e+03  50830.158    130.469 1559404106      -0.08      0.578   40.43126  -72.38526    32.3683  1025.0452    24.9672     8.8315 0.0000e+00
     18.000     8.8197    32.2817  1025.1007     2.7545     6.6098     99.632   -0.00249    6.63414    6.63947      8.063     0.2500   11.95832   3.435096 2.2260e+00    25.0182    25.0179 2.9757e+01     18.145          1       3180    1482.49 1.3369e+03  50842.862    132.444 1559404108       0.04      0.492   40.43126  -72.38526    32.3918  1025.0702    24.9876     8.8178 0.0000e+00
     19.000     8.7875    32.3032  1025.1271     2.7174     6.3449     95.836   -0.02292    6.62058    6.62575      8.059     0.2581   11.93541   3.433499 1.8488e+00    25.0399    25.0396 2.4717e+01     19.149          1       3212    1482.41 1.3369e+03  50880.773    133.782 1559404110       0.20      0.694   40.43126  -72.38526    32.4040  1025.0892    25.0020     8.7855 0.0000e+00
     20.000     8.5524    32.3020  1025.1665     2.6841     6.1955     93.587   -0.03020    6.62008    6.62526      8.058     0.2813   11.93456   3.414299 1.6785e+00    25.0747    25.0744 2.2334e+01     20.155          1       3240    1481.55 1.3306e+03  50930.720    134.975 1559404111       0.04      0.835   40.43126  -72.38527    32.4173  1025.1397    25.0478     8.5504 0.0000e+00
     21.000     8.6044    32.3365  1025.1902     2.6651     6.2197     94.035   -0.01787    6.61422    6.61934      8.055     0.2523   11.92446   3.423351 1.6467e+00    25.0938    25.0935 2.1689e+01     21.161          1       3272    1481.80 1.3171e+03  50968.775    136.289 1559404112      -0.08      0.796   40.43128  -72.38528    32.4643  1025.1732    25.0768     8.6023 0.0000e+00
     22.000     8.6291    32.3557  1025.2062     2.6542     6.2152     94.620   -0.00772    6.56864    6.57326      8.057     0.3080   11.84750   3.427645 1.4980e+00    25.1052    25.1048 1.9992e+01     22.169          1       3312    1481.93 1.3349e+03  50991.416    137.969 1559404114      -0.11      0.624   40.43128  -72.38528    32.4864  1025.1913    25.0903     8.6269 0.0000e+00
     23.000     8.7639    32.4429  1025.2584     2.6786     6.4053     97.881    0.01317    6.54394    6.54826      8.071     0.4284   11.80602   3.450406 1.3405e+00    25.1529    25.1525 1.7964e+01     23.185          1       3364    1482.56 1.3401e+03  51086.603    140.128 1559404116       0.00      0.439   40.43128  -72.38528    32.6010  1025.2647    25.1592     8.7615 0.0000e+00
     24.000     9.0295    32.5523  1025.3076     2.7085     6.5470    100.111    0.02176    6.53972    6.54400      8.073     0.4042   11.79895   3.484465 1.0795e+00    25.1977    25.1973 1.4455e+01     24.191          1       3397    1483.70 1.3390e+03  51186.317    141.512 1559404117       0.26      0.659   40.43128  -72.38529    32.7125  1025.3152    25.2053     9.0270 0.0000e+00
     25.000     9.0652    32.5599  1025.3126     2.7203     6.5339     99.905    0.01450    6.54011    6.54439      8.076     0.4050   11.79957   3.487808 8.9880e-01    25.1981    25.1977 1.2016e+01     25.193          1       3424    1483.86 1.3369e+03  51190.141    142.610 1559404118       0.11      0.879   40.43128  -72.38530    32.7141  1025.3155    25.2011     9.0625 0.0000e+00
     26.000     9.1042    32.5736  1025.3218     2.7247     6.4951     99.191    0.00547    6.54802    6.55241      8.074     0.3839   11.81274   3.492680 9.5301e-01    25.2027    25.2023 1.2734e+01     26.199          1       3457    1484.03 1.3362e+03  51202.073    144.018 1559404120      -0.17      0.779   40.43128  -72.38530    32.7286  1025.3252    25.2062     9.1014 0.0000e+00
     27.000     9.0987    32.5758  1025.3289     2.7067     6.3476     96.841   -0.00970    6.55459    6.55906      8.069     0.2929   11.82365   3.492087 8.9157e-01    25.2053    25.2049 1.1901e+01     27.214          1       3506    1484.03 1.3348e+03  51206.947    146.028 1559404122      -0.02      0.471   40.43128  -72.38530    32.7270  1025.3295    25.2059     9.0958 0.0000e+00
     28.000     9.0388    32.5699  1025.3383     2.6835     6.2434     95.247   -0.01519    6.55494    6.55942      8.068     0.2788   11.82423   3.486163 7.4078e-01    25.2101    25.2097 9.8742e+00     28.222          1       3543    1483.82 1.3329e+03  51211.730    147.568 1559404123       0.15      0.628   40.43128  -72.38530    32.7199  1025.3379    25.2097     9.0358 0.0000e+00
     29.000     9.0167    32.5678  1025.3447     2.6675     6.2095     94.703   -0.01357    6.55674    6.56124      8.068     0.2779   11.82724   3.484171 6.5064e-01    25.2119    25.2114 8.6727e+00     29.227          1       3572    1483.75 1.3329e+03  51214.024    148.785 1559404125       0.10      0.786   40.43128  -72.38530    32.7190  1025.3452    25.2124     9.0137 0.0000e+00
     30.000     9.0126    32.5670  1025.3493     2.6560     6.2043     94.566   -0.00994    6.56077    6.56533      8.064     0.2840   11.83395   3.483877 6.2165e-01    25.2120    25.2115 8.2675e+00     30.230          1       3604    1483.75 1.3300e+03  51214.396    150.125 1559404126      -0.10      0.791   40.43128  -72.38530    32.7192  1025.3506    25.2133     9.0095 0.0000e+00
     31.000     8.9940    32.5639  1025.3544     2.6397     6.1807     94.069   -0.00787    6.57040    6.57508      8.060     0.2120   11.84999   3.481862 6.0101e-01    25.2124    25.2119 7.9778e+00     31.246          1       3653    1483.70 1.3276e+03  51214.560    152.146 1559404128      -0.07      0.477   40.43129  -72.38532    32.7150  1025.3548    25.2128     8.9907 0.0000e+00
     32.000     8.9577    32.5582  1025.3602     2.6242     6.1445     93.267   -0.00902    6.58810    6.59302      8.055     0.1800   11.87942   3.478006 5.0629e-01    25.2136    25.2131 6.7493e+00     32.253          1       3693    1483.57 1.3330e+03  51214.702    153.828 1559404130       0.13      0.585   40.43130  -72.38532    32.7076  1025.3593    25.2127     8.9544 0.0000e+00
     33.000     8.9128    32.5521  1025.3669     2.6057     6.0765     92.024   -0.01301    6.60320    6.60832      8.052     0.1543   11.90444   3.473351 4.4151e-01    25.2158    25.2152 5.8850e+00     33.261          1       3724    1483.42 1.3329e+03  51216.109    155.125 1559404131       0.11      0.737   40.43130  -72.38532    32.6998  1025.3648    25.2136     8.9094 0.0000e+00
     34.000     8.8508    32.5443  1025.3751     2.5911     6.0426     91.303   -0.01369    6.61820    6.62352      8.050     0.1324   11.92937   3.466861 3.8384e-01    25.2193    25.2187 5.1165e+00     34.262          1       3751    1483.19 1.3329e+03  51219.162    156.268 1559404132       0.06      0.858   40.43130  -72.38532    32.6887  1025.3703    25.2145     8.8473 0.0000e+00
     35.000     8.7047    32.5334  1025.3936     2.5692     6.0035     90.375   -0.01322    6.64294    6.64861      8.045     0.1506   11.97037   3.452686 3.9689e-01    25.2331    25.2325 5.2875e+00     35.272          1       3791    1482.65 1.3323e+03  51235.583    157.907 1559404134      -0.19      0.665   40.43130  -72.38534    32.6743  1025.3860    25.2255     8.7011 0.0000e+00
     36.000     8.5272    32.5180  1025.4131     2.5433     6.0033     89.298   -0.01250    6.72285    6.72964      8.039     0.1672   12.10289   3.435289 3.5572e-01    25.2478    25.2473 4.7343e+00     36.287          1       3840    1481.98 1.3309e+03  51252.942    159.948 1559404136       0.08      0.467   40.43130  -72.38534    32.6546  1025.4023    25.2370     8.5236 0.0000e+00
     37.000     8.3844    32.5174  1025.4387     2.5194     5.9851     87.828   -0.01612    6.81463    6.82275      8.034     0.1371   12.25486   3.422799 2.9581e-01    25.2687    25.2682 3.9324e+00     37.293          1       3872    1481.46 1.3293e+03  51284.754    161.303 1559404137       0.18      0.687   40.43130  -72.38534    32.6545  1025.4281    25.2581     8.3807 0.0000e+00
     38.000     8.0952    32.4972  1025.4701     2.4934     5.8972     86.180   -0.02041    6.84296    6.85149      8.024     0.1056   12.30185   3.392584 2.6375e-01    25.2953    25.2947 3.5054e+00     38.294          1       3901    1480.36 1.3290e+03  51323.044    162.505 1559404138       0.03      0.830   40.43130  -72.38534    32.6013  1025.4336    25.2588     8.0915 0.0000e+00
     39.000     7.3776    32.4623  1025.5496     2.4490     5.7544     83.476   -0.02656    6.89368    6.90295      8.014     0.1016   12.38598   3.326344 2.7272e-01    25.3694    25.3690 3.6166e+00     39.308          1       3940    1477.59 1.3260e+03  51446.221    164.141 1559404140      -0.16      0.643   40.43130  -72.38534    32.5594  1025.5075    25.3274     7.3739 0.0000e+00
     40.000     7.1227    32.4479  1025.5779     2.4062     5.6295     81.291   -0.02877    6.92517    6.93489      8.008     0.1129   12.43823   3.304025 2.3177e-01    25.3929    25.3924 3.0081e+00     40.314          1       3976    1476.60 1.2976e+03  51490.758    165.639 1559404141       0.15      0.641   40.43130  -72.38535    32.5560  1025.5442    25.3592     7.1191 0.0000e+00
     41.000     6.8121    32.4215  1025.6031     2.3668     5.5499     79.979   -0.02478    6.93916    6.94909      8.000     0.0933   12.46147   3.274705 2.1524e-01    25.4133    25.4128 2.8315e+00     41.318          1       4016    1475.37 1.3155e+03  51535.271    167.289 1559404143      -0.11      0.632   40.43130  -72.38536    32.5276  1025.5679    25.3780     6.8085 0.0000e+00
     42.000     6.5651    32.3964  1025.6204     2.3238     5.4800     78.926   -0.01726    6.94321    6.95320      7.986     0.0908   12.46820   3.252389 1.9585e-01    25.4256    25.4252 2.6028e+00     42.335          1       4073    1474.39 1.3289e+03  51566.075    169.647 1559404145       0.06      0.387   40.43130  -72.38536    32.5153  1025.5952    25.4003     6.5615 0.0000e+00
