CalculateIndicators/WaterTemperature/Data/CTD_NYOS/NYB_20190601_4_1.cnv
* Sea-Bird SBE 9 Data File:
* FileName = C:\Seabird 9 CTD\Data\2019\201905_offshore\NYB_20190601_4_1.hex
* Software Version Seasave V 7.23.2
* Temperature SN = 4590
* Conductivity SN = 3228
* Number of Bytes Per Scan = 44
* Number of Voltage Words = 5
* Number of Scans Averaged by the Deck Unit = 1
* NMEA Latitude = 40 39.27 N
* NMEA Longitude = 072 48.91 W
* NMEA UTC (Time) = Jun 01 2019  09:56:43
* NMEA baud rate = 4800
** Ship: Seawolf
** Station: 4-1
** Operator: AJB
# nquan = 35
# nvalues = 48                          
# units = specified
# name 0 = depSM: Depth [salt water, m]
# name 1 = t090C: Temperature [ITS-90, deg C]
# name 2 = sal00: Salinity, Practical [PSU]
# name 3 = density00: Density [density, kg/m^3]
# name 4 = sbeox0V: Oxygen raw, SBE 43 [V]
# name 5 = sbeox0ML/L: Oxygen, SBE 43 [ml/l]
# name 6 = sbeox0PS: Oxygen, SBE 43 [% saturation]
# name 7 = sbox0dV/dT: Oxygen, SBE 43 [dov/dt]
# name 8 = oxsolML/L: Oxygen Saturation, Garcia & Gordon [ml/l]
# name 9 = oxsatML/L: Oxygen Saturation, Weiss [ml/l]
# name 10 = ph: pH
# name 11 = flECO-AFL: Fluorescence, WET Labs ECO-AFL/FL [mg/m^3]
# name 12 = n2satML/L: Nitrogen Saturation [ml/l]
# name 13 = c0S/m: Conductivity [S/m]
# name 14 = cpar: CPAR/Corrected Irradiance [%]
# name 15 = sigma-é00: Density [sigma-theta, kg/m^3]
# name 16 = sigma-t00: Density [sigma-t, kg/m^3 ]
# name 17 = par: PAR/Irradiance, Biospherical/Licor
# name 18 = prDM: Pressure, Digiquartz [db]
# name 19 = pumps: Pump Status
# name 20 = scan: Scan Count
# name 21 = svCM: Sound Velocity [Chen-Millero, m/s]
# name 22 = spar: SPAR, Biospherical/Licor
# name 23 = specc: Specific Conductance [uS/cm]
# name 24 = timeS: Time, Elapsed [seconds]
# name 25 = timeY: Time, System [seconds]
# name 26 = accM: Acceleration [m/s^2]
# name 27 = dz/dtM: Descent Rate [m/s]
# name 28 = latitude: Latitude [deg]
# name 29 = longitude: Longitude [deg]
# name 30 = gsw_saA0: Absolute Salinity [g/kg]
# name 31 = gsw_densityA0: density, TEOS-10 [density, kg/m^3]
# name 32 = gsw_sigma0A0: density, TEOS-10 [sigma-0, kg/m^3 ]
# name 33 = gsw_ptA0: potential temperature [ITS-90, deg C]
# name 34 = flag: flag
# span 0 =      1.000,     25.000       
# span 1 =     9.8877,    16.1485       
# span 2 =    30.0531,    31.8189       
# span 3 =  1021.9231,  1024.6013       
# span 4 =     2.5599,     2.8502       
# span 5 =     5.8177,     6.5886       
# span 6 =     90.071,    105.524       
# span 7 =   -0.04472,    0.06797       
# span 8 =    5.77906,    6.46432       
# span 9 =    5.77263,    6.46685       
# span 10 =      7.953,      8.019      
# span 11 =     0.3465,     1.3922      
# span 12 =   10.56483,   11.68317      
# span 13 =   3.485453,   3.840560      
# span 14 = 3.2132e-01, 3.9642e+01      
# span 15 =    21.9134,    24.4872      
# span 16 =    21.9134,    24.4867      
# span 17 = 2.6507e-01, 3.9296e+01      
# span 18 =      1.019,     25.190      
# span 19 =          1,          1      
# span 20 =       1019,       4560      
# span 21 =    1485.97,    1504.59      
# span 22 = 5.0613e+01, 1.0046e+02      
# span 23 =  46688.106,  49978.675      
# span 24 =     42.414,    189.963      
# span 25 = 1559383045, 1559383193      
# span 26 =      -0.36,       0.85      
# span 27 =     -0.862,      0.890      
# span 28 =   40.65456,   40.65458      
# span 29 =  -72.81556,  -72.81528      
# span 30 =    30.1737,    31.9540      
# span 31 =  1021.9121,  1024.5883      
# span 32 =    21.9033,    24.4742      
# span 33 =     9.8850,    16.1482      
# span 34 = 0.0000e+00, 0.0000e+00      
# interval = meters: 1                  
# start_time = Jun 01 2019 09:56:43 [System UTC, first data scan.]
# bad_flag = -9.990e-29
*END*
[from data line 42]
      6.000    13.6073    30.8092  1023.0567     2.8479     6.2281    104.519    0.00637    5.95885    5.95451      7.994     0.3925   10.85814   3.707642 9.6219e+00    23.0299    23.0298 9.0406e+00      6.049          1       4159    1497.36 9.3970e+01  47998.320    173.238 1559383176       0.10     -0.720   40.65456  -72.81552    30.9664  1023.0704    23.0434    13.6065 0.0000e+00
      5.000    13.8744    30.7216  1022.9311     2.8496     6.1871    104.171    0.00117    5.93932    5.93475      7.997     0.3933   10.82599   3.722582 1.1911e+01    22.9087    22.9085 1.1266e+01      5.039          1       4203    1498.12 9.4564e+01  47844.455    175.073 1559383178       0.08     -0.555   40.65456  -72.81554    30.8897  1022.9535    22.9311    13.8737 0.0000e+00
      4.000    14.0463    30.6868  1022.8651     2.8502     6.1542    104.226    0.00141    5.90463    5.89964      7.996     0.3731   10.76937   3.732656 1.5469e+01    22.8472    22.8471 1.4664e+01      4.027          1       4245    1498.63 9.4794e+01  47776.415    176.822 1559383180      -0.13     -0.554   40.65456  -72.81554    30.8448  1022.8799    22.8620    14.0458 0.0000e+00
      3.000    14.2236    30.6504  1022.7964     2.8402     6.0861    103.130   -0.00672    5.90143    5.89642      8.000     0.4169   10.76401   3.745688 2.3423e+01    22.7828    22.7827 1.9144e+01      3.024          1       4275    1499.15 8.2806e+01  47705.329    178.067 1559383181      -0.13     -0.759   40.65456  -72.81554    30.8230  1022.8226    22.8091    14.2232 0.0000e+00
      2.000    14.5059    30.5654  1022.6683     2.8346     6.0468    103.060   -0.00490    5.86726    5.86186      8.000     0.3967   10.70794   3.760104 2.9816e+01    22.6593    22.6592 2.5663e+01      2.021          1       4305    1499.96 8.6179e+01  47556.595    179.333 1559383182       0.03     -0.813   40.65456  -72.81554    30.7304  1022.6891    22.6802    14.5056 0.0000e+00
      1.000    15.3739    30.3536  1022.3180     2.8356     5.9086    102.287   -0.01647    5.77906    5.77263      8.006     0.6664   10.56483   3.818166 3.9642e+01    22.3150    22.3150 3.9296e+01      1.019          1       4560    1502.48 1.0046e+02  47182.880    189.963 1559383193      -0.03      0.112   40.65456  -72.81556    30.5728  1022.3812    22.3767    15.3737 0.0000e+00
