CalculateIndicators/WaterTemperature/Data/CTD_NYOS/NYB_20190531_4_2.cnv
* Sea-Bird SBE 9 Data File:
* FileName = C:\Seabird 9 CTD\Data\2019\201905_offshore\NYB_20190531_4_2.hex
* Software Version Seasave V 7.23.2
* Temperature SN = 4590
* Conductivity SN = 3228
* Number of Bytes Per Scan = 44
* Number of Voltage Words = 5
* Number of Scans Averaged by the Deck Unit = 1
* NMEA Latitude = 40 23.08 N
* NMEA Longitude = 072 42.89 W
* NMEA UTC (Time) = Jun 01 2019  05:21:03
* NMEA baud rate = 4800
** Ship: Seawolf
** Station: 4-2
** Operator: LIS
# nquan = 35
# nvalues = 78                          
# units = specified
# name 0 = depSM: Depth [salt water, m]
# name 1 = t090C: Temperature [ITS-90, deg C]
# name 2 = sal00: Salinity, Practical [PSU]
# name 3 = density00: Density [density, kg/m^3]
# name 4 = sbeox0V: Oxygen raw, SBE 43 [V]
# name 5 = sbeox0ML/L: Oxygen, SBE 43 [ml/l]
# name 6 = sbeox0PS: Oxygen, SBE 43 [% saturation]
# name 7 = sbox0dV/dT: Oxygen, SBE 43 [dov/dt]
# name 8 = oxsolML/L: Oxygen Saturation, Garcia & Gordon [ml/l]
# name 9 = oxsatML/L: Oxygen Saturation, Weiss [ml/l]
# name 10 = ph: pH
# name 11 = flECO-AFL: Fluorescence, WET Labs ECO-AFL/FL [mg/m^3]
# name 12 = n2satML/L: Nitrogen Saturation [ml/l]
# name 13 = c0S/m: Conductivity [S/m]
# name 14 = cpar: CPAR/Corrected Irradiance [%]
# name 15 = sigma-é00: Density [sigma-theta, kg/m^3]
# name 16 = sigma-t00: Density [sigma-t, kg/m^3 ]
# name 17 = par: PAR/Irradiance, Biospherical/Licor
# name 18 = prDM: Pressure, Digiquartz [db]
# name 19 = pumps: Pump Status
# name 20 = scan: Scan Count
# name 21 = svCM: Sound Velocity [Chen-Millero, m/s]
# name 22 = spar: SPAR, Biospherical/Licor
# name 23 = specc: Specific Conductance [uS/cm]
# name 24 = timeS: Time, Elapsed [seconds]
# name 25 = timeY: Time, System [seconds]
# name 26 = accM: Acceleration [m/s^2]
# name 27 = dz/dtM: Descent Rate [m/s]
# name 28 = latitude: Latitude [deg]
# name 29 = longitude: Longitude [deg]
# name 30 = gsw_saA0: Absolute Salinity [g/kg]
# name 31 = gsw_densityA0: density, TEOS-10 [density, kg/m^3]
# name 32 = gsw_sigma0A0: density, TEOS-10 [sigma-0, kg/m^3 ]
# name 33 = gsw_ptA0: potential temperature [ITS-90, deg C]
# name 34 = flag: flag
# span 0 =      1.000,     40.000       
# span 1 =     6.0324,    15.3168       
# span 2 =    31.0519,    33.2130       
# span 3 =  1022.9110,  1025.7380       
# span 4 =     2.1347,     3.0041       
# span 5 =     4.1654,     7.8234       
# span 6 =     70.994,    120.712       
# span 7 =   -0.04967,    0.19204       
# span 8 =    5.79229,    7.02023       
# span 9 =    5.78646,    7.03153       
# span 10 =      7.874,      8.040      
# span 11 =     0.0823,     1.3294      
# span 12 =   10.57658,   12.59443      
# span 13 =   3.216150,   3.890532      
# span 14 = -4.247e+02, 9.9999e+04      
# span 15 =    22.9020,    25.5520      
# span 16 =    22.9020,    25.5516      
# span 17 = -5.985e-04, 3.5580e-01      
# span 18 =      1.035,     40.310      
# span 19 =          0,          1      
# span 20 =        270,       6651      
# span 21 =    1472.29,    1503.18      
# span 22 = 8.5187e-01, 4.0678e+00      
# span 23 =  48216.953,  51887.968      
# span 24 =     11.217,    277.080      
# span 25 = 1559366474, 1559366740      
# span 26 =      -0.37,       0.60      
# span 27 =     -0.925,      1.028      
# span 28 =   40.38456,   40.38474      
# span 29 =  -72.71496,  -72.71479      
# span 30 =    29.2137,    33.1716      
# span 31 =  1021.3579,  1025.7380      
# span 32 =    21.3533,    25.5520      
# span 33 =     6.0292,    15.3165      
# span 34 = 0.0000e+00, 0.0000e+00      
# interval = meters: 1                  
# start_time = Jun 01 2019 05:21:03 [System UTC, first data scan.]
# bad_flag = -9.990e-29
*END*
      2.000    15.2363    31.0889  1022.9173     2.1347     4.1654     70.994   -0.01341    5.86751    5.86270      7.887     0.3027   10.69677   3.880724 1.1312e+00    22.9086    22.9086 4.4675e-02      2.019          0        270    1502.91 3.9495e+00  48216.953     11.217 1559366474       0.24      0.262   40.38474  -72.71496    31.2385  1022.9247    22.9157    15.2360 0.0000e+00
      3.000    14.9808    31.3127  1023.1485     2.1456     4.2846     72.561    0.00015    5.90477    5.90022      7.909     0.3208   10.76149   3.881761 -1.515e-02    23.1349    23.1348 -5.985e-04      3.025          0        315    1502.37 3.9495e+00  48552.820     13.066 1559366476       0.09      0.518   40.38474  -72.71496    31.4531  1023.1478    23.1344    14.9804 0.0000e+00
      4.000    14.5256    31.4958  1023.3902     2.3032     5.1083     86.346    0.08357    5.91612    5.91170      7.922     0.3635   10.77987   3.857973 -9.990e-29    23.3725    23.3724 1.0000e-12      4.037          0        351    1501.14 3.9495e+00  48856.318     14.565 1559366478       0.13      0.638   40.38474  -72.71494    31.6047  1023.3646    23.3467    14.5250 0.0000e+00
      5.000    14.3540    31.3122  1023.2889     2.4076     5.6061     94.693    0.12877    5.92038    5.91606      7.927     0.3714   10.78599   3.823542 -9.990e-29    23.2664    23.2663 1.0000e-12      5.037          0        376    1500.38 3.9495e+00  48617.127     15.622 1559366479       0.21      0.853   40.38474  -72.71494    31.4295  1023.2703    23.2480    14.3533 0.0000e+00
      6.000    14.2551    31.2962  1023.3015     2.4074     5.1522     86.770    0.03066    5.93804    5.93403      7.935     0.3833   10.81326   3.814389 2.5320e-11    23.2746    23.2744 1.0000e-12      6.041          0        406    1500.06 3.9495e+00  48606.578     16.878 1559366480      -0.14      0.868   40.38474  -72.71494    31.4257  1023.2922    23.2654    14.2543 0.0000e+00
      7.000    14.1068    31.4488  1023.4541     2.3434     4.7062     78.502   -0.03470    5.99520    5.99190      7.946     0.4052   10.90688   3.818279 2.5320e-11    23.4227    23.4225 1.0000e-12      7.056          0        453    1499.77 3.9495e+00  48836.231     18.835 1559366482      -0.10      0.503   40.38474  -72.71494    31.5822  1023.4474    23.4160    14.1058 0.0000e+00
      8.000    13.8142    31.6985  1023.7109     2.3057     4.6948     77.640   -0.02412    6.04673    6.04420      7.958     0.4181   10.98943   3.818150 2.5320e-11    23.6750    23.6748 1.0000e-12      8.067          0        494    1499.12 3.9495e+00  49218.397     20.540 1559366484       0.15      0.573   40.38474  -72.71494    31.8217  1023.6953    23.6594    13.8131 0.0000e+00
      9.000    13.4492    31.7193  1023.8048     2.3234     4.9896     80.794    0.00360    6.17489    6.17473      7.972     0.4186   11.18955   3.785361 -9.990e-29    23.7645    23.7642 1.0000e-12      9.070          0        522    1497.96 3.9495e+00  49291.483     21.700 1559366485       0.20      0.784   40.38474  -72.71494    31.8193  1023.7712    23.7308    13.4479 0.0000e+00
     10.000    13.1627    31.8047  1023.9320     2.3381     5.2468     82.499    0.01445    6.35979    6.36207      7.995     0.3622   11.49530   3.771032 -9.990e-29    23.8869    23.8866 1.0000e-12     10.072          0        552    1497.12 3.9495e+00  49446.018     22.962 1559366486      -0.11      0.845   40.38474  -72.71494    31.9249  1023.9134    23.8684    13.1613 0.0000e+00
     11.000    11.6102    33.0387  1025.1867     2.3313     5.1440     79.333   -0.01488    6.48371    6.48656      8.012     0.2938   11.71462   3.753108 2.5320e-11    25.1374    25.1372 1.0000e-12     11.092          0        595    1493.30 3.9495e+00  51398.727     24.747 1559366488      -0.05      0.530   40.38474  -72.71492    33.1030  1025.1195    25.0697    11.6088 0.0000e+00
     12.000    10.1835    33.2130  1025.5805     2.5964     6.9701    107.702    0.15154    6.47158    6.47435      8.017     0.2300   11.69344   3.631530 2.5320e-11    25.5272    25.5269 1.0000e-12     12.093          0        625    1488.51 3.9495e+00  51887.968     25.982 1559366489       0.22      0.736   40.38474  -72.71492    33.1716  1025.4297    25.3751    10.1821 0.0000e+00
     13.000     9.7626    32.0229  1024.7265     2.7957     7.8234    120.712    0.19204    6.48107    6.48397      8.022     0.2303   11.70904   3.484256 2.5320e-11    24.6659    24.6657 1.0000e-12     13.099          1        655    1485.56 3.9495e+00  50277.880     27.234 1559366490      -0.05      0.829   40.38472  -72.71492    32.0517  1024.6343    24.5749     9.7612 0.0000e+00
     14.000     9.7531    31.9734  1024.6940     2.8845     7.3336    112.805    0.07185    6.50146    6.50465      8.025     0.2592   11.74260   3.483456 2.5320e-11    24.6300    24.6297 1.0000e-12     14.106          1        694    1485.48 3.9495e+00  50216.371     28.881 1559366492      -0.15      0.650   40.38472  -72.71492    32.0518  1024.6405    24.5766     9.7515 0.0000e+00
     15.000     9.6496    31.9856  1024.7250     2.9142     7.0118    107.412    0.00408    6.52782    6.53140      8.032     0.3643   11.78587   3.477232 2.5320e-11    24.6564    24.6562 1.0000e-12     15.127          1        747    1485.14 3.9495e+00  50254.518     31.080 1559366494       0.08      0.392   40.38472  -72.71492    32.0799  1024.6837    24.6152     9.6479 0.0000e+00
     16.000     9.5179    31.9961  1024.7589     2.9056     6.9507    106.533   -0.00076    6.52440    6.52793      8.033     0.3259   11.78021   3.466484 2.5320e-11    24.6857    24.6854 1.0000e-12     16.126          1        772    1484.69 3.9495e+00  50295.340     32.132 1559366495       0.40      0.748   40.38472  -72.71492    32.0869  1024.7148    24.6416     9.5162 0.0000e+00
     17.000     9.4220    32.0121  1024.7913     2.8919     6.8406    104.829   -0.01162    6.52547    6.52901      8.034     0.3265   11.78199   3.460861 2.5320e-11    24.7135    24.7132 1.0000e-12     17.131          1        795    1484.37 3.9495e+00  50337.365     33.093 1559366496       0.12      1.018   40.38472  -72.71492    32.1145  1024.7561    24.6783     9.4202 0.0000e+00
     18.000     9.3791    32.0230  1024.8112     2.8817     6.8477    104.660   -0.00889    6.54277    6.54660      8.035     0.3418   11.80995   3.459168 -9.990e-29    24.7289    24.7286 1.0000e-12     18.135          1        831    1484.24 3.9495e+00  50361.829     34.581 1559366498      -0.26      0.764   40.38472  -72.71492    32.1352  1024.7835    24.7012     9.3771 0.0000e+00
     19.000     9.3336    32.0394  1024.8358     2.8621     6.8488    103.826   -0.00868    6.59635    6.60105      8.037     0.4253   11.89701   3.457318 2.5320e-11    24.7488    24.7485 1.0000e-12     19.162          1        889    1484.11 3.9495e+00  50394.562     37.014 1559366500       0.36      0.249   40.38472  -72.71492    32.1565  1024.8119    24.7249     9.3316 0.0000e+00
     20.000     9.1532    32.0913  1024.9094     2.8478     6.7737    102.841   -0.01204    6.58658    6.59111      8.039     0.4247   11.88129   3.446757 2.5320e-11    24.8178    24.8174 1.0000e-12     20.156          1        911    1483.53 3.9495e+00  50505.147     37.915 1559366501       0.44      0.802   40.38472  -72.71492    32.2094  1024.8859    24.7943     9.1511 0.0000e+00
     21.000     9.1554    32.1598  1024.9671     2.8492     6.8780    103.469   -0.00670    6.64737    6.65281      8.040     0.4329   11.98117   3.454615 2.5320e-11    24.8709    24.8706 1.0000e-12     21.159          1        935    1483.63 3.9495e+00  50602.259     38.905 1559366502       0.04      1.028   40.38472  -72.71492    32.2885  1024.9517    24.8555     9.1532 0.0000e+00
     22.000     8.7996    32.1924  1025.0522     2.8407     6.8696    103.460   -0.00332    6.63988    6.64528      8.037     0.5063   11.96789   3.424792 2.5320e-11    24.9513    24.9509 1.0000e-12     22.170          1        975    1482.37 3.9495e+00  50723.204     40.588 1559366504      -0.28      0.664   40.38472  -72.71492    32.3005  1025.0204    24.9195     8.7973 0.0000e+00
     23.000     8.4849    32.2656  1025.1619     2.8229     6.7779    101.955   -0.01003    6.64793    6.65344      8.037     0.5365   11.98134   3.406768 2.5320e-11    25.0563    25.0559 1.0000e-12     23.185          1       1018    1481.30 3.9495e+00  50895.754     42.387 1559366506       0.28      0.524   40.38472  -72.71492    32.3985  1025.1490    25.0433     8.4825 0.0000e+00
     24.000     8.4962    32.2997  1025.1915     2.8038     6.7455    100.855   -0.01240    6.68838    6.69448      8.036     0.5518   12.04801   3.409743 3.0043e+04    25.0813    25.0809 1.0000e-12     24.182          1       1058    1481.40 2.7629e+00  50942.164     44.028 1559366507       0.10      0.567   40.38472  -72.71491    32.4191  1025.1679    25.0577     8.4938 0.0000e+00
     25.000     8.2032    32.3113  1025.2486     2.7773     6.7026    100.111   -0.00835    6.69521    6.70143      8.033     0.5629   12.05906   3.385876 4.2192e+04    25.1336    25.1332 1.0000e-12     25.191          1       1131    1480.33 2.2795e+00  51024.958     47.070 1559366510       0.06      0.324   40.38472  -72.71490    32.4359  1025.2289    25.1139     8.2007 0.0000e+00
     26.000     8.0695    32.3341  1025.2907     2.7433     6.6326     98.655   -0.00775    6.72338    6.73004      8.028     0.5334   12.10533   3.376355 -2.091e+02    25.1709    25.1706 1.0000e-12     26.185          1       1269    1479.86 3.9578e+00  51088.010     52.845 1559366516       0.60      0.206   40.38470  -72.71490    32.4578  1025.2701    25.1505     8.0670 0.0000e+00
     27.000     7.5319    32.3614  1025.3933     2.6829     6.5030     95.142   -0.01519    6.83671    6.84510      8.015     0.5938   12.29222   3.332080 -9.990e-29    25.2686    25.2683 1.0000e-12     27.210          1       1456    1477.86 3.9495e+00  51255.563     60.631 1559366524      -0.07      0.558   40.38470  -72.71489    32.4823  1025.3702    25.2456     7.5294 0.0000e+00
     28.000     7.0134    32.3798  1025.4833     2.6195     6.3721     90.944   -0.02707    7.00644    7.01752      7.995     1.3294   12.57160   3.288142 -9.990e-29    25.3537    25.3534 1.0000e-12     28.222          1       1553    1475.89 3.9495e+00  51413.588     64.672 1559366528      -0.03      0.646   40.38470  -72.71488    32.4910  1025.4523    25.3227     7.0109 0.0000e+00
     29.000     6.6095    32.4249  1025.5765     2.5670     6.1414     87.575   -0.03564    7.01279    7.02397      7.979     0.7777   12.58212   3.256219 2.5320e-11    25.4420    25.4417 1.0000e-12     29.226          1       1585    1474.38 3.9495e+00  51586.122     65.983 1559366529       0.09      0.698   40.38470  -72.71488    32.5216  1025.5338    25.3993     6.6070 0.0000e+00
     30.000     6.1648    32.4706  1025.6738     2.4920     5.7905     82.541   -0.04967    7.01526    7.02647      7.966     0.2447   12.58622   3.223173 2.6079e-11    25.5344    25.5341 1.0000e-12     30.234          1       1619    1472.70 3.8903e+00  51776.316     67.427 1559366531      -0.05      0.714   40.38469  -72.71488    32.5780  1025.6391    25.4996     6.1623 0.0000e+00
     31.000     6.0768    32.4727  1025.6911     2.4192     5.5695     79.391   -0.04871    7.01534    7.02655      7.957     0.1909   12.58639   3.216917 3.9948e-11    25.5469    25.5466 1.0000e-12     31.246          1       1657    1472.37 2.8086e+00  51805.075     68.987 1559366532      -0.00      0.640   40.38468  -72.71488    32.5919  1025.6656    25.5214     6.0743 0.0000e+00
     32.000     6.0638    32.4699  1025.6951     2.3794     5.5610     79.255   -0.03482    7.01665    7.02789      7.950     0.1812   12.58856   3.216150 2.5478e-11    25.5463    25.5460 1.0000e-12     32.250          1       1688    1472.33 3.9371e+00  51805.390     70.277 1559366533       0.12      0.741   40.38468  -72.71488    32.5954  1025.6746    25.5257     6.0612 0.0000e+00
     33.000     6.0641    32.4677  1025.6980     2.3526     5.5914     79.676   -0.02119    7.01769    7.02894      7.943     0.1393   12.59024   3.216505 -9.990e-29    25.5445    25.5442 1.0000e-12     33.257          1       1722    1472.35 3.9495e+00  51802.922     71.710 1559366535      -0.11      0.740   40.38468  -72.71488    32.5986  1025.6817    25.5282     6.0614 0.0000e+00
     34.000     6.0557    32.4678  1025.7038     2.3369     5.6315     80.240   -0.01056    7.01832    7.02959      7.937     0.1026   12.59127   3.216220 -9.990e-29    25.5457    25.5453 1.0000e-12     34.269          1       1760    1472.33 3.5329e+00  51806.135     73.309 1559366537       0.05      0.610   40.38468  -72.71488    32.6029  1025.6908    25.5327     6.0529 0.0000e+00
     35.000     6.0493    32.4695  1025.7105     2.3289     5.6411     80.372   -0.00649    7.01881    7.03008      7.932     0.0899   12.59208   3.216162 9.9999e+04    25.5477    25.5474 1.0000e-12     35.273          1       1792    1472.32 2.4111e+00  51811.060     74.646 1559366538       0.06      0.736   40.38468  -72.71488    32.6079  1025.7002    25.5374     6.0465 0.0000e+00
     36.000     6.0454    32.4706  1025.7165     2.3234     5.6437     80.406   -0.00425    7.01904    7.03032      7.927     0.0912   12.59246   3.216218 4.8975e+04    25.5491    25.5488 1.0000e-12     36.282          1       1828    1472.33 1.9244e+00  51814.518     76.116 1559366539      -0.06      0.702   40.38468  -72.71488    32.6118  1025.7084    25.5410     6.0425 0.0000e+00
     37.000     6.0419    32.4706  1025.7217     2.3223     5.6676     80.737   -0.00113    7.01978    7.03107      7.922     0.1037   12.59365   3.216184 -4.247e+02    25.5496    25.5492 1.0000e-12     37.292          1       1864    1472.33 3.9672e+00  51816.302     77.638 1559366541       0.01      0.658   40.38468  -72.71488    32.6143  1025.7154    25.5433     6.0389 0.0000e+00
     38.000     6.0409    32.4705  1025.7264     2.3219     5.6758     80.852   -0.00008    7.02002    7.03131      7.918     0.1039   12.59402   3.216286 2.5320e-11    25.5496    25.5492 1.0000e-12     38.299          1       1897    1472.34 3.9495e+00  51817.115     79.016 1559366542       0.06      0.711   40.38468  -72.71488    32.6160  1025.7216    25.5448     6.0377 0.0000e+00
     39.000     6.0366    32.4728  1025.7333     2.3203     5.6613     80.647   -0.00117    7.01990    7.03120      7.914     0.1034   12.59384   3.216279 7.8430e+04    25.5519    25.5515 1.0000e-12     39.306          1       1929    1472.34 8.5187e-01  51822.293     80.327 1559366544       0.01      0.769   40.38468  -72.71488    32.6196  1025.7295    25.5481     6.0334 0.0000e+00
     40.000     6.0324    32.4721  1025.7380     2.3178     5.6573     80.586   -0.00073    7.02023    7.03153      7.899     0.1075   12.59443   3.216344 1.6673e+04    25.5520    25.5516 1.0000e-12     40.310          1       2228    1472.34 3.5666e+00  51823.309     92.788 1559366556      -0.09      0.159   40.38467  -72.71486    32.6238  1025.7380    25.5520     6.0292 0.0000e+00
     39.000     6.0368    32.4672  1025.7289     2.3173     5.6544     80.557   -0.00055    7.01905    7.03031      7.882 -9.990e-29   12.59259   3.216465 -3.604e+02    25.5475    25.5471 1.0000e-12     39.304          1       2666    1472.34 3.9568e+00  51814.291    111.050 1559366574      -0.19     -0.550   40.38466  -72.71486    32.6215  1025.7310    25.5496     6.0336 0.0000e+00
     38.000     6.0405    32.4643  1025.7215     2.3166     5.6511     80.514   -0.00057    7.01879    7.03004      7.880 -9.990e-29   12.59217   3.216470 2.5320e-11    25.5448    25.5444 1.0000e-12     38.298          1       2690    1472.33 3.9495e+00  51808.274    112.041 1559366575      -0.12     -0.700   40.38466  -72.71486    32.6184  1025.7235    25.5468     6.0374 0.0000e+00
