CalculateIndicators/WaterTemperature/Data/CTD_NYOS/NYBOS_20190530_4_6.cnv
* Sea-Bird SBE 9 Data File:
* FileName = C:\Seabird 9 CTD\Data\2019\201905_offshore\NYBOS_20190530_4_5.hex
* Software Version Seasave V 7.23.2
* Temperature SN = 4590
* Conductivity SN = 3228
* Number of Bytes Per Scan = 44
* Number of Voltage Words = 5
* Number of Scans Averaged by the Deck Unit = 1
* NMEA Latitude = 39 14.33 N
* NMEA Longitude = 072 17.42 W
* NMEA UTC (Time) = May 31 2019  03:38:21
* NMEA baud rate = 4800
** Ship: Seawolf
** Station: 4_5
** Operator: LIS
# nquan = 35
# nvalues = 899                         
# units = specified
# name 0 = depSM: Depth [salt water, m]
# name 1 = t090C: Temperature [ITS-90, deg C]
# name 2 = sal00: Salinity, Practical [PSU]
# name 3 = density00: Density [density, kg/m^3]
# name 4 = sbeox0V: Oxygen raw, SBE 43 [V]
# name 5 = sbeox0ML/L: Oxygen, SBE 43 [ml/l]
# name 6 = sbeox0PS: Oxygen, SBE 43 [% saturation]
# name 7 = sbox0dV/dT: Oxygen, SBE 43 [dov/dt]
# name 8 = oxsolML/L: Oxygen Saturation, Garcia & Gordon [ml/l]
# name 9 = oxsatML/L: Oxygen Saturation, Weiss [ml/l]
# name 10 = ph: pH
# name 11 = flECO-AFL: Fluorescence, WET Labs ECO-AFL/FL [mg/m^3]
# name 12 = n2satML/L: Nitrogen Saturation [ml/l]
# name 13 = c0S/m: Conductivity [S/m]
# name 14 = cpar: CPAR/Corrected Irradiance [%]
# name 15 = sigma-é00: Density [sigma-theta, kg/m^3]
# name 16 = sigma-t00: Density [sigma-t, kg/m^3 ]
# name 17 = par: PAR/Irradiance, Biospherical/Licor
# name 18 = prDM: Pressure, Digiquartz [db]
# name 19 = pumps: Pump Status
# name 20 = scan: Scan Count
# name 21 = svCM: Sound Velocity [Chen-Millero, m/s]
# name 22 = spar: SPAR, Biospherical/Licor
# name 23 = specc: Specific Conductance [uS/cm]
# name 24 = timeS: Time, Elapsed [seconds]
# name 25 = timeY: Time, System [seconds]
# name 26 = accM: Acceleration [m/s^2]
# name 27 = dz/dtM: Descent Rate [m/s]
# name 28 = latitude: Latitude [deg]
# name 29 = longitude: Longitude [deg]
# name 30 = gsw_saA0: Absolute Salinity [g/kg]
# name 31 = gsw_densityA0: density, TEOS-10 [density, kg/m^3]
# name 32 = gsw_sigma0A0: density, TEOS-10 [sigma-0, kg/m^3 ]
# name 33 = gsw_ptA0: potential temperature [ITS-90, deg C]
# name 34 = flag: flag
# span 0 =      1.000,    450.000       
# span 1 =     6.2506,    14.1342       
# span 2 =    32.5200,    35.7041       
# span 3 =  1024.2613,  1029.6545       
# span 4 =     1.5244,     3.0098       
# span 5 =     2.8807,     6.9545       
# span 6 =     46.097,    112.045       
# span 7 =   -0.02536,    0.02946       
# span 8 =    5.80738,    6.86558       
# span 9 =    5.80436,    6.87781       
# span 10 =      7.889,     14.635      
# span 11 =    -0.0720,     1.4930      
# span 12 =   10.55135,   12.30681      
# span 13 =   3.486226,   4.254480      
# span 14 = -1.291e+04, 1.1177e+05      
# span 15 =    24.2479,    27.5805      
# span 16 =    24.2478,    27.5752      
# span 17 = -8.864e-03, 4.1224e-02      
# span 18 =      1.025,    453.932      
# span 19 =         -0,          1      
# span 20 =        -18,      43844      
# span 21 =    1483.26,    1505.98      
# span 22 = -2.821e-01, 4.4846e+00      
# span 23 =  50324.319,  55777.090      
# span 24 =     -0.774,   1826.785      
# span 25 = 1559273899, 1559275727      
# span 26 =      -0.87,       0.67      
# span 27 =     -0.946,      0.927      
# span 28 =   39.23896,   39.24181      
# span 29 =  -72.29037,  -72.28061      
# span 30 =    32.6736,    35.8779      
# span 31 =  1024.2662,  1029.6572      
# span 32 =    24.2528,    27.5842      
# span 33 =     6.2098,    14.1339      
# span 34 = 0.0000e+00, 0.0000e+00      
# interval = meters: 1                  
# start_time = May 31 2019 03:38:20 [System UTC, first data scan.]
# bad_flag = -9.990e-29
*END*
[from data line 83]
     84.000    13.7918    35.4931  1026.9890     2.4641     5.0961     87.630   -0.00059    5.81546    5.81254 -9.990e-29    -0.0029   10.56693   4.229918 2.5320e-11    26.6147    26.6122 1.0000e-12     84.656          1       3607    1504.78 3.9495e+00  54514.634    150.254 1559274050      -0.12      0.718   39.23930  -72.28971    35.6627  1026.9944    26.6202    13.7796 0.0000e+00
     85.000    13.7886    35.4932  1026.9941     2.4631     5.0968     87.629   -0.00019    5.81636    5.81345 -9.990e-29    -0.0209   10.56834   4.229611 2.5320e-11    26.6154    26.6129 1.0000e-12     85.676          1       3654    1504.79 3.9495e+00  54515.685    152.208 1559274052       0.00      0.474   39.23930  -72.28970    35.6622  1026.9993    26.6206    13.7764 0.0000e+00
     86.000    13.7794    35.4974  1027.0038     2.4580     5.0686     87.134   -0.00340    5.81704    5.81414 -9.990e-29    -0.0275   10.56949   4.229176 2.5320e-11    26.6207    26.6181 1.0000e-12     86.671          1       3684    1504.78 3.9495e+00  54523.297    153.454 1559274054       0.21      0.724   39.23930  -72.28968    35.6663  1027.0088    26.6257    13.7670 0.0000e+00
     87.000    13.7715    35.5020  1027.0136     2.4526     5.0611     86.981   -0.00251    5.81861    5.81573 -9.990e-29    -0.0074   10.57207   4.228866 2.5320e-11    26.6260    26.6233 1.0000e-12     87.690          1       3733    1504.77 3.9495e+00  54531.304    155.517 1559274056      -0.26      0.487   39.23930  -72.28968    35.6703  1027.0181    26.6305    13.7589 0.0000e+00
     88.000    13.7622    35.5005  1027.0188     2.4445     5.0257     86.377   -0.00536    5.81828    5.81540 -9.990e-29    -0.0253   10.57151   4.227741 -9.990e-29    26.6267    26.6241 1.0000e-12     88.691          1       3767    1504.76 3.9495e+00  54530.991    156.903 1559274057       0.47      0.653   39.23930  -72.28968    35.6680  1027.0227    26.6306    13.7495 0.0000e+00
     89.000    13.7541    35.5013  1027.0256     2.4437     5.0308     86.485   -0.00377    5.81700    5.81411 -9.990e-29    -0.0184   10.56929   4.227170 2.5320e-11    26.6291    26.6264 1.0000e-12     89.691          1       3793    1504.75 3.9495e+00  54533.861    157.999 1559274058       0.04      0.927   39.23930  -72.28967    35.6697  1027.0301    26.6336    13.7413 0.0000e+00
     90.000    13.7577    35.5063  1027.0332     2.4391     5.0357     86.529   -0.00103    5.81968    5.81683      8.073    -0.0482   10.57368   4.228203 2.5320e-11    26.6322    26.6295 1.0000e-12     90.719          1       3851    1504.78 3.9495e+00  54540.826    160.401 1559274060      -0.25      0.322   39.23931  -72.28965    35.6756  1027.0385    26.6375    13.7447 0.0000e+00
     91.000    13.7635    35.5168  1027.0445     2.4284     4.9734     85.454   -0.00803    5.81998    5.81713      8.073    -0.0306   10.57420   4.229709 2.5320e-11    26.6391    26.6364 1.0000e-12     91.715          1       3880    1504.83 3.9495e+00  54554.911    161.610 1559274062       0.43      0.726   39.23932  -72.28964    35.6840  1027.0482    26.6428    13.7504 0.0000e+00
     92.000    13.7428    35.5165  1027.0532     2.4276     5.0033     85.926   -0.00214    5.82278    5.81996      8.073    -0.0534   10.57884   4.227728 2.5320e-11    26.6433    26.6405 1.0000e-12     92.720          1       3914    1504.78 3.9495e+00  54557.920    163.027 1559274063      -0.18      0.774   39.23932  -72.28964    35.6842  1027.0571    26.6472    13.7296 0.0000e+00
     93.000    13.7333    35.5149  1027.0585     2.4280     5.0192     86.140    0.00006    5.82675    5.82398      8.073    -0.0495   10.58544   4.226562 -9.990e-29    26.6441    26.6413 1.0000e-12     93.735          1       3960    1504.77 3.9495e+00  54557.649    164.940 1559274065       0.13      0.473   39.23932  -72.28962    35.6815  1027.0616    26.6472    13.7200 0.0000e+00
     94.000    13.7068    35.5143  1027.0681     2.4299     5.0340     86.349    0.00134    5.82986    5.82713      8.073    -0.0462   10.59060   4.223949 2.5320e-11    26.6492    26.6464 1.0000e-12     94.741          1       3997    1504.69 3.9495e+00  54561.031    166.486 1559274067      -0.02      0.653   39.23932  -72.28962    35.6812  1027.0714    26.6525    13.6932 0.0000e+00
     95.000    13.6799    35.5122  1027.0765     2.4301     5.0311     86.264    0.00013    5.83221    5.82951      8.074    -0.0533   10.59450   4.220884 2.5320e-11    26.6531    26.6503 1.0000e-12     95.751          1       4032    1504.62 3.9495e+00  54562.281    167.959 1559274068       0.11      0.651   39.23932  -72.28961    35.6768  1027.0781    26.6548    13.6663 0.0000e+00
     96.000    13.6566    35.5114  1027.0853     2.4318     5.0423     86.428    0.00108    5.83409    5.83141 -9.990e-29    -0.0483   10.59762   4.218707 2.5320e-11    26.6574    26.6545 1.0000e-12     96.755          1       4064    1504.56 3.9495e+00  54564.935    169.312 1559274069      -0.04      0.758   39.23932  -72.28960    35.6776  1027.0880    26.6602    13.6429 0.0000e+00
     97.000    13.6373    35.5102  1027.0929     2.4288     5.0231     86.086   -0.00149    5.83492    5.83225 -9.990e-29    -0.0466   10.59898   4.216636 2.5320e-11    26.6606    26.6577 1.0000e-12     97.767          1       4102    1504.51 3.9495e+00  54566.621    170.872 1559274071       0.01      0.631   39.23932  -72.28958    35.6755  1027.0950    26.6627    13.6234 0.0000e+00
     98.000    13.6197    35.5099  1027.1008     2.4271     5.0194     86.010   -0.00157    5.83585    5.83319 -9.990e-29    -0.0464   10.60053   4.214974 -9.990e-29    26.6640    26.6611 1.0000e-12     98.772          1       4137    1504.47 3.9495e+00  54569.113    172.344 1559274072      -0.04      0.694   39.23932  -72.28958    35.6758  1027.1034    26.6666    13.6057 0.0000e+00
     99.000    13.6124    35.5101  1027.1070     2.4269     5.0269     86.128   -0.00016    5.83654    5.83389 -9.990e-29    -0.0388   10.60167   4.214387 -9.990e-29    26.6657    26.6627 1.0000e-12     99.785          1       4176    1504.47 3.9495e+00  54570.969    173.977 1559274074       0.05      0.588   39.23932  -72.28958    35.6766  1027.1101    26.6688    13.5983 0.0000e+00
    100.000    13.6047    35.5095  1027.1127     2.4269     5.0295     86.165    0.00019    5.83698    5.83434 -9.990e-29    -0.0285   10.60241   4.213610 7.0270e+04    26.6669    26.6639 1.0000e-12    100.784          1       4210    1504.46 1.8054e+00  54571.862    175.392 1559274075      -0.04      0.710   39.23932  -72.28956    35.6760  1027.1157    26.6699    13.5904 0.0000e+00
    101.000    13.5960    35.5091  1027.1186     2.4254     5.0241     86.040   -0.00054    5.83926    5.83665 -9.990e-29    -0.0477   10.60621   4.212780 3.4568e+04    26.6683    26.6653 1.0000e-12    101.799          1       4277    1504.44 2.5743e+00  54572.973    178.172 1559274078      -0.11      0.354   39.23934  -72.28955    35.6759  1027.1219    26.6716    13.5816 0.0000e+00
    102.000    13.5697    35.5065  1027.1266     2.4260     5.0333     86.148    0.00025    5.84260    5.84002 -9.990e-29    -0.0515   10.61174   4.209922 3.5934e+03    26.6718    26.6688 1.0000e-12    102.805          1       4368    1504.37 3.8036e+00  54573.687    181.967 1559274082      -0.02      0.253   39.23934  -72.28953    35.6730  1027.1296    26.6749    13.5551 0.0000e+00
    103.000    13.5423    35.5037  1027.1347     2.4243     5.0245     85.978   -0.00105    5.84392    5.84137      8.072    -0.0520   10.61386   4.206993 -9.990e-29    26.6754    26.6724 1.0000e-12    103.819          1       4450    1504.29 3.9495e+00  54574.252    185.371 1559274086       0.26      0.317   39.23934  -72.28952    35.6703  1027.1378    26.6785    13.5276 0.0000e+00
    104.000    13.5413    35.5092  1027.1436     2.4215     5.0134     85.808   -0.00175    5.84253    5.83996      8.070 -9.990e-29   10.61149   4.207576 2.5320e-11    26.6799    26.6768 1.0000e-12    104.822          1       4485    1504.31 3.9495e+00  54582.447    186.825 1559274087       0.02      0.639   39.23934  -72.28950    35.6764  1027.1472    26.6835    13.5264 0.0000e+00
    105.000    13.5356    35.5131  1027.1523     2.4141     4.9832     85.283   -0.00408    5.84313    5.84057      8.070    -0.0520   10.61249   4.207599 2.5320e-11    26.6840    26.6809 1.0000e-12    105.835          1       4522    1504.32 3.9495e+00  54589.148    188.373 1559274088       0.11      0.607   39.23936  -72.28948    35.6815  1027.1568    26.6886    13.5206 0.0000e+00
    106.000    13.5468    35.5176  1027.1579     2.4121     4.9811     85.195   -0.00408    5.84664    5.84411      8.070    -0.0559   10.61835   4.209196 2.5320e-11    26.6853    26.6822 1.0000e-12    106.837          1       4549    1504.38 3.9495e+00  54594.440    189.504 1559274090       0.14      0.834   39.23936  -72.28948    35.6858  1027.1622    26.6896    13.5316 0.0000e+00
    107.000    13.5429    35.5189  1027.1642     2.4143     5.0150     85.723    0.00085    5.85029    5.84781      8.070    -0.0561   10.62444   4.208913 2.5320e-11    26.6871    26.6840 1.0000e-12    107.843          1       4583    1504.38 3.9495e+00  54597.320    190.934 1559274091      -0.16      0.759   39.23936  -72.28948    35.6863  1027.1679    26.6908    13.5277 0.0000e+00
    108.000    13.5005    35.5106  1027.1712     2.4205     5.0510     86.222    0.00319    5.85813    5.85575      8.070    -0.0469   10.63752   4.203654 2.5320e-11    26.6895    26.6863 1.0000e-12    108.858          1       4634    1504.25 3.9495e+00  54592.441    193.034 1559274093      -0.07      0.456   39.23936  -72.28947    35.6756  1027.1730    26.6914    13.4851 0.0000e+00
    109.000    13.4766    35.5060  1027.1771     2.4233     5.0494     86.197    0.00128    5.85795    5.85557 -9.990e-29    -0.0603   10.63713   4.200854 2.5320e-11    26.6909    26.6877 1.0000e-12    109.864          1       4671    1504.18 3.9495e+00  54590.011    194.567 1559274095       0.30      0.602   39.23936  -72.28946    35.6710  1027.1789    26.6928    13.4611 0.0000e+00
    110.000    13.4229    35.4992  1027.1875     2.4273     5.0691     86.577    0.00348    5.85506    5.85265 -9.990e-29    -0.0584   10.63221   4.194705 2.7537e-11    26.6967    26.6935 1.0000e-12    110.868          1       4700    1504.02 3.9495e+00  54588.761    195.786 1559274096       0.01      0.829   39.23936  -72.28946    35.6623  1027.1879    26.6972    13.4073 0.0000e+00
    111.000    13.4144    35.5060  1027.1990     2.4193     5.0134     85.620   -0.00351    5.85543    5.85302 -9.990e-29    -0.0619   10.63282   4.195148 2.5250e-11    26.7037    26.7005 1.0000e-12    111.882          1       4737    1504.01 3.9495e+00  54599.826    197.315 1559274097      -0.10      0.675   39.23938  -72.28946    35.6741  1027.2032    26.7080    13.3986 0.0000e+00
    112.000    13.4387    35.5196  1027.2090     2.4056     4.9508     84.548   -0.00883    5.85559    5.85319 -9.990e-29    -0.0523   10.63309   4.198984 2.5320e-11    26.7094    26.7061 1.0000e-12    112.884          1       4773    1504.12 3.9495e+00  54615.845    198.828 1559274099      -0.03      0.673   39.23938  -72.28944    35.6873  1027.2128    26.7132    13.4228 0.0000e+00
    113.000    13.4363    35.5203  1027.2145     2.3964     4.9499     84.531   -0.00436    5.85572    5.85332      8.067    -0.0565   10.63331   4.198823 2.5320e-11    26.7104    26.7071 1.0000e-12    113.902          1       4820    1504.13 3.9495e+00  54617.728    200.789 1559274101      -0.02      0.486   39.23938  -72.28943    35.6877  1027.2181    26.7141    13.4202 0.0000e+00
    114.000    13.4356    35.5201  1027.2190     2.3949     4.9575     84.661   -0.00216    5.85576    5.85336      8.068    -0.0546   10.63337   4.198812 2.5320e-11    26.7104    26.7071 1.0000e-12    114.903          1       4853    1504.15 3.9495e+00  54618.113    202.173 1559274102       0.15      0.683   39.23938  -72.28942    35.6877  1027.2227    26.7143    13.4194 0.0000e+00
    115.000    13.4347    35.5201  1027.2236     2.3988     4.9910     85.239    0.00230    5.85525    5.85284      8.066    -0.0374   10.63246   4.198791 2.5320e-11    26.7107    26.7073 1.0000e-12    115.913          1       4889    1504.16 3.9495e+00  54618.845    203.680 1559274104      -0.10      0.698   39.23938  -72.28942    35.6880  1027.2276    26.7146    13.4184 0.0000e+00
    116.000    13.4342    35.5205  1027.2285     2.3967     4.9720     84.921   -0.00035    5.85481    5.85240      8.066    -0.0610   10.63170   4.198846 -9.990e-29    26.7111    26.7077 1.0000e-12    116.924          1       4925    1504.18 3.9495e+00  54619.998    205.173 1559274105       0.13      0.633   39.23938  -72.28942    35.6885  1027.2326    26.7152    13.4178 0.0000e+00
    117.000    13.4360    35.5234  1027.2349     2.3923     4.9418     84.408   -0.00401    5.85468    5.85227 -9.990e-29    -0.0426   10.63146   4.199448 -9.990e-29    26.7130    26.7095 1.0000e-12    117.925          1       4953    1504.20 3.9495e+00  54624.310    206.336 1559274106       0.11      0.828   39.23938  -72.28940    35.6922  1027.2395    26.7177    13.4194 0.0000e+00
    118.000    13.4403    35.5294  1027.2431     2.3890     4.9477     84.482   -0.00160    5.85656    5.85418 -9.990e-29    -0.0654   10.63458   4.200526 2.5320e-11    26.7168    26.7134 1.0000e-12    118.939          1       5002    1504.24 3.9495e+00  54632.639    208.360 1559274108      -0.23      0.500   39.23940  -72.28940    35.6980  1027.2476    26.7213    13.4235 0.0000e+00
    119.000    13.4340    35.5319  1027.2508     2.3803     4.9040     83.710   -0.00608    5.85831    5.85595 -9.990e-29    -0.0633   10.63751   4.200122 2.5320e-11    26.7200    26.7165 1.0000e-12    119.945          1       5043    1504.24 3.9495e+00  54637.421    210.076 1559274110       0.39      0.586   39.23940  -72.28940    35.6996  1027.2546    26.7238    13.4171 0.0000e+00
    120.000    13.4240    35.5314  1027.2570     2.3775     4.9150     83.900   -0.00251    5.85812    5.85575 -9.990e-29    -0.0613   10.63717   4.199122 2.5320e-11    26.7217    26.7182 1.0000e-12    120.952          1       5074    1504.22 3.9495e+00  54638.735    211.386 1559274111      -0.03      0.796   39.23940  -72.28938    35.6990  1027.2607    26.7254    13.4070 0.0000e+00
    121.000    13.4129    35.5285  1027.2615     2.3739     4.9052     83.720   -0.00279    5.85912    5.85677      8.065    -0.0561   10.63887   4.197715 2.5320e-11    26.7218    26.7182 1.0000e-12    121.961          1       5109    1504.20 3.9495e+00  54636.911    212.846 1559274113      -0.02      0.695   39.23940  -72.28938    35.6956  1027.2649    26.7251    13.3958 0.0000e+00
    122.000    13.4106    35.5285  1027.2665     2.3755     4.9293     84.115    0.00072    5.86023    5.85789      8.064    -0.0599   10.64072   4.197626 -9.990e-29    26.7223    26.7187 1.0000e-12    122.970          1       5150    1504.21 3.9495e+00  54637.871    214.542 1559274115      -0.10      0.612   39.23940  -72.28936    35.6964  1027.2705    26.7263    13.3933 0.0000e+00
    123.000    13.4023    35.5261  1027.2709     2.3702     4.9002     83.610   -0.00240    5.86072    5.85838      8.064    -0.0512   10.64153   4.196551 -9.990e-29    26.7222    26.7186 1.0000e-12    123.985          1       5191    1504.19 3.9495e+00  54636.407    216.237 1559274116       0.17      0.546   39.23942  -72.28936    35.6936  1027.2746    26.7259    13.3849 0.0000e+00
    124.000    13.3957    35.5245  1027.2755     2.3685     4.8873     83.381   -0.00419    5.86135    5.85902      8.063    -0.0610   10.64259   4.195788 -9.990e-29    26.7223    26.7187 1.0000e-12    124.983          1       5217    1504.19 3.9495e+00  54635.557    217.329 1559274117       0.20      0.833   39.23942  -72.28936    35.6921  1027.2792    26.7261    13.3781 0.0000e+00
