CalculateIndicators/WaterTemperature/Data/CTD_NYOS/NYBOS_20190530_4_5.cnv
* Sea-Bird SBE 9 Data File:
* FileName = C:\Seabird 9 CTD\Data\2019\201905_offshore\NYBOS_20190530_4_5.hex
* Software Version Seasave V 7.23.2
* Temperature SN = 4590
* Conductivity SN = 3228
* Number of Bytes Per Scan = 44
* Number of Voltage Words = 5
* Number of Scans Averaged by the Deck Unit = 1
* NMEA Latitude = 39 31.50 N
* NMEA Longitude = 072 23.71 W
* NMEA UTC (Time) = May 31 2019  07:05:27
* NMEA baud rate = 4800
** Ship: Seawolf
** Station: 4_5
** Operator: LIS
# nquan = 35
# nvalues = 801                         
# units = specified
# name 0 = depSM: Depth [salt water, m]
# name 1 = t090C: Temperature [ITS-90, deg C]
# name 2 = sal00: Salinity, Practical [PSU]
# name 3 = density00: Density [density, kg/m^3]
# name 4 = sbeox0V: Oxygen raw, SBE 43 [V]
# name 5 = sbeox0ML/L: Oxygen, SBE 43 [ml/l]
# name 6 = sbeox0PS: Oxygen, SBE 43 [% saturation]
# name 7 = sbox0dV/dT: Oxygen, SBE 43 [dov/dt]
# name 8 = oxsolML/L: Oxygen Saturation, Garcia & Gordon [ml/l]
# name 9 = oxsatML/L: Oxygen Saturation, Weiss [ml/l]
# name 10 = ph: pH
# name 11 = flECO-AFL: Fluorescence, WET Labs ECO-AFL/FL [mg/m^3]
# name 12 = n2satML/L: Nitrogen Saturation [ml/l]
# name 13 = c0S/m: Conductivity [S/m]
# name 14 = cpar: CPAR/Corrected Irradiance [%]
# name 15 = sigma-é00: Density [sigma-theta, kg/m^3]
# name 16 = sigma-t00: Density [sigma-t, kg/m^3 ]
# name 17 = par: PAR/Irradiance, Biospherical/Licor
# name 18 = prDM: Pressure, Digiquartz [db]
# name 19 = pumps: Pump Status
# name 20 = scan: Scan Count
# name 21 = svCM: Sound Velocity [Chen-Millero, m/s]
# name 22 = spar: SPAR, Biospherical/Licor
# name 23 = specc: Specific Conductance [uS/cm]
# name 24 = timeS: Time, Elapsed [seconds]
# name 25 = timeY: Time, System [seconds]
# name 26 = accM: Acceleration [m/s^2]
# name 27 = dz/dtM: Descent Rate [m/s]
# name 28 = latitude: Latitude [deg]
# name 29 = longitude: Longitude [deg]
# name 30 = gsw_saA0: Absolute Salinity [g/kg]
# name 31 = gsw_densityA0: density, TEOS-10 [density, kg/m^3]
# name 32 = gsw_sigma0A0: density, TEOS-10 [sigma-0, kg/m^3 ]
# name 33 = gsw_ptA0: potential temperature [ITS-90, deg C]
# name 34 = flag: flag
# span 0 =      1.000,    401.000       
# span 1 =     7.0765,    14.2554       
# span 2 =    32.3110,    35.6483       
# span 3 =  1024.0795,  1029.3483       
# span 4 =     1.6400,     3.0606       
# span 5 =     3.0787,     7.2604       
# span 6 =     50.923,    115.049       
# span 7 =   -0.05008,    0.05331       
# span 8 =    5.85373,    6.76638       
# span 9 =    5.85134,    6.77450       
# span 10 =      7.908,     15.247      
# span 11 =    -0.0660,     2.4255      
# span 12 =   10.62929,   12.16755      
# span 13 =   3.392218,   4.206079      
# span 14 = -1.034e+04, 1.1386e+05      
# span 15 =    24.0645,    27.5077      
# span 16 =    24.0643,    27.5023      
# span 17 = -5.082e-04, 1.6697e-01      
# span 18 =      1.026,    404.468      
# span 19 =          1,          1      
# span 20 =        291,      39584      
# span 21 =    1478.52,    1504.47      
# span 22 = -6.038e-01, 4.3781e+00      
# span 23 =  50023.371,  55562.724      
# span 24 =     12.080,   1649.302      
# span 25 = 1559286338, 1559287975      
# span 26 =      -0.91,       0.68      
# span 27 =     -1.121,      1.007      
# span 28 =   39.52429,   39.52498      
# span 29 =  -72.39512,  -72.39195      
# span 30 =    32.4941,    35.8225      
# span 31 =  1024.0900,  1029.3520      
# span 32 =    24.0854,    27.5113      
# span 33 =     7.0376,    14.2553      
# span 34 = 0.0000e+00, 0.0000e+00      
# interval = meters: 1                  
# start_time = May 31 2019 07:05:26 [System UTC, first data scan.]
# bad_flag = -9.990e-29
*END*
[from data line 664]
    137.000    13.2951    35.5869  1027.4030     2.0780     4.1828     71.310    0.00795    5.86563    5.86340 -9.990e-29    -0.0473   10.64899   4.193389 2.5320e-11    26.7917    26.7877 1.0000e-12    138.104          1      33597    1504.15 3.9495e+00  54743.490   1399.818 1559287725      -0.10     -0.757   39.52438  -72.39248    35.7581  1027.4092    26.7979    13.2758 0.0000e+00
    136.000    13.3240    35.5847  1027.3908     2.0904     4.2087     71.786    0.00703    5.86284    5.86058 -9.990e-29    -0.0495   10.64440   4.195945 -9.990e-29    26.7840    26.7801 1.0000e-12    137.085          1      33640    1504.22 3.9495e+00  54735.702   1401.632 1559287727       0.15     -0.555   39.52438  -72.39248    35.7558  1027.3969    26.7902    13.3048 0.0000e+00
    135.000    13.3385    35.5845  1027.3832     2.1003     4.2312     72.153    0.00625    5.86419    5.86194 -9.990e-29    -0.0476   10.64672   4.197385 2.5320e-11    26.7809    26.7769 1.0000e-12    136.084          1      33677    1504.25 3.9495e+00  54732.730   1403.187 1559287729      -0.02     -0.644   39.52438  -72.39248    35.7563  1027.3899    26.7876    13.3194 0.0000e+00
    134.000    13.3555    35.5835  1027.3744     2.1124     4.2695     72.826    0.00772    5.86262    5.86034      8.017    -0.0403   10.64415   4.198667 2.5320e-11    26.7766    26.7727 1.0000e-12    135.061          1      33718    1504.29 3.9495e+00  54728.449   1404.890 1559287731      -0.05     -0.540   39.52438  -72.39248    35.7530  1027.3793    26.7815    13.3365 0.0000e+00
    133.000    13.3433    35.5759  1027.3665     2.1167     4.2695     72.825    0.00550    5.86269    5.86041      8.018    -0.0429   10.64425   4.196644 2.5320e-11    26.7732    26.7693 1.0000e-12    134.073          1      33741    1504.23 3.9495e+00  54719.047   1405.841 1559287731      -0.35     -0.852   39.52438  -72.39247    35.7456  1027.3717    26.7783    13.3244 0.0000e+00
    132.000    13.3577    35.5726  1027.3565     2.1307     4.3112     73.603    0.00727    5.85736    5.85502      8.019    -0.0433   10.63535   4.197763 2.5320e-11    26.7676    26.7637 1.0000e-12    133.056          1      33785    1504.25 3.9495e+00  54711.815   1407.677 1559287733       0.29     -0.608   39.52438  -72.39246    35.7432  1027.3623    26.7735    13.3390 0.0000e+00
    131.000    13.3693    35.5753  1027.3517     2.1419     4.3314     73.987    0.00590    5.85430    5.85192      8.023    -0.0537   10.63030   4.199347 -9.990e-29    26.7673    26.7635 1.0000e-12    132.045          1      33828    1504.28 3.9495e+00  54713.376   1409.442 1559287735      -0.35     -0.546   39.52438  -72.39246    35.7478  1027.3590    26.7746    13.3508 0.0000e+00
    130.000    13.4060    35.5809  1027.3439     2.1580     4.3943     75.042    0.00977    5.85578    5.85341      8.026    -0.0553   10.63285   4.203499 -9.990e-29    26.7640    26.7602 1.0000e-12    131.044          1      33861    1504.39 3.9495e+00  54715.212   1410.816 1559287736       0.07     -0.740   39.52438  -72.39246    35.7533  1027.3512    26.7713    13.3875 0.0000e+00
    129.000    13.4304    35.5772  1027.3315     2.1916     4.5340     77.322    0.01856    5.86386    5.86157      8.028    -0.0572   10.64654   4.205239 2.5320e-11    26.7561    26.7524 1.0000e-12    130.022          1      33908    1504.45 3.9495e+00  54706.127   1412.787 1559287738      -0.04     -0.438   39.52438  -72.39244    35.7474  1027.3370    26.7617    13.4121 0.0000e+00
    128.000    13.4201    35.5706  1027.3241     2.2052     4.5536     77.597    0.01466    5.86826    5.86603      8.028    -0.0574   10.65396   4.203372 2.5320e-11    26.7531    26.7494 1.0000e-12    129.022          1      33934    1504.39 3.9495e+00  54697.970   1413.855 1559287739      -0.37     -0.763   39.52438  -72.39244    35.7397  1027.3288    26.7579    13.4019 0.0000e+00
    127.000    13.3896    35.5550  1027.3138     2.2097     4.5308     77.202    0.00783    5.86877    5.86653 -9.990e-29    -0.0558   10.65483   4.198252 2.5320e-11    26.7472    26.7435 1.0000e-12    128.024          1      33961    1504.25 3.9495e+00  54680.172   1415.017 1559287741       0.09     -0.907   39.52438  -72.39244    35.7200  1027.3155    26.7489    13.3716 0.0000e+00
    126.000    13.3158    35.5232  1027.3001     2.2091     4.4828     76.306   -0.00190    5.87473    5.87255 -9.990e-29    -0.0467   10.66490   4.187884 2.5320e-11    26.7378    26.7341 1.0000e-12    126.997          1      34023    1503.96 3.9495e+00  54646.382   1417.576 1559287743       0.08     -0.243   39.52438  -72.39244    35.6909  1027.3038    26.7416    13.2980 0.0000e+00
    125.000    13.3180    35.5231  1027.2951     2.2044     4.4660     76.005   -0.00282    5.87591    5.87376 -9.990e-29    -0.0420   10.66690   4.187825 4.6715e+04    26.7372    26.7336 1.0000e-12    125.996          1      34054    1503.95 2.0276e+00  54645.372   1418.874 1559287744      -0.36     -0.661   39.52438  -72.39244    35.6887  1027.2972    26.7394    13.3004 0.0000e+00
    124.000    13.2885    35.5111  1027.2874     2.1992     4.4438     75.621   -0.00446    5.87645    5.87429 -9.990e-29    -0.0390   10.66785   4.183533 8.4275e+04    26.7339    26.7303 1.0000e-12    124.996          1      34080    1503.82 4.8234e-01  54632.432   1419.938 1559287746      -0.09     -0.916   39.52437  -72.39244    35.6759  1027.2890    26.7355    13.2710 0.0000e+00
    123.000    13.2726    35.5037  1027.2804     2.1957     4.4439     75.603   -0.00266    5.87786    5.87572      8.034    -0.0417   10.67026   4.181316 1.5949e+03    26.7314    26.7278 1.0000e-12    123.983          1      34119    1503.74 3.8839e+00  54623.912   1421.594 1559287747       0.23     -0.665   39.52436  -72.39243    35.6701  1027.2833    26.7343    13.2553 0.0000e+00
    122.000    13.2666    35.4955  1027.2708     2.1929     4.4477     75.587   -0.00123    5.88419    5.88212      8.033    -0.0410   10.68090   4.179843 2.5320e-11    26.7262    26.7227 1.0000e-12    122.969          1      34165    1503.70 3.9495e+00  54612.854   1423.497 1559287749      -0.14     -0.503   39.52438  -72.39242    35.6621  1027.2739    26.7293    13.2494 0.0000e+00
    121.000    13.2589    35.4917  1027.2650     2.1881     4.4270     75.189   -0.00321    5.88790    5.88587      8.034    -0.0375   10.68718   4.178526 2.5320e-11    26.7248    26.7214 1.0000e-12    121.967          1      34196    1503.65 3.9495e+00  54608.221   1424.779 1559287750      -0.14     -0.737   39.52437  -72.39242    35.6572  1027.2672    26.7271    13.2418 0.0000e+00
    120.000    13.2125    35.4768  1027.2586     2.1804     4.4023     74.702   -0.00459    5.89322    5.89125      8.035    -0.0525   10.69615   4.172209 -9.990e-29    26.7227    26.7193 1.0000e-12    120.958          1      34236    1503.46 3.4268e+00  54593.727   1426.451 1559287752       0.17     -0.638   39.52437  -72.39242    35.6408  1027.2597    26.7239    13.1956 0.0000e+00
    119.000    13.1765    35.4612  1027.2494     2.1766     4.4096     74.747   -0.00202    5.89941    5.89750      8.035    -0.0496   10.70663   4.166931 -9.990e-29    26.7180    26.7146 1.0000e-12    119.942          1      34279    1503.31 3.9707e+00  54577.036   1428.234 1559287754      -0.25     -0.508   39.52438  -72.39242    35.6246  1027.2500    26.7186    13.1599 0.0000e+00
    118.000    13.1451    35.4501  1027.2428     2.1751     4.4086     74.734   -0.00127    5.89898    5.89706      8.036    -0.0463   10.70596   4.162582 -9.990e-29    26.7157    26.7123 1.0000e-12    118.948          1      34306    1503.17 3.9495e+00  54565.493   1429.365 1559287755      -0.13     -0.823   39.52436  -72.39242    35.6128  1027.2430    26.7159    13.1286 0.0000e+00
    117.000    13.0993    35.4281  1027.2306     2.1773     4.4273     75.029    0.00108    5.90073    5.89883      8.036    -0.0438   10.70899   4.155810 -9.990e-29    26.7079    26.7046 1.0000e-12    117.922          1      34353    1502.98 3.9495e+00  54541.381   1431.339 1559287757       0.25     -0.493   39.52436  -72.39242    35.5914  1027.2314    26.7087    13.0830 0.0000e+00
    116.000    13.1046    35.4236  1027.2216     2.1771     4.4246     74.976    0.00064    5.90140    5.89949      8.037    -0.0444   10.71021   4.156017 -9.990e-29    26.7033    26.7000 1.0000e-12    116.928          1      34381    1502.98 3.9495e+00  54533.795   1432.508 1559287758      -0.44     -0.707   39.52436  -72.39242    35.5889  1027.2239    26.7056    13.0885 0.0000e+00
    115.000    13.0951    35.4128  1027.2107     2.1752     4.4169     74.713   -0.00118    5.91184    5.91004      8.037    -0.0462   10.72786   4.153889 2.5320e-11    26.6968    26.6936 1.0000e-12    115.915          1      34422    1502.91 3.9495e+00  54519.716   1434.202 1559287760       0.27     -0.658   39.52436  -72.39242    35.5779  1027.2129    26.6990    13.0790 0.0000e+00
    114.000    13.0824    35.3953  1027.1952     2.1714     4.4123     74.438   -0.00220    5.92741    5.92578      8.036    -0.0516   10.75412   4.150384 2.5320e-11    26.6858    26.6826 1.0000e-12    114.903          1      34461    1502.83 3.9495e+00  54496.800   1435.852 1559287761      -0.44     -0.533   39.52436  -72.39240    35.5567  1027.1946    26.6852    13.0665 0.0000e+00
    113.000    13.0174    35.3690  1027.1837     2.1645     4.3838     73.924   -0.00437    5.93007    5.92847      8.036    -0.0286   10.75864   4.140857 2.5320e-11    26.6786    26.6754 1.0000e-12    113.905          1      34492    1502.57 3.9495e+00  54469.688   1437.141 1559287763       0.08     -0.778   39.52436  -72.39240    35.5266  1027.1803    26.6751    13.0018 0.0000e+00
    112.000    12.8881    35.3170  1027.1652     2.1562     4.3658     73.593   -0.00369    5.93228    5.93070      8.035    -0.0446   10.76238   4.123119 -9.990e-29    26.6642    26.6611 1.0000e-12    112.883          1      34543    1502.06 3.9495e+00  54416.255   1439.239 1559287765      -0.07     -0.379   39.52436  -72.39240    35.4781  1027.1646    26.6636    12.8727 0.0000e+00
    111.000    12.8771    35.3103  1027.1577     2.1543     4.3687     73.588   -0.00267    5.93665    5.93512 -9.990e-29    -0.0444   10.76976   4.121263 -9.990e-29    26.6611    26.6581 1.0000e-12    111.887          1      34573    1502.00 3.9495e+00  54408.145   1440.512 1559287766      -0.14     -0.722   39.52436  -72.39240    35.4710  1027.1569    26.6603    12.8618 0.0000e+00
    110.000    12.8666    35.3056  1027.1517     2.1576     4.4118     74.147    0.00214    5.95005    5.94865      8.035    -0.0327   10.79244   4.120002 2.5320e-11    26.6596    26.6565 1.0000e-12    110.871          1      34613    1501.94 3.9495e+00  54402.650   1442.155 1559287768       0.12     -0.629   39.52436  -72.39239    35.4692  1027.1530    26.6610    12.8514 0.0000e+00
    109.000    12.8299    35.2906  1027.1430     2.1624     4.4301     74.415    0.00280    5.95327    5.95191      8.036    -0.0387   10.79791   4.113923 2.5320e-11    26.6553    26.6523 1.0000e-12    109.867          1      34647    1501.79 3.9495e+00  54387.027   1443.601 1559287769      -0.09     -0.677   39.52436  -72.39238    35.4455  1027.1377    26.6500    12.8149 0.0000e+00
    108.000    12.7435    35.2469  1027.1221     2.1686     4.4712     74.844    0.00457    5.97404    5.97292      8.036    -0.0441   10.83279   4.101479 2.5320e-11    26.6386    26.6356 1.0000e-12    108.856          1      34682    1501.43 3.9495e+00  54338.816   1445.021 1559287771       0.00     -0.709   39.52436  -72.39238    35.4071  1027.1209    26.6375    12.7288 0.0000e+00
    107.000    12.7030    35.2305  1027.1129     2.1698     4.4749     74.609    0.00151    5.99779    5.99691      8.036    -0.0394   10.87299   4.095413 2.5320e-11    26.6339    26.6310 1.0000e-12    107.853          1      34719    1501.26 3.9495e+00  54322.068   1446.574 1559287772       0.12     -0.671   39.52436  -72.39238    35.3869  1027.1090    26.6299    12.6884 0.0000e+00
    106.000    12.4779    35.1521  1027.0925     2.1700     4.4871     74.460   -0.00003    6.02619    6.02560      8.039    -0.0244   10.92111   4.064138 2.5320e-11    26.6174    26.6146 1.0000e-12    106.833          1      34768    1500.39 3.9495e+00  54247.631   1448.638 1559287774      -0.10     -0.423   39.52436  -72.39238    35.2961  1027.0792    26.6041    12.4636 0.0000e+00
    105.000    12.3862    35.0992  1027.0652     2.1725     4.5062     74.651    0.00091    6.03633    6.03586      8.038    -0.0204   10.93823   4.049995 2.5320e-11    26.5942    26.5914 1.0000e-12    105.835          1      34796    1500.00 3.9495e+00  54187.667   1449.789 1559287775      -0.26     -0.753   39.52436  -72.39238    35.2454  1027.0538    26.5828    12.3721 0.0000e+00
    104.000    12.2429    35.0302  1027.0353     2.1874     4.5877     75.990    0.00826    6.03723    6.03676      8.039    -0.0194   10.93992   4.028831 -9.990e-29    26.5685    26.5658 1.0000e-12    104.831          1      34830    1499.42 3.9495e+00  54114.712   1451.192 1559287777       0.14     -0.769   39.52436  -72.39238    35.1743  1027.0225    26.5556    12.2291 0.0000e+00
    103.000    12.1065    34.9587  1027.0019     2.2125     4.6742     77.306    0.01044    6.04639    6.04600 -9.990e-29    -0.0365   10.95552   4.009411 2.5320e-11    26.5393    26.5367 1.0000e-12    103.807          1      34889    1498.85 3.9495e+00  54037.036   1453.666 1559287779       0.02     -0.304   39.52436  -72.39236    35.1134  1026.9975    26.5349    12.0930 0.0000e+00
    102.000    12.1278    34.9525  1026.9884     2.2176     4.6629     77.088    0.00553    6.04878    6.04842      8.042    -0.0248   10.95956   4.010578 2.5320e-11    26.5304    26.5278 1.0000e-12    102.803          1      34916    1498.90 3.9495e+00  54024.531   1454.803 1559287780      -0.51     -0.675   39.52436  -72.39236    35.1053  1026.9825    26.5245    12.1143 0.0000e+00
    101.000    12.0903    34.9317  1026.9751     2.2222     4.6760     77.312    0.00575    6.04825    6.04789      8.042    -0.0228   10.95871   4.004817 2.5320e-11    26.5213    26.5188 1.0000e-12    101.812          1      34937    1498.73 3.9495e+00  54000.930   1455.678 1559287781      -0.25     -1.051   39.52436  -72.39236    35.0846  1026.9694    26.5156    12.0770 0.0000e+00
    100.000    12.0527    34.9118  1026.9624     2.2327     4.7022     77.696    0.00496    6.05212    6.05179      8.042    -0.0287   10.96525   3.999546 7.3050e+04    26.5130    26.5105 1.0000e-12    100.788          1      34988    1498.56 1.5056e+00  53978.877   1457.801 1559287783       0.36     -0.479   39.52436  -72.39236    35.0688  1026.9599    26.5106    12.0396 0.0000e+00
     99.000    12.0447    34.9050  1026.9541     2.2346     4.6890     77.410    0.00099    6.05736    6.05709      8.042    -0.0228   10.97421   3.998225 -9.990e-29    26.5092    26.5068 1.0000e-12     99.784          1      35027    1498.51 3.9489e+00  53970.078   1459.416 1559287785      -0.54     -0.599   39.52436  -72.39236    35.0637  1026.9530    26.5082    12.0318 0.0000e+00
     98.000    12.0315    34.8979  1026.9467     2.2382     4.7069     77.651    0.00191    6.06162    6.06140      8.043    -0.0232   10.98140   3.996040 -9.990e-29    26.5063    26.5038 1.0000e-12     98.783          1      35056    1498.44 3.9495e+00  53961.862   1460.642 1559287786       0.07     -0.858   39.52436  -72.39236    35.0552  1026.9445    26.5041    12.0187 0.0000e+00
