CalculateIndicators/WaterTemperature/Data/CTD_NYOS/NYBOS_20190530_6_6.cnv
* Sea-Bird SBE 9 Data File:
* FileName = C:\Seabird 9 CTD\Data\2019\201905_offshore\NYBOS_20190530_6_6.hex
* Software Version Seasave V 7.23.2
* Temperature SN = 4590
* Conductivity SN = 3228
* Number of Bytes Per Scan = 44
* Number of Voltage Words = 5
* Number of Scans Averaged by the Deck Unit = 1
* NMEA Latitude = 38 47.22 N
* NMEA Longitude = 072 48.98 W
* NMEA UTC (Time) = May 30 2019  20:15:46
* NMEA baud rate = 4800
** Ship: Seawolf
** Station: 6_6
** Operator: AJB
# nquan = 35
# nvalues = 959                         
# units = specified
# name 0 = depSM: Depth [salt water, m]
# name 1 = t090C: Temperature [ITS-90, deg C]
# name 2 = sal00: Salinity, Practical [PSU]
# name 3 = density00: Density [density, kg/m^3]
# name 4 = sbeox0V: Oxygen raw, SBE 43 [V]
# name 5 = sbeox0ML/L: Oxygen, SBE 43 [ml/l]
# name 6 = sbeox0PS: Oxygen, SBE 43 [% saturation]
# name 7 = sbox0dV/dT: Oxygen, SBE 43 [dov/dt]
# name 8 = oxsolML/L: Oxygen Saturation, Garcia & Gordon [ml/l]
# name 9 = oxsatML/L: Oxygen Saturation, Weiss [ml/l]
# name 10 = ph: pH
# name 11 = flECO-AFL: Fluorescence, WET Labs ECO-AFL/FL [mg/m^3]
# name 12 = n2satML/L: Nitrogen Saturation [ml/l]
# name 13 = c0S/m: Conductivity [S/m]
# name 14 = cpar: CPAR/Corrected Irradiance [%]
# name 15 = sigma-é00: Density [sigma-theta, kg/m^3]
# name 16 = sigma-t00: Density [sigma-t, kg/m^3 ]
# name 17 = par: PAR/Irradiance, Biospherical/Licor
# name 18 = prDM: Pressure, Digiquartz [db]
# name 19 = pumps: Pump Status
# name 20 = scan: Scan Count
# name 21 = svCM: Sound Velocity [Chen-Millero, m/s]
# name 22 = spar: SPAR, Biospherical/Licor
# name 23 = specc: Specific Conductance [uS/cm]
# name 24 = timeS: Time, Elapsed [seconds]
# name 25 = timeY: Time, System [seconds]
# name 26 = accM: Acceleration [m/s^2]
# name 27 = dz/dtM: Descent Rate [m/s]
# name 28 = latitude: Latitude [deg]
# name 29 = longitude: Longitude [deg]
# name 30 = gsw_saA0: Absolute Salinity [g/kg]
# name 31 = gsw_densityA0: density, TEOS-10 [density, kg/m^3]
# name 32 = gsw_sigma0A0: density, TEOS-10 [sigma-0, kg/m^3 ]
# name 33 = gsw_ptA0: potential temperature [ITS-90, deg C]
# name 34 = flag: flag
# span 0 =      2.000,    481.000       
# span 1 =     6.4079,    18.7032       
# span 2 =    33.6457,    35.7084       
# span 3 =  1024.4363,  1029.7825       
# span 4 =     1.5378,     2.8693       
# span 5 =     2.9298,     5.8001       
# span 6 =     46.609,    106.565       
# span 7 =   -0.04656,    0.03751       
# span 8 =    5.29246,    6.83999       
# span 9 =    5.28384,    6.85180       
# span 10 =      7.876,     16.546      
# span 11 =    -0.0759,     0.7550      
# span 12 =    9.70209,   12.26447      
# span 13 =   3.503029,   4.697820      
# span 14 = 4.8641e-14, 1.0944e+01      
# span 15 =    24.4274,    27.5685      
# span 16 =    24.4273,    27.5627      
# span 17 = 1.0000e-12, 2.1656e+02      
# span 18 =      2.014,    485.225      
# span 19 =          1,          1      
# span 20 =       1381,      39963      
# span 21 =    1484.25,    1518.31      
# span 22 = 4.8211e+02, 2.0512e+03      
# span 23 =  51577.054,  55764.268      
# span 24 =     57.508,   1665.103      
# span 25 = 1559247403, 1559249010      
# span 26 =      -1.27,       0.59      
# span 27 =     -1.520,      1.072      
# span 28 =   38.78661,   38.78712      
# span 29 =  -72.81806,  -72.81642      
# span 30 =    33.7698,    35.8905      
# span 31 =  1024.4149,  1029.7856      
# span 32 =    24.4061,    27.5716      
# span 33 =     6.3635,    18.7014      
# span 34 = 0.0000e+00, 0.0000e+00      
# interval = meters: 1                  
# start_time = May 30 2019 20:15:45 [System UTC, first data scan.]
# bad_flag = -9.990e-29
*END*
[from data line 456]
    458.000     6.4636    35.0839  1029.6721     1.8505     4.3035     62.990    0.00048    6.83195    6.84364     16.544    -0.0496   12.25118   3.507319 5.1487e-14    27.5639    27.5583 1.0000e-12    461.998          1      17494    1484.27 1.9423e+03  55736.702    728.858 1559248074      -0.22      0.731   38.78700  -72.81704    35.2497  1029.6735    27.5653     6.4212 0.0000e+00
    459.000     6.4605    35.0835  1029.6769     1.8520     4.3126     63.117    0.00083    6.83259    6.84429     16.544    -0.0462   12.25224   3.507086 5.1271e-14    27.5641    27.5584 1.0000e-12    463.017          1      17544    1484.27 1.9505e+03  55737.819    730.957 1559248076       0.19      0.407   38.78700  -72.81704    35.2498  1029.6786    27.5658     6.4180 0.0000e+00
    460.000     6.4575    35.0833  1029.6818     1.8521     4.3076     63.043    0.00017    6.83288    6.84458     16.544    -0.0423   12.25272   3.506845 5.3467e-14    27.5643    27.5587 1.0000e-12    464.017          1      17574    1484.28 1.8706e+03  55739.215    732.192 1559248077       0.15      0.748   38.78700  -72.81704    35.2498  1029.6836    27.5662     6.4149 0.0000e+00
    461.000     6.4542    35.0830  1029.6865     1.8529     4.3137     63.131    0.00047    6.83294    6.84464     16.544    -0.0505   12.25281   3.506598 5.2340e-14    27.5645    27.5588 1.0000e-12    465.031          1      17613    1484.28 1.9111e+03  55740.468    733.830 1559248079      -0.14      0.646   38.78700  -72.81704    35.2498  1029.6887    27.5667     6.4116 0.0000e+00
    462.000     6.4522    35.0828  1029.6913     1.8537     4.3173     63.178    0.00048    6.83359    6.84530     16.544    -0.0541   12.25389   3.506464 5.1120e-14    27.5647    27.5590 1.0000e-12    466.042          1      17652    1484.29 1.9562e+03  55741.592    735.454 1559248081       0.09      0.606   38.78698  -72.81704    35.2499  1029.6937    27.5670     6.4094 0.0000e+00
    463.000     6.4521    35.0827  1029.6958     1.8545     4.3214     63.234    0.00052    6.83402    6.84574     16.544    -0.0466   12.25461   3.506497 5.1199e-14    27.5645    27.5589 1.0000e-12    467.048          1      17686    1484.31 1.9532e+03  55742.087    736.881 1559248082       0.02      0.703   38.78698  -72.81704    35.2498  1029.6982    27.5670     6.4093 0.0000e+00
    464.000     6.4481    35.0824  1029.7008     1.8562     4.3330     63.399    0.00113    6.83445    6.84617     16.544    -0.0436   12.25530   3.506144 5.0837e-14    27.5649    27.5592 1.0000e-12    468.064          1      17723    1484.31 1.9671e+03  55743.653    738.432 1559248084      -0.03      0.653   38.78698  -72.81704    35.2496  1029.7032    27.5674     6.4051 0.0000e+00
    465.000     6.4457    35.0823  1029.7056     1.8562     4.3248     63.276    0.00016    6.83473    6.84646 -9.990e-29    -0.0494   12.25578   3.505974 5.1365e-14    27.5651    27.5594 1.0000e-12    469.067          1      17754    1484.31 1.9470e+03  55744.941    739.701 1559248085       0.13      0.749   38.78699  -72.81704    35.2496  1029.7081    27.5677     6.4027 0.0000e+00
    466.000     6.4426    35.0821  1029.7105     1.8570     4.3301     63.352    0.00039    6.83498    6.84672 -9.990e-29    -0.0441   12.25620   3.505729 5.1759e-14    27.5654    27.5597 1.0000e-12    470.079          1      17795    1484.32 1.9321e+03  55746.433    741.426 1559248087      -0.18      0.620   38.78699  -72.81704    35.2496  1029.7131    27.5681     6.3995 0.0000e+00
    467.000     6.4403    35.0820  1029.7153     1.8576     4.3335     63.400    0.00046    6.83515    6.84688     16.545    -0.0433   12.25647   3.505560 5.1145e-14    27.5656    27.5599 1.0000e-12    471.090          1      17839    1484.33 1.9553e+03  55747.613    743.266 1559248088       0.15      0.536   38.78698  -72.81704    35.2495  1029.7180    27.5683     6.3971 0.0000e+00
    468.000     6.4387    35.0817  1029.7199     1.8579     4.3320     63.374    0.00009    6.83552    6.84726     16.545    -0.0480   12.25708   3.505448 5.1873e-14    27.5656    27.5599 1.0000e-12    472.101          1      17891    1484.33 1.9278e+03  55748.449    745.428 1559248091      -0.12      0.459   38.78698  -72.81704    35.2494  1029.7228    27.5685     6.3954 0.0000e+00
    469.000     6.4374    35.0816  1029.7246     1.8572     4.3252     63.274   -0.00041    6.83577    6.84751     16.545    -0.0417   12.25749   3.505363 5.1232e-14    27.5657    27.5600 1.0000e-12    473.105          1      17937    1484.35 1.9519e+03  55749.394    747.350 1559248092       0.04      0.556   38.78698  -72.81704    35.2493  1029.7274    27.5686     6.3940 0.0000e+00
    470.000     6.4345    35.0814  1029.7295     1.8579     4.3344     63.406    0.00022    6.83596    6.84770     16.545    -0.0521   12.25780   3.505138 5.2796e-14    27.5660    27.5602 1.0000e-12    474.120          1      18014    1484.35 1.8948e+03  55750.812    750.532 1559248096      -0.07      0.301   38.78698  -72.81705    35.2493  1029.7325    27.5690     6.3910 0.0000e+00
    471.000     6.4332    35.0812  1029.7342     1.8591     4.3422     63.515    0.00054    6.83647    6.84823     16.545    -0.0534   12.25866   3.505051 5.1628e-14    27.5660    27.5602 1.0000e-12    475.133          1      18096    1484.36 1.9369e+03  55751.634    753.978 1559248099       0.09      0.289   38.78698  -72.81704    35.2491  1029.7371    27.5690     6.3897 0.0000e+00
    472.000     6.4309    35.0811  1029.7390     1.8589     4.3357     63.416   -0.00016    6.83694    6.84871     16.545    -0.0478   12.25944   3.504879 5.1722e-14    27.5663    27.5605 1.0000e-12    476.140          1      18148    1484.37 1.9335e+03  55752.958    756.120 1559248101      -0.02      0.462   38.78698  -72.81704    35.2491  1029.7420    27.5693     6.3873 0.0000e+00
    473.000     6.4280    35.0810  1029.7439     1.8583     4.3331     63.377   -0.00027    6.83705    6.84882     16.545    -0.0534   12.25961   3.504645 5.1844e-14    27.5666    27.5607 1.0000e-12    477.148          1      18206    1484.37 1.9289e+03  55754.362    758.544 1559248104      -0.05      0.411   38.78698  -72.81704    35.2489  1029.7469    27.5696     6.3843 0.0000e+00
    474.000     6.4262    35.0809  1029.7487     1.8580     4.3361     63.418    0.00006    6.83729    6.84906     16.545    -0.0482   12.26001   3.504523 5.1666e-14    27.5667    27.5609 1.0000e-12    478.162          1      18297    1484.38 1.9355e+03  55755.434    762.321 1559248107       0.02      0.224   38.78698  -72.81705    35.2489  1029.7517    27.5698     6.3824 0.0000e+00
    475.000     6.4254    35.0808  1029.7533     1.8582     4.3383     63.443    0.00009    6.83813    6.84991     16.545    -0.0553   12.26139   3.504490 5.3045e-14    27.5668    27.5609 1.0000e-12    479.168          1      18355    1484.40 1.8857e+03  55756.336    764.760 1559248110       0.06      0.456   38.78698  -72.81706    35.2488  1029.7564    27.5699     6.3815 0.0000e+00
    476.000     6.4224    35.0806  1029.7582     1.8576     4.3321     63.349   -0.00044    6.83848    6.85027     16.545    -0.0423   12.26197   3.504215 5.2469e-14    27.5670    27.5612 1.0000e-12    480.180          1      18406    1484.40 1.9065e+03  55757.702    766.877 1559248112       0.08      0.467   38.78698  -72.81706    35.2484  1029.7611    27.5700     6.3784 0.0000e+00
    477.000     6.4179    35.0805  1029.7634     1.8591     4.3462     63.554    0.00050    6.83856    6.85035     16.545    -0.0398   12.26210   3.503849 5.1760e-14    27.5676    27.5617 1.0000e-12    481.188          1      18479    1484.40 1.9320e+03  55759.695    769.906 1559248115      -0.05      0.308   38.78698  -72.81706    35.2484  1029.7664    27.5706     6.3738 0.0000e+00
    478.000     6.4153    35.0802  1029.7681     1.8591     4.3463     63.544    0.00032    6.83992    6.85174 -9.990e-29    -0.0463   12.26436   3.503618 5.2565e-14    27.5677    27.5618 1.0000e-12    482.199          1      18590    1484.40 1.9044e+03  55760.809    774.530 1559248120       0.45      0.371   38.78698  -72.81706    35.2479  1029.7709    27.5705     6.3712 0.0000e+00
    479.000     6.4093    35.0801  1029.7735     1.8604     4.3531     63.641    0.00056    6.83999    6.85180     16.546    -0.0482   12.26447   3.503111 5.2310e-14    27.5684    27.5625 1.0000e-12    483.207          1      18651    1484.40 1.9125e+03  55763.185    777.068 1559248122      -0.08      0.381   38.78698  -72.81706    35.2479  1029.7764    27.5713     6.3651 0.0000e+00
    480.000     6.4079    35.0800  1029.7782     1.8610     4.3489     63.581   -0.00014    6.83992    6.85174     16.546    -0.0491   12.26437   3.503029 5.3841e-14    27.5685    27.5627 1.0000e-12    484.220          1      18769    1484.42 1.8602e+03  55764.267    782.009 1559248127       0.06      0.208   38.78698  -72.81706    35.2480  1029.7813    27.5716     6.3635 0.0000e+00
    481.000     6.4084    35.0796  1029.7825     1.8614     4.3558     63.684    0.00023    6.83978    6.85159     16.546    -0.0533   12.26413   3.503102 5.2220e-14    27.5682    27.5623 1.0000e-12    485.225          1      20065    1484.43 1.9144e+03  55764.268    835.988 1559248181      -0.13      0.089   38.78697  -72.81712    35.2478  1029.7856    27.5714     6.3640 0.0000e+00
    480.000     6.4100    35.0794  1029.7774     1.8622     4.3509     63.615   -0.00017    6.83944    6.85125     16.545    -0.0559   12.26358   3.503190 5.9814e-14    27.5677    27.5618 1.0000e-12    484.226          1      21303    1484.42 1.7142e+03  55762.618    887.566 1559248233      -0.38     -0.436   38.78698  -72.81715    35.2476  1029.7807    27.5710     6.3657 0.0000e+00
    479.000     6.4096    35.0794  1029.7729     1.8620     4.3464     63.565   -0.00030    6.83772    6.84949     16.545    -0.0539   12.26073   3.503108 5.2975e-14    27.5678    27.5619 1.0000e-12    483.209          1      21056    1484.40 1.8867e+03  55762.071    877.285 1559248222      -0.77     -0.970   38.78698  -72.81714    35.2476  1029.7761    27.5710     6.3654 0.0000e+00
    478.000     6.4114    35.0795  1029.7681     1.8619     4.3447     63.539   -0.00039    6.83771    6.84948     16.545    -0.0489   12.26072   3.503267 5.3225e-14    27.5676    27.5617 1.0000e-12    482.198          1      21075    1484.39 1.8789e+03  55760.931    878.070 1559248223       0.03     -1.206   38.78698  -72.81714    35.2480  1029.7716    27.5711     6.3673 0.0000e+00
    477.000     6.4162    35.0794  1029.7628     1.8616     4.3452     63.548   -0.00017    6.83773    6.84951     16.545    -0.0316   12.26076   3.503665 5.4153e-14    27.5669    27.5611 1.0000e-12    481.188          1      21094    1484.39 1.8483e+03  55758.707    878.871 1559248224      -0.07     -1.216   38.78697  -72.81714    35.2481  1029.7664    27.5706     6.3721 0.0000e+00
    476.000     6.4196    35.0796  1029.7578     1.8613     4.3418     63.502   -0.00036    6.83731    6.84908     16.545    -0.0430   12.26005   3.503975 5.2441e-14    27.5666    27.5608 1.0000e-12    480.184          1      21113    1484.39 1.9070e+03  55757.141    879.652 1559248225      -0.04     -1.272   38.78696  -72.81714    35.2485  1029.7616    27.5704     6.3756 0.0000e+00
    475.000     6.4234    35.0794  1029.7525     1.8614     4.3426     63.517   -0.00023    6.83680    6.84856     16.545    -0.0512   12.25921   3.504221 5.2022e-14    27.5659    27.5601 1.0000e-12    479.169          1      21133    1484.39 1.9223e+03  55754.919    880.512 1559248226       0.09     -1.248   38.78696  -72.81714    35.2479  1029.7560    27.5694     6.3795 0.0000e+00
    474.000     6.4222    35.0798  1029.7484     1.8617     4.3479     63.592    0.00026    6.83710    6.84887 -9.990e-29    -0.0526   12.25971   3.504103 6.7027e-14    27.5664    27.5606 1.0000e-12    478.158          1      21154    1484.37 1.5340e+03  55755.190    881.371 1559248226       0.04     -1.176   38.78696  -72.81714    35.2483  1029.7518    27.5699     6.3784 0.0000e+00
    473.000     6.4229    35.0797  1029.7436     1.8614     4.3446     63.546    0.00009    6.83696    6.84873 -9.990e-29    -0.0495   12.25948   3.504120 8.8551e-14    27.5662    27.5604 1.0000e-12    477.152          1      21174    1484.35 1.1315e+03  55754.022    882.200 1559248227      -0.05     -1.190   38.78696  -72.81714    35.2483  1029.7471    27.5697     6.3792 0.0000e+00
    472.000     6.4276    35.0801  1029.7387     1.8610     4.3361     63.436   -0.00047    6.83546    6.84720 -9.990e-29    -0.0427   12.25700   3.504560 6.1283e-14    27.5659    27.5601 1.0000e-12    476.145          1      21196    1484.36 1.6777e+03  55752.518    883.137 1559248228       0.12     -1.170   38.78698  -72.81714    35.2489  1029.7424    27.5696     6.3839 0.0000e+00
    471.000     6.4268    35.0798  1029.7340     1.8606     4.3352     63.427   -0.00032    6.83491    6.84664     16.545    -0.0494   12.25610   3.504378 5.3096e-14    27.5658    27.5600 1.0000e-12    475.124          1      21223    1484.34 1.8806e+03  55751.649    884.268 1559248229       0.17     -0.948   38.78696  -72.81714    35.2481  1029.7373    27.5691     6.3833 0.0000e+00
    470.000     6.4272    35.0801  1029.7295     1.8603     4.3324     63.389   -0.00044    6.83453    6.84625     16.545    -0.0553   12.25546   3.504425 5.2514e-14    27.5659    27.5601 1.0000e-12    474.110          1      21245    1484.32 1.9043e+03  55751.123    885.188 1559248230      -0.21     -0.955   38.78696  -72.81716    35.2488  1029.7331    27.5696     6.3837 0.0000e+00
    469.000     6.4348    35.0803  1029.7240     1.8596     4.3288     63.337   -0.00050    6.83458    6.84630     16.544    -0.0538   12.25554   3.505162 5.2541e-14    27.5651    27.5593 1.0000e-12    473.109          1      21262    1484.33 1.9033e+03  55748.390    885.891 1559248231      -0.38     -1.180   38.78696  -72.81716    35.2497  1029.7282    27.5693     6.3914 0.0000e+00
    468.000     6.4385    35.0799  1029.7185     1.8594     4.3264     63.305   -0.00062    6.83422    6.84593     16.544    -0.0558   12.25495   3.505348 5.2998e-14    27.5642    27.5585 1.0000e-12    472.108          1      21279    1484.33 1.8872e+03  55745.846    886.587 1559248232      -0.20     -1.393   38.78696  -72.81716    35.2484  1029.7221    27.5678     6.3953 0.0000e+00
    467.000     6.4415    35.0804  1029.7140     1.8594     4.3279     63.331   -0.00038    6.83370    6.84541     16.544    -0.0520   12.25410   3.505679 5.3281e-14    27.5643    27.5585 1.0000e-12    471.093          1      21299    1484.33 1.8770e+03  55745.141    887.428 1559248233       0.20     -1.368   38.78696  -72.81716    35.2497  1029.7180    27.5683     6.3983 0.0000e+00
    466.000     6.4424    35.0802  1029.7090     1.8595     4.3326     63.403    0.00016    6.83350    6.84520     16.544    -0.0594   12.25376   3.505638 5.4912e-14    27.5639    27.5582 1.0000e-12    470.079          1      21322    1484.31 1.8227e+03  55743.716    888.363 1559248233       0.18     -1.145   38.78696  -72.81716    35.2487  1029.7125    27.5675     6.3993 0.0000e+00
    465.000     6.4430    35.0806  1029.7046     1.8596     4.3325     63.405    0.00020    6.83312    6.84482     16.544    -0.0628   12.25313   3.505710 5.3428e-14    27.5641    27.5584 1.0000e-12    469.070          1      21343    1484.30 1.8717e+03  55743.370    889.264 1559248234      -0.03     -1.097   38.78696  -72.81716    35.2495  1029.7084    27.5679     6.4000 0.0000e+00
    464.000     6.4470    35.0804  1029.6993     1.8596     4.3275     63.335   -0.00011    6.83260    6.84429     16.544    -0.0445   12.25228   3.506018 5.5264e-14    27.5634    27.5577 1.0000e-12    468.060          1      21365    1484.30 1.8102e+03  55741.116    890.170 1559248235      -0.00     -1.121   38.78696  -72.81716    35.2493  1029.7031    27.5673     6.4040 0.0000e+00
