CalculateIndicators/WaterTemperature/Data/CTD_NYOS/NYBOS_20190530_5_6.cnv
* Sea-Bird SBE 9 Data File:
* FileName = C:\Seabird 9 CTD\Data\2019\201905_offshore\NYBOS_20190530_5_6.hex
* Software Version Seasave V 7.23.2
* Temperature SN = 4590
* Conductivity SN = 3228
* Number of Bytes Per Scan = 44
* Number of Voltage Words = 5
* Number of Scans Averaged by the Deck Unit = 1
* NMEA Latitude = 39 01.04 N
* NMEA Longitude = 072 33.60 W
* NMEA UTC (Time) = May 30 2019  23:25:28
* NMEA baud rate = 4800
** Ship: Seawolf
** Station: 5_6
** Operator: LIS
# nquan = 35
# nvalues = 900                         
# units = specified
# name 0 = depSM: Depth [salt water, m]
# name 1 = t090C: Temperature [ITS-90, deg C]
# name 2 = sal00: Salinity, Practical [PSU]
# name 3 = density00: Density [density, kg/m^3]
# name 4 = sbeox0V: Oxygen raw, SBE 43 [V]
# name 5 = sbeox0ML/L: Oxygen, SBE 43 [ml/l]
# name 6 = sbeox0PS: Oxygen, SBE 43 [% saturation]
# name 7 = sbox0dV/dT: Oxygen, SBE 43 [dov/dt]
# name 8 = oxsolML/L: Oxygen Saturation, Garcia & Gordon [ml/l]
# name 9 = oxsatML/L: Oxygen Saturation, Weiss [ml/l]
# name 10 = ph: pH
# name 11 = flECO-AFL: Fluorescence, WET Labs ECO-AFL/FL [mg/m^3]
# name 12 = n2satML/L: Nitrogen Saturation [ml/l]
# name 13 = c0S/m: Conductivity [S/m]
# name 14 = cpar: CPAR/Corrected Irradiance [%]
# name 15 = sigma-é00: Density [sigma-theta, kg/m^3]
# name 16 = sigma-t00: Density [sigma-t, kg/m^3 ]
# name 17 = par: PAR/Irradiance, Biospherical/Licor
# name 18 = prDM: Pressure, Digiquartz [db]
# name 19 = pumps: Pump Status
# name 20 = scan: Scan Count
# name 21 = svCM: Sound Velocity [Chen-Millero, m/s]
# name 22 = spar: SPAR, Biospherical/Licor
# name 23 = specc: Specific Conductance [uS/cm]
# name 24 = timeS: Time, Elapsed [seconds]
# name 25 = timeY: Time, System [seconds]
# name 26 = accM: Acceleration [m/s^2]
# name 27 = dz/dtM: Descent Rate [m/s]
# name 28 = latitude: Latitude [deg]
# name 29 = longitude: Longitude [deg]
# name 30 = gsw_saA0: Absolute Salinity [g/kg]
# name 31 = gsw_densityA0: density, TEOS-10 [density, kg/m^3]
# name 32 = gsw_sigma0A0: density, TEOS-10 [sigma-0, kg/m^3 ]
# name 33 = gsw_ptA0: potential temperature [ITS-90, deg C]
# name 34 = flag: flag
# span 0 =      1.000,    451.000       
# span 1 =     6.4658,    14.6642       
# span 2 =    32.4909,    35.6077       
# span 3 =  1024.1400,  1029.6372       
# span 4 =     1.5102,     3.0431       
# span 5 =     2.8639,     7.3336       
# span 6 =     45.444,    113.873       
# span 7 =   -0.05257,    0.04838       
# span 8 =    5.81585,    6.83078       
# span 9 =    5.81107,    6.84244       
# span 10 =      7.866,     16.544      
# span 11 =    -0.0758,     3.5822      
# span 12 =   10.60019,   12.24925      
# span 13 =   3.394994,   4.202733      
# span 14 = -5.256e-06, 3.8707e+01      
# span 15 =    24.1268,    27.5619      
# span 16 =    24.1267,    27.5564      
# span 17 = -3.521e-06, 3.1107e+01      
# span 18 =      1.017,    454.935      
# span 19 =          1,          1      
# span 20 =        409,      38577      
# span 21 =    1478.61,    1504.11      
# span 22 = 1.4525e+01, 8.1397e+01      
# span 23 =  50243.114,  55727.325      
# span 24 =     16.994,   1607.315      
# span 25 = 1559258744, 1559260334      
# span 26 =      -0.37,       0.38      
# span 27 =     -0.950,      1.015      
# span 28 =   39.01438,   39.01728      
# span 29 =  -72.56181,  -72.56016      
# span 30 =    32.6510,    35.7762      
# span 31 =  1024.1479,  1029.6402      
# span 32 =    24.1434,    27.5644      
# span 33 =     6.4241,    14.6641      
# span 34 = 0.0000e+00, 0.0000e+00      
# interval = meters: 1                  
# start_time = May 30 2019 23:25:27 [System UTC, first data scan.]
# bad_flag = -9.990e-29
*END*
[from data line 664]
    236.000    11.1501    35.4072  1028.1335     1.5548     2.9123     47.449    0.00116    6.13770    6.13897     14.310    -0.0378   11.10090   3.970366 2.9562e-12    27.0708    27.0653 1.0000e-12    237.936          1      27529    1498.31 3.3566e+01  54905.599   1146.994 1559259874      -0.17     -0.677   39.01516  -72.56124    35.5799  1028.1408    27.0781    11.1203 0.0000e+00
    235.000    11.1579    35.4087  1028.1287     1.5562     2.9154     47.528    0.00129    6.13412    6.13534     14.121    -0.0515   11.09496   3.971340 3.0015e-12    27.0705    27.0651 1.0000e-12    236.931          1      27558    1498.32 3.3571e+01  54905.696   1148.199 1559259875      -0.06     -0.816   39.01516  -72.56124    35.5825  1028.1369    27.0788    11.1282 0.0000e+00
    234.000    11.1963    35.4139  1028.1210     1.5588     2.9200     47.661    0.00153    6.12650    6.12762     13.943    -0.0446   11.08225   3.975556 2.9776e-12    27.0675    27.0620 1.0000e-12    235.925          1      27593    1498.45 3.3571e+01  54905.213   1149.662 1559259877       0.14     -0.736   39.01516  -72.56125    35.5881  1028.1295    27.0760    11.1666 0.0000e+00
    233.000    11.2527    35.4210  1028.1113     1.5629     2.9283     47.874    0.00183    6.11671    6.11770     13.493    -0.0398   11.06603   3.981957 2.9791e-12    27.0626    27.0571 1.0000e-12    234.907          1      27649    1498.64 3.3571e+01  54904.207   1152.010 1559259879       0.03     -0.374   39.01516  -72.56126    35.5981  1028.1220    27.0734    11.2231 0.0000e+00
    232.000    11.3341    35.4313  1028.0994     1.5657     2.9330     47.986    0.00172    6.11225    6.11319     13.280    -0.0443   11.05856   3.990670 2.9788e-12    27.0555    27.0500 1.0000e-12    233.903          1      27688    1498.92 3.3571e+01  54902.913   1153.606 1559259881      -0.17     -0.611   39.01516  -72.56126    35.6069  1028.1090    27.0652    11.3045 0.0000e+00
    231.000    11.3588    35.4298  1028.0890     1.5687     2.9409     48.136    0.00193    6.10955    6.11045     13.196    -0.0310   11.05405   3.992849 2.9788e-12    27.0498    27.0443 1.0000e-12    232.894          1      27725    1498.98 3.3571e+01  54895.711   1155.170 1559259882       0.07     -0.662   39.01516  -72.56126    35.6053  1028.0985    27.0593    11.3293 0.0000e+00
    230.000    11.3958    35.4394  1028.0849     1.5706     2.9420     48.165    0.00138    6.10821    6.10909     13.167    -0.0271   11.05183   3.997320 2.9788e-12    27.0504    27.0449 1.0000e-12    231.881          1      27762    1499.11 3.3571e+01  54901.956   1156.711 1559259884      -0.10     -0.622   39.01516  -72.56126    35.6145  1028.0941    27.0596    11.3664 0.0000e+00
    229.000    11.4108    35.4419  1028.0795     1.5710     2.9378     48.102    0.00059    6.10742    6.10829     13.135    -0.0433   11.05049   3.998855 2.9794e-12    27.0495    27.0441 1.0000e-12    230.883          1      27792    1499.14 3.3571e+01  54901.985   1157.959 1559259885      -0.03     -0.789   39.01516  -72.56126    35.6159  1028.0878    27.0579    11.3814 0.0000e+00
    228.000    11.4210    35.4433  1028.0742     1.5736     2.9457     48.280    0.00129    6.10127    6.10206     13.078    -0.0454   11.04028   3.999832 3.0130e-12    27.0487    27.0433 1.0000e-12    229.862          1      27843    1499.16 3.3571e+01  54901.575   1160.084 1559259887       0.16     -0.440   39.01516  -72.56126    35.6161  1028.0815    27.0562    11.3918 0.0000e+00
    227.000    11.4405    35.4465  1028.0684     1.5746     2.9427     48.266    0.00071    6.09695    6.09767     13.095    -0.0358   11.03309   4.002190 2.9787e-12    27.0476    27.0421 1.0000e-12    228.859          1      27877    1499.22 3.3571e+01  54901.972   1161.504 1559259889      -0.32     -0.647   39.01516  -72.56126    35.6213  1028.0773    27.0565    11.4114 0.0000e+00
    226.000    11.4672    35.4491  1028.0607     1.5763     2.9473     48.368    0.00101    6.09356    6.09425     13.111    -0.0449   11.02744   4.004902 2.9873e-12    27.0445    27.0391 1.0000e-12    227.855          1      27908    1499.30 3.3486e+01  54899.967   1162.803 1559259890       0.06     -0.803   39.01516  -72.56127    35.6230  1028.0690    27.0528    11.4382 0.0000e+00
    225.000    11.5099    35.4544  1028.0522     1.5800     2.9583     48.621    0.00193    6.08432    6.08488     13.209    -0.0438   11.01209   4.009573 3.6587e-12    27.0407    27.0352 1.0000e-12    226.839          1      27955    1499.43 2.7362e+01  54899.199   1164.739 1559259892       0.09     -0.508   39.01515  -72.56128    35.6288  1028.0608    27.0493    11.4809 0.0000e+00
    224.000    11.5459    35.4575  1028.0432     1.5838     2.9675     48.832    0.00234    6.07708    6.07755     13.299    -0.0457   11.00009   4.013252 2.9832e-12    27.0363    27.0309 1.0000e-12    225.833          1      27994    1499.55 3.3514e+01  54896.428   1166.374 1559259893      -0.14     -0.599   39.01514  -72.56128    35.6311  1028.0512    27.0444    11.5169 0.0000e+00
    223.000    11.6223    35.4644  1028.0293     1.5882     2.9795     49.049    0.00260    6.07457    6.07501     13.354    -0.0512   10.99589   4.021777 2.9792e-12    27.0273    27.0219 1.0000e-12    224.826          1      28034    1499.80 3.3567e+01  54892.085   1168.021 1559259895       0.09     -0.627   39.01514  -72.56128    35.6426  1028.0409    27.0389    11.5934 0.0000e+00
    222.000    11.6603    35.4691  1028.0211     1.5924     2.9875     49.194    0.00217    6.07277    6.07318     13.589    -0.0399   10.99283   4.025448 3.0369e-12    27.0238    27.0183 1.0000e-12    223.811          1      28080    1499.92 3.3571e+01  54891.203   1169.944 1559259897      -0.09     -0.492   39.01514  -72.56128    35.6429  1028.0293    27.0320    11.6314 0.0000e+00
    221.000    11.6784    35.4711  1028.0148     1.5944     2.9874     49.240    0.00177    6.06697    6.06730     13.549    -0.0441   10.98321   4.027394 2.9782e-12    27.0220    27.0165 1.0000e-12    222.806          1      28110    1499.97 3.3571e+01  54890.247   1171.223 1559259898      -0.18     -0.725   39.01514  -72.56128    35.6452  1028.0231    27.0304    11.6496 0.0000e+00
    220.000    11.6841    35.4752  1028.0123     1.5965     2.9904     49.300    0.00144    6.06568    6.06600     13.543    -0.0434   10.98110   4.028298 2.9788e-12    27.0241    27.0187 1.0000e-12    221.801          1      28141    1499.98 3.3571e+01  54894.412   1172.495 1559259900       0.04     -0.810   39.01514  -72.56128    35.6491  1028.0205    27.0323    11.6555 0.0000e+00
    219.000    11.7267    35.4792  1028.0027     1.5990     2.9979     49.435    0.00167    6.06436    6.06467     13.408    -0.0427   10.97891   4.032892 2.9788e-12    27.0191    27.0137 1.0000e-12    220.790          1      28179    1500.11 3.3571e+01  54891.892   1174.099 1559259901       0.10     -0.651   39.01514  -72.56128    35.6541  1028.0116    27.0281    11.6981 0.0000e+00
    218.000    11.7481    35.4783  1027.9933     1.6019     3.0037     49.553    0.00158    6.06166    6.06194     13.413    -0.0483   10.97439   4.034663 2.9788e-12    27.0143    27.0089 1.0000e-12    219.781          1      28224    1500.17 3.3571e+01  54886.344   1175.950 1559259903       0.03     -0.545   39.01512  -72.56129    35.6515  1028.0010    27.0220    11.7196 0.0000e+00
    217.000    11.7613    35.4827  1027.9897     1.6046     3.0096     49.657    0.00146    6.06086    6.06112     13.491    -0.0356   10.97301   4.036303 2.9788e-12    27.0152    27.0098 1.0000e-12    218.771          1      28269    1500.20 3.3571e+01  54889.505   1177.821 1559259905      -0.01     -0.539   39.01512  -72.56130    35.6554  1027.9970    27.0226    11.7329 0.0000e+00
    216.000    11.7754    35.4858  1027.9848     1.6055     3.0054     49.599    0.00053    6.05932    6.05957     13.437    -0.0399   10.97045   4.037949 3.0515e-12    27.0149    27.0095 1.0000e-12    217.760          1      28308    1500.24 3.2859e+01  54890.748   1179.473 1559259907      -0.09     -0.591   39.01512  -72.56130    35.6586  1027.9921    27.0223    11.7472 0.0000e+00
    215.000    11.7782    35.4887  1027.9820     1.6062     3.0065     49.625    0.00050    6.05840    6.05863     13.146    -0.0508   10.96889   4.038397 2.9819e-12    27.0167    27.0113 1.0000e-12    216.758          1      28341    1500.23 3.3541e+01  54893.791   1180.853 1559259908      -0.01     -0.724   39.01512  -72.56130    35.6607  1027.9887    27.0234    11.7501 0.0000e+00
    214.000    11.7910    35.4909  1027.9767     1.6071     3.0081     49.661    0.00051    6.05734    6.05756     13.208    -0.0373   10.96713   4.039757 2.9788e-12    27.0159    27.0106 1.0000e-12    215.741          1      28383    1500.26 3.3571e+01  54893.915   1182.596 1559259910       0.07     -0.575   39.01512  -72.56130    35.6623  1027.9830    27.0222    11.7630 0.0000e+00
    213.000    11.7975    35.4928  1027.9724     1.6087     3.0154     49.784    0.00107    6.05705    6.05727     13.304    -0.0383   10.96665   4.040528 2.9788e-12    27.0160    27.0107 1.0000e-12    214.739          1      28415    1500.27 3.3571e+01  54894.721   1183.924 1559259911      -0.20     -0.699   39.01512  -72.56130    35.6642  1027.9787    27.0224    11.7696 0.0000e+00
    212.000    11.8044    35.4935  1027.9672     1.6100     3.0183     49.835    0.00107    6.05659    6.05680     13.298    -0.0504   10.96588   4.041189 2.9788e-12    27.0153    27.0100 1.0000e-12    213.730          1      28449    1500.28 3.3571e+01  54894.009   1185.332 1559259912       0.11     -0.757   39.01512  -72.56130    35.6645  1027.9731    27.0213    11.7766 0.0000e+00
    211.000    11.8069    35.4937  1027.9623     1.6106     3.0150     49.784    0.00030    6.05621    6.05642     13.228    -0.0493   10.96525   4.041360 2.9788e-12    27.0149    27.0096 1.0000e-12    212.720          1      28487    1500.27 3.3571e+01  54893.128   1186.906 1559259914      -0.03     -0.632   39.01512  -72.56130    35.6642  1027.9678    27.0205    11.7793 0.0000e+00
    210.000    11.8116    35.4946  1027.9576     1.6115     3.0176     49.836    0.00050    6.05515    6.05535     13.280    -0.0383   10.96350   4.041861 2.9826e-12    27.0147    27.0095 1.0000e-12    211.710          1      28530    1500.27 3.3531e+01  54893.071   1188.718 1559259916       0.11     -0.567   39.01510  -72.56131    35.6651  1027.9631    27.0203    11.7841 0.0000e+00
    209.000    11.8146    35.4959  1027.9535     1.6127     3.0214     49.911    0.00076    6.05362    6.05379     12.921    -0.0381   10.96094   4.042228 3.0717e-12    27.0152    27.0100 1.0000e-12    210.701          1      28571    1500.26 3.2637e+01  54893.774   1190.412 1559259918      -0.19     -0.570   39.01510  -72.56132    35.6663  1027.9590    27.0207    11.7872 0.0000e+00
    208.000    11.8229    35.4962  1027.9476     1.6131     3.0194     49.886    0.00037    6.05255    6.05271     12.477    -0.0364   10.95915   4.043040 2.9973e-12    27.0138    27.0086 1.0000e-12    209.695          1      28607    1500.28 3.3375e+01  54892.059   1191.921 1559259919       0.06     -0.684   39.01510  -72.56132    35.6667  1027.9532    27.0194    11.7957 0.0000e+00
    207.000    11.8340    35.4977  1027.9421     1.6143     3.0221     49.964    0.00067    6.04850    6.04861     12.484    -0.0296   10.95244   4.044233 3.0633e-12    27.0128    27.0076 1.0000e-12    208.682          1      28646    1500.30 3.2674e+01  54891.603   1193.547 1559259921      -0.06     -0.597   39.01510  -72.56132    35.6683  1027.9477    27.0185    11.8068 0.0000e+00
    206.000    11.8408    35.4987  1027.9371     1.6155     3.0254     50.036    0.00092    6.04637    6.04646     12.575    -0.0293   10.94888   4.044957 3.0755e-12    27.0123    27.0071 1.0000e-12    207.680          1      28678    1500.31 3.2545e+01  54891.248   1194.860 1559259922      -0.06     -0.744   39.01510  -72.56132    35.6693  1027.9427    27.0180    11.8138 0.0000e+00
    205.000    11.8692    35.5019  1027.9295     1.6177     3.0321     50.169    0.00129    6.04390    6.04395     12.521    -0.0452   10.94477   4.048127 3.0919e-12    27.0093    27.0042 1.0000e-12    206.666          1      28718    1500.39 3.2372e+01  54890.274   1196.557 1559259924       0.13     -0.615   39.01510  -72.56132    35.6738  1027.9362    27.0160    11.8422 0.0000e+00
    204.000    11.8934    35.5053  1027.9229     1.6196     3.0347     50.244    0.00122    6.03994    6.03994     12.591    -0.0378   10.93819   4.050796 3.1389e-12    27.0073    27.0022 1.0000e-12    205.657          1      28755    1500.46 3.1873e+01  54890.186   1198.080 1559259925      -0.19     -0.617   39.01508  -72.56134    35.6774  1027.9297    27.0141    11.8665 0.0000e+00
    203.000    11.9073    35.5072  1027.9171     1.6222     3.0415     50.393    0.00161    6.03557    6.03551     12.604    -0.0311   10.93091   4.052318 3.1842e-12    27.0061    27.0010 1.0000e-12    204.654          1      28790    1500.49 3.1435e+01  54889.828   1199.540 1559259927       0.11     -0.708   39.01508  -72.56134    35.6795  1027.9241    27.0131    11.8806 0.0000e+00
    202.000    11.9510    35.5098  1027.9062     1.6274     3.0583     50.732    0.00274    6.02849    6.02834     11.494    -0.0532   10.91918   4.056842 3.1629e-12    26.9998    26.9946 1.0000e-12    203.633          1      28838    1500.63 3.1614e+01  54885.444   1201.549 1559259929      -0.09     -0.422   39.01508  -72.56134    35.6826  1027.9134    27.0071    11.9243 0.0000e+00
    201.000    11.9705    35.5134  1027.9006     1.6304     3.0657     50.852    0.00262    6.02876    6.02861     11.472    -0.0445   10.91956   4.059152 3.1650e-12    26.9988    26.9937 1.0000e-12    202.639          1      28866    1500.68 3.1596e+01  54886.521   1202.688 1559259930      -0.22     -0.767   39.01508  -72.56134    35.6871  1027.9087    27.0068    11.9439 0.0000e+00
    200.000    12.0172    35.5171  1027.8899     1.6342     3.0620     50.979    0.00216    6.00632    6.00589     11.386    -0.0365   10.88230   4.064010 4.2704e-12    26.9927    26.9876 1.0000e-12    201.623          1      28908    1500.83 2.4328e+01  54883.270   1204.476 1559259932       0.21     -0.599   39.01508  -72.56134    35.6905  1027.8976    27.0005    11.9908 0.0000e+00
    199.000    12.0427    35.5233  1027.8852     1.6426     3.0856     51.594    0.00469    5.98060    5.97983     11.418    -0.0366   10.83971   4.067357 3.1820e-12    26.9926    26.9875 1.0000e-12    200.615          1      28947    1500.91 3.1460e+01  54886.944   1206.092 1559259933      -0.22     -0.596   39.01508  -72.56134    35.6994  1027.8950    27.0025    12.0163 0.0000e+00
    198.000    12.1933    35.5357  1027.8606     1.6585     3.1546     52.818    0.01010    5.97247    5.97161     11.421    -0.0450   10.82597   4.084537 3.1654e-12    26.9732    26.9680 1.0000e-12    199.610          1      28980    1501.42 3.1592e+01  54878.970   1207.458 1559259935       0.03     -0.751   39.01508  -72.56134    35.7241  1027.8799    26.9925    12.1668 0.0000e+00
    197.000    12.4101    35.5411  1027.8172     1.6800     3.2309     54.115    0.01356    5.97043    5.96954     11.357    -0.0382   10.82261   4.105754 3.2043e-12    26.9350    26.9297 1.0000e-12    198.596          1      29019    1502.14 3.1596e+01  54850.029   1209.099 1559259936       0.02     -0.600   39.01508  -72.56135    35.7249  1027.8330    26.9510    12.3835 0.0000e+00
