CalculateIndicators/WaterTemperature/Data/CTD_NYOS/NYBOS_20190530_4_5.cnv
* Sea-Bird SBE 9 Data File:
* FileName = C:\Seabird 9 CTD\Data\2019\201905_offshore\NYBOS_20190530_4_5.hex
* Software Version Seasave V 7.23.2
* Temperature SN = 4590
* Conductivity SN = 3228
* Number of Bytes Per Scan = 44
* Number of Voltage Words = 5
* Number of Scans Averaged by the Deck Unit = 1
* NMEA Latitude = 39 31.50 N
* NMEA Longitude = 072 23.71 W
* NMEA UTC (Time) = May 31 2019  07:05:27
* NMEA baud rate = 4800
** Ship: Seawolf
** Station: 4_5
** Operator: LIS
# nquan = 35
# nvalues = 801                         
# units = specified
# name 0 = depSM: Depth [salt water, m]
# name 1 = t090C: Temperature [ITS-90, deg C]
# name 2 = sal00: Salinity, Practical [PSU]
# name 3 = density00: Density [density, kg/m^3]
# name 4 = sbeox0V: Oxygen raw, SBE 43 [V]
# name 5 = sbeox0ML/L: Oxygen, SBE 43 [ml/l]
# name 6 = sbeox0PS: Oxygen, SBE 43 [% saturation]
# name 7 = sbox0dV/dT: Oxygen, SBE 43 [dov/dt]
# name 8 = oxsolML/L: Oxygen Saturation, Garcia & Gordon [ml/l]
# name 9 = oxsatML/L: Oxygen Saturation, Weiss [ml/l]
# name 10 = ph: pH
# name 11 = flECO-AFL: Fluorescence, WET Labs ECO-AFL/FL [mg/m^3]
# name 12 = n2satML/L: Nitrogen Saturation [ml/l]
# name 13 = c0S/m: Conductivity [S/m]
# name 14 = cpar: CPAR/Corrected Irradiance [%]
# name 15 = sigma-é00: Density [sigma-theta, kg/m^3]
# name 16 = sigma-t00: Density [sigma-t, kg/m^3 ]
# name 17 = par: PAR/Irradiance, Biospherical/Licor
# name 18 = prDM: Pressure, Digiquartz [db]
# name 19 = pumps: Pump Status
# name 20 = scan: Scan Count
# name 21 = svCM: Sound Velocity [Chen-Millero, m/s]
# name 22 = spar: SPAR, Biospherical/Licor
# name 23 = specc: Specific Conductance [uS/cm]
# name 24 = timeS: Time, Elapsed [seconds]
# name 25 = timeY: Time, System [seconds]
# name 26 = accM: Acceleration [m/s^2]
# name 27 = dz/dtM: Descent Rate [m/s]
# name 28 = latitude: Latitude [deg]
# name 29 = longitude: Longitude [deg]
# name 30 = gsw_saA0: Absolute Salinity [g/kg]
# name 31 = gsw_densityA0: density, TEOS-10 [density, kg/m^3]
# name 32 = gsw_sigma0A0: density, TEOS-10 [sigma-0, kg/m^3 ]
# name 33 = gsw_ptA0: potential temperature [ITS-90, deg C]
# name 34 = flag: flag
# span 0 =      1.000,    401.000       
# span 1 =     7.0765,    14.2554       
# span 2 =    32.3110,    35.6483       
# span 3 =  1024.0795,  1029.3483       
# span 4 =     1.6400,     3.0606       
# span 5 =     3.0787,     7.2604       
# span 6 =     50.923,    115.049       
# span 7 =   -0.05008,    0.05331       
# span 8 =    5.85373,    6.76638       
# span 9 =    5.85134,    6.77450       
# span 10 =      7.908,     15.247      
# span 11 =    -0.0660,     2.4255      
# span 12 =   10.62929,   12.16755      
# span 13 =   3.392218,   4.206079      
# span 14 = -1.034e+04, 1.1386e+05      
# span 15 =    24.0645,    27.5077      
# span 16 =    24.0643,    27.5023      
# span 17 = -5.082e-04, 1.6697e-01      
# span 18 =      1.026,    404.468      
# span 19 =          1,          1      
# span 20 =        291,      39584      
# span 21 =    1478.52,    1504.47      
# span 22 = -6.038e-01, 4.3781e+00      
# span 23 =  50023.371,  55562.724      
# span 24 =     12.080,   1649.302      
# span 25 = 1559286338, 1559287975      
# span 26 =      -0.91,       0.68      
# span 27 =     -1.121,      1.007      
# span 28 =   39.52429,   39.52498      
# span 29 =  -72.39512,  -72.39195      
# span 30 =    32.4941,    35.8225      
# span 31 =  1024.0900,  1029.3520      
# span 32 =    24.0854,    27.5113      
# span 33 =     7.0376,    14.2553      
# span 34 = 0.0000e+00, 0.0000e+00      
# interval = meters: 1                  
# start_time = May 31 2019 07:05:26 [System UTC, first data scan.]
# bad_flag = -9.990e-29
*END*
[from data line 374]
    375.000     7.4707    35.1424  1029.1877     1.8056     4.0214     60.218    0.00117    6.67801    6.68719      9.531    -0.0430   11.99650   3.601881 -9.990e-29    27.4694    27.4640 1.0000e-12    378.223          1      19961    1486.86 3.2017e+00  55465.689    831.668 1559287157       0.27      0.759   39.52454  -72.39345    35.3073  1029.1884    27.4703     7.4333 0.0000e+00
    376.000     7.4497    35.1418  1029.1950     1.8073     4.0325     60.339    0.00138    6.68306    6.69232      9.528    -0.0424   12.00485   3.600008 9.9999e+04    27.4720    27.4666 1.0000e-12    379.230          1      19993    1486.80 1.3181e+00  55471.450    833.004 1559287159      -0.13      0.812   39.52454  -72.39344    35.3076  1029.1964    27.4735     7.4122 0.0000e+00
    377.000     7.4333    35.1403  1029.2009     1.8099     4.0417     60.455    0.00126    6.68541    6.69472      9.722    -0.0526   12.00874   3.598247 2.7342e+04    27.4732    27.4678 1.0000e-12    380.252          1      20038    1486.75 2.4053e+00  55474.546    834.875 1559287161      -0.00      0.483   39.52454  -72.39344    35.3045  1029.2011    27.4734     7.3958 0.0000e+00
    378.000     7.4010    35.1396  1029.2098     1.8115     4.0489     60.562    0.00149    6.68543    6.69473      9.659    -0.0409   12.00876   3.595303 7.8421e+02    27.4773    27.4719 1.0000e-12    381.250          1      20066    1486.64 3.9108e+00  55483.230    836.051 1559287162       0.23      0.754   39.52454  -72.39344    35.3046  1029.2107    27.4782     7.3635 0.0000e+00
    379.000     7.3906    35.1389  1029.2155     1.8142     4.0603     60.722    0.00165    6.68666    6.69599      9.619    -0.0392   12.01081   3.594381 2.5320e-11    27.4783    27.4729 1.0000e-12    382.261          1      20103    1486.62 3.9495e+00  55485.853    837.596 1559287163      -0.18      0.706   39.52454  -72.39344    35.3047  1029.2169    27.4797     7.3530 0.0000e+00
    380.000     7.3880    35.1385  1029.2201     1.8146     4.0532     60.610    0.00055    6.68730    6.69664      9.651    -0.0317   12.01187   3.594197 -9.990e-29    27.4783    27.4729 1.0000e-12    383.278          1      20145    1486.62 3.9495e+00  55486.654    839.334 1559287165       0.15      0.535   39.52454  -72.39344    35.3048  1029.2220    27.4802     7.3503 0.0000e+00
    381.000     7.3804    35.1380  1029.2255     1.8151     4.0508     60.572   -0.00002    6.68753    6.69686      9.560    -0.0436   12.01225   3.593491 2.5320e-11    27.4791    27.4736 1.0000e-12    384.277          1      20177    1486.61 3.9495e+00  55488.866    840.674 1559287166      -0.02      0.735   39.52454  -72.39344    35.3043  1029.2274    27.4810     7.3426 0.0000e+00
    382.000     7.3767    35.1378  1029.2304     1.8179     4.0772     60.962    0.00201    6.68822    6.69756      9.603    -0.0385   12.01339   3.593258 2.5320e-11    27.4794    27.4740 1.0000e-12    385.303          1      20223    1486.61 3.9495e+00  55490.266    842.570 1559287168      -0.04      0.468   39.52454  -72.39344    35.3050  1029.2331    27.4821     7.3388 0.0000e+00
    383.000     7.3760    35.1373  1029.2348     1.8175     4.0602     60.697    0.00001    6.68932    6.69869      9.683    -0.0393   12.01523   3.593143 2.5320e-11    27.4791    27.4737 1.0000e-12    386.297          1      20248    1486.63 3.9495e+00  55490.481    843.614 1559287169       0.34      0.785   39.52454  -72.39344    35.3040  1029.2370    27.4814     7.3380 0.0000e+00
    384.000     7.3714    35.1371  1029.2399     1.8183     4.0714     60.806    0.00043    6.69566    6.70513      9.437    -0.0330   12.02569   3.592798 2.5320e-11    27.4797    27.4742 1.0000e-12    387.311          1      20290    1486.63 3.9495e+00  55492.190    845.370 1559287171      -0.28      0.623   39.52454  -72.39344    35.3044  1029.2425    27.4823     7.3333 0.0000e+00
    385.000     7.3506    35.1357  1029.2465     1.8170     4.0604     60.623   -0.00061    6.69774    6.70725      9.159    -0.0290   12.02915   3.590519 2.5320e-11    27.4815    27.4761 1.0000e-12    388.323          1      20330    1486.56 3.9495e+00  55496.678    847.045 1559287173       0.46      0.545   39.52454  -72.39344    35.3001  1029.2469    27.4820     7.3125 0.0000e+00
    386.000     7.3251    35.1353  1029.2547     1.8177     4.0654     60.690   -0.00039    6.69856    6.70808      9.121    -0.0281   12.03050   3.588242 2.5320e-11    27.4849    27.4794 1.0000e-12    389.323          1      20357    1486.48 3.9495e+00  55504.006    848.179 1559287174       0.06      0.874   39.52454  -72.39344    35.3006  1029.2557    27.4860     7.2870 0.0000e+00
    387.000     7.3091    35.1344  1029.2610     1.8198     4.0899     61.045    0.00160    6.69983    6.70936      9.081    -0.0392   12.03260   3.586822 2.5320e-11    27.4865    27.4810 1.0000e-12    390.346          1      20396    1486.43 3.9495e+00  55507.955    849.810 1559287176      -0.17      0.628   39.52454  -72.39344    35.3008  1029.2629    27.4884     7.2709 0.0000e+00
    388.000     7.3041    35.1338  1029.2659     1.8211     4.0882     61.015    0.00082    6.70042    6.70996      9.069    -0.0462   12.03357   3.586335 -9.990e-29    27.4867    27.4813 1.0000e-12    391.344          1      20428    1486.43 3.9495e+00  55509.260    851.114 1559287177       0.10      0.738   39.52454  -72.39344    35.3000  1029.2676    27.4886     7.2659 0.0000e+00
    389.000     7.2953    35.1331  1029.2712     1.8239     4.1069     61.269    0.00167    6.70303    6.71261      9.073    -0.0391   12.03790   3.585548 -9.990e-29    27.4874    27.4820 1.0000e-12    392.362          1      20472    1486.41 3.9495e+00  55511.386    852.970 1559287179      -0.15      0.552   39.52454  -72.39344    35.2999  1029.2735    27.4897     7.2570 0.0000e+00
    390.000     7.2896    35.1325  1029.2762     1.8243     4.1034     61.135    0.00036    6.71214    6.72187      9.063    -0.0384   12.05296   3.584978 1.4815e+04    27.4878    27.4823 1.0000e-12    393.369          1      20510    1486.41 3.4529e+00  55512.910    854.531 1559287180       0.17      0.624   39.52454  -72.39344    35.2990  1029.2782    27.4898     7.2512 0.0000e+00
    391.000     7.2753    35.1318  1029.2824     1.8246     4.1061     61.130    0.00014    6.71690    6.72670      9.049    -0.0463   12.06082   3.583624 9.9040e+04    27.4893    27.4838 1.0000e-12    394.377          1      20543    1486.37 3.8905e-02  55516.608    855.901 1559287182       0.00      0.738   39.52454  -72.39344    35.2981  1029.2843    27.4912     7.2368 0.0000e+00
    392.000     7.2285    35.1290  1029.2918     1.8268     4.1228     61.375    0.00122    6.71736    6.72717      9.050    -0.0509   12.06159   3.578644 1.2129e+04    27.4937    27.4883 1.0000e-12    395.390          1      20576    1486.20 3.3419e+00  55526.648    857.304 1559287183       0.01      0.709   39.52454  -72.39344    35.2906  1029.2900    27.4919     7.1901 0.0000e+00
    393.000     7.1896    35.1279  1029.3015     1.8291     4.1357     61.565    0.00179    6.71757    6.72738      9.075    -0.0401   12.06194   3.575231 7.4716e+02    27.4984    27.4929 1.0000e-12    396.392          1      20607    1486.07 3.9126e+00  55536.938    858.587 1559287184       0.01      0.783   39.52454  -72.39344    35.2923  1029.3017    27.4987     7.1512 0.0000e+00
    394.000     7.1826    35.1270  1029.3064     1.8315     4.1421     61.632    0.00134    6.72068    6.73055      9.065    -0.0398   12.06709   3.574685 -9.990e-29    27.4987    27.4933 1.0000e-12    397.409          1      20652    1486.06 3.5350e+00  55538.370    860.467 1559287186      -0.15      0.543   39.52454  -72.39343    35.2929  1029.3079    27.5002     7.1441 0.0000e+00
    395.000     7.1796    35.1266  1029.3111     1.8320     4.1399     61.542    0.00037    6.72691    6.73688      9.058 -9.990e-29   12.07739   3.574402 9.9999e+04    27.4988    27.4933 1.0000e-12    398.421          1      20690    1486.06 1.7819e+00  55539.283    862.043 1559287188       0.26      0.587   39.52454  -72.39342    35.2923  1029.3125    27.5002     7.1410 0.0000e+00
    396.000     7.1675    35.1261  1029.3171     1.8322     4.1391     61.510   -0.00004    6.72919    6.73920      9.054    -0.0517   12.08116   3.573221 8.6654e+04    27.5001    27.4946 1.0000e-12    399.420          1      20716    1486.03 4.5469e-01  55542.770    863.129 1559287189       0.14      0.868   39.52456  -72.39342    35.2912  1029.3179    27.5010     7.1289 0.0000e+00
    397.000     7.1333    35.1242  1029.3254     1.8346     4.1604     61.819    0.00152    6.72988    6.73989      9.052    -0.0325   12.08230   3.569811 -3.435e+03    27.5035    27.4980 1.0000e-12    400.437          1      20752    1485.91 4.0906e+00  55550.684    864.640 1559287190      -0.20      0.717   39.52456  -72.39342    35.2880  1029.3252    27.5033     7.0947 0.0000e+00
    398.000     7.1061    35.1230  1029.3330     1.8365     4.1637     61.858    0.00107    6.73102    6.74106      9.042    -0.0337   12.08421   3.567341 2.5320e-11    27.5063    27.5009 1.0000e-12    401.441          1      20798    1485.82 3.9495e+00  55557.408    866.551 1559287192       0.00      0.528   39.52456  -72.39342    35.2881  1029.3339    27.5072     7.0674 0.0000e+00
    399.000     7.0952    35.1219  1029.3384     1.8377     4.1612     61.808    0.00012    6.73245    6.74251      9.037    -0.0406   12.08657   3.566364 -9.990e-29    27.5070    27.5015 1.0000e-12    402.448          1      20864    1485.79 3.6647e+00  55559.724    869.288 1559287195       0.29      0.483   39.52456  -72.39342    35.2879  1029.3400    27.5086     7.0565 0.0000e+00
    400.000     7.0855    35.1211  1029.3438     1.8399     4.1749     62.006    0.00079    6.73311    6.74318      9.024    -0.0396   12.08767   3.565496 3.9394e+04    27.5077    27.5023 1.0000e-12    403.464          1      20949    1485.77 2.1351e+00  55562.099    872.826 1559287198      -0.07      0.328   39.52456  -72.39342    35.2878  1029.3460    27.5099     7.0466 0.0000e+00
    401.000     7.0765    35.1192  1029.3483     1.8436     4.1793     62.063   -0.00002    6.73396    6.74404      9.095    -0.0467   12.08909   3.564726 3.7707e+04    27.5075    27.5021 1.0000e-12    404.468          1      21636    1485.75 3.2382e+00  55562.724    901.465 1559287227      -0.06      0.113   39.52456  -72.39340    35.2880  1029.3520    27.5113     7.0376 0.0000e+00
    400.000     7.0773    35.1193  1029.3436     1.8442     4.1829     62.133    0.00035    6.73219    6.74224      9.087    -0.0444   12.08616   3.564741 1.6948e+02    27.5074    27.5020 1.0000e-12    403.465          1      21729    1485.74 3.9456e+00  55561.857    905.335 1559287231      -0.64     -0.493   39.52456  -72.39340    35.2878  1029.3471    27.5110     7.0386 0.0000e+00
    399.000     7.0853    35.1190  1029.3376     1.8437     4.1757     62.035   -0.00016    6.73121    6.74124      9.089    -0.0372   12.08455   3.565449 2.5320e-11    27.5061    27.5006 1.0000e-12    402.457          1      21773    1485.75 3.9495e+00  55558.445    907.164 1559287233       0.15     -0.580   39.52455  -72.39340    35.2879  1029.3415    27.5100     7.0466 0.0000e+00
    398.000     7.0899    35.1193  1029.3326     1.8429     4.1686     61.954   -0.00037    6.72845    6.73843      9.084    -0.0390   12.07998   3.565868 -9.990e-29    27.5057    27.5003 1.0000e-12    401.438          1      21827    1485.75 3.9495e+00  55556.918    909.406 1559287235      -0.19     -0.421   39.52454  -72.39340    35.2884  1029.3365    27.5097     7.0513 0.0000e+00
    397.000     7.0963    35.1191  1029.3269 -9.990e-29     4.1691     61.985   -0.00007    6.72601    6.73596      9.082    -0.0333   12.07595   3.566434 -9.990e-29    27.5046    27.4992 1.0000e-12    400.436          1      21855    1485.76 3.1080e+00  55553.996    910.596 1559287236      -0.23     -0.737   39.52454  -72.39340    35.2885  1029.3311    27.5089     7.0578 0.0000e+00
    396.000     7.1081    35.1197  1029.3210 -9.990e-29     4.1680     62.011    0.00011    6.72142    6.73129      9.083    -0.0353   12.06839   3.567580 2.5320e-11    27.5034    27.4980 1.0000e-12    399.429          1      21886    1485.79 3.9172e+00  55550.786    911.887 1559287238       0.08     -0.820   39.52454  -72.39340    35.2896  1029.3257    27.5081     7.0697 0.0000e+00
    395.000     7.1369    35.1200  1029.3124     1.8406     4.1535     61.810   -0.00078    6.71976    6.72961      9.087    -0.0399   12.06561   3.570344 2.5320e-11    27.4996    27.4942 1.0000e-12    398.418          1      21933    1485.89 3.9495e+00  55542.277    913.851 1559287240       0.15     -0.542   39.52454  -72.39340    35.2912  1029.3180    27.5053     7.0985 0.0000e+00
    394.000     7.1697    35.1211  1029.3037     1.8380     4.1324     61.506   -0.00177    6.71871    6.72855      9.092    -0.0353   12.06388   3.573341 2.5320e-11    27.4958    27.4904 1.0000e-12    397.394          1      21992    1486.00 3.9495e+00  55533.630    916.284 1559287242      -0.25     -0.335   39.52454  -72.39340    35.2912  1029.3084    27.5007     7.1313 0.0000e+00
    393.000     7.1698    35.1224  1029.3001     1.8375     4.1404     61.631   -0.00061    6.71796    6.72778      9.090    -0.0279   12.06264   3.573447 -9.990e-29    27.4968    27.4914 1.0000e-12    396.405          1      22014    1485.98 3.9495e+00  55534.743    917.220 1559287243      -0.40     -0.802   39.52454  -72.39340    35.2928  1029.3052    27.5019     7.1315 0.0000e+00
    392.000     7.1754    35.1230  1029.2952     1.8367     4.1348     61.594   -0.00049    6.71302    6.72276      9.084    -0.0271   12.05450   3.573947 -9.990e-29    27.4965    27.4911 1.0000e-12    395.387          1      22062    1485.99 3.9495e+00  55533.346    919.194 1559287245       0.27     -0.551   39.52454  -72.39340    35.2931  1029.2999    27.5013     7.1371 0.0000e+00
    391.000     7.1879    35.1234  1029.2890     1.8365     4.1333     61.638    0.00002    6.70577    6.71539      9.078    -0.0342   12.04252   3.575139 -9.990e-29    27.4950    27.4896 1.0000e-12    394.378          1      22109    1486.02 3.9495e+00  55529.553    921.147 1559287247      -0.29     -0.541   39.52454  -72.39340    35.2940  1029.2942    27.5003     7.1497 0.0000e+00
    390.000     7.2266    35.1217  1029.2773     1.8345     4.1151     61.392   -0.00108    6.70296    6.71254      9.076    -0.0329   12.03783   3.578723 -9.990e-29    27.4882    27.4828 1.0000e-12    393.370          1      22146    1486.15 3.9495e+00  55515.512    922.729 1559287248       0.09     -0.656   39.52454  -72.39340    35.2944  1029.2841    27.4951     7.1884 0.0000e+00
    389.000     7.2672    35.1250  1029.2692     1.8316     4.0999     61.190   -0.00159    6.70032    6.70985      9.077    -0.0307   12.03345   3.582727 2.5320e-11    27.4851    27.4796 1.0000e-12    392.351          1      22190    1486.29 3.9495e+00  55507.804    924.538 1559287250      -0.08     -0.526   39.52454  -72.39339    35.2975  1029.2758    27.4918     7.2290 0.0000e+00
    388.000     7.2749    35.1282  1029.2659     1.8301     4.0956     61.135   -0.00141    6.69939    6.70891      9.077    -0.0340   12.03191   3.583626 2.5320e-11    27.4864    27.4810 1.0000e-12    391.357          1      22218    1486.31 3.9495e+00  55509.548    925.720 1559287251      -0.17     -0.771   39.52454  -72.39338    35.3001  1029.2721    27.4927     7.2367 0.0000e+00
