CalculateIndicators/WaterTemperature/Data/CTD_NYOS/NYBOS_20190529_6-3.cnv
* Sea-Bird SBE 9 Data File:
* FileName = C:\Seabird 9 CTD\Data\2019\201905_offshore\NYBOS_20190529_6-3.hex
* Software Version Seasave V 7.23.2
* Temperature SN = 4590
* Conductivity SN = 3228
* Number of Bytes Per Scan = 44
* Number of Voltage Words = 5
* Number of Scans Averaged by the Deck Unit = 1
* NMEA Latitude = 39 49.38 N
* NMEA Longitude = 073 11.81 W
* NMEA UTC (Time) = May 30 2019  08:22:36
* NMEA baud rate = 4800
** Ship: Seawolf
** Station: 6.3
** Operator: AJB
# nquan = 35
# nvalues = 79                          
# units = specified
# name 0 = depSM: Depth [salt water, m]
# name 1 = t090C: Temperature [ITS-90, deg C]
# name 2 = sal00: Salinity, Practical [PSU]
# name 3 = density00: Density [density, kg/m^3]
# name 4 = sbeox0V: Oxygen raw, SBE 43 [V]
# name 5 = sbeox0ML/L: Oxygen, SBE 43 [ml/l]
# name 6 = sbeox0PS: Oxygen, SBE 43 [% saturation]
# name 7 = sbox0dV/dT: Oxygen, SBE 43 [dov/dt]
# name 8 = oxsolML/L: Oxygen Saturation, Garcia & Gordon [ml/l]
# name 9 = oxsatML/L: Oxygen Saturation, Weiss [ml/l]
# name 10 = ph: pH
# name 11 = flECO-AFL: Fluorescence, WET Labs ECO-AFL/FL [mg/m^3]
# name 12 = n2satML/L: Nitrogen Saturation [ml/l]
# name 13 = c0S/m: Conductivity [S/m]
# name 14 = cpar: CPAR/Corrected Irradiance [%]
# name 15 = sigma-é00: Density [sigma-theta, kg/m^3]
# name 16 = sigma-t00: Density [sigma-t, kg/m^3 ]
# name 17 = par: PAR/Irradiance, Biospherical/Licor
# name 18 = prDM: Pressure, Digiquartz [db]
# name 19 = pumps: Pump Status
# name 20 = scan: Scan Count
# name 21 = svCM: Sound Velocity [Chen-Millero, m/s]
# name 22 = spar: SPAR, Biospherical/Licor
# name 23 = specc: Specific Conductance [uS/cm]
# name 24 = timeS: Time, Elapsed [seconds]
# name 25 = timeY: Time, System [seconds]
# name 26 = accM: Acceleration [m/s^2]
# name 27 = dz/dtM: Descent Rate [m/s]
# name 28 = latitude: Latitude [deg]
# name 29 = longitude: Longitude [deg]
# name 30 = gsw_saA0: Absolute Salinity [g/kg]
# name 31 = gsw_densityA0: density, TEOS-10 [density, kg/m^3]
# name 32 = gsw_sigma0A0: density, TEOS-10 [sigma-0, kg/m^3 ]
# name 33 = gsw_ptA0: potential temperature [ITS-90, deg C]
# name 34 = flag: flag
# span 0 =      1.000,     43.000       
# span 1 =     6.4117,    16.0918       
# span 2 =    30.1482,    32.8776       
# span 3 =  1022.0047,  1026.0185       
# span 4 =     2.1820,     2.9506       
# span 5 =     5.1730,     6.9319       
# span 6 =     74.577,    111.024       
# span 7 =   -0.03877,    0.06165       
# span 8 =    5.73872,    6.95110       
# span 9 =    5.73187,    6.96148       
# span 10 =      7.850,      8.103      
# span 11 =     0.0574,     1.0024      
# span 12 =   10.49801,   12.47866      
# span 13 =   3.260984,   3.849105      
# span 14 = 2.3430e-11, 4.0424e+04      
# span 15 =    21.9993,    25.8219      
# span 16 =    21.9991,    25.8215      
# span 17 = 1.0000e-12, 2.5083e-01      
# span 18 =      1.046,     43.328      
# span 19 =          1,          1      
# span 20 =         53,       8019      
# span 21 =    1473.95,    1504.58      
# span 22 = 1.3418e+00, 4.0321e+00      
# span 23 =  46830.614,  52293.432      
# span 24 =      2.169,    334.070      
# span 25 = 1559204680, 1559205013      
# span 26 =      -0.76,       0.86      
# span 27 =     -1.017,      0.923      
# span 28 =   39.82205,   39.82277      
# span 29 =  -73.19690,  -73.19684      
# span 30 =    30.2910,    33.0312      
# span 31 =  1022.0104,  1026.0203      
# span 32 =    22.0050,    25.8221      
# span 33 =     6.4088,    16.0912      
# span 34 = 0.0000e+00, 0.0000e+00      
# interval = meters: 1                  
# start_time = May 30 2019 08:24:37 [System UTC, first data scan.]
# bad_flag = -9.990e-29
*END*
      1.000    16.0913    30.1496  1022.0047     2.7702     5.7801    100.720    0.00059    5.73881    5.73196 -9.990e-29     0.3205   10.49813   3.849011 3.4758e+04    22.0002    22.0001 2.5083e-01      1.046          1         53    1504.51 1.4477e+00  46830.614      2.169 1559204680      -0.10     -0.786   39.82277  -73.19690    30.2924  1022.0104    22.0058    16.0912 0.0000e+00
      2.000    16.0907    30.1504  1022.0099     2.7652     5.7653    100.463   -0.00015    5.73876    5.73191      8.078     0.3596   10.49807   3.849097 6.8634e+02    22.0010    22.0009 2.7406e-02      2.014          1        273    1504.51 3.9001e+00  46832.272     11.342 1559204689       0.35      0.138   39.82275  -73.19690    30.2933  1022.0156    22.0067    16.0903 0.0000e+00
      3.000    16.0915    30.1492  1022.0133     2.7637     5.7629    100.422   -0.00007    5.73872    5.73187      8.078     0.3423   10.49801   3.849071 4.4298e-02    21.9999    21.9998 1.7495e-03      3.020          1        402    1504.53 3.9495e+00  46830.991     16.697 1559204694       0.07      0.455   39.82274  -73.19690    30.2921  1022.0190    22.0057    16.0910 0.0000e+00
      4.000    16.0918    30.1488  1022.0174     2.7631     5.7611    100.388   -0.00040    5.73879    5.73194 -9.990e-29     0.3577   10.49812   3.849105 2.5320e-11    21.9996    21.9995 1.0000e-12      4.034          1        478    1504.55 3.5241e+00  46830.898     19.858 1559204697      -0.01      0.299   39.82272  -73.19690    30.2918  1022.0232    22.0054    16.0912 0.0000e+00
      5.000    16.0917    30.1484  1022.0216     2.7614     5.7560    100.292   -0.00080    5.73922    5.73237      8.079     0.3561   10.49883   3.849074 2.6267e-11    21.9993    21.9991 1.0000e-12      5.038          1        526    1504.57 3.9392e+00  46830.766     21.872 1559204699       0.00      0.504   39.82272  -73.19690    30.2912  1022.0273    22.0050    16.0910 0.0000e+00
      6.000    16.0896    30.1482  1022.0264     2.7650     5.7800    100.699    0.00230    5.73994    5.73310      8.081     0.3693   10.50002   3.848905 3.1084e-11    21.9997    21.9995 1.0000e-12      6.050          1        576    1504.58 3.9495e+00  46831.193     23.962 1559204701       0.05      0.466   39.82272  -73.19690    30.2910  1022.0321    22.0053    16.0887 0.0000e+00
      7.000    16.0865    30.1487  1022.0320     2.7649     5.7716    100.539    0.00013    5.74065    5.73382      8.079     0.3614   10.50115   3.848722 2.5454e-11    22.0008    22.0005 1.0000e-12      7.052          1        613    1504.58 3.9495e+00  46832.649     25.501 1559204703       0.05      0.639   39.82272  -73.19690    30.2914  1022.0375    22.0063    16.0855 0.0000e+00
      8.000    16.0756    30.1533  1022.0424     2.7648     5.7915    100.489   -0.00038    5.76340    5.75682      8.082     0.3915   10.53812   3.848311 2.5320e-11    22.0068    22.0065 1.0000e-12      8.063          1        671    1504.57 3.9495e+00  46840.494     27.925 1559204705      -0.13      0.387   39.82271  -73.19690    30.2958  1022.0478    22.0122    16.0743 0.0000e+00
      9.000    16.0134    30.1784  1022.0799     2.7474     5.9878     98.942   -0.00653    6.05297    6.05022      8.092     0.5722   11.00532   3.845391 -9.990e-29    22.0398    22.0395 1.0000e-12      9.067          1        722    1504.42 3.3896e+00  46881.085     30.024 1559204707       0.31      0.517   39.82270  -73.19690    30.3173  1022.0824    22.0423    16.0121 0.0000e+00
     10.000    15.5336    30.3460  1022.3171     2.7712     6.1718    100.846    0.00419    6.12269    6.12098      8.088     0.5837   11.11655   3.817782 -9.990e-29    22.2718    22.2715 1.0000e-12     10.082          1        765    1503.12 3.9917e+00  47155.525     31.825 1559204709      -0.14      0.591   39.82270  -73.19690    30.4425  1022.2865    22.2418    15.5321 0.0000e+00
     11.000    12.7749    31.6435  1023.8822     2.8646     6.9251    110.416    0.06165    6.27098    6.27127      8.092     0.5783   11.35981   3.710567 3.1163e-11    23.8331    23.8329 1.0000e-12     11.077          1        800    1495.59 3.6477e+00  49285.371     33.275 1559204711       0.07      0.681   39.82270  -73.19690    31.6888  1023.8062    23.7566    12.7735 0.0000e+00
     12.000    11.5650    31.9723  1024.3692     2.8798     6.7626    104.786   -0.00705    6.45126    6.45400      8.103     0.2547   11.65641   3.635420 2.3888e-11    24.3148    24.3145 1.0000e-12     12.108          1        875    1491.87 4.0321e+00  49912.635     36.427 1559204714       0.08      0.138   39.82269  -73.19690    31.9855  1024.2667    24.2122    11.5635 0.0000e+00
     13.000    10.4264    32.2036  1024.7564     2.8984     6.9319    107.754    0.01550    6.43300    6.43550      8.102     0.3145   11.62628   3.559413 2.5320e-11    24.6973    24.6971 1.0000e-12     13.095          1        897    1488.17 3.9495e+00  50419.981     37.315 1559204715       0.44      0.764   39.82268  -73.19690    32.2243  1024.6578    24.5987    10.4249 0.0000e+00
     14.000    10.0495    32.2325  1024.8475     2.8938     6.8298    105.987   -0.00048    6.44407    6.44673      8.102     0.3220   11.64454   3.532623 -9.990e-29    24.7837    24.7834 1.0000e-12     14.105          1        935    1486.87 3.9495e+00  50527.862     38.922 1559204716      -0.22      0.700   39.82268  -73.19690    32.2881  1024.7755    24.7117    10.0480 0.0000e+00
     15.000     9.9462    32.2495  1024.8825     2.8841     6.7940    105.138   -0.00492    6.46204    6.46495      8.102     0.3406   11.67412   3.527716 2.5320e-11    24.8141    24.8138 1.0000e-12     15.117          1        985    1486.54 3.9495e+00  50571.440     40.985 1559204718       0.09      0.471   39.82268  -73.19690    32.3302  1024.8299    24.7615     9.9445 0.0000e+00
     16.000     9.8130    32.2576  1024.9153     2.8787     6.8091    105.137   -0.00258    6.47645    6.47956      8.102     0.3598   11.69789   3.517801 2.5320e-11    24.8423    24.8420 1.0000e-12     16.128          1       1027    1486.08 3.9495e+00  50608.513     42.730 1559204720      -0.00      0.578   39.82268  -73.19690    32.3481  1024.8702    24.7972     9.8112 0.0000e+00
     17.000     9.7381    32.2648  1024.9377     2.8708     6.7704    104.448   -0.00601    6.48204    6.48525      8.099     0.3395   11.70691   3.512827 2.5320e-11    24.8601    24.8598 1.0000e-12     17.128          1       1060    1485.83 3.9495e+00  50633.623     44.106 1559204721       0.13      0.695   39.82268  -73.19690    32.3641  1024.8994    24.8218     9.7362 0.0000e+00
     18.000     9.6297    32.2791  1024.9710     2.8599     6.7586    104.040   -0.00536    6.49616    6.49959      8.097     0.3650   11.72979   3.505916 2.5320e-11    24.8888    24.8885 1.0000e-12     18.139          1       1109    1485.47 3.9495e+00  50675.132     46.178 1559204724      -0.17      0.497   39.82266  -73.19690    32.3905  1024.9420    24.8598     9.6277 0.0000e+00
     19.000     9.5343    32.3120  1025.0167     2.8363     6.6718    102.386   -0.01138    6.51637    6.52009      8.090     0.4313   11.76307   3.501253 2.5320e-11    24.9299    24.9296 1.0000e-12     19.153          1       1162    1485.18 3.9495e+00  50740.975     48.391 1559204726       0.26      0.442   39.82266  -73.19690    32.4282  1024.9913    24.9044     9.5323 0.0000e+00
     20.000     9.4622    32.3468  1025.0601     2.8147     6.6293    100.985   -0.01560    6.56474    6.56911      8.089     0.4053   11.84341   3.499253 2.5320e-11    24.9687    24.9683 1.0000e-12     20.150          1       1192    1484.98 3.9495e+00  50804.927     49.645 1559204727       0.11      0.747   39.82266  -73.19690    32.4725  1025.0418    24.9505     9.4600 0.0000e+00
     21.000     9.2881    32.3388  1025.0861     2.7852     6.5558     99.614   -0.01613    6.58126    6.58588      8.087     0.3951   11.87038   3.481843 -9.990e-29    24.9900    24.9896 1.0000e-12     21.162          1       1237    1484.34 2.4570e+00  50829.145     51.503 1559204729      -0.15      0.563   39.82266  -73.19690    32.4501  1025.0565    24.9604     9.2859 0.0000e+00
     22.000     8.9128    32.3335  1025.1454     2.7622     6.5817     99.189   -0.01042    6.63551    6.64088      8.082     0.4436   11.96030   3.449755 2.5320e-11    25.0446    25.0443 1.0000e-12     22.173          1       1288    1482.97 3.9996e+00  50899.382     53.632 1559204731       0.03      0.468   39.82266  -73.19690    32.4582  1025.1261    25.0252     8.9105 0.0000e+00
     23.000     8.8311    32.3544  1025.1789     2.7348     6.5841     97.541   -0.01439    6.75041    6.75743      8.074     0.4487   12.15050   3.444163 2.5320e-11    25.0735    25.0731 1.0000e-12     23.177          1       1330    1482.70 3.9495e+00  50947.133     55.389 1559204733       0.05      0.568   39.82265  -73.19690    32.4740  1025.1555    25.0500     8.8287 0.0000e+00
     24.000     8.3885    32.3225  1025.2253     2.6807     6.3031     93.203   -0.03188    6.76265    6.76994      8.062     0.5317   12.16961   3.399746 2.5320e-11    25.1150    25.1146 1.0000e-12     24.192          1       1370    1481.02 3.9495e+00  50998.399     57.038 1559204735       0.03      0.606   39.82264  -73.19690    32.4124  1025.1787    25.0684     8.3861 0.0000e+00
     25.000     7.7794    32.3184  1025.3152     2.6296     6.1145     90.142   -0.03877    6.78330    6.79090      8.061     0.4914   12.20381   3.347085 2.5320e-11    25.1999    25.1996 1.0000e-12     25.189          1       1401    1478.72 3.9495e+00  51134.200     58.353 1559204736       0.06      0.738   39.82264  -73.19690    32.4142  1025.2727    25.1575     7.7770 0.0000e+00
     26.000     7.6320    32.4114  1025.4140     2.5696     6.0742     88.789   -0.02651    6.84106    6.84956      8.045     0.4258   12.29884   3.344523 -9.990e-29    25.2940    25.2937 1.0000e-12     26.203          1       1455    1478.29 3.9495e+00  51301.982     60.571 1559204738      -0.15      0.440   39.82264  -73.19690    32.5236  1025.3839    25.2640     7.6296 0.0000e+00
     27.000     7.2589    32.4051  1025.4654     2.5086     5.8543     85.454   -0.03182    6.85082    6.85953      8.032     0.3990   12.31417   3.311048 2.5320e-11    25.3406    25.3403 1.0000e-12     27.211          1       1502    1476.86 3.9495e+00  51386.248     62.542 1559204740       0.19      0.523   39.82264  -73.19690    32.5103  1025.4298    25.3050     7.2564 0.0000e+00
     28.000     7.1408    32.4616  1025.5305     2.4761     5.8442     85.013   -0.02285    6.87440    6.88348      8.024     0.4145   12.35297   3.307574 2.5320e-11    25.4011    25.4007 1.0000e-12     28.216          1       1540    1476.49 3.9495e+00  51497.662     64.132 1559204742      -0.05      0.638   39.82264  -73.19690    32.5833  1025.5075    25.3781     7.1382 0.0000e+00
     29.000     7.0467    32.5062  1025.5830     2.4430     5.8240     84.106   -0.01782    6.92471    6.93452      8.006     0.4614   12.43654   3.303485 2.5320e-11    25.4488    25.4485 1.0000e-12     29.226          1       1583    1476.20 3.9495e+00  51586.477     65.927 1559204744       0.03      0.552   39.82262  -73.19690    32.6270  1025.5591    25.4249     7.0441 0.0000e+00
     30.000     6.8650    32.5199  1025.6227     2.4060     5.6843     82.031   -0.02143    6.92946    6.93946      7.994     0.4835   12.44331   3.288955 -9.990e-29    25.4838    25.4834 1.0000e-12     30.257          1       1625    1475.51 3.9495e+00  51654.368     67.651 1559204745      -0.02      0.589   39.82262  -73.19690    32.6395  1025.5978    25.4587     6.8623 0.0000e+00
     31.000     6.6926    32.5340  1025.6611     2.3863     5.6143     80.934   -0.02327    6.93693    6.94706      7.991     0.5248   12.45561   3.273342 -9.990e-29    25.5186    25.5183 1.0000e-12     31.205          1       1643    1474.56 3.9495e+00  51723.538     68.412 1559204747       0.72      0.698   39.82262  -73.19690    32.6309  1025.6180    25.4745     6.6899 0.0000e+00
     32.000     6.5363    32.5645  1025.7101     2.3319     5.4426     78.309   -0.02492    6.95017    6.96056      7.972     0.7820   12.47685   3.265503 2.5320e-11    25.5615    25.5612 1.0000e-12     32.251          1       1692    1474.37 3.9495e+00  51808.071     70.457 1559204749      -0.02      0.539   39.82261  -73.19690    32.6928  1025.6917    25.5432     6.5336 0.0000e+00
     33.000     6.4685    32.5850  1025.7396     2.2970     5.3703     77.265   -0.02044    6.95045    6.96088      7.967     0.4993   12.47691   3.261315 2.5320e-11    25.5865    25.5862 1.0000e-12     33.288          1       1732    1474.10 3.9495e+00  51857.070     72.144 1559204751       0.86      0.496   39.82260  -73.19690    32.7108  1025.7192    25.5659     6.4657 0.0000e+00
     34.000     6.4227    32.6163  1025.7748     2.2853     5.3659     77.234   -0.01628    6.94759    6.95804      7.962     0.2812   12.47169   3.260984 2.5320e-11    25.6170    25.6166 1.0000e-12     34.254          1       1756    1473.97 3.9495e+00  51915.518     73.120 1559204752      -0.08      0.923   39.82260  -73.19690    32.7506  1025.7607    25.6030     6.4198 0.0000e+00
     35.000     6.4120    32.6482  1025.8060     2.2676     5.3624     77.292   -0.00903    6.93792    6.94841      7.952     0.1353   12.45374   3.263489 2.5320e-11    25.6436    25.6432 1.0000e-12     35.276          1       1802    1473.99 3.9495e+00  51965.193     75.039 1559204754       0.13      0.463   39.82260  -73.19690    32.7883  1025.7964    25.6340     6.4090 0.0000e+00
     36.000     6.4193    32.7215  1025.8675     2.2524     5.3144     76.611   -0.00909    6.93682    6.94732      7.944     0.0891   12.45167   3.271686 -9.990e-29    25.7004    25.7000 1.0000e-12     36.279          1       1838    1474.13 3.9371e+00  52068.639     76.562 1559204756      -0.00      0.656   39.82260  -73.19690    32.8720  1025.8658    25.6988     6.4163 0.0000e+00
     37.000     6.4320    32.8588  1025.9788     2.2265     5.1865     74.770   -0.01490    6.93663    6.94713      7.939     0.0692   12.45130   3.284913 2.5320e-11    25.8073    25.8069 1.0000e-12     37.289          1       1882    1474.36 3.3768e+00  52263.581     78.357 1559204758      -0.02      0.555   39.82260  -73.19690    33.0067  1025.9745    25.8029     6.4288 0.0000e+00
     38.000     6.4324    32.8716  1025.9935     2.2101     5.1844     74.740   -0.00894    6.93652    6.94703      7.932     0.0688   12.45111   3.286237 2.5320e-11    25.8173    25.8168 1.0000e-12     38.295          1       1928    1474.40 3.9379e+00  52282.161     80.272 1559204759      -0.07      0.528   39.82259  -73.19690    33.0205  1025.9900    25.8137     6.4291 0.0000e+00
     39.000     6.4324    32.8743  1026.0002     2.2016     5.1989     74.952   -0.00394    6.93641    6.94692      7.926     0.0574   12.45091   3.286668 2.5320e-11    25.8193    25.8189 1.0000e-12     39.307          1       1975    1474.42 3.9495e+00  52286.632     82.263 1559204761       0.12      0.493   39.82258  -73.19690    33.0249  1025.9980    25.8171     6.4291 0.0000e+00
     40.000     6.4324    32.8762  1026.0064     2.1967     5.1883     74.797   -0.00340    6.93641    6.94691      7.922     0.0695   12.45090   3.286981 2.5320e-11    25.8208    25.8204 1.0000e-12     40.311          1       2011    1474.44 3.9495e+00  52290.054     83.769 1559204763       0.04      0.658   39.82258  -73.19690    33.0278  1026.0050    25.8195     6.4290 0.0000e+00
     41.000     6.4326    32.8772  1026.0118     2.1938     5.1959     74.910   -0.00144    6.93626    6.94676      7.918     0.0695   12.45064   3.287230 4.0109e-11    25.8216    25.8212 1.0000e-12     41.320          1       2060    1474.46 2.7961e+00  52292.176     85.809 1559204765      -0.14      0.493   39.82258  -73.19690    33.0299  1026.0113    25.8211     6.4291 0.0000e+00
