CalculateIndicators/WaterTemperature/Data/CTD_NYOS/NYBOS_20190530_4_6.cnv
* Sea-Bird SBE 9 Data File:
* FileName = C:\Seabird 9 CTD\Data\2019\201905_offshore\NYBOS_20190530_4_5.hex
* Software Version Seasave V 7.23.2
* Temperature SN = 4590
* Conductivity SN = 3228
* Number of Bytes Per Scan = 44
* Number of Voltage Words = 5
* Number of Scans Averaged by the Deck Unit = 1
* NMEA Latitude = 39 14.33 N
* NMEA Longitude = 072 17.42 W
* NMEA UTC (Time) = May 31 2019  03:38:21
* NMEA baud rate = 4800
** Ship: Seawolf
** Station: 4_5
** Operator: LIS
# nquan = 35
# nvalues = 899                         
# units = specified
# name 0 = depSM: Depth [salt water, m]
# name 1 = t090C: Temperature [ITS-90, deg C]
# name 2 = sal00: Salinity, Practical [PSU]
# name 3 = density00: Density [density, kg/m^3]
# name 4 = sbeox0V: Oxygen raw, SBE 43 [V]
# name 5 = sbeox0ML/L: Oxygen, SBE 43 [ml/l]
# name 6 = sbeox0PS: Oxygen, SBE 43 [% saturation]
# name 7 = sbox0dV/dT: Oxygen, SBE 43 [dov/dt]
# name 8 = oxsolML/L: Oxygen Saturation, Garcia & Gordon [ml/l]
# name 9 = oxsatML/L: Oxygen Saturation, Weiss [ml/l]
# name 10 = ph: pH
# name 11 = flECO-AFL: Fluorescence, WET Labs ECO-AFL/FL [mg/m^3]
# name 12 = n2satML/L: Nitrogen Saturation [ml/l]
# name 13 = c0S/m: Conductivity [S/m]
# name 14 = cpar: CPAR/Corrected Irradiance [%]
# name 15 = sigma-é00: Density [sigma-theta, kg/m^3]
# name 16 = sigma-t00: Density [sigma-t, kg/m^3 ]
# name 17 = par: PAR/Irradiance, Biospherical/Licor
# name 18 = prDM: Pressure, Digiquartz [db]
# name 19 = pumps: Pump Status
# name 20 = scan: Scan Count
# name 21 = svCM: Sound Velocity [Chen-Millero, m/s]
# name 22 = spar: SPAR, Biospherical/Licor
# name 23 = specc: Specific Conductance [uS/cm]
# name 24 = timeS: Time, Elapsed [seconds]
# name 25 = timeY: Time, System [seconds]
# name 26 = accM: Acceleration [m/s^2]
# name 27 = dz/dtM: Descent Rate [m/s]
# name 28 = latitude: Latitude [deg]
# name 29 = longitude: Longitude [deg]
# name 30 = gsw_saA0: Absolute Salinity [g/kg]
# name 31 = gsw_densityA0: density, TEOS-10 [density, kg/m^3]
# name 32 = gsw_sigma0A0: density, TEOS-10 [sigma-0, kg/m^3 ]
# name 33 = gsw_ptA0: potential temperature [ITS-90, deg C]
# name 34 = flag: flag
# span 0 =      1.000,    450.000       
# span 1 =     6.2506,    14.1342       
# span 2 =    32.5200,    35.7041       
# span 3 =  1024.2613,  1029.6545       
# span 4 =     1.5244,     3.0098       
# span 5 =     2.8807,     6.9545       
# span 6 =     46.097,    112.045       
# span 7 =   -0.02536,    0.02946       
# span 8 =    5.80738,    6.86558       
# span 9 =    5.80436,    6.87781       
# span 10 =      7.889,     14.635      
# span 11 =    -0.0720,     1.4930      
# span 12 =   10.55135,   12.30681      
# span 13 =   3.486226,   4.254480      
# span 14 = -1.291e+04, 1.1177e+05      
# span 15 =    24.2479,    27.5805      
# span 16 =    24.2478,    27.5752      
# span 17 = -8.864e-03, 4.1224e-02      
# span 18 =      1.025,    453.932      
# span 19 =         -0,          1      
# span 20 =        -18,      43844      
# span 21 =    1483.26,    1505.98      
# span 22 = -2.821e-01, 4.4846e+00      
# span 23 =  50324.319,  55777.090      
# span 24 =     -0.774,   1826.785      
# span 25 = 1559273899, 1559275727      
# span 26 =      -0.87,       0.67      
# span 27 =     -0.946,      0.927      
# span 28 =   39.23896,   39.24181      
# span 29 =  -72.29037,  -72.28061      
# span 30 =    32.6736,    35.8779      
# span 31 =  1024.2662,  1029.6572      
# span 32 =    24.2528,    27.5842      
# span 33 =     6.2098,    14.1339      
# span 34 = 0.0000e+00, 0.0000e+00      
# interval = meters: 1                  
# start_time = May 31 2019 03:38:20 [System UTC, first data scan.]
# bad_flag = -9.990e-29
*END*
[from data line 747]
    152.000    13.4379    35.6402  1027.4817     2.1426     4.3192     73.839    0.00153    5.84945    5.84705     11.265    -0.0505   10.62160   4.213781 2.5317e-11    26.8040    26.7996 1.0000e-12    153.221          1      36471    1504.93 3.9495e+00  54805.233   1519.569 1559275420       0.18     -0.435   39.24129  -72.28217    35.8117  1027.4880    26.8104    13.4163 0.0000e+00
    151.000    13.4561    35.6426  1027.4753     2.1492     4.3418     74.246    0.00294    5.84777    5.84535     11.250    -0.0491   10.61884   4.215605 2.5320e-11    26.8021    26.7977 1.0000e-12    152.202          1      36529    1504.98 3.9495e+00  54805.377   1521.981 1559275422      -0.36     -0.460   39.24130  -72.28216    35.8124  1027.4802    26.8072    13.4345 0.0000e+00
    150.000    13.4483    35.6397  1027.4703     2.1554     4.3709     74.752    0.00548    5.84722    5.84479     11.260    -0.0586   10.61792   4.214346 2.5320e-11    26.8015    26.7971 1.0000e-12    151.207          1      36551    1504.93 3.9495e+00  54801.970   1522.910 1559275423      -0.36     -0.845   39.24130  -72.28216    35.8081  1027.4742    26.8054    13.4270 0.0000e+00
    149.000    13.4573    35.6388  1027.4631     2.1661     4.3992     75.274    0.00602    5.84427    5.84181     11.250    -0.0555   10.61299   4.215358 2.5320e-11    26.7989    26.7945 1.0000e-12    150.196          1      36594    1504.94 3.9495e+00  54798.771   1524.696 1559275425       0.21     -0.622   39.24130  -72.28215    35.8097  1027.4690    26.8048    13.4361 0.0000e+00
    148.000    13.4783    35.6414  1027.4563     2.1745     4.4081     75.476    0.00399    5.84047    5.83797     11.106    -0.0472   10.60664   4.217732 2.7368e-11    26.7966    26.7922 1.0000e-12    149.193          1      36642    1505.00 3.9495e+00  54798.915   1526.715 1559275427      -0.34     -0.535   39.24132  -72.28214    35.8130  1027.4627    26.8029    13.4572 0.0000e+00
    147.000    13.5142    35.6478  1027.4493     2.1819     4.4019     75.704    0.00283    5.81458    5.81178     11.208    -0.0402   10.56333   4.221946 2.4758e-11    26.7941    26.7897 1.0000e-12    148.166          1      36701    1505.11 3.9495e+00  54802.048   1529.168 1559275429       0.27     -0.393   39.24132  -72.28213    35.8198  1027.4559    26.8008    13.4932 0.0000e+00
    146.000    13.5392    35.6553  1027.4453     2.1814     4.3922     75.539    0.00126    5.81446    5.81166     11.080    -0.0565   10.56310   4.225826 2.5320e-11    26.7946    26.7903 1.0000e-12    147.179          1      36727    1505.18 3.9495e+00  54807.919   1530.237 1559275430      -0.50     -0.738   39.24132  -72.28212    35.8336  1027.4568    26.8061    13.5183 0.0000e+00
    145.000    13.7212    35.6900  1027.4293     2.1760     4.3529     74.925   -0.00292    5.80972    5.80687     11.140    -0.0603   10.55519   4.247571 2.5320e-11    26.7837    26.7793 1.0000e-12    146.158          1      36773    1505.80 3.9495e+00  54830.301   1532.157 1559275432       0.34     -0.581   39.24132  -72.28212    35.8693  1027.4415    26.7959    13.7003 0.0000e+00
    144.000    13.7406    35.6967  1027.4259     2.1726     4.3468     74.834   -0.00217    5.80864    5.80577     11.230    -0.0576   10.55336   4.249890 2.5320e-11    26.7847    26.7804 1.0000e-12    145.158          1      36809    1505.85 3.9495e+00  54836.084   1533.683 1559275434      -0.44     -0.624   39.24133  -72.28210    35.8734  1027.4361    26.7949    13.7198 0.0000e+00
    143.000    13.7738    35.7026  1027.4190     2.1749     4.3675     75.205    0.00112    5.80742    5.80454     11.188    -0.0512   10.55135   4.253517 2.6959e-11    26.7823    26.7780 1.0000e-12    144.139          1      36864    1505.95 3.9495e+00  54839.074   1535.959 1559275436       0.19     -0.435   39.24134  -72.28209    35.8770  1027.4273    26.7907    13.7531 0.0000e+00
    142.000    13.7815    35.7041  1027.4140     2.1794     4.3871     75.541    0.00274    5.80760    5.80472     11.209    -0.0585   10.55165   4.254324 2.5325e-11    26.7819    26.7776 1.0000e-12    143.141          1      36901    1505.96 3.9495e+00  54839.480   1537.514 1559275438      -0.60     -0.616   39.24134  -72.28208    35.8779  1027.4219    26.7898    13.7609 0.0000e+00
    141.000    13.7858    35.7032  1027.4079     2.1803     4.3814     75.427    0.00104    5.80885    5.80599     11.196    -0.0588   10.55378   4.254480 7.8683e+03    26.7802    26.7759 1.0000e-12    142.129          1      36945    1505.96 3.6077e+00  54837.077   1539.318 1559275439       0.22     -0.604   39.24134  -72.28208    35.8757  1027.4148    26.7872    13.7654 0.0000e+00
    140.000    13.7825    35.7017  1027.4030     2.1836     4.3930     75.617    0.00160    5.80949    5.80663     11.173    -0.0561   10.55485   4.253819 9.9368e+04    26.7797    26.7754 1.0000e-12    141.120          1      36992    1505.93 2.4714e-02  54834.861   1541.299 1559275441      -0.31     -0.510   39.24134  -72.28206    35.8730  1027.4090    26.7858    13.7622 0.0000e+00
    139.000    13.7706    35.6968  1027.3972     2.1871     4.4038     75.772    0.00172    5.81184    5.80900     11.076    -0.0519   10.55882   4.251985 -9.990e-29    26.7784    26.7742 1.0000e-12    140.110          1      37040    1505.87 3.8501e+00  54829.241   1543.295 1559275443       0.17     -0.511   39.24136  -72.28206    35.8673  1027.4026    26.7838    13.7505 0.0000e+00
    138.000    13.7689    35.6966  1027.3930     2.1896     4.4117     75.889    0.00183    5.81341    5.81059     11.060    -0.0575   10.56145   4.251696 -9.990e-29    26.7786    26.7744 1.0000e-12    139.103          1      37081    1505.85 3.9493e+00  54828.602   1544.999 1559275445      -0.40     -0.561   39.24136  -72.28205    35.8666  1027.3980    26.7836    13.7489 0.0000e+00
    137.000    13.7481    35.6882  1027.3865     2.1927     4.4225     76.001    0.00166    5.81895    5.81619     11.080    -0.0569   10.57084   4.248611 2.6630e-11    26.7764    26.7723 1.0000e-12    138.096          1      37124    1505.75 3.9495e+00  54819.404   1546.789 1559275447       0.17     -0.581   39.24136  -72.28204    35.8574  1027.3908    26.7808    13.7283 0.0000e+00
    136.000    13.7293    35.6812  1027.3805     2.1967     4.4443     76.140    0.00134    5.83707    5.83451     11.057    -0.0501   10.60136   4.245831 2.5330e-11    26.7749    26.7708 1.0000e-12    137.086          1      37176    1505.67 3.9495e+00  54811.709   1548.943 1559275449      -0.20     -0.472   39.24136  -72.28202    35.8491  1027.3839    26.7783    13.7096 0.0000e+00
    135.000    13.6512    35.6476  1027.3665     2.2200     4.5626     78.137    0.01227    5.83923    5.83669     11.087    -0.0611   10.60500   4.233575 2.5320e-11    26.7651    26.7611 1.0000e-12    136.079          1      37218    1505.35 3.9495e+00  54775.721   1550.706 1559275451       0.05     -0.578   39.24137  -72.28202    35.8067  1027.3633    26.7619    13.6318 0.0000e+00
    134.000    13.5381    35.6111  1027.3576     2.2446     4.6303     79.307    0.01295    5.83840    5.83584     11.060    -0.0511   10.60368   4.219018 2.5320e-11    26.7603    26.7564 1.0000e-12    135.069          1      37265    1504.92 3.9495e+00  54740.653   1552.675 1559275453       0.00     -0.508   39.24138  -72.28201    35.7751  1027.3583    26.7610    13.5189 0.0000e+00
    133.000    13.5571    35.6118  1027.3497     2.2479     4.5924     78.514    0.00221    5.84914    5.84670     10.685    -0.0594   10.62175   4.221170 2.5320e-11    26.7569    26.7530 1.0000e-12    134.064          1      37311    1504.97 3.9495e+00  54738.348   1554.586 1559275455       0.03     -0.532   39.24138  -72.28200    35.7782  1027.3522    26.7594    13.5380 0.0000e+00
    132.000    13.5133    35.5942  1027.3407     2.2649     4.6770     79.812    0.00840    5.86000    5.85768     11.166    -0.0421   10.64000   4.214445 -9.990e-29    26.7523    26.7484 1.0000e-12    133.047          1      37368    1504.79 3.9495e+00  54719.728   1556.947 1559275457      -0.05     -0.381   39.24138  -72.28200    35.7558  1027.3396    26.7512    13.4945 0.0000e+00
    131.000    13.4241    35.5666  1027.3335     2.2902     4.7764     81.461    0.01423    5.86346    5.86117     10.666    -0.0626   10.64586   4.202636 2.5320e-11    26.7493    26.7454 1.0000e-12    132.047          1      37408    1504.45 3.9495e+00  54693.596   1558.606 1559275459       0.04     -0.585   39.24138  -72.28198    35.7277  1027.3321    26.7479    13.4055 0.0000e+00
    130.000    13.3847    35.5526  1027.3264     2.3116     4.8172     82.104    0.01054    5.86719    5.86494     10.777    -0.0634   10.65214   4.197412 2.5320e-11    26.7465    26.7427 1.0000e-12    131.034          1      37455    1504.29 3.9495e+00  54679.348   1560.563 1559275461      -0.10     -0.495   39.24138  -72.28197    35.7153  1027.3263    26.7464    13.3663 0.0000e+00
    129.000    13.3523    35.5393  1027.3184     2.3289     4.8646     82.896    0.01072    5.86822    5.86598     10.237    -0.0470   10.65391   4.192787 2.5320e-11    26.7428    26.7391 1.0000e-12    130.030          1      37493    1504.15 3.9495e+00  54665.040   1562.185 1559275462       0.01     -0.620   39.24139  -72.28196    35.7020  1027.3183    26.7428    13.3341 0.0000e+00
    128.000    13.3304    35.5299  1027.3112     2.3434     4.8808     83.209    0.00684    5.86572    5.86345      8.834    -0.0547   10.64982   4.189747 2.5320e-11    26.7401    26.7363 1.0000e-12    129.018          1      37543    1504.05 3.9495e+00  54654.719   1564.259 1559275464       0.05     -0.473   39.24140  -72.28196    35.6941  1027.3123    26.7411    13.3123 0.0000e+00
    127.000    13.3396    35.5250  1027.3010     2.3512     4.8867     83.326    0.00422    5.86454    5.86225      8.990    -0.0633   10.64785   4.190360 2.6878e-11    26.7343    26.7306 1.0000e-12    128.014          1      37591    1504.06 3.9495e+00  54646.025   1566.249 1559275466       0.06     -0.508   39.24140  -72.28195    35.6917  1027.3041    26.7374    13.3216 0.0000e+00
    126.000    13.3567    35.5234  1027.2917     2.3559     4.8811     83.253    0.00108    5.86302    5.86071      8.174    -0.0519   10.64533   4.191918 2.5164e-11    26.7295    26.7258 1.0000e-12    126.996          1      37649    1504.09 3.9495e+00  54640.769   1568.662 1559275469      -0.16     -0.356   39.24140  -72.28193    35.6909  1027.2953    26.7332    13.3389 0.0000e+00
    125.000    13.3643    35.5240  1027.2861     2.3596     4.8978     83.542    0.00257    5.86274    5.86043      8.356    -0.0521   10.64485   4.192754 5.3865e+04    26.7284    26.7248 1.0000e-12    126.000          1      37681    1504.10 1.7758e+00  54640.026   1570.001 1559275470      -0.07     -0.687   39.24140  -72.28192    35.6922  1027.2903    26.7326    13.3467 0.0000e+00
    124.000    13.3735    35.5256  1027.2810     2.3615     4.8917     83.440    0.00056    5.86253    5.86022      8.138    -0.0574   10.64451   4.193787 3.7374e+04    26.7277    26.7241 1.0000e-12    124.981          1      37736    1504.12 2.3957e+00  54640.285   1572.285 1559275472       0.11     -0.395   39.24140  -72.28192    35.6939  1027.2852    26.7321    13.3559 0.0000e+00
    123.000    13.3748    35.5261  1027.2766     2.3606     4.8830     83.304   -0.00045    5.86163    5.85931      8.136    -0.0519   10.64299   4.193933 1.3950e+03    26.7278    26.7242 1.0000e-12    123.981          1      37775    1504.10 3.8918e+00  54640.181   1573.911 1559275474      -0.09     -0.615   39.24140  -72.28191    35.6944  1027.2809    26.7321    13.3574 0.0000e+00
    122.000    13.3772    35.5268  1027.2721     2.3611     4.8871     83.391    0.00035    5.86041    5.85807      8.147    -0.0648   10.64096   4.194233 2.5320e-11    26.7278    26.7242 1.0000e-12    122.969          1      37821    1504.10 3.9495e+00  54640.171   1575.826 1559275476       0.07     -0.527   39.24142  -72.28190    35.6955  1027.2767    26.7324    13.3600 0.0000e+00
    121.000    13.3885    35.5291  1027.2671     2.3625     4.8889     83.464    0.00060    5.85751    5.85514      8.124    -0.0565   10.63611   4.195584 2.5320e-11    26.7273    26.7237 1.0000e-12    121.962          1      37872    1504.12 3.9495e+00  54641.188   1577.949 1559275478       0.07     -0.471   39.24142  -72.28190    35.6982  1027.2720    26.7322    13.3713 0.0000e+00
    120.000    13.4015    35.5320  1027.2622     2.3620     4.8805     83.344   -0.00040    5.85589    5.85350      8.292    -0.0521   10.63340   4.197246 2.5320e-11    26.7268    26.7233 1.0000e-12    120.955          1      37922    1504.15 3.9495e+00  54642.794   1580.030 1559275480      -0.22     -0.473   39.24142  -72.28188    35.7023  1027.2680    26.7327    13.3844 0.0000e+00
    119.000    13.4281    35.5363  1027.2555     2.3631     4.8870     83.469    0.00060    5.85485    5.85245      8.061    -0.0456   10.63167   4.200229 2.5320e-11    26.7247    26.7212 1.0000e-12    119.942          1      37971    1504.23 3.9495e+00  54644.428   1582.081 1559275482       0.13     -0.499   39.24142  -72.28187    35.7062  1027.2609    26.7301    13.4112 0.0000e+00
    118.000    13.4300    35.5368  1027.2510     2.3625     4.8805     83.367   -0.00017    5.85423    5.85182      8.088    -0.0626   10.63062   4.200423 2.5320e-11    26.7246    26.7211 1.0000e-12    118.944          1      38007    1504.22 3.9495e+00  54644.153   1583.600 1559275484      -0.18     -0.651   39.24142  -72.28186    35.7066  1027.2564    26.7300    13.4133 0.0000e+00
    117.000    13.4394    35.5386  1027.2459     2.3613     4.8722     83.255   -0.00069    5.85221    5.84978      8.073    -0.0593   10.62728   4.201494 -9.990e-29    26.7240    26.7206 1.0000e-12    117.919          1      38064    1504.23 3.9495e+00  54644.716   1585.942 1559275486       0.21     -0.383   39.24142  -72.28186    35.7084  1027.2513    26.7295    13.4228 0.0000e+00
    116.000    13.4473    35.5395  1027.2405     2.3624     4.8809     83.401    0.00048    5.85236    5.84993      8.078    -0.0606   10.62756   4.202369 2.5320e-11    26.7231    26.7197 1.0000e-12    116.928          1      38095    1504.24 3.9495e+00  54644.328   1587.264 1559275487      -0.15     -0.699   39.24144  -72.28184    35.7098  1027.2463    26.7289    13.4308 0.0000e+00
    115.000    13.4585    35.5373  1027.2319     2.3681     4.9049     83.828    0.00262    5.85116    5.84871      8.074    -0.0638   10.62561   4.203092 2.5320e-11    26.7190    26.7156 1.0000e-12    115.906          1      38153    1504.26 3.9495e+00  54639.044   1589.670 1559275490       0.16     -0.367   39.24144  -72.28183    35.7066  1027.2369    26.7241    13.4422 0.0000e+00
    114.000    13.4655    35.5363  1027.2253     2.3716     4.9138     83.943    0.00220    5.85374    5.85132      8.080    -0.0710   10.62998   4.203755 2.5320e-11    26.7168    26.7135 1.0000e-12    114.909          1      38190    1504.26 3.9495e+00  54636.185   1591.228 1559275491      -0.17     -0.633   39.24144  -72.28182    35.7067  1027.2311    26.7227    13.4493 0.0000e+00
    113.000    13.4590    35.5279  1027.2156     2.3835     4.9628     84.734    0.00529    5.85692    5.85453      8.079    -0.0610   10.63540   4.201894 2.5320e-11    26.7116    26.7083 1.0000e-12    113.893          1      38246    1504.22 3.9495e+00  54624.930   1593.550 1559275494       0.15     -0.413   39.24144  -72.28181    35.6956  1027.2194    26.7155    13.4429 0.0000e+00
