CalculateIndicators/WaterTemperature/Data/CTD_NYOS/NYBOS_20190530_6_6.cnv
* Sea-Bird SBE 9 Data File:
* FileName = C:\Seabird 9 CTD\Data\2019\201905_offshore\NYBOS_20190530_6_6.hex
* Software Version Seasave V 7.23.2
* Temperature SN = 4590
* Conductivity SN = 3228
* Number of Bytes Per Scan = 44
* Number of Voltage Words = 5
* Number of Scans Averaged by the Deck Unit = 1
* NMEA Latitude = 38 47.22 N
* NMEA Longitude = 072 48.98 W
* NMEA UTC (Time) = May 30 2019  20:15:46
* NMEA baud rate = 4800
** Ship: Seawolf
** Station: 6_6
** Operator: AJB
# nquan = 35
# nvalues = 959                         
# units = specified
# name 0 = depSM: Depth [salt water, m]
# name 1 = t090C: Temperature [ITS-90, deg C]
# name 2 = sal00: Salinity, Practical [PSU]
# name 3 = density00: Density [density, kg/m^3]
# name 4 = sbeox0V: Oxygen raw, SBE 43 [V]
# name 5 = sbeox0ML/L: Oxygen, SBE 43 [ml/l]
# name 6 = sbeox0PS: Oxygen, SBE 43 [% saturation]
# name 7 = sbox0dV/dT: Oxygen, SBE 43 [dov/dt]
# name 8 = oxsolML/L: Oxygen Saturation, Garcia & Gordon [ml/l]
# name 9 = oxsatML/L: Oxygen Saturation, Weiss [ml/l]
# name 10 = ph: pH
# name 11 = flECO-AFL: Fluorescence, WET Labs ECO-AFL/FL [mg/m^3]
# name 12 = n2satML/L: Nitrogen Saturation [ml/l]
# name 13 = c0S/m: Conductivity [S/m]
# name 14 = cpar: CPAR/Corrected Irradiance [%]
# name 15 = sigma-é00: Density [sigma-theta, kg/m^3]
# name 16 = sigma-t00: Density [sigma-t, kg/m^3 ]
# name 17 = par: PAR/Irradiance, Biospherical/Licor
# name 18 = prDM: Pressure, Digiquartz [db]
# name 19 = pumps: Pump Status
# name 20 = scan: Scan Count
# name 21 = svCM: Sound Velocity [Chen-Millero, m/s]
# name 22 = spar: SPAR, Biospherical/Licor
# name 23 = specc: Specific Conductance [uS/cm]
# name 24 = timeS: Time, Elapsed [seconds]
# name 25 = timeY: Time, System [seconds]
# name 26 = accM: Acceleration [m/s^2]
# name 27 = dz/dtM: Descent Rate [m/s]
# name 28 = latitude: Latitude [deg]
# name 29 = longitude: Longitude [deg]
# name 30 = gsw_saA0: Absolute Salinity [g/kg]
# name 31 = gsw_densityA0: density, TEOS-10 [density, kg/m^3]
# name 32 = gsw_sigma0A0: density, TEOS-10 [sigma-0, kg/m^3 ]
# name 33 = gsw_ptA0: potential temperature [ITS-90, deg C]
# name 34 = flag: flag
# span 0 =      2.000,    481.000       
# span 1 =     6.4079,    18.7032       
# span 2 =    33.6457,    35.7084       
# span 3 =  1024.4363,  1029.7825       
# span 4 =     1.5378,     2.8693       
# span 5 =     2.9298,     5.8001       
# span 6 =     46.609,    106.565       
# span 7 =   -0.04656,    0.03751       
# span 8 =    5.29246,    6.83999       
# span 9 =    5.28384,    6.85180       
# span 10 =      7.876,     16.546      
# span 11 =    -0.0759,     0.7550      
# span 12 =    9.70209,   12.26447      
# span 13 =   3.503029,   4.697820      
# span 14 = 4.8641e-14, 1.0944e+01      
# span 15 =    24.4274,    27.5685      
# span 16 =    24.4273,    27.5627      
# span 17 = 1.0000e-12, 2.1656e+02      
# span 18 =      2.014,    485.225      
# span 19 =          1,          1      
# span 20 =       1381,      39963      
# span 21 =    1484.25,    1518.31      
# span 22 = 4.8211e+02, 2.0512e+03      
# span 23 =  51577.054,  55764.268      
# span 24 =     57.508,   1665.103      
# span 25 = 1559247403, 1559249010      
# span 26 =      -1.27,       0.59      
# span 27 =     -1.520,      1.072      
# span 28 =   38.78661,   38.78712      
# span 29 =  -72.81806,  -72.81642      
# span 30 =    33.7698,    35.8905      
# span 31 =  1024.4149,  1029.7856      
# span 32 =    24.4061,    27.5716      
# span 33 =     6.3635,    18.7014      
# span 34 = 0.0000e+00, 0.0000e+00      
# interval = meters: 1                  
# start_time = May 30 2019 20:15:45 [System UTC, first data scan.]
# bad_flag = -9.990e-29
*END*
[from data line 83]
     85.000    13.4080    35.4252  1027.0211     2.3049     4.6885     80.378   -0.00110    5.83303    5.83034      8.048    -0.0471   10.59588   4.184971 2.1913e-02    26.6417    26.6393 4.2975e-01     85.665          1       4208    1503.46 1.9612e+03  54474.343    175.305 1559247520      -0.12      0.754   38.78710  -72.81652    35.5943  1027.0264    26.6471    13.3960 0.0000e+00
     86.000    13.4875    35.4582  1027.0346     2.2873     4.5960     78.852   -0.00985    5.82864    5.82590      8.046    -0.0480   10.58850   4.197281 2.3756e-02    26.6509    26.6484 3.9427e-01     86.670          1       4244    1503.78 1.6906e+03  54509.268    176.784 1559247522      -0.02      0.690   38.78710  -72.81652    35.6366  1027.0469    26.6633    13.4752 0.0000e+00
     87.000    13.6443    35.5136  1027.0492     2.2604     4.4958     77.139   -0.01584    5.82819    5.82544      8.045    -0.0519   10.58774   4.218731 1.9686e-02    26.6614    26.6588 3.8405e-01     87.684          1       4286    1504.37 1.9475e+03  54564.373    178.561 1559247524      -0.06      0.565   38.78710  -72.81652    35.6930  1027.0622    26.6744    13.6318 0.0000e+00
     88.000    13.6635    35.5187  1027.0536     2.2478     4.4841     77.034   -0.01053    5.82099    5.81817      8.043    -0.0412   10.57559   4.220593 1.7580e-02    26.6614    26.6588 3.3583e-01     88.691          1       4320    1504.46 1.9120e+03  54569.417    179.964 1559247525       0.18      0.668   38.78710  -72.81652    35.6923  1027.0621    26.6699    13.6509 0.0000e+00
     89.000    13.6670    35.5198  1027.0583     2.2436     4.5024     77.383   -0.00426    5.81833    5.81548 -9.990e-29    -0.0443   10.57115   4.220970 1.9320e-02    26.6616    26.6589 3.0941e-01     89.693          1       4350    1504.49 1.6313e+03  54571.026    181.190 1559247526       0.02      0.822   38.78710  -72.81652    35.6922  1027.0658    26.6691    13.6542 0.0000e+00
     90.000    13.7066    35.5356  1027.0666     2.2288     4.4414     76.344   -0.00874    5.81758    5.81472 -9.990e-29    -0.0476   10.56989   4.227032 1.6007e-02    26.6655    26.6628 3.1402e-01     90.705          1       4387    1504.65 1.9606e+03  54587.822    182.768 1559247528      -0.12      0.664   38.78710  -72.81652    35.7121  1027.0772    26.6762    13.6937 0.0000e+00
     91.000    13.7442    35.5444  1027.0699     2.2230     4.4477     76.448   -0.00453    5.81790    5.81504 -9.990e-29    -0.0418   10.57040   4.231371 1.7275e-02    26.6645    26.6618 2.8415e-01     91.713          1       4426    1504.80 1.6763e+03  54595.465    184.381 1559247529       0.04      0.618   38.78710  -72.81652    35.7176  1027.0780    26.6726    13.7311 0.0000e+00
     92.000    13.7487    35.5456  1027.0745     2.2201     4.4598     76.595   -0.00135    5.82254    5.81974 -9.990e-29 -9.990e-29   10.57807   4.231921 1.3580e-02    26.6646    26.6618 2.6576e-01     92.724          1       4462    1504.84 1.9546e+03  54597.135    185.892 1559247531       0.02      0.662   38.78710  -72.81652    35.7181  1027.0820    26.6721    13.7355 0.0000e+00
     93.000    13.7499    35.5467  1027.0795     2.2204     4.4625     76.611   -0.00133    5.82489    5.82212 -9.990e-29 -9.990e-29   10.58201   4.232059 1.2467e-02    26.6652    26.6624 2.4298e-01     93.728          1       4493    1504.86 1.9489e+03  54599.012    187.169 1559247532       0.11      0.750   38.78710  -72.81652    35.7179  1027.0861    26.6718    13.7365 0.0000e+00
     94.000    13.7118    35.5486  1027.0935     2.2257     4.5045     77.247    0.00316    5.83131    5.82861      8.040    -0.0409   10.59277   4.228237 1.5269e-02    26.6747    26.6718 2.4121e-01     94.735          1       4529    1504.75 1.6635e+03  54607.407    188.687 1559247534      -0.15      0.705   38.78710  -72.81652    35.7169  1027.0978    26.6790    13.6983 0.0000e+00
     95.000    13.6826    35.5432  1027.0999     2.2311     4.5188     77.481    0.00294    5.83216    5.82947      8.040    -0.0530   10.59418   4.224544 1.7618e-02    26.6766    26.6737 2.2274e-01     95.754          1       4570    1504.67 1.2606e+03  54604.601    190.375 1559247535       0.16      0.536   38.78710  -72.81652    35.7088  1027.1022    26.6788    13.6690 0.0000e+00
     96.000    13.6364    35.5322  1027.1056     2.2354     4.5360     77.765    0.00395    5.83305    5.83037      8.040    -0.0534   10.59568   4.218930 1.1602e-02    26.6777    26.6748 1.6647e-01     96.748          1       4594    1504.52 1.4901e+03  54596.136    191.392 1559247536       0.27      0.854   38.78710  -72.81652    35.6985  1027.1084    26.6805    13.6226 0.0000e+00
     97.000    13.6287    35.5312  1027.1109     2.2394     4.5477     77.862    0.00282    5.84072    5.83813      8.040    -0.0426   10.60855   4.218188 1.2122e-02    26.6785    26.6757 1.9463e-01     97.760          1       4635    1504.51 1.6453e+03  54596.488    193.083 1559247538      -0.24      0.659   38.78710  -72.81652    35.6982  1027.1142    26.6819    13.6148 0.0000e+00
     98.000    13.6155    35.5280  1027.1157     2.2447     4.5653     78.010    0.00161    5.85222    5.84975      8.042    -0.0508   10.62781   4.216570 8.7979e-03    26.6788    26.6759 1.7052e-01     98.775          1       4682    1504.48 1.9327e+03  54594.523    195.039 1559247540       0.28      0.470   38.78710  -72.81652    35.6947  1027.1188    26.6820    13.6015 0.0000e+00
     99.000    13.5552    35.5099  1027.1188     2.2579     4.6500     79.268    0.00924    5.86616    5.86385      8.042    -0.0455   10.65109   4.208087 1.4404e-02    26.6774    26.6745 1.4273e-01     99.774          1       4710    1504.28 1.0701e+03  54578.655    196.209 1559247541       0.14      0.796   38.78710  -72.81654    35.6702  1027.1171    26.6757    13.5411 0.0000e+00
    100.000    13.4897    35.4987  1027.1283     2.2757     4.7142     80.289    0.01159    5.87157    5.86933      8.042    -0.0393   10.66011   4.200497 8.1113e-03    26.6823    26.6794 1.5605e-01    100.788          1       4745    1504.07 1.9049e+03  54573.058    197.681 1559247543      -0.14      0.720   38.78710  -72.81654    35.6591  1027.1266    26.6806    13.4755 0.0000e+00
    101.000    13.3745    35.4725  1027.1365     2.2920     4.7633     81.160    0.01301    5.86906    5.86679 -9.990e-29    -0.0456   10.65584   4.186039 6.9799e-03    26.6857    26.6828 1.3060e-01    101.794          1       4777    1503.67 1.8717e+03  54553.254    198.985 1559247544       0.15      0.719   38.78710  -72.81654    35.6289  1027.1318    26.6811    13.3602 0.0000e+00
    102.000    13.3277    35.4691  1027.1480     2.3047     4.7804     81.553    0.01080    5.86168    5.85934 -9.990e-29    -0.0481   10.64345   4.181550 6.3603e-03    26.6927    26.6898 1.2280e-01    102.798          1       4807    1503.53 1.9309e+03  54556.107    200.268 1559247545      -0.06      0.812   38.78710  -72.81654    35.6295  1027.1464    26.6912    13.3133 0.0000e+00
    103.000    13.3350    35.4770  1027.1571     2.3067     4.7384     80.934    0.00239    5.85466    5.85224 -9.990e-29    -0.0409   10.63167   4.183898 6.3158e-03    26.6974    26.6944 1.2328e-01    103.813          1       4848    1503.58 1.9522e+03  54566.446    201.939 1559247547      -0.06      0.599   38.78710  -72.81654    35.6446  1027.1610    26.7013    13.3204 0.0000e+00
    104.000    13.3980    35.4966  1027.1637     2.2948     4.6609     79.589   -0.00706    5.85625    5.85385 -9.990e-29    -0.0486   10.63434   4.192458 7.8015e-03    26.6997    26.6966 1.0803e-01    104.816          1       4883    1503.83 1.6077e+03  54585.120    203.400 1559247548       0.06      0.676   38.78710  -72.81654    35.6667  1027.1695    26.7055    13.3833 0.0000e+00
    105.000    13.4472    35.5093  1027.1678     2.2844     4.6405     79.121   -0.00709    5.86508    5.86278      8.042    -0.0492   10.64909   4.198512 1.5878e-02    26.6994    26.6963 1.0296e-01    105.828          1       4922    1504.02 6.5399e+02  54596.238    205.048 1559247550      -0.07      0.622   38.78710  -72.81654    35.6778  1027.1723    26.7039    13.4323 0.0000e+00
    106.000    13.4347    35.5055  1027.1719     2.2908     4.7047     80.231    0.00225    5.86387    5.86156      8.042    -0.0545   10.64701   4.196417 1.4757e-02    26.6991    26.6960 8.5017e-02    106.836          1       4957    1503.99 5.7620e+02  54593.519    206.483 1559247552       0.14      0.666   38.78710  -72.81654    35.6691  1027.1727    26.6999    13.4197 0.0000e+00
    107.000    13.3706    35.4939  1027.1807     2.3062     4.7725     81.697    0.01099    5.84171    5.83915      8.040    -0.0451   10.60973   4.188967 1.1136e-02    26.7033    26.7001 7.2006e-02    107.842          1       4986    1503.78 6.6521e+02  54586.930    207.728 1559247553       0.04      0.801   38.78710  -72.81654    35.6579  1027.1818    26.7044    13.3554 0.0000e+00
    108.000    13.3632    35.4962  1027.1886     2.3039     4.7321     81.070    0.00480    5.83704    5.83442      8.037    -0.0527   10.60197   4.188944 4.9463e-03    26.7066    26.7035 6.9236e-02    108.851          1       5018    1503.78 1.4763e+03  54591.917    209.026 1559247554      -0.03      0.785   38.78710  -72.81654    35.6641  1027.1926    26.7107    13.3480 0.0000e+00
    109.000    13.4796    35.5388  1027.2018     2.2694     4.5059     77.200   -0.02219    5.83667    5.83406      8.037    -0.0553   10.60136   4.206526 3.0544e-03    26.7157    26.7124 5.6838e-02    109.856          1       5048    1504.23 1.8661e+03  54634.716    210.311 1559247555       0.01      0.782   38.78710  -72.81654    35.7219  1027.2174    26.7313    13.4641 0.0000e+00
    110.000    13.5775    35.5560  1027.1991     2.2426     4.4581     76.346   -0.01808    5.83927    5.83668      8.035    -0.0542   10.60574   4.216927 7.2258e-03    26.7087    26.7055 5.8873e-02    110.866          1       5088    1504.59 9.8227e+02  54645.264    211.973 1559247557      -0.15      0.639   38.78710  -72.81654    35.7286  1027.2066    26.7163    13.5617 0.0000e+00
    111.000    13.5836    35.5585  1027.2043     2.2269     4.4765     76.465   -0.00841    5.85437    5.85195      8.037    -0.0453   10.63099   4.217770 2.5807e-03    26.7095    26.7062 5.0281e-02    111.883          1       5131    1504.63 1.8973e+03  54648.521    213.760 1559247559       0.18      0.513   38.78710  -72.81654    35.7304  1027.2113    26.7165    13.5678 0.0000e+00
    112.000    13.5850    35.5586  1027.2085     2.2280     4.5060     76.905   -0.00391    5.85913    5.85677 -9.990e-29    -0.0533   10.63896   4.217788 1.4092e-03    26.7093    26.7060 2.7506e-02    112.882          1       5156    1504.65 1.9520e+03  54649.025    214.794 1559247560       0.29      0.831   38.78710  -72.81655    35.7288  1027.2142    26.7150    13.5690 0.0000e+00
    113.000    13.5036    35.5354  1027.2121     2.2464     4.6281     78.974    0.01028    5.86030    5.85796 -9.990e-29    -0.0544   10.64090   4.206343 1.9475e-03    26.7082    26.7049 2.2786e-02    113.885          1       5183    1504.37 1.5695e+03  54628.959    215.922 1559247561      -0.07      0.942   38.78710  -72.81656    35.6960  1027.2104    26.7066    13.4875 0.0000e+00
    114.000    13.4124    35.5200  1027.2237     2.2757     4.7442     81.003    0.01816    5.85678    5.85440      8.037    -0.0481   10.63495   4.196152 4.2103e-03    26.7152    26.7118 3.2630e-02    114.902          1       5223    1504.07 8.3451e+02  54621.314    217.601 1559247563      -0.17      0.624   38.78710  -72.81656    35.6841  1027.2247    26.7162    13.3962 0.0000e+00
    115.000    13.3962    35.5191  1027.2308     2.2895     4.7445     81.014    0.01088    5.85644    5.85406      8.037    -0.0453   10.63438   4.194893 3.1787e-03    26.7177    26.7144 1.8413e-02    115.912          1       5259    1504.03 5.9041e+02  54622.715    219.082 1559247564       0.19      0.632   38.78710  -72.81656    35.6869  1027.2347    26.7217    13.3799 0.0000e+00
    116.000    13.4194    35.5295  1027.2385     2.2908     4.7107     80.439    0.00351    5.85616    5.85378      8.037    -0.0522   10.63390   4.198394 5.6270e-04    26.7211    26.7177 7.3218e-03    116.912          1       5285    1504.14 1.4881e+03  54634.495    220.183 1559247565       0.14      0.860   38.78710  -72.81656    35.6980  1027.2430    26.7256    13.4029 0.0000e+00
    117.000    13.4254    35.5308  1027.2428     2.2897     4.6760     80.065   -0.00041    5.84032    5.83776      8.036    -0.0642   10.60716   4.199072 6.1062e-04    26.7209    26.7174 1.1786e-02    117.921          1       5319    1504.18 1.9290e+03  54635.937    221.600 1559247567      -0.17      0.773   38.78710  -72.81656    35.6984  1027.2465    26.7247    13.4088 0.0000e+00
    118.000    13.4421    35.5367  1027.2484     2.2791     4.6016     79.291   -0.00423    5.80348    5.80052      8.028    -0.0555   10.54531   4.201740 4.7129e-04    26.7221    26.7186 9.1447e-03    118.933          1       5363    1504.25 1.9405e+03  54642.377    223.437 1559247569      -0.03      0.543   38.78710  -72.81656    35.7077  1027.2547    26.7284    13.4253 0.0000e+00
    119.000    13.6084    35.6022  1027.2686     2.2155     4.2775     73.617   -0.03700    5.81059    5.80771      8.027    -0.0455   10.55729   4.227408 1.9180e-04    26.7383    26.7348 3.6842e-03    119.946          1       5402    1504.89 1.9269e+03  54709.754    225.035 1559247570       0.12      0.605   38.78711  -72.81656    35.7950  1027.2915    26.7612    13.5914 0.0000e+00
    120.000    13.8207    35.6582  1027.2717     2.1692     4.1123     70.685   -0.04656    5.81777    5.81497      8.027    -0.0343   10.56928   4.253690 1.1347e-07    26.7375    26.7339 2.1815e-06    120.951          1       5428    1505.67 1.9356e+03  54758.526    226.145 1559247571       0.22      0.809   38.78712  -72.81656    35.8445  1027.2894    26.7552    13.8033 0.0000e+00
    121.000    13.8518    35.6592  1027.2704     2.1567     4.1789     71.791   -0.02696    5.82097    5.81821 -9.990e-29    -0.0457   10.57462   4.255463 5.3526e-14    26.7317    26.7280 1.0000e-12    121.952          1       5452    1505.79 1.8746e+03  54756.191    227.124 1559247572       0.11      0.985   38.78712  -72.81656    35.8317  1027.2774    26.7388    13.8342 0.0000e+00
    122.000    13.7391    35.6348  1027.2799     2.1642     4.3410     74.433   -0.00020    5.83205    5.82941      8.027    -0.0518   10.59318   4.241492 7.9259e-14    26.7365    26.7328 1.0000e-12    122.962          1       5493    1505.41 1.4134e+03  54738.515    228.831 1559247574      -0.26      0.667   38.78712  -72.81656    35.8048  1027.2850    26.7417    13.7215 0.0000e+00
    123.000    13.6457    35.6117  1027.2861     2.1833     4.4415     76.196    0.01004    5.82901    5.82634      8.027    -0.0552   10.58799   4.228994 5.0215e-14    26.7381    26.7344 1.0000e-12    123.983          1       5545    1505.09 1.9639e+03  54720.148    230.986 1559247576       0.36      0.391   38.78712  -72.81656    35.7735  1027.2852    26.7371    13.6280 0.0000e+00
    124.000    13.5846    35.6027  1027.2965     2.1913     4.4604     76.538    0.00971    5.82772    5.82504      8.026    -0.0673   10.58585   4.222632 5.1673e-14    26.7439    26.7402 1.0000e-12    124.977          1       5568    1504.90 1.9353e+03  54716.659    231.970 1559247577       0.33      0.846   38.78712  -72.81656    35.7700  1027.2998    26.7472    13.5668 0.0000e+00
    125.000    13.6030    35.6121  1027.3044     2.1914     4.4099     75.932    0.00242    5.80769    5.80480      8.024    -0.0542   10.55210   4.225945 5.1728e-14    26.7474    26.7437 1.0000e-12    125.988          1       5599    1504.99 1.9332e+03  54727.713    233.255 1559247578      -0.18      0.865   38.78712  -72.81656    35.7838  1027.3110    26.7540    13.5850 0.0000e+00
