CalculateIndicators/WaterTemperature/Data/CTD_NYOS/NYBOS_20190530_6_5.cnv
* Sea-Bird SBE 9 Data File:
* FileName = C:\Seabird 9 CTD\Data\2019\201905_offshore\NYBOS_20190530_6_5.hex
* Software Version Seasave V 7.23.2
* Temperature SN = 4590
* Conductivity SN = 3228
* Number of Bytes Per Scan = 44
* Number of Voltage Words = 5
* Number of Scans Averaged by the Deck Unit = 1
* NMEA Latitude = 39 07.87 N
* NMEA Longitude = 072 56.80 W
* NMEA UTC (Time) = May 30 2019  15:47:19
* NMEA baud rate = 4800
** Ship: Seawolf
** Station: 6_5
** Operator: AJB
# nquan = 35
# nvalues = 146                         
# units = specified
# name 0 = depSM: Depth [salt water, m]
# name 1 = t090C: Temperature [ITS-90, deg C]
# name 2 = sal00: Salinity, Practical [PSU]
# name 3 = density00: Density [density, kg/m^3]
# name 4 = sbeox0V: Oxygen raw, SBE 43 [V]
# name 5 = sbeox0ML/L: Oxygen, SBE 43 [ml/l]
# name 6 = sbeox0PS: Oxygen, SBE 43 [% saturation]
# name 7 = sbox0dV/dT: Oxygen, SBE 43 [dov/dt]
# name 8 = oxsolML/L: Oxygen Saturation, Garcia & Gordon [ml/l]
# name 9 = oxsatML/L: Oxygen Saturation, Weiss [ml/l]
# name 10 = ph: pH
# name 11 = flECO-AFL: Fluorescence, WET Labs ECO-AFL/FL [mg/m^3]
# name 12 = n2satML/L: Nitrogen Saturation [ml/l]
# name 13 = c0S/m: Conductivity [S/m]
# name 14 = cpar: CPAR/Corrected Irradiance [%]
# name 15 = sigma-é00: Density [sigma-theta, kg/m^3]
# name 16 = sigma-t00: Density [sigma-t, kg/m^3 ]
# name 17 = par: PAR/Irradiance, Biospherical/Licor
# name 18 = prDM: Pressure, Digiquartz [db]
# name 19 = pumps: Pump Status
# name 20 = scan: Scan Count
# name 21 = svCM: Sound Velocity [Chen-Millero, m/s]
# name 22 = spar: SPAR, Biospherical/Licor
# name 23 = specc: Specific Conductance [uS/cm]
# name 24 = timeS: Time, Elapsed [seconds]
# name 25 = timeY: Time, System [seconds]
# name 26 = accM: Acceleration [m/s^2]
# name 27 = dz/dtM: Descent Rate [m/s]
# name 28 = latitude: Latitude [deg]
# name 29 = longitude: Longitude [deg]
# name 30 = gsw_saA0: Absolute Salinity [g/kg]
# name 31 = gsw_densityA0: density, TEOS-10 [density, kg/m^3]
# name 32 = gsw_sigma0A0: density, TEOS-10 [sigma-0, kg/m^3 ]
# name 33 = gsw_ptA0: potential temperature [ITS-90, deg C]
# name 34 = flag: flag
# span 0 =      1.000,     74.000       
# span 1 =     7.6794,    14.5693       
# span 2 =    32.4054,    33.8021       
# span 3 =  1024.0754,  1026.4391       
# span 4 =     2.4585,     3.0239       
# span 5 =     5.6548,     7.2577       
# span 6 =     86.869,    112.558       
# span 7 =   -0.03685,    0.02842       
# span 8 =    5.82526,    6.71973       
# span 9 =    5.82051,    6.72746       
# span 10 =      7.974,      8.119      
# span 11 =    -0.0194,     2.5470      
# span 12 =   10.61701,   12.08713      
# span 13 =   3.440770,   3.967012      
# span 14 = 3.3629e-03, 4.0356e+01      
# span 15 =    24.0664,    26.1020      
# span 16 =    24.0663,    26.1006      
# span 17 = 6.7171e-02, 8.2936e+02      
# span 18 =      1.037,     74.575      
# span 19 =          1,          1      
# span 20 =       1348,      16112      
# span 21 =    1480.10,    1502.31      
# span 22 = 1.8073e+03, 2.5251e+03      
# span 23 =  50116.679,  52884.489      
# span 24 =     56.142,    671.275      
# span 25 = 1559231295, 1559231910      
# span 26 =      -0.39,       0.44      
# span 27 =     -1.027,      0.983      
# span 28 =   39.13013,   39.13113      
# span 29 =  -72.94996,  -72.94705      
# span 30 =    32.5574,    33.9630      
# span 31 =  1024.0835,  1026.4428      
# span 32 =    24.0746,    26.1057      
# span 33 =     7.6742,    14.5691      
# span 34 = 0.0000e+00, 0.0000e+00      
# interval = meters: 1                  
# start_time = May 30 2019 15:47:18 [System UTC, first data scan.]
# bad_flag = -9.990e-29
*END*
[from data line 125]
     22.000    11.6118    32.8736  1025.1098     3.0178     6.8718    111.803    0.00102    6.14640    6.14570      8.077     0.3507   11.14474   3.748305 4.8434e+00    25.0104    25.0099 9.2138e+01     22.167          1      13723    1493.31 1.9024e+03  51166.442    571.740 1559231810      -0.11     -0.185   39.13022  -72.94952    33.0434  1025.1248    25.0254    11.6091 0.0000e+00
     21.000    12.0784    32.8174  1024.9749     2.9855     6.7075    110.028   -0.00272    6.09619    6.09484      8.075     0.3069   11.06192   3.785240 5.2920e+00    24.8801    24.8796 1.0123e+02     21.161          1      13900    1494.83 1.9127e+03  51015.908    579.116 1559231817      -0.04     -0.181   39.13020  -72.94955    32.9901  1024.9925    24.8978    12.0757 0.0000e+00
     20.000    12.4537    32.7949  1024.8817     2.9633     6.5879    109.068   -0.00245    6.04031    6.03824      8.071     0.2793   10.96991   3.816679 5.8864e+00    24.7916    24.7911 1.1343e+02     20.153          1      14071    1496.07 1.9268e+03  50929.419    586.236 1559231825      -0.14     -0.275   39.13020  -72.94959    32.9638  1024.8966    24.8065    12.4511 0.0000e+00
     19.000    12.6620    32.7673  1024.8155     2.9532     6.5234    108.465   -0.00428    6.01430    6.01190      8.071     0.2678   10.92718   3.833634 6.4410e+00    24.7300    24.7295 1.2397e+02     19.150          1      14147    1496.73 1.9248e+03  50860.925    589.404 1559231828      -0.09     -0.541   39.13020  -72.94960    32.9443  1024.8369    24.7514    12.6595 0.0000e+00
     18.000    13.0559    32.7098  1024.6896     2.9251     6.4291    107.079   -0.00561    6.00413    6.00159      8.070     0.2550   10.91057   3.862498 7.0238e+00    24.6088    24.6083 1.3554e+02     18.135          1      14257    1497.97 1.9294e+03  50726.827    593.991 1559231832       0.07     -0.116   39.13020  -72.94963    32.8767  1024.7036    24.6227    13.0535 0.0000e+00
     17.000    13.0377    32.7052  1024.6849     2.9217     6.4093    107.191   -0.00256    5.97928    5.97640      8.067     0.2551   10.87013   3.860170 7.7273e+00    24.6086    24.6081 1.4934e+02     17.133          1      14330    1497.88 1.9327e+03  50722.267    597.032 1559231835      -0.33     -0.547   39.13020  -72.94964    32.8708  1024.6980    24.6216    13.0355 0.0000e+00
     16.000    13.2477    32.6427  1024.5905     2.9031     6.3354    106.114   -0.00539    5.97042    5.96742      8.065     0.2118   10.85571   3.872822 8.2720e+00    24.5187    24.5183 1.5887e+02     16.125          1      14400    1498.49 1.9205e+03  50607.580    599.960 1559231838       0.08     -0.335   39.13020  -72.94965    32.8093  1024.6045    24.5327    13.2456 0.0000e+00
     15.000    13.3868    32.6024  1024.5270     2.8938     6.2740    106.073   -0.00122    5.91477    5.91106      8.060     0.1865   10.76468   3.881350 9.0166e+00    24.4598    24.4594 1.7485e+02     15.115          1      14496    1498.89 1.9393e+03  50533.292    603.958 1559231842      -0.09     -0.307   39.13018  -72.94966    32.7702  1024.5422    24.4749    13.3847 0.0000e+00
     14.000    13.8936    32.4822  1024.3271     2.8600     6.0992    103.587   -0.01323    5.88804    5.88401      8.053     0.1454   10.72065   3.915671 9.6962e+00    24.2644    24.2640 1.8739e+02     14.105          1      14569    1500.41 1.9325e+03  50303.072    607.015 1559231845       0.01     -0.307   39.13018  -72.94968    32.6581  1024.3491    24.2864    13.8916 0.0000e+00
     13.000    14.0578    32.4680  1024.2777     2.8410     6.0800    103.282   -0.00650    5.88678    5.88274      8.051     0.1365   10.71856   3.928408 1.0469e+01    24.2195    24.2191 2.0281e+02     13.105          1      14739    1500.91 1.9370e+03  50263.923    614.076 1559231852      -0.03     -0.415   39.13018  -72.94971    32.6373  1024.2948    24.2366    14.0559 0.0000e+00
     12.000    14.1581    32.4564  1024.2435     2.8343     6.0725    103.420   -0.00081    5.87173    5.86749      8.053     0.1129   10.69396   3.934843 1.1515e+01    24.1899    24.1895 2.3069e+02     12.091          1      15655    1501.20 2.0036e+03  50235.897    652.238 1559231891      -0.26     -0.587   39.13014  -72.94988    32.6123  1024.2503    24.1967    14.1563 0.0000e+00
     11.000    14.2016    32.4428  1024.2195     2.8310     6.0563    103.168   -0.00195    5.87030    5.86604      8.051     0.0882   10.69170   3.937372 1.2306e+01    24.1703    24.1700 2.4537e+02     11.085          1      15673    1501.31 1.9939e+03  50211.398    653.019 1559231891       0.03     -0.705   39.13014  -72.94988    32.5993  1024.2268    24.1776    14.2000 0.0000e+00
     10.000    14.2436    32.4282  1024.1950     2.8232     6.0173    102.538   -0.00526    5.86837    5.86409      8.052     0.0824   10.68851   3.939644 1.3067e+01    24.1503    24.1500 2.6092e+02     10.077          1      15712    1501.42 1.9967e+03  50185.862    654.605 1559231893       0.03     -0.643   39.13014  -72.94990    32.5851  1024.2027    24.1580    14.2422 0.0000e+00
      9.000    14.2615    32.4182  1024.1791     2.8237     6.0415    103.003    0.00042    5.86542    5.86111      8.053     0.0558   10.68368   3.940055 1.4230e+01    24.1388    24.1386 2.8542e+02      9.067          1      15752    1501.44 2.0058e+03  50169.410    656.279 1559231895      -0.01     -0.597   39.13014  -72.94990    32.5742  1024.1862    24.1459    14.2602 0.0000e+00
      8.000    14.2787    32.4167  1024.1698     2.8220     6.0270    102.821   -0.00080    5.86161    5.85725      8.052     0.0406   10.67737   3.941574 1.5799e+01    24.1340    24.1338 3.1673e+02      8.060          1      15786    1501.48 2.0048e+03  50164.825    657.693 1559231896      -0.09     -0.686   39.13014  -72.94990    32.5741  1024.1779    24.1422    14.2776 0.0000e+00
      7.000    14.3013    32.4117  1024.1568     2.8227     6.0205    102.868   -0.00058    5.85263    5.84817      8.051     0.0546   10.66256   3.942957 1.7573e+01    24.1255    24.1252 3.5175e+02      7.056          1      15816    1501.53 2.0017e+03  50154.806    658.943 1559231897      -0.06     -0.785   39.13014  -72.94991    32.5682  1024.1642    24.1329    14.3003 0.0000e+00
      6.000    14.3349    32.4108  1024.1445     2.8220     6.0098    102.865   -0.00011    5.84237    5.83780      8.051     0.0250   10.64548   3.946264 1.9374e+01    24.1177    24.1175 3.8640e+02      6.047          1      15854    1501.63 1.9946e+03  50149.293    660.529 1559231899       0.16     -0.674   39.13014  -72.94992    32.5707  1024.1546    24.1278    14.3340 0.0000e+00
      5.000    14.4164    32.4054  1024.1188     2.8220     6.0051    102.896    0.00039    5.83612    5.83148      8.050    -0.0194   10.63510   3.953095 2.2092e+01    24.0965    24.0963 4.3804e+02      5.034          1      15895    1501.87 1.9827e+03  50132.228    662.238 1559231901      -0.15     -0.547   39.13014  -72.94992    32.5653  1024.1289    24.1066    14.4157 0.0000e+00
      4.000    14.5061    32.4068  1024.0966     2.8216     5.9960    102.801   -0.00055    5.83257    5.82790      8.050    -0.0025   10.62918   3.961700 2.5166e+01    24.0787    24.0785 4.9945e+02      4.034          1      15924    1502.14 1.9846e+03  50123.729    663.449 1559231902      -0.11     -0.786   39.13014  -72.94992    32.5692  1024.1086    24.0907    14.5056 0.0000e+00
      3.000    14.5481    32.4054  1024.0821     2.8203     5.9960    102.791    0.00011    5.83322    5.82855      8.050     0.0042   10.63031   3.965094 3.0681e+01    24.0687    24.0686 6.0757e+02      3.023          1      15958    1502.26 1.9805e+03  50116.679    664.866 1559231903       0.09     -0.739   39.13014  -72.94993    32.5654  1024.0924    24.0790    14.5477 0.0000e+00
      2.000    14.5693    32.4083  1024.0754     2.8221     5.9916    102.856   -0.00010    5.82526    5.82051      8.050     0.0050   10.61701   3.967012 3.7437e+01    24.0664    24.0663 7.4147e+02      2.023          1      16112    1502.31 1.9804e+03  50117.801    671.275 1559231910      -0.02     -0.283   39.13013  -72.94996    32.5655  1024.0835    24.0746    14.5691 0.0000e+00
