CalculateIndicators/WaterTemperature/Data/CTD_NYOS/NYBOS_20190530_5_6.cnv
* Sea-Bird SBE 9 Data File:
* FileName = C:\Seabird 9 CTD\Data\2019\201905_offshore\NYBOS_20190530_5_6.hex
* Software Version Seasave V 7.23.2
* Temperature SN = 4590
* Conductivity SN = 3228
* Number of Bytes Per Scan = 44
* Number of Voltage Words = 5
* Number of Scans Averaged by the Deck Unit = 1
* NMEA Latitude = 39 01.04 N
* NMEA Longitude = 072 33.60 W
* NMEA UTC (Time) = May 30 2019  23:25:28
* NMEA baud rate = 4800
** Ship: Seawolf
** Station: 5_6
** Operator: LIS
# nquan = 35
# nvalues = 900                         
# units = specified
# name 0 = depSM: Depth [salt water, m]
# name 1 = t090C: Temperature [ITS-90, deg C]
# name 2 = sal00: Salinity, Practical [PSU]
# name 3 = density00: Density [density, kg/m^3]
# name 4 = sbeox0V: Oxygen raw, SBE 43 [V]
# name 5 = sbeox0ML/L: Oxygen, SBE 43 [ml/l]
# name 6 = sbeox0PS: Oxygen, SBE 43 [% saturation]
# name 7 = sbox0dV/dT: Oxygen, SBE 43 [dov/dt]
# name 8 = oxsolML/L: Oxygen Saturation, Garcia & Gordon [ml/l]
# name 9 = oxsatML/L: Oxygen Saturation, Weiss [ml/l]
# name 10 = ph: pH
# name 11 = flECO-AFL: Fluorescence, WET Labs ECO-AFL/FL [mg/m^3]
# name 12 = n2satML/L: Nitrogen Saturation [ml/l]
# name 13 = c0S/m: Conductivity [S/m]
# name 14 = cpar: CPAR/Corrected Irradiance [%]
# name 15 = sigma-é00: Density [sigma-theta, kg/m^3]
# name 16 = sigma-t00: Density [sigma-t, kg/m^3 ]
# name 17 = par: PAR/Irradiance, Biospherical/Licor
# name 18 = prDM: Pressure, Digiquartz [db]
# name 19 = pumps: Pump Status
# name 20 = scan: Scan Count
# name 21 = svCM: Sound Velocity [Chen-Millero, m/s]
# name 22 = spar: SPAR, Biospherical/Licor
# name 23 = specc: Specific Conductance [uS/cm]
# name 24 = timeS: Time, Elapsed [seconds]
# name 25 = timeY: Time, System [seconds]
# name 26 = accM: Acceleration [m/s^2]
# name 27 = dz/dtM: Descent Rate [m/s]
# name 28 = latitude: Latitude [deg]
# name 29 = longitude: Longitude [deg]
# name 30 = gsw_saA0: Absolute Salinity [g/kg]
# name 31 = gsw_densityA0: density, TEOS-10 [density, kg/m^3]
# name 32 = gsw_sigma0A0: density, TEOS-10 [sigma-0, kg/m^3 ]
# name 33 = gsw_ptA0: potential temperature [ITS-90, deg C]
# name 34 = flag: flag
# span 0 =      1.000,    451.000       
# span 1 =     6.4658,    14.6642       
# span 2 =    32.4909,    35.6077       
# span 3 =  1024.1400,  1029.6372       
# span 4 =     1.5102,     3.0431       
# span 5 =     2.8639,     7.3336       
# span 6 =     45.444,    113.873       
# span 7 =   -0.05257,    0.04838       
# span 8 =    5.81585,    6.83078       
# span 9 =    5.81107,    6.84244       
# span 10 =      7.866,     16.544      
# span 11 =    -0.0758,     3.5822      
# span 12 =   10.60019,   12.24925      
# span 13 =   3.394994,   4.202733      
# span 14 = -5.256e-06, 3.8707e+01      
# span 15 =    24.1268,    27.5619      
# span 16 =    24.1267,    27.5564      
# span 17 = -3.521e-06, 3.1107e+01      
# span 18 =      1.017,    454.935      
# span 19 =          1,          1      
# span 20 =        409,      38577      
# span 21 =    1478.61,    1504.11      
# span 22 = 1.4525e+01, 8.1397e+01      
# span 23 =  50243.114,  55727.325      
# span 24 =     16.994,   1607.315      
# span 25 = 1559258744, 1559260334      
# span 26 =      -0.37,       0.38      
# span 27 =     -0.950,      1.015      
# span 28 =   39.01438,   39.01728      
# span 29 =  -72.56181,  -72.56016      
# span 30 =    32.6510,    35.7762      
# span 31 =  1024.1479,  1029.6402      
# span 32 =    24.1434,    27.5644      
# span 33 =     6.4241,    14.6641      
# span 34 = 0.0000e+00, 0.0000e+00      
# interval = meters: 1                  
# start_time = May 30 2019 23:25:27 [System UTC, first data scan.]
# bad_flag = -9.990e-29
*END*
[from data line 705]
    195.000    12.4777    35.5649  1027.8131     1.7014     3.2416     54.321    0.00530    5.96752    5.96660     11.265    -0.0444   10.81771   4.114093 3.1650e-12    26.9402    26.9350 1.0000e-12    196.582          1      29094    1502.37 3.1596e+01  54871.180   1212.228 1559259939       0.03     -0.607   39.01506  -72.56136    35.7426  1027.8241    26.9513    12.4512 0.0000e+00
    194.000    12.4947    35.5691  1027.8084     1.7059     3.2388     54.278    0.00271    5.96706    5.96613     11.251    -0.0515   10.81693   4.116030 3.1650e-12    26.9401    26.9349 1.0000e-12    195.572          1      29136    1502.41 3.1596e+01  54873.681   1213.951 1559259941       0.02     -0.587   39.01506  -72.56136    35.7456  1027.8186    26.9503    12.4683 0.0000e+00
    193.000    12.4999    35.5721  1027.8052     1.7102     3.2500     54.470    0.00270    5.96663    5.96570     11.214    -0.0520   10.81620   4.116642 3.1650e-12    26.9414    26.9362 1.0000e-12    194.563          1      29173    1502.42 3.1596e+01  54876.459   1215.492 1559259943      -0.10     -0.631   39.01506  -72.56137    35.7471  1027.8142    26.9504    12.4736 0.0000e+00
    192.000    12.5011    35.5734  1027.8015     1.7123     3.2513     54.496    0.00202    5.96609    5.96515     11.257    -0.0450   10.81532   4.116732 3.1650e-12    26.9421    26.9370 1.0000e-12    193.557          1      29205    1502.40 3.1596e+01  54877.391   1216.854 1559259944      -0.02     -0.738   39.01506  -72.56138    35.7472  1027.8095    26.9502    12.4750 0.0000e+00
    191.000    12.5043    35.5747  1027.7974     1.7149     3.2546     54.567    0.00157    5.96439    5.96343     11.244    -0.0408   10.81249   4.117070 3.2185e-12    26.9425    26.9374 1.0000e-12    192.550          1      29240    1502.40 3.1134e+01  54878.120   1218.299 1559259945       0.03     -0.709   39.01506  -72.56138    35.7479  1027.8049    26.9500    12.4784 0.0000e+00
    190.000    12.5100    35.5750  1027.7920     1.7181     3.2634     54.729    0.00183    5.96279    5.96181     11.218    -0.0511   10.80982   4.117569 3.8889e-12    26.9416    26.9365 1.0000e-12    191.538          1      29283    1502.40 2.6052e+01  54877.051   1220.093 1559259947       0.08     -0.569   39.01506  -72.56138    35.7478  1027.7992    26.9488    12.4841 0.0000e+00
    189.000    12.5282    35.5766  1027.7850     1.7202     3.2656     54.782    0.00139    5.96112    5.96012     11.203    -0.0440   10.80704   4.119468 3.3107e-12    26.9391    26.9341 1.0000e-12    190.530          1      29324    1502.45 3.0425e+01  54875.646   1221.810 1559259949      -0.06     -0.584   39.01505  -72.56138    35.7493  1027.7922    26.9464    12.5025 0.0000e+00
    188.000    12.5370    35.5772  1027.7793     1.7226     3.2648     54.859    0.00116    5.95127    5.95014     11.186    -0.0394   10.79071   4.120285 3.1625e-12    26.9379    26.9328 1.0000e-12    189.520          1      29364    1502.46 3.1616e+01  54874.594   1223.466 1559259951       0.00     -0.608   39.01504  -72.56138    35.7493  1027.7859    26.9447    12.5114 0.0000e+00
    187.000    12.5469    35.5797  1027.7747     1.7302     3.2979     55.489    0.00427    5.94330    5.94207     11.167    -0.0324   10.77745   4.121506 3.1650e-12    26.9379    26.9328 1.0000e-12    188.512          1      29398    1502.48 3.1596e+01  54875.884   1224.866 1559259952      -0.11     -0.688   39.01504  -72.56138    35.7522  1027.7817    26.9449    12.5214 0.0000e+00
    186.000    12.6167    35.5826  1027.7584     1.7444     3.3623     56.642    0.00980    5.93605    5.93472     11.266    -0.0322   10.76559   4.129024 3.1650e-12    26.9263    26.9212 1.0000e-12    187.506          1      29429    1502.70 3.1596e+01  54868.321   1226.152 1559259953      -0.01     -0.784   39.01504  -72.56138    35.7592  1027.7685    26.9365    12.5913 0.0000e+00
    185.000    12.6886    35.5855  1027.7416     1.7704     3.4571     58.293    0.01498    5.93061    5.92921     11.136    -0.0488   10.75650   4.136466 3.1650e-12    26.9143    26.9092 1.0000e-12    186.499          1      29468    1502.93 3.1596e+01  54860.624   1227.789 1559259955       0.14     -0.651   39.01504  -72.56138    35.7634  1027.7528    26.9255    12.6632 0.0000e+00
    184.000    12.7656    35.5799  1027.7172     1.8086     3.5739     60.335    0.01834    5.92344    5.92195     10.996    -0.0480   10.74460   4.143216 3.2424e-12    26.8946    26.8895 1.0000e-12    185.480          1      29519    1503.17 3.0930e+01  54840.473   1229.897 1559259957      -0.10     -0.428   39.01504  -72.56140    35.7560  1027.7270    26.9045    12.7403 0.0000e+00
    183.000    12.8096    35.5829  1027.7061     1.8298     3.6257     61.272    0.01807    5.91730    5.91574     10.963    -0.0494   10.73441   4.147732 3.1674e-12    26.8880    26.8829 1.0000e-12    184.482          1      29548    1503.30 3.1575e+01  54836.792   1231.120 1559259958      -0.22     -0.733   39.01504  -72.56140    35.7583  1027.7154    26.8974    12.7844 0.0000e+00
    182.000    12.8444    35.5886  1027.6989     1.8538     3.6743     62.145    0.01566    5.91249    5.91087     10.693    -0.0500   10.72645   4.151871 3.1650e-12    26.8855    26.8805 1.0000e-12    183.470          1      29585    1503.41 3.1596e+01  54839.378   1232.667 1559259960       0.17     -0.699   39.01504  -72.56140    35.7658  1027.7096    26.8962    12.8192 0.0000e+00
    181.000    12.9059    35.5925  1027.6849     1.8782     3.7396     63.271    0.01585    5.91040    5.90875     10.879    -0.0446   10.72295   4.158403 3.1650e-12    26.8761    26.8711 1.0000e-12    182.457          1      29623    1503.60 3.1596e+01  54834.549   1234.229 1559259961      -0.16     -0.598   39.01504  -72.56140    35.7708  1027.6964    26.8878    12.8808 0.0000e+00
    180.000    12.9388    35.5925  1027.6736     1.8926     3.7662     63.738    0.01375    5.90893    5.90726     10.862    -0.0400   10.72054   4.161343 3.6817e-12    26.8695    26.8644 1.0000e-12    181.460          1      29650    1503.69 2.7349e+01  54828.907   1235.381 1559259962      -0.10     -0.827   39.01504  -72.56140    35.7685  1027.6835    26.8793    12.9137 0.0000e+00
    179.000    12.9587    35.5944  1027.6665     1.9080     3.7760     63.920    0.00804    5.90729    5.90560     10.874    -0.0398   10.71779   4.163310 3.2700e-12    26.8669    26.8619 1.0000e-12    180.445          1      29698    1503.74 3.0664e+01  54828.030   1237.373 1559259964       0.19     -0.521   39.01503  -72.56140    35.7690  1027.6753    26.8757    12.9338 0.0000e+00
    178.000    12.9754    35.5963  1027.6601     1.9172     3.7735     63.932    0.00369    5.90239    5.90064     10.997    -0.0339   10.70965   4.164990 3.2347e-12    26.8650    26.8600 1.0000e-12    179.434          1      29749    1503.78 3.0993e+01  54827.537   1239.484 1559259967      -0.10     -0.487   39.01502  -72.56141    35.7698  1027.6679    26.8729    12.9507 0.0000e+00
    177.000    12.9865    35.5968  1027.6537     1.9277     3.8171     64.708    0.00706    5.89902    5.89723     11.034    -0.0503   10.70406   4.166153 3.1622e-12    26.8631    26.8582 1.0000e-12    178.420          1      29783    1503.81 3.1621e+01  54826.049   1240.911 1559259968      -0.19     -0.649   39.01502  -72.56142    35.7709  1027.6620    26.8715    12.9619 0.0000e+00
    176.000    13.0117    35.5995  1027.6462     1.9340     3.8344     65.016    0.00734    5.89761    5.89580     11.311    -0.0421   10.70174   4.168887 3.1650e-12    26.8601    26.8552 1.0000e-12    177.423          1      29806    1503.87 3.1596e+01  54825.311   1241.858 1559259969      -0.28     -0.911   39.01502  -72.56142    35.7738  1027.6546    26.8686    12.9872 0.0000e+00
    175.000    13.0322    35.6008  1027.6385     1.9404     3.8411     65.168    0.00580    5.89424    5.89239     11.281    -0.0461   10.69615   4.171001 3.8946e-12    26.8570    26.8520 1.0000e-12    176.417          1      29835    1503.93 2.6010e+01  54823.510   1243.077 1559259970       0.18     -0.923   39.01502  -72.56142    35.7751  1027.6470    26.8655    13.0078 0.0000e+00
    174.000    13.0707    35.6007  1027.6260     1.9522     3.8733     65.716    0.00598    5.89398    5.89212     11.307    -0.0511   10.69573   4.174729 3.2382e-12    26.8491    26.8441 1.0000e-12    175.401          1      29883    1504.04 3.0969e+01  54817.122   1245.066 1559259972       0.07     -0.478   39.01502  -72.56142    35.7750  1027.6344    26.8576    13.0464 0.0000e+00
    173.000    13.0949    35.6012  1027.6169     1.9619     3.8929     66.057    0.00499    5.89325    5.89138     11.273    -0.0458   10.69451   4.176892 3.1671e-12    26.8446    26.8396 1.0000e-12    174.392          1      29929    1504.11 3.1618e+01  54813.628   1246.989 1559259974      -0.01     -0.525   39.01502  -72.56143    35.7734  1027.6238    26.8514    13.0706 0.0000e+00
    172.000    13.0892    35.6005  1027.6130     1.9680     3.9041     66.241    0.00398    5.89379    5.89193     11.309    -0.0521   10.69541   4.176179 3.1649e-12    26.8451    26.8402 1.0000e-12    173.383          1      29965    1504.07 3.1596e+01  54812.777   1248.520 1559259976      -0.18     -0.618   39.01500  -72.56144    35.7723  1027.6196    26.8517    13.0652 0.0000e+00
    171.000    13.0973    35.6018  1027.6079     1.9729     3.9184     66.472    0.00412    5.89481    5.89296     11.314    -0.0614   10.69714   4.177063 3.3636e-12    26.8445    26.8396 1.0000e-12    172.379          1      29995    1504.08 3.0158e+01  54812.910   1249.753 1559259977      -0.05     -0.803   39.01500  -72.56144    35.7735  1027.6144    26.8510    13.0734 0.0000e+00
    170.000    13.0945    35.6005  1027.6030     1.9754     3.9157     66.419    0.00222    5.89549    5.89364     11.300    -0.0462   10.69828   4.176463 3.9347e-12    26.8440    26.8392 1.0000e-12    171.371          1      30031    1504.05 2.5532e+01  54810.932   1251.234 1559259978       0.10     -0.709   39.01500  -72.56144    35.7708  1027.6084    26.8495    13.0707 0.0000e+00
    169.000    13.0754    35.5942  1027.5975     1.9830     3.9213     66.504   -0.00059    5.89629    5.89446     11.199    -0.0488   10.69963   4.173745 3.3103e-12    26.8430    26.8382 1.0000e-12    170.367          1      30792    1503.96 3.0032e+01  54804.441   1282.955 1559260010      -0.30     -0.254   39.01497  -72.56149    35.7633  1027.6021    26.8475    13.0517 0.0000e+00
    168.000    13.0725    35.5938  1027.5933     1.9855     3.9427     66.851    0.00224    5.89775    5.89593     11.331    -0.0477   10.70208   4.173270 3.3757e-12    26.8432    26.8384 1.0000e-12    169.350          1      31219    1503.94 2.9624e+01  54803.678   1300.756 1559260028       0.01     -0.661   39.01494  -72.56152    35.7619  1027.5971    26.8470    13.0490 0.0000e+00
    167.000    13.0662    35.5911  1027.5881     1.9876     3.9443     66.882    0.00160    5.89748    5.89566     11.333    -0.0405   10.70170   4.172368 3.3760e-12    26.8424    26.8376 1.0000e-12    168.344          1      31249    1503.90 2.9621e+01  54800.385   1302.012 1559260029      -0.05     -0.682   39.01494  -72.56152    35.7596  1027.5921    26.8464    13.0429 0.0000e+00
    166.000    13.0636    35.5896  1027.5830     1.9901     3.9478     66.951    0.00120    5.89658    5.89474     11.356    -0.0444   10.70026   4.171905 3.3760e-12    26.8417    26.8370 1.0000e-12    167.334          1      31288    1503.87 2.9621e+01  54798.176   1303.623 1559260031       0.08     -0.642   39.01494  -72.56153    35.7581  1027.5870    26.8458    13.0404 0.0000e+00
    165.000    13.0686    35.5834  1027.5727     1.9998     3.9986     67.815    0.00598    5.89634    5.89450     11.382    -0.0528   10.69989   4.171770 3.3760e-12    26.8358    26.8312 1.0000e-12    166.325          1      31325    1503.86 2.9621e+01  54788.230   1305.183 1559260032      -0.10     -0.623   39.01494  -72.56154    35.7525  1027.5772    26.8404    13.0456 0.0000e+00
    164.000    13.0764    35.5790  1027.5632     2.0070     4.0160     68.113    0.00573    5.89609    5.89425     11.400    -0.0507   10.69949   4.172038 3.7155e-12    26.8309    26.8262 1.0000e-12    165.321          1      31358    1503.87 2.7385e+01  54780.441   1306.562 1559260034       0.00     -0.733   39.01493  -72.56154    35.7481  1027.5677    26.8354    13.0535 0.0000e+00
    163.000    13.0790    35.5775  1027.5570     2.0141     4.0260     68.285    0.00415    5.89594    5.89409     11.412    -0.0481   10.69924   4.172090 3.3666e-12    26.8291    26.8245 1.0000e-12    164.307          1      31399    1503.85 2.9683e+01  54777.406   1308.252 1559260035       0.06     -0.600   39.01492  -72.56154    35.7466  1027.5616    26.8338    13.0562 0.0000e+00
    162.000    13.0817    35.5769  1027.5515     2.0177     4.0279     68.320    0.00277    5.89573    5.89388     11.421    -0.0408   10.69889   4.172254 3.5396e-12    26.8281    26.8235 1.0000e-12    163.301          1      31436    1503.85 2.8383e+01  54775.551   1309.776 1559260037      -0.06     -0.650   39.01492  -72.56154    35.7461  1027.5561    26.8328    13.0590 0.0000e+00
    161.000    13.0825    35.5767  1027.5467     2.0200     4.0265     68.300    0.00148    5.89539    5.89353     11.423    -0.0493   10.69834   4.172259 3.4042e-12    26.8277    26.8231 1.0000e-12    162.291          1      31472    1503.83 2.9392e+01  54774.537   1311.299 1559260038       0.01     -0.664   39.01492  -72.56154    35.7458  1027.5512    26.8324    13.0600 0.0000e+00
    160.000    13.0842    35.5766  1027.5417     2.0208     4.0241     68.264    0.00080    5.89495    5.89308     11.422    -0.0417   10.69763   4.172386 3.3764e-12    26.8273    26.8227 1.0000e-12    161.285          1      31506    1503.82 2.9618e+01  54773.559   1312.710 1559260040      -0.04     -0.703   39.01492  -72.56154    35.7458  1027.5464    26.8320    13.0618 0.0000e+00
    159.000    13.0873    35.5758  1027.5360     2.0247     4.0399     68.534    0.00189    5.89476    5.89289     11.388    -0.0419   10.69735   4.172562 3.3760e-12    26.8260    26.8215 1.0000e-12    160.275          1      31543    1503.82 -9.990e-29  54771.419   1314.239 1559260041       0.07     -0.676   39.01492  -72.56154    35.7451  1027.5407    26.8308    13.0650 0.0000e+00
    158.000    13.0919    35.5733  1027.5286     2.0312     4.0706     69.053    0.00446    5.89486    5.89299     11.358    -0.0442   10.69753   4.172701 3.3820e-12    26.8231    26.8186 1.0000e-12    159.269          1      31579    1503.81 -9.990e-29  54766.655   1315.744 1559260043      -0.05     -0.658   39.01492  -72.56154    35.7425  1027.5333    26.8278    13.0698 0.0000e+00
    157.000    13.0941    35.5710  1027.5219     2.0377     4.0818     69.238    0.00334    5.89534    5.89347     11.393    -0.0458   10.69836   4.172622 3.3954e-12    26.8208    26.8163 1.0000e-12    158.256          1      31625    1503.80 2.9505e+01  54762.598   1317.666 1559260045       0.14     -0.531   39.01492  -72.56155    35.7401  1027.5265    26.8255    13.0721 0.0000e+00
    156.000    13.0932    35.5681  1027.5154     2.0429     4.0966     69.484    0.00354    5.89566    5.89380     11.459    -0.0486   10.69891   4.172163 3.6175e-12    26.8188    26.8144 1.0000e-12    157.244          1      31663    1503.78 2.7783e+01  54758.155   1319.244 1559260046      -0.37     -0.569   39.01492  -72.56156    35.7370  1027.5198    26.8232    13.0714 0.0000e+00
    155.000    13.0914    35.5671  1027.5105     2.0445     4.0935     69.430    0.00218    5.89584    5.89398     11.354    -0.0518   10.69921   4.171828 3.4536e-12    26.8183    26.8139 1.0000e-12    156.251          1      31687    1503.75 2.8993e+01  54756.518   1320.250 1559260047      -0.17     -0.917   39.01492  -72.56156    35.7359  1027.5149    26.8227    13.0697 0.0000e+00
