CalculateIndicators/WaterTemperature/Data/CTD_NYOS/NYBOS_20190530_4_5.cnv
* Sea-Bird SBE 9 Data File:
* FileName = C:\Seabird 9 CTD\Data\2019\201905_offshore\NYBOS_20190530_4_5.hex
* Software Version Seasave V 7.23.2
* Temperature SN = 4590
* Conductivity SN = 3228
* Number of Bytes Per Scan = 44
* Number of Voltage Words = 5
* Number of Scans Averaged by the Deck Unit = 1
* NMEA Latitude = 39 31.50 N
* NMEA Longitude = 072 23.71 W
* NMEA UTC (Time) = May 31 2019  07:05:27
* NMEA baud rate = 4800
** Ship: Seawolf
** Station: 4_5
** Operator: LIS
# nquan = 35
# nvalues = 801                         
# units = specified
# name 0 = depSM: Depth [salt water, m]
# name 1 = t090C: Temperature [ITS-90, deg C]
# name 2 = sal00: Salinity, Practical [PSU]
# name 3 = density00: Density [density, kg/m^3]
# name 4 = sbeox0V: Oxygen raw, SBE 43 [V]
# name 5 = sbeox0ML/L: Oxygen, SBE 43 [ml/l]
# name 6 = sbeox0PS: Oxygen, SBE 43 [% saturation]
# name 7 = sbox0dV/dT: Oxygen, SBE 43 [dov/dt]
# name 8 = oxsolML/L: Oxygen Saturation, Garcia & Gordon [ml/l]
# name 9 = oxsatML/L: Oxygen Saturation, Weiss [ml/l]
# name 10 = ph: pH
# name 11 = flECO-AFL: Fluorescence, WET Labs ECO-AFL/FL [mg/m^3]
# name 12 = n2satML/L: Nitrogen Saturation [ml/l]
# name 13 = c0S/m: Conductivity [S/m]
# name 14 = cpar: CPAR/Corrected Irradiance [%]
# name 15 = sigma-é00: Density [sigma-theta, kg/m^3]
# name 16 = sigma-t00: Density [sigma-t, kg/m^3 ]
# name 17 = par: PAR/Irradiance, Biospherical/Licor
# name 18 = prDM: Pressure, Digiquartz [db]
# name 19 = pumps: Pump Status
# name 20 = scan: Scan Count
# name 21 = svCM: Sound Velocity [Chen-Millero, m/s]
# name 22 = spar: SPAR, Biospherical/Licor
# name 23 = specc: Specific Conductance [uS/cm]
# name 24 = timeS: Time, Elapsed [seconds]
# name 25 = timeY: Time, System [seconds]
# name 26 = accM: Acceleration [m/s^2]
# name 27 = dz/dtM: Descent Rate [m/s]
# name 28 = latitude: Latitude [deg]
# name 29 = longitude: Longitude [deg]
# name 30 = gsw_saA0: Absolute Salinity [g/kg]
# name 31 = gsw_densityA0: density, TEOS-10 [density, kg/m^3]
# name 32 = gsw_sigma0A0: density, TEOS-10 [sigma-0, kg/m^3 ]
# name 33 = gsw_ptA0: potential temperature [ITS-90, deg C]
# name 34 = flag: flag
# span 0 =      1.000,    401.000       
# span 1 =     7.0765,    14.2554       
# span 2 =    32.3110,    35.6483       
# span 3 =  1024.0795,  1029.3483       
# span 4 =     1.6400,     3.0606       
# span 5 =     3.0787,     7.2604       
# span 6 =     50.923,    115.049       
# span 7 =   -0.05008,    0.05331       
# span 8 =    5.85373,    6.76638       
# span 9 =    5.85134,    6.77450       
# span 10 =      7.908,     15.247      
# span 11 =    -0.0660,     2.4255      
# span 12 =   10.62929,   12.16755      
# span 13 =   3.392218,   4.206079      
# span 14 = -1.034e+04, 1.1386e+05      
# span 15 =    24.0645,    27.5077      
# span 16 =    24.0643,    27.5023      
# span 17 = -5.082e-04, 1.6697e-01      
# span 18 =      1.026,    404.468      
# span 19 =          1,          1      
# span 20 =        291,      39584      
# span 21 =    1478.52,    1504.47      
# span 22 = -6.038e-01, 4.3781e+00      
# span 23 =  50023.371,  55562.724      
# span 24 =     12.080,   1649.302      
# span 25 = 1559286338, 1559287975      
# span 26 =      -0.91,       0.68      
# span 27 =     -1.121,      1.007      
# span 28 =   39.52429,   39.52498      
# span 29 =  -72.39512,  -72.39195      
# span 30 =    32.4941,    35.8225      
# span 31 =  1024.0900,  1029.3520      
# span 32 =    24.0854,    27.5113      
# span 33 =     7.0376,    14.2553      
# span 34 = 0.0000e+00, 0.0000e+00      
# interval = meters: 1                  
# start_time = May 31 2019 07:05:26 [System UTC, first data scan.]
# bad_flag = -9.990e-29
*END*
[from data line 705]
     96.000    11.9537    34.8517  1026.9167     2.2539     4.7716     78.538    0.00413    6.07555    6.07548      8.043    -0.0257   11.00490   3.983912 2.5320e-11    26.4851    26.4827 1.0000e-12     96.757          1      35141    1498.09 3.9495e+00  53909.171   1464.179 1559287790      -0.06     -0.616   39.52436  -72.39234    35.0103  1026.9157    26.4842    11.9412 0.0000e+00
     95.000    11.9413    34.8436  1026.9083     2.2540     4.7571     78.160    0.00004    6.08637    6.08641 -9.990e-29    -0.0051   11.02316   3.981863 2.5320e-11    26.4812    26.4788 1.0000e-12     95.751          1      35172    1498.02 3.9495e+00  53899.433   1465.474 1559287791      -0.17     -0.717   39.52436  -72.39234    35.0023  1026.9074    26.4803    11.9289 0.0000e+00
     94.000    11.8652    34.8174  1026.8980     2.2606     4.7959     78.741    0.00323    6.09074    6.09082      8.043    -0.0116   11.03062   3.971416 2.5320e-11    26.4752    26.4729 1.0000e-12     94.747          1      35210    1497.71 3.9495e+00  53874.962   1467.056 1559287793       0.17     -0.674   39.52436  -72.39234    34.9716  1026.8937    26.4709    11.8530 0.0000e+00
     93.000    11.7757    34.7723  1026.8756     2.2706     4.8376     79.330    0.00487    6.09803    6.09818      8.043    -0.0279   11.04319   3.958557 2.5320e-11    26.4571    26.4549 1.0000e-12     93.726          1      35263    1497.33 3.9495e+00  53826.746   1469.233 1559287795      -0.19     -0.382   39.52436  -72.39234    34.9298  1026.8739    26.4554    11.7637 0.0000e+00
     92.000    11.7588    34.7638  1026.8677     2.2768     4.8561     79.595    0.00479    6.10097    6.10114      8.044    -0.0299   11.04821   3.955999 2.5320e-11    26.4536    26.4514 1.0000e-12     92.732          1      35290    1497.25 3.9495e+00  53817.055   1470.373 1559287796      -0.20     -0.768   39.52436  -72.39234    34.9209  1026.8658    26.4517    11.7469 0.0000e+00
     91.000    11.7253    34.7287  1026.8423     2.2905     4.9173     80.543    0.00843    6.10517    6.10539      8.044    -0.0178   11.05539   3.949058 -9.990e-29    26.4326    26.4304 1.0000e-12     91.717          1      35327    1497.07 3.9495e+00  53773.311   1471.927 1559287798       0.16     -0.686   39.52436  -72.39233    34.8844  1026.8394    26.4298    11.7136 0.0000e+00
     90.000    11.7013    34.7065  1026.8251     2.3026     4.9562     81.135    0.00897    6.10856    6.10881      8.044    -0.0229   11.06115   3.944679 -9.990e-29    26.4198    26.4176 1.0000e-12     90.712          1      35361    1496.95 3.9495e+00  53745.772   1473.328 1559287799      -0.13     -0.683   39.52436  -72.39232    34.8642  1026.8238    26.4186    11.6897 0.0000e+00
     89.000    11.6753    34.6897  1026.8124     2.3123     4.9772     81.382    0.00705    6.11586    6.11618      8.046    -0.0075   11.07351   3.940481 2.5320e-11    26.4117    26.4095 1.0000e-12     89.704          1      35396    1496.82 3.9495e+00  53726.400   1474.777 1559287800       0.09     -0.724   39.52436  -72.39232    34.8477  1026.8114    26.4107    11.6638 0.0000e+00
     88.000    11.6491    34.6725  1026.7995     2.3205     4.9938     81.556    0.00503    6.12321    6.12360      8.047    -0.0253   11.08618   3.936278 2.5320e-11    26.4031    26.4010 1.0000e-12     88.695          1      35435    1496.69 3.9495e+00  53706.160   1476.415 1559287802      -0.00     -0.614   39.52436  -72.39232    34.8312  1026.7992    26.4028    11.6378 0.0000e+00
     87.000    11.5850    34.6331  1026.7764     2.3369     5.0739     82.625    0.00867    6.14080    6.14139 -9.990e-29    -0.0125   11.11576   3.925772 2.5320e-11    26.3844    26.3824 1.0000e-12     87.686          1      35480    1496.41 3.9495e+00  53661.707   1478.273 1559287804       0.08     -0.548   39.52436  -72.39232    34.7880  1026.7733    26.3813    11.5739 0.0000e+00
     86.000    11.5493    34.5967  1026.7503     2.3534     5.1323     83.482    0.00995    6.14780    6.14846 -9.990e-29    -0.0071   11.12768   3.918721 -9.990e-29    26.3628    26.3607 1.0000e-12     86.671          1      35519    1496.23 3.9495e+00  53616.635   1479.905 1559287806      -0.25     -0.559   39.52436  -72.39232    34.7523  1026.7477    26.3602    11.5384 0.0000e+00
     85.000    11.4541    34.5686  1026.7417     2.3671     5.1784     84.246    0.01154    6.14684    6.14747 -9.990e-29    -0.0065   11.12628   3.905983 -9.990e-29    26.3585    26.3565 1.0000e-12     85.679          1      35545    1495.85 3.9495e+00  53593.038   1480.991 1559287807      -0.11     -0.859   39.52436  -72.39232    34.7159  1026.7329    26.3496    11.4434 0.0000e+00
     84.000    11.3869    34.5286  1026.7186     2.3876     5.2300     85.071    0.01067    6.14773    6.14835 -9.990e-29    -0.0131   11.12800   3.896594 2.5320e-11    26.3398    26.3378 1.0000e-12     84.659          1      35592    1495.55 3.9495e+00  53548.320   1482.945 1559287809       0.21     -0.515   39.52436  -72.39230    34.6863  1026.7180    26.3391    11.3763 0.0000e+00
     83.000    11.4070    34.5088  1026.6950     2.3977     5.2376     85.125    0.00651    6.15276    6.15342      8.055    -0.0060   11.13674   3.896623 2.5320e-11    26.3206    26.3187 1.0000e-12     83.652          1      35630    1495.58 3.9495e+00  53516.765   1484.550 1559287810      -0.21     -0.604   39.52436  -72.39230    34.6682  1026.6957    26.3214    11.3965 0.0000e+00
     82.000    11.4089    34.4963  1026.6804     2.4086     5.2626     85.713    0.00760    6.13984    6.14033      8.055    -0.0054   11.11538   3.895242 2.5320e-11    26.3105    26.3086 1.0000e-12     82.646          1      35659    1495.55 3.9495e+00  53498.358   1485.765 1559287811      -0.10     -0.797   39.52436  -72.39230    34.6531  1026.6791    26.3093    11.3986 0.0000e+00
     81.000    11.3752    34.4701  1026.6618     2.4236     5.3087     86.735    0.01137    6.12061    6.12087      8.057     0.0082   11.08325   3.889423 2.5320e-11    26.2964    26.2945 1.0000e-12     81.644          1      35689    1495.39 3.9495e+00  53467.344   1487.014 1559287813       0.05     -0.830   39.52436  -72.39230    34.6274  1026.6610    26.2956    11.3650 0.0000e+00
     80.000    11.5163    34.4606  1026.6235     2.4502     5.3255     87.939    0.01171    6.05585    6.05531      8.057    -0.0083   10.97538   3.903500 2.5320e-11    26.2629    26.2610 1.0000e-12     80.624          1      35745    1495.85 3.9495e+00  53429.391   1489.324 1559287815       0.16     -0.378   39.52436  -72.39228    34.6352  1026.6362    26.2756    11.5062 0.0000e+00
     79.000    11.7691    34.5037  1026.6049     2.4598     5.3212     88.008    0.00776    6.04627    6.04561      8.060     0.0090   10.95921   3.933467 2.5320e-11    26.2490    26.2471 1.0000e-12     79.621          1      35780    1496.76 3.9495e+00  53445.736   1490.772 1559287816      -0.39     -0.641   39.52436  -72.39228    34.6950  1026.6304    26.2748    11.7589 0.0000e+00
     78.000    12.0562    34.5415  1026.5748     2.4621     5.2997     87.657    0.00286    6.04588    6.04522      8.061     0.0080   10.95860   3.964220 2.5320e-11    26.2241    26.2222 1.0000e-12     78.619          1      35812    1497.77 3.9495e+00  53452.154   1492.111 1559287818       0.10     -0.788   39.52436  -72.39228    34.7294  1026.5978    26.2470    12.0460 0.0000e+00
     77.000    12.1851    34.5768  1026.5729     2.4643     5.2892     87.558    0.00081    6.04077    6.04005      8.064    -0.0042   10.95016   3.979075 -9.990e-29    26.2269    26.2250 1.0000e-12     77.595          1      35857    1498.23 3.9495e+00  53479.942   1493.997 1559287820      -0.04     -0.461   39.52436  -72.39228    34.7551  1026.5882    26.2423    12.1750 0.0000e+00
     76.000    12.1707    34.5703  1026.5661     2.4653     5.2932     87.639    0.00126    6.03972    6.03899      8.065    -0.0106   10.94835   3.976226 -9.990e-29    26.2246    26.2226 1.0000e-12     76.604          1      35883    1498.16 3.9495e+00  53472.458   1495.071 1559287821      -0.28     -0.792   39.52436  -72.39228    34.7411  1026.5758    26.2342    12.1607 0.0000e+00
     75.000    12.2025    34.5694  1026.5548     2.4691     5.3146     87.869    0.00208    6.04831    6.04768      8.066    -0.0063   10.96270   3.979637 2.5320e-11    26.2177    26.2158 1.0000e-12     75.589          1      35923    1498.25 3.9495e+00  53465.635   1496.759 1559287822       0.25     -0.652   39.52436  -72.39228    34.7452  1026.5682    26.2312    12.1927 0.0000e+00
     74.000    12.2224    34.5762  1026.5517     2.4707     5.3227     87.814    0.00083    6.06131    6.06083      8.068    -0.0095   10.98454   3.981809 2.5320e-11    26.2192    26.2173 1.0000e-12     74.581          1      35962    1498.31 3.9495e+00  53471.410   1498.371 1559287824      -0.27     -0.583   39.52436  -72.39228    34.7483  1026.5623    26.2298    12.2127 0.0000e+00
     73.000    12.1415    34.5599  1026.5501     2.4744     5.3412     88.073    0.00200    6.06443    6.06398      8.070    -0.0092   10.98984   3.971424 2.5320e-11    26.2220    26.2201 1.0000e-12     73.575          1      36000    1498.00 3.9495e+00  53460.909   1499.959 1559287826       0.14     -0.663   39.52436  -72.39226    34.7226  1026.5535    26.2254    12.1320 0.0000e+00
     72.000    12.0468    34.5311  1026.5415     2.4795     5.3563     88.363    0.00280    6.06167    6.06117      8.070    -0.0173   10.98530   3.959243 -9.990e-29    26.2177    26.2160 1.0000e-12     72.563          1      36044    1497.62 3.9495e+00  53435.316   1501.791 1559287827      -0.15     -0.519   39.52436  -72.39226    34.6922  1026.5437    26.2200    12.0374 0.0000e+00
     71.000    12.0420    34.5214  1026.5304     2.4820     5.3698     88.425    0.00236    6.07279    6.07243      8.071     0.0091   11.00391   3.958101 -9.990e-29    26.2111    26.2093 1.0000e-12     71.557          1      36076    1497.58 3.9495e+00  53421.993   1503.133 1559287829      -0.08     -0.726   39.52436  -72.39226    34.6859  1026.5353    26.2160    12.0328 0.0000e+00
     70.000    12.0592    34.5209  1026.5222     2.4813     5.3830     88.154   -0.00007    6.10632    6.10636      8.073     0.0183   11.05994   3.959799 2.5320e-11    26.2074    26.2057 1.0000e-12     70.548          1      36107    1497.62 3.9495e+00  53418.132   1504.407 1559287830      -0.04     -0.773   39.52434  -72.39226    34.6870  1026.5283    26.2135    12.0500 0.0000e+00
     69.000    12.0234    34.5115  1026.5173     2.4798     5.3786     87.988   -0.00104    6.11288    6.11298      8.075     0.0002   11.07128   3.954476 2.5320e-11    26.2069    26.2052 1.0000e-12     69.548          1      36137    1497.47 3.9495e+00  53410.057   1505.658 1559287831       0.03     -0.821   39.52434  -72.39226    34.6686  1026.5165    26.2061    12.0144 0.0000e+00
     68.000    11.7228    34.4371  1026.5122     2.4837     5.4289     88.421    0.00202    6.13983    6.14025      8.077    -0.0035   11.11639   3.916990 2.5320e-11    26.2059    26.2043 1.0000e-12     68.527          1      36188    1496.33 3.9495e+00  53354.938   1507.812 1559287833       0.16     -0.426   39.52434  -72.39226    34.5809  1026.5013    26.1950    11.7141 0.0000e+00
     67.000    11.6759    34.4050  1026.4915     2.4857     5.4344     88.465    0.00155    6.14301    6.14346      8.077    -0.0032   11.12175   3.909942 -9.990e-29    26.1897    26.1881 1.0000e-12     67.525          1      36221    1496.12 3.9495e+00  53317.768   1509.165 1559287835      -0.41     -0.649   39.52434  -72.39226    34.5555  1026.4859    26.1841    11.6673 0.0000e+00
     66.000    11.5342    34.3721  1026.4880     2.4900     5.4542     88.745    0.00258    6.14590    6.14638      8.077     0.0045   11.12670   3.892700 -9.990e-29    26.1903    26.1888 1.0000e-12     66.525          1      36250    1495.57 3.4408e+00  53294.476   1510.384 1559287836       0.06     -0.856   39.52434  -72.39224    34.5178  1026.4787    26.1811    11.5259 0.0000e+00
     65.000    11.4727    34.3545  1026.4813     2.4952     5.4808     88.955    0.00256    6.16137    6.16204      8.078     0.0090   11.15258   3.886071 3.6171e-11    26.1881    26.1866 1.0000e-12     65.503          1      36300    1495.32 3.3634e+00  53280.120   1512.469 1559287838       0.10     -0.430   39.52434  -72.39224    34.5100  1026.4796    26.1864    11.4646 0.0000e+00
     64.000    11.4412    34.3359  1026.4682     2.4975     5.4847     88.973    0.00174    6.16452    6.16522      8.078     0.0007   11.15792   3.880490 2.5237e-11    26.1794    26.1779 1.0000e-12     64.501          1      36334    1495.17 3.9539e+00  53258.757   1513.866 1559287839      -0.27     -0.658   39.52434  -72.39224    34.4846  1026.4612    26.1725    11.4331 0.0000e+00
     63.000    11.3625    34.3214  1026.4669     2.4983     5.4835     88.921    0.00087    6.16674    6.16746      8.079     0.0104   11.16159   3.871773 2.5320e-11    26.1826    26.1811 1.0000e-12     63.494          1      36365    1494.87 3.9495e+00  53251.516   1515.169 1559287841       0.05     -0.797   39.52434  -72.39224    34.4720  1026.4615    26.1772    11.3546 0.0000e+00
     62.000    11.3334    34.3084  1026.4576     2.5031     5.5052     89.327    0.00298    6.16297    6.16365      8.078     0.0056   11.15533   3.868030 2.5320e-11    26.1777    26.1763 1.0000e-12     62.487          1      36398    1494.73 3.9495e+00  53237.623   1516.547 1559287842      -0.02     -0.724   39.52434  -72.39223    34.4625  1026.4550    26.1752    11.3256 0.0000e+00
     61.000    11.3167    34.3065  1026.4547     2.5071     5.5107     89.480    0.00274    6.15857    6.15920      8.078     0.0030   11.14803   3.866479 -9.990e-29    26.1793    26.1779 1.0000e-12     61.481          1      36438    1494.65 3.4254e+00  53237.344   1518.196 1559287844       0.13     -0.638   39.52434  -72.39222    34.4632  1026.4541    26.1787    11.3090 0.0000e+00
     60.000    11.4146    34.3183  1026.4412     2.5066     5.4887     89.032   -0.00174    6.16482    6.16551      8.080     0.0189   11.15847   3.877589 2.5320e-11    26.1705    26.1691 1.0000e-12     60.475          1      36733    1494.99 3.8156e+00  53236.360   1530.489 1559287856      -0.33     -0.208   39.52434  -72.39220    34.4824  1026.4464    26.1756    11.4071 0.0000e+00
     59.000    11.3452    34.3071  1026.4408     2.5102     5.5093     89.437    0.00112    6.16005    6.16068      8.080     0.0146   11.15067   3.868918 2.5320e-11    26.1745    26.1731 1.0000e-12     59.464          1      37069    1494.72 3.9435e+00  53231.969   1544.493 1559287870       0.13     -0.737   39.52434  -72.39218    34.4616  1026.4385    26.1722    11.3378 0.0000e+00
     58.000    11.3192    34.2960  1026.4325     2.5127     5.5906     89.620    0.00208    6.23819    6.23977      8.083     0.0211   11.28147   3.866219 2.5320e-11    26.1706    26.1693 1.0000e-12     58.450          1      37124    1494.60 3.9495e+00  53220.504   1546.773 1559287872      -0.02     -0.528   39.52434  -72.39218    34.4595  1026.4372    26.1754    11.3120 0.0000e+00
     57.000    11.3708    34.2922  1026.4155     2.5009     5.6147     88.131   -0.00746    6.37102    6.37429      8.084     0.0155   11.50323   3.869864 2.5320e-11    26.1582    26.1569 1.0000e-12     57.446          1      37159    1494.76 3.9495e+00  53205.773   1548.252 1559287874      -0.08     -0.661   39.52434  -72.39218    34.4480  1026.4142    26.1569    11.3637 0.0000e+00
     56.000    10.8521    34.1779  1026.4161     2.4959     5.7330     88.235   -0.00409    6.49743    6.50229      8.086     0.0090   11.71487   3.803876 2.5320e-11    26.1627    26.1615 1.0000e-12     56.437          1      37193    1492.79 3.9495e+00  53137.768   1549.674 1559287875      -0.00     -0.710   39.52434  -72.39218    34.2740  1026.3688    26.1154    10.8454 0.0000e+00
