CalculateIndicators/WaterTemperature/Data/CTD_NYOS/NYBOS_20190529_LIS_ARIG.cnv
* Sea-Bird SBE 9 Data File:
* FileName = C:\Seabird 9 CTD\Data\2019\201905_offshore\NYBOS_20190529_LIS_ARIG.hex
* Software Version Seasave V 7.23.2
* Temperature SN = 4590
* Conductivity SN = 3228
* Number of Bytes Per Scan = 44
* Number of Voltage Words = 5
* Number of Scans Averaged by the Deck Unit = 1
* NMEA Latitude = 40 57.68 N
* NMEA Longitude = 073 34.72 W
* NMEA UTC (Time) = May 29 2019  15:37:08
* NMEA baud rate = 4800
** Ship: Seawolf
** Station: LIS_ARIG
** Operator: AJB
# nquan = 35
# nvalues = 27                          
# units = specified
# name 0 = depSM: Depth [salt water, m]
# name 1 = t090C: Temperature [ITS-90, deg C]
# name 2 = sal00: Salinity, Practical [PSU]
# name 3 = density00: Density [density, kg/m^3]
# name 4 = sbeox0V: Oxygen raw, SBE 43 [V]
# name 5 = sbeox0ML/L: Oxygen, SBE 43 [ml/l]
# name 6 = sbeox0PS: Oxygen, SBE 43 [% saturation]
# name 7 = sbox0dV/dT: Oxygen, SBE 43 [dov/dt]
# name 8 = oxsolML/L: Oxygen Saturation, Garcia & Gordon [ml/l]
# name 9 = oxsatML/L: Oxygen Saturation, Weiss [ml/l]
# name 10 = ph: pH
# name 11 = flECO-AFL: Fluorescence, WET Labs ECO-AFL/FL [mg/m^3]
# name 12 = n2satML/L: Nitrogen Saturation [ml/l]
# name 13 = c0S/m: Conductivity [S/m]
# name 14 = cpar: CPAR/Corrected Irradiance [%]
# name 15 = sigma-é00: Density [sigma-theta, kg/m^3]
# name 16 = sigma-t00: Density [sigma-t, kg/m^3 ]
# name 17 = par: PAR/Irradiance, Biospherical/Licor
# name 18 = prDM: Pressure, Digiquartz [db]
# name 19 = pumps: Pump Status
# name 20 = scan: Scan Count
# name 21 = svCM: Sound Velocity [Chen-Millero, m/s]
# name 22 = spar: SPAR, Biospherical/Licor
# name 23 = specc: Specific Conductance [uS/cm]
# name 24 = timeS: Time, Elapsed [seconds]
# name 25 = timeY: Time, System [seconds]
# name 26 = accM: Acceleration [m/s^2]
# name 27 = dz/dtM: Descent Rate [m/s]
# name 28 = latitude: Latitude [deg]
# name 29 = longitude: Longitude [deg]
# name 30 = gsw_saA0: Absolute Salinity [g/kg]
# name 31 = gsw_densityA0: density, TEOS-10 [density, kg/m^3]
# name 32 = gsw_sigma0A0: density, TEOS-10 [sigma-0, kg/m^3 ]
# name 33 = gsw_ptA0: potential temperature [ITS-90, deg C]
# name 34 = flag: flag
# span 0 =      2.000,     15.000       
# span 1 =    11.1986,    15.5195       
# span 2 =    23.8218,    24.9131       
# span 3 =  1017.2794,  1018.9728       
# span 4 =     2.2228,     3.0016       
# span 5 =     5.0139,     6.8284       
# span 6 =     76.685,    112.081       
# span 7 =   -0.06036,    0.09929       
# span 8 =    6.03332,    6.53692       
# span 9 =    6.02611,    6.53478       
# span 10 =      7.884,      8.230      
# span 11 =     2.0903,     3.2541      
# span 12 =   11.05995,   11.88759      
# span 13 =   2.887804,   3.071647      
# span 14 = 1.8397e-02, 2.5629e+01      
# span 15 =    17.2704,    18.9041      
# span 16 =    17.2703,    18.9038      
# span 17 = 2.4888e-01, 4.4804e+02      
# span 18 =      2.014,     15.114      
# span 19 =          1,          1      
# span 20 =        719,       8774      
# span 21 =    1482.21,    1495.42      
# span 22 = 1.0795e+03, 1.7519e+03      
# span 23 =  37898.117,  39877.171      
# span 24 =     29.927,    365.536      
# span 25 = 1559144258, 1559144593      
# span 26 =      -0.44,       0.19      
# span 27 =     -0.760,      0.571      
# span 28 =   40.96152,   40.96238      
# span 29 =  -73.57921,  -73.57878      
# span 30 =    23.9366,    25.0356      
# span 31 =  1017.2844,  1018.9784      
# span 32 =    17.2754,    18.9096      
# span 33 =    11.1969,    15.5192      
# span 34 = 0.0000e+00, 0.0000e+00      
# interval = meters: 1                  
# start_time = May 29 2019 15:37:08 [System UTC, first data scan.]
# bad_flag = -9.990e-29
*END*
      2.000    15.5121    23.8264  1017.2833     2.9871     6.6714    110.568    0.00256    6.03380    6.02659      8.230     2.9366   11.06071   3.071354 2.5629e+01    17.2743    17.2742 4.4804e+02      2.014          1        719    1495.40 1.7491e+03  37903.173     29.927 1559144258       0.08      0.251   40.96152  -73.57878    23.9394  1017.2874    17.2784    15.5118 0.0000e+00
      3.000    15.5114    23.8263  1017.2878     2.9846     6.6539    110.213   -0.00087    6.03735    6.03017      8.144     2.9597   11.06667   3.071327 1.4128e+01    17.2743    17.2742 2.4580e+02      3.026          1        785    1495.41 1.7396e+03  37903.416     32.676 1559144261       0.10      0.369   40.96154  -73.57878    23.9393  1017.2920    17.2785    15.5110 0.0000e+00
      4.000    15.5017    23.8244  1017.2929     2.9770     6.6343    109.664   -0.00360    6.04967    6.04260      8.121     3.0921   11.08712   3.070366 7.7466e+00    17.2749    17.2748 1.3463e+02      4.031          1        834    1495.40 1.7372e+03  37901.854     34.727 1559144263      -0.03      0.485   40.96154  -73.57878    23.9366  1017.2965    17.2784    15.5012 0.0000e+00
      5.000    15.4236    23.8295  1017.3173     2.9795     6.6783    110.173    0.00158    6.06171    6.05474      8.117     3.0893   11.10703   3.065086 4.5029e+00    17.2947    17.2945 7.7948e+01      5.037          1        885    1495.17 1.7311e+03  37914.644     36.850 1559144265       0.06      0.478   40.96154  -73.57878    23.9383  1017.3181    17.2956    15.4229 0.0000e+00
      6.000    15.3226    23.8461  1017.3550     2.9839     6.7051    110.412    0.00201    6.07278    6.06591      8.111     2.9408   11.12531   3.059843 2.4399e+00    17.3279    17.3278 4.2613e+01      6.050          1        941    1494.87 1.7464e+03  37945.940     39.187 1559144267      -0.04      0.416   40.96156  -73.57879    23.9540  1017.3552    17.3281    15.3218 0.0000e+00
      7.000    15.2206    23.8664  1017.3957     2.9901     6.7523    110.740    0.00281    6.09743    6.09079      8.111     2.8055   11.16603   3.055018 1.4528e+00    17.3641    17.3639 2.5439e+01      7.053          1        988    1494.58 1.7519e+03  37982.731     41.133 1559144269      -0.03      0.518   40.96156  -73.57880    23.9741  1017.3956    17.3640    15.2197 0.0000e+00
      8.000    15.1011    23.8858  1017.4391     2.9949     6.8148    110.851    0.00179    6.14775    6.14159      8.114     2.4630   11.24862   3.048330 8.6347e-01    17.4030    17.4028 1.5120e+01      8.064          1       1044    1494.23 1.7504e+03  38019.471     43.469 1559144271       0.10      0.399   40.96156  -73.57880    23.9887  1017.4353    17.3992    15.1000 0.0000e+00
      9.000    14.7387    23.9690  1017.5794     2.9888     6.8284    110.216   -0.00234    6.19566    6.19003      8.108     2.2004   11.32598   3.031596 5.2825e-01    17.5387    17.5385 9.2527e+00      9.072          1       1090    1493.16 1.7519e+03  38166.259     45.390 1559144273      -0.05      0.523   40.96157  -73.57880    24.0649  1017.5698    17.5291    14.7375 0.0000e+00
     10.000    14.4046    24.1033  1017.7525     2.9280     6.5980    104.904   -0.03227    6.29016    6.28553      8.100     2.0903   11.48024   3.023370 3.3841e-01    17.7072    17.7069 5.8734e+00     10.078          1       1134    1492.23 1.7351e+03  38386.111     47.223 1559144275       0.13      0.540   40.96158  -73.57880    24.1993  1017.7423    17.6970    14.4033 0.0000e+00
     11.000    13.8340    24.3699  1018.0708     2.8160     6.1909     97.368   -0.06036    6.35904    6.35508      8.082     2.1080   11.59402   3.011207 2.2607e-01    18.0210    18.0207 3.9512e+00     11.084          1       1177    1490.65 1.7494e+03  38819.238     49.018 1559144277      -0.07      0.571   40.96158  -73.57880    24.4502  1018.0474    17.9975    13.8326 0.0000e+00
     12.000    12.8926    24.6217  1018.4430     2.6747     5.8465     91.092   -0.05840    6.41843    6.41507      8.057     2.2124   11.69206   2.970648 1.4647e-01    18.3884    18.3881 2.5580e+00     12.095          1       1235    1487.76 1.7458e+03  39269.512     51.408 1559144279      -0.02      0.406   40.96158  -73.57880    24.6870  1018.4066    18.3520    12.8911 0.0000e+00
     13.000    12.3806    24.7007  1018.5993     2.5744     5.6966     88.125   -0.04031    6.46425    6.46135      8.044     2.3198   11.76775   2.943494 8.8686e-02    18.5400    18.5397 1.5431e+00     13.102          1       1293    1486.10 1.7396e+03  39435.867     53.818 1559144282      -0.01      0.418   40.96160  -73.57881    24.7714  1018.5665    18.5072    12.3791 0.0000e+00
     14.000    11.9784    24.7640  1018.7221     2.4895     5.5277     85.300   -0.02920    6.48034    6.47761      8.031     2.3350   11.79434   2.922527 5.4286e-02    18.6581    18.6578 9.4180e-01     14.108          1       1361    1484.78 1.7349e+03  39571.317     56.665 1559144285      -0.05      0.331   40.96160  -73.57882    24.8417  1018.6942    18.6301    11.9767 0.0000e+00
     15.000    11.1986    24.9131  1018.9728     2.2228     5.0139     76.685    0.00814    6.53692    6.53478      7.893     2.3582   11.88759   2.887804 1.8397e-02    18.9041    18.9038 2.4888e-01     15.114          1       5646    1482.21 1.4736e+03  39877.171    235.203 1559144463       0.07     -0.121   40.96206  -73.57904    25.0356  1018.9784    18.9096    11.1969 0.0000e+00
     14.000    11.5779    24.8215  1018.8340     2.3482     5.3843     84.634    0.03510    6.36213    6.35817      7.884     2.3692   11.59979   2.905692 3.8100e-02    18.7697    18.7695 5.5141e-01     14.109          1       5334    1483.43 1.4471e+03  39699.150    222.199 1559144450      -0.44     -0.366   40.96202  -73.57902    24.9507  1018.8454    18.7812    11.5763 0.0000e+00
     13.000    12.0136    24.7291  1018.6845     2.4403     5.6798     90.639    0.05859    6.26745    6.26251      7.893     2.1791   11.44454   2.928344 6.7298e-02    18.6252    18.6249 9.7240e-01     13.103          1       5342    1484.84 1.4451e+03  39517.219    222.531 1559144450       0.01     -0.684   40.96202  -73.57902    24.8731  1018.7078    18.6483    12.0121 0.0000e+00
     12.000    12.7149    24.5949  1018.4541     2.5616     6.0093     97.361    0.07621    6.17213    6.16619      7.907     2.1672   11.28901   2.965345 1.0566e-01    18.3994    18.3991 1.5217e+00     12.091          1       5378    1487.11 1.4404e+03  39248.313    224.044 1559144452      -0.05     -0.644   40.96202  -73.57902    24.7543  1018.4901    18.4354    12.7134 0.0000e+00
     11.000    13.4088    24.4007  1018.1735     2.6998     6.4637    105.311    0.09929    6.13820    6.13193      7.936     2.2503   11.23344   2.994337 1.7697e-01    18.1234    18.1232 2.5364e+00     11.090          1       5410    1489.24 1.4337e+03  38901.592    225.372 1559144453      -0.01     -0.754   40.96203  -73.57902    24.5704  1018.2183    18.1683    13.4074 0.0000e+00
     10.000    14.3216    24.0666  1017.7405     2.8485     6.7917    111.543    0.09512    6.08872    6.08198      7.960     2.4358   11.15215   3.021915 2.5807e-01    17.6953    17.6951 3.6289e+00     10.072          1       5449    1491.91 1.4065e+03  38339.990    227.002 1559144455       0.06     -0.611   40.96204  -73.57903    24.2379  1017.7880    17.7428    14.3203 0.0000e+00
      9.000    14.5706    23.9872  1017.6264     2.9133     6.8053    112.081    0.06484    6.07182    6.06493      7.971     2.6275   11.12407   3.030293 4.2042e-01    17.5855    17.5853 5.8927e+00      9.075          1       5478    1492.63 1.4018e+03  38204.754    228.215 1559144456      -0.18     -0.760   40.96204  -73.57904    24.1574  1017.6734    17.6327    14.5694 0.0000e+00
      8.000    15.0245    23.8667  1017.4398     2.9567     6.7507    111.324    0.02974    6.06402    6.05706      7.981     2.7719   11.11109   3.048048 6.8772e-01    17.4037    17.4035 9.5672e+00      8.064          1       5518    1493.96 1.3913e+03  37997.525    229.861 1559144458       0.19     -0.657   40.96204  -73.57904    24.0331  1017.4845    17.4483    15.0234 0.0000e+00
      7.000    15.3260    23.8400  1017.3542     2.9961     6.7001    110.698   -0.00150    6.05262    6.04557      8.060     3.0795   11.09203   3.061326 9.8594e-01    17.3227    17.3225 1.1615e+01      7.056          1       7692    1494.90 1.1800e+03  37937.358    320.470 1559144548      -0.04     -0.240   40.96226  -73.57915    23.9645  1017.3670    17.3355    15.3250 0.0000e+00
      6.000    15.4106    23.8332  1017.3273     3.0016     6.7021    110.978   -0.00092    6.03912    6.03195 -9.990e-29     3.2541   11.06961   3.065200 1.6548e+00    17.3002    17.3001 1.8122e+01      6.045          1       8554    1495.14 1.0893e+03  37921.418    356.356 1559144584       0.01     -0.234   40.96235  -73.57920    23.9468  1017.3319    17.3048    15.4097 0.0000e+00
      5.000    15.4657    23.8256  1017.3057     2.9905     6.6576    110.293   -0.00327    6.03632    6.02913 -9.990e-29     3.2427   11.06496   3.068455 2.9831e+00    17.2832    17.2830 3.2243e+01      5.040          1       8510    1495.30 1.0795e+03  37906.348    354.553 1559144582       0.00     -0.355   40.96234  -73.57920    23.9417  1017.3122    17.2897    15.4650 0.0000e+00
      4.000    15.4981    23.8218  1017.2917     2.9937     6.6843    110.779    0.00141    6.03389    6.02668      8.118     3.1170   11.06090   3.070160 5.0877e+00    17.2736    17.2735 5.5720e+01      4.030          1       8594    1495.38 1.0957e+03  37898.276    358.045 1559144586       0.01     -0.274   40.96236  -73.57920    23.9370  1017.2975    17.2795    15.4975 0.0000e+00
      3.000    15.5160    23.8228  1017.2843     2.9901     6.6634    110.443   -0.00075    6.03332    6.02611      8.121     3.1388   11.05995   3.071460 9.2859e+00    17.2707    17.2706 1.0126e+02      3.024          1       8669    1495.42 1.0906e+03  37898.117    361.173 1559144589       0.02     -0.329   40.96236  -73.57920    23.9377  1017.2899    17.2764    15.5155 0.0000e+00
      2.000    15.5195    23.8234  1017.2794     2.9907     6.6681    110.511   -0.00012    6.03388    6.02667      8.122     3.1039   11.06087   3.071647 1.8094e+01    17.2704    17.2703 1.9622e+02      2.020          1       8774    1495.42 1.0855e+03  37898.274    365.536 1559144593      -0.12     -0.291   40.96238  -73.57921    23.9374  1017.2844    17.2754    15.5192 0.0000e+00
