CalculateIndicators/WaterTemperature/Data/CTD_NYOS/NYBOS_20190530_4_6.cnv
* Sea-Bird SBE 9 Data File:
* FileName = C:\Seabird 9 CTD\Data\2019\201905_offshore\NYBOS_20190530_4_5.hex
* Software Version Seasave V 7.23.2
* Temperature SN = 4590
* Conductivity SN = 3228
* Number of Bytes Per Scan = 44
* Number of Voltage Words = 5
* Number of Scans Averaged by the Deck Unit = 1
* NMEA Latitude = 39 14.33 N
* NMEA Longitude = 072 17.42 W
* NMEA UTC (Time) = May 31 2019  03:38:21
* NMEA baud rate = 4800
** Ship: Seawolf
** Station: 4_5
** Operator: LIS
# nquan = 35
# nvalues = 899                         
# units = specified
# name 0 = depSM: Depth [salt water, m]
# name 1 = t090C: Temperature [ITS-90, deg C]
# name 2 = sal00: Salinity, Practical [PSU]
# name 3 = density00: Density [density, kg/m^3]
# name 4 = sbeox0V: Oxygen raw, SBE 43 [V]
# name 5 = sbeox0ML/L: Oxygen, SBE 43 [ml/l]
# name 6 = sbeox0PS: Oxygen, SBE 43 [% saturation]
# name 7 = sbox0dV/dT: Oxygen, SBE 43 [dov/dt]
# name 8 = oxsolML/L: Oxygen Saturation, Garcia & Gordon [ml/l]
# name 9 = oxsatML/L: Oxygen Saturation, Weiss [ml/l]
# name 10 = ph: pH
# name 11 = flECO-AFL: Fluorescence, WET Labs ECO-AFL/FL [mg/m^3]
# name 12 = n2satML/L: Nitrogen Saturation [ml/l]
# name 13 = c0S/m: Conductivity [S/m]
# name 14 = cpar: CPAR/Corrected Irradiance [%]
# name 15 = sigma-é00: Density [sigma-theta, kg/m^3]
# name 16 = sigma-t00: Density [sigma-t, kg/m^3 ]
# name 17 = par: PAR/Irradiance, Biospherical/Licor
# name 18 = prDM: Pressure, Digiquartz [db]
# name 19 = pumps: Pump Status
# name 20 = scan: Scan Count
# name 21 = svCM: Sound Velocity [Chen-Millero, m/s]
# name 22 = spar: SPAR, Biospherical/Licor
# name 23 = specc: Specific Conductance [uS/cm]
# name 24 = timeS: Time, Elapsed [seconds]
# name 25 = timeY: Time, System [seconds]
# name 26 = accM: Acceleration [m/s^2]
# name 27 = dz/dtM: Descent Rate [m/s]
# name 28 = latitude: Latitude [deg]
# name 29 = longitude: Longitude [deg]
# name 30 = gsw_saA0: Absolute Salinity [g/kg]
# name 31 = gsw_densityA0: density, TEOS-10 [density, kg/m^3]
# name 32 = gsw_sigma0A0: density, TEOS-10 [sigma-0, kg/m^3 ]
# name 33 = gsw_ptA0: potential temperature [ITS-90, deg C]
# name 34 = flag: flag
# span 0 =      1.000,    450.000       
# span 1 =     6.2506,    14.1342       
# span 2 =    32.5200,    35.7041       
# span 3 =  1024.2613,  1029.6545       
# span 4 =     1.5244,     3.0098       
# span 5 =     2.8807,     6.9545       
# span 6 =     46.097,    112.045       
# span 7 =   -0.02536,    0.02946       
# span 8 =    5.80738,    6.86558       
# span 9 =    5.80436,    6.87781       
# span 10 =      7.889,     14.635      
# span 11 =    -0.0720,     1.4930      
# span 12 =   10.55135,   12.30681      
# span 13 =   3.486226,   4.254480      
# span 14 = -1.291e+04, 1.1177e+05      
# span 15 =    24.2479,    27.5805      
# span 16 =    24.2478,    27.5752      
# span 17 = -8.864e-03, 4.1224e-02      
# span 18 =      1.025,    453.932      
# span 19 =         -0,          1      
# span 20 =        -18,      43844      
# span 21 =    1483.26,    1505.98      
# span 22 = -2.821e-01, 4.4846e+00      
# span 23 =  50324.319,  55777.090      
# span 24 =     -0.774,   1826.785      
# span 25 = 1559273899, 1559275727      
# span 26 =      -0.87,       0.67      
# span 27 =     -0.946,      0.927      
# span 28 =   39.23896,   39.24181      
# span 29 =  -72.29037,  -72.28061      
# span 30 =    32.6736,    35.8779      
# span 31 =  1024.2662,  1029.6572      
# span 32 =    24.2528,    27.5842      
# span 33 =     6.2098,    14.1339      
# span 34 = 0.0000e+00, 0.0000e+00      
# interval = meters: 1                  
# start_time = May 31 2019 03:38:20 [System UTC, first data scan.]
# bad_flag = -9.990e-29
*END*
[from data line 830]
     69.000    13.4612    35.3186  1026.8558     2.4429     5.0938     86.284   -0.00223    5.90349    5.90146      8.098     0.0091   10.71594   4.177386 -9.990e-29    26.5478    26.5458 1.0000e-12     69.539          1      40214    1503.24 3.9495e+00  54310.929   1675.552 1559275576      -0.78     -0.678   39.24158  -72.28140    35.4795  1026.8552    26.5473    13.4515 0.0000e+00
     68.000    13.3177    35.2576  1026.8337     2.4373     5.0699     85.861   -0.00407    5.90474    5.90272      8.097    -0.0076   10.71804   4.155564 -9.990e-29    26.5299    26.5280 1.0000e-12     68.541          1      40242    1502.68 3.9495e+00  54246.518   1676.692 1559275577       0.07     -0.926   39.24159  -72.28139    35.4058  1026.8235    26.5198    13.3082 0.0000e+00
     67.000    13.1155    35.1892  1026.8177     2.4275     5.0439     85.388   -0.00430    5.90701    5.90502      8.094     0.0017   10.72188   4.129629 2.5320e-11    26.5181    26.5162 1.0000e-12     67.513          1      40298    1501.92 3.9495e+00  54180.250   1679.031 1559275579      -0.07     -0.247   39.24160  -72.28138    35.3473  1026.8153    26.5158    13.1062 0.0000e+00
     66.000    13.1181    35.1897  1026.8130     2.4251     5.0529     85.471   -0.00192    5.91175    5.90981      8.094    -0.0101   10.72989   4.129951 2.8258e-11    26.5179    26.5161 1.0000e-12     66.517          1      40336    1501.91 -9.990e-29  54180.007   1680.637 1559275581       0.07     -0.576   39.24160  -72.28138    35.3483  1026.8111    26.5160    13.1089 0.0000e+00
     65.000    13.1103    35.1850  1026.8065     2.4197     5.0504     85.144   -0.00259    5.93162    5.92989      8.095     0.0065   10.76343   4.128820 3.5354e-11    26.5158    26.5140 1.0000e-12     65.497          1      40383    1501.86 -9.990e-29  54174.017   1682.574 1559275583      -0.28     -0.430   39.24160  -72.28136    35.3452  1026.8058    26.5152    13.1013 0.0000e+00
     64.000    13.0861    35.1754  1026.7995     2.4185     5.0553     85.048   -0.00303    5.94410    5.94250      8.095     0.0088   10.78454   4.125153 2.5729e-11    26.5133    26.5115 1.0000e-12     64.507          1      40406    1501.75 3.9495e+00  54163.862   1683.555 1559275584      -0.28     -0.857   39.24160  -72.28136    35.3331  1026.7969    26.5107    13.0772 0.0000e+00
     63.000    12.9246    35.1042  1026.7725     2.4289     5.1150     86.101    0.00366    5.94071    5.93907      8.094     0.0168   10.77886   4.101445 2.5320e-11    26.4905    26.4888 1.0000e-12     63.501          1      40502    1501.11 3.7865e+00  54088.548   1687.531 1559275588       0.06     -0.593   39.24161  -72.28133    35.2566  1026.7660    26.4841    12.9159 0.0000e+00
     62.000    13.2200    35.0953  1026.7011     2.4653     5.1750     87.996    0.00675    5.88107    5.87870      8.089     0.0720   10.67981   4.133211 2.5320e-11    26.4240    26.4222 1.0000e-12     62.487          1      41353    1502.07 3.9420e+00  54033.498   1722.981 1559275623      -0.03     -0.652   39.24168  -72.28116    35.2862  1026.7245    26.4473    13.2113 0.0000e+00
     61.000    13.3790    35.1235  1026.6859     2.4707     5.1677     87.857    0.00238    5.88190    5.87952      8.090     0.0810   10.68142   4.150313 -9.990e-29    26.4134    26.4117 1.0000e-12     61.472          1      41429    1502.61 3.9495e+00  54049.198   1726.151 1559275626      -0.05     -0.556   39.24168  -72.28114    35.3021  1026.6997    26.4272    13.3704 0.0000e+00
     60.000    13.3701    35.1085  1026.6716     2.4704     5.1607     87.675    0.00052    5.88618    5.88385      8.091     0.1000   10.68864   4.147372 -9.990e-29    26.4036    26.4019 1.0000e-12     60.472          1      41461    1502.55 3.9495e+00  54029.169   1727.508 1559275628      -0.03     -0.726   39.24168  -72.28112    35.2828  1026.6822    26.4141    13.3617 0.0000e+00
     59.000    13.3394    35.0827  1026.6534     2.4601     5.1757     86.686   -0.00490    5.97086    5.96942      8.096     0.1038   10.83157   4.141266 2.5320e-11    26.3898    26.3881 1.0000e-12     59.457          1      41512    1502.40 3.9495e+00  53997.259   1729.625 1559275630       0.13     -0.465   39.24168  -72.28112    35.2535  1026.6614    26.3978    13.3312 0.0000e+00
     58.000    13.2742    35.0562  1026.6418     2.4524     5.1914     86.075   -0.00744    6.03114    6.03036      8.097     0.0941   10.93312   4.129860 2.5320e-11    26.3826    26.3809 1.0000e-12     58.442          1      41552    1502.13 3.9495e+00  53969.655   1731.286 1559275631      -0.38     -0.536   39.24168  -72.28112    35.2058  1026.6335    26.3744    13.2660 0.0000e+00
     57.000    12.9111    34.9060  1026.5945     2.4658     5.3084     87.892    0.00617    6.03964    6.03896      8.098     0.0936   10.94748   4.073803 2.5320e-11    26.3393    26.3377 1.0000e-12     57.455          1      41573    1500.73 3.9495e+00  53813.656   1732.161 1559275632      -0.34     -0.946   39.24168  -72.28110    35.0060  1026.5486    26.2933    12.9033 0.0000e+00
     56.000    12.2840    34.6725  1026.5332     2.4876     5.4197     89.388    0.01208    6.06311    6.06268      8.098     0.0698   10.98693   3.993124 2.5320e-11    26.2816    26.2802 1.0000e-12     56.435          1      41618    1498.33 3.9495e+00  53584.112   1734.047 1559275634       0.32     -0.592   39.24169  -72.28110    34.8092  1026.5161    26.2645    12.2766 0.0000e+00
     55.000    12.1350    34.6153  1026.5130     2.4956     5.4080     89.046    0.00442    6.07331    6.07300      8.098     0.0763   11.00414   3.972771 -9.990e-29    26.2658    26.2644 1.0000e-12     55.425          1      41661    1497.74 3.9495e+00  53527.508   1735.851 1559275636      -0.34     -0.539   39.24170  -72.28108    34.7497  1026.4943    26.2471    12.1278 0.0000e+00
     54.000    12.0246    34.5838  1026.5054     2.4993     5.4104     89.051    0.00278    6.07565    6.07536      8.096     0.0802   11.00815   3.959597 2.5320e-11    26.2625    26.2611 1.0000e-12     54.426          1      41693    1497.31 3.9495e+00  53501.123   1737.155 1559275637       0.03     -0.767   39.24170  -72.28108    34.7241  1026.4913    26.2484    12.0175 0.0000e+00
     53.000    11.9577    34.5541  1026.4905     2.5005     5.4162     88.898    0.00068    6.09259    6.09249      8.094     0.0863   11.03674   3.950855 2.5320e-11    26.2521    26.2508 1.0000e-12     53.404          1      41741    1497.03 3.9495e+00  53469.935   1739.184 1559275639       0.05     -0.439   39.24170  -72.28108    34.7013  1026.4819    26.2434    11.9508 0.0000e+00
     52.000    11.9453    34.5432  1026.4799     2.4976     5.3920     88.469   -0.00250    6.09480    6.09471      8.094     0.0804   11.04054   3.948530 2.5320e-11    26.2459    26.2446 1.0000e-12     52.406          1      41770    1496.96 3.9495e+00  53455.979   1740.392 1559275640      -0.31     -0.711   39.24170  -72.28106    34.6905  1026.4714    26.2375    11.9385 0.0000e+00
     51.000    11.8485    34.5052  1026.4643     2.5017     5.4219     89.029    0.00173    6.09004    6.08989      8.094     0.1044   11.03277   3.935225 2.5320e-11    26.2348    26.2335 1.0000e-12     51.399          1      41808    1496.56 3.9495e+00  53418.683   1741.943 1559275642       0.19     -0.702   39.24170  -72.28106    34.6506  1026.4544    26.2248    11.8419 0.0000e+00
     50.000    11.8224    34.4789  1026.4444     2.5062     5.4322     89.270    0.00228    6.08522    6.08498      8.094     0.1206   11.02498   3.930874 2.5320e-11    26.2192    26.2180 1.0000e-12     50.389          1      41854    1496.43 3.9495e+00  53385.566   1743.856 1559275644      -0.13     -0.509   39.24170  -72.28104    34.6325  1026.4408    26.2157    11.8160 0.0000e+00
     49.000    11.8781    34.4717  1026.4237     2.5086     5.4281     89.274    0.00128    6.08031    6.08000      8.094     0.1613   11.01714   3.935889 2.5320e-11    26.2031    26.2019 1.0000e-12     49.379          1      41896    1496.59 3.9495e+00  53366.134   1745.620 1559275646       0.06     -0.580   39.24170  -72.28104    34.6304  1026.4242    26.2036    11.8717 0.0000e+00
     48.000    11.8957    34.4544  1026.4023     2.5173     5.4627     90.012    0.00521    6.06893    6.06845      8.094     0.2020   10.99844   3.935496 -9.990e-29    26.1863    26.1851 1.0000e-12     48.367          1      41932    1496.61 3.9495e+00  53338.574   1747.116 1559275647      -0.23     -0.607   39.24170  -72.28102    34.6106  1026.4010    26.1849    11.8895 0.0000e+00
     47.000    11.9210    34.4377  1026.3800     2.5254     5.4947     90.560    0.00732    6.06745    6.06695      8.094     0.2444   10.99610   3.936648 -9.990e-29    26.1685    26.1673 1.0000e-12     47.373          1      41956    1496.66 3.9495e+00  53310.739   1748.141 1559275648      -0.18     -0.897   39.24170  -72.28102    34.5987  1026.3825    26.1710    11.9150 0.0000e+00
     46.000    12.0189    34.4217  1026.3444     2.5431     5.5668     91.562    0.00973    6.07983    6.07945      8.098     0.3713   11.01710   3.944732 2.5320e-11    26.1374    26.1363 1.0000e-12     46.358          1      41999    1496.96 3.9495e+00  53272.328   1749.916 1559275650       0.24     -0.617   39.24171  -72.28102    34.5874  1026.3506    26.1437    12.0129 0.0000e+00
     45.000    12.0384    34.4006  1026.3198     2.5633     5.6360     92.510    0.01032    6.09231    6.09207      8.099     0.5023   11.03816   3.943606 2.5320e-11    26.1174    26.1162 1.0000e-12     45.347          1      42046    1496.99 3.9495e+00  53239.497   1751.887 1559275652      -0.11     -0.508   39.24172  -72.28100    34.5588  1026.3202    26.1178    12.0326 0.0000e+00
     44.000    11.9319    34.3490  1026.2955     2.5721     5.6467     92.614    0.00722    6.09704    6.09685      8.099     0.5404   11.04614   3.927858 2.5320e-11    26.0974    26.0963 1.0000e-12     44.343          1      42081    1496.55 3.9495e+00  53183.928   1753.322 1559275653      -0.11     -0.672   39.24172  -72.28100    34.5038  1026.2935    26.0954    11.9262 0.0000e+00
     43.000    11.8819    34.3315  1026.2869     2.5795     5.6605     92.699    0.00467    6.10637    6.10629      8.099     0.5978   11.06184   3.921525 2.5320e-11    26.0932    26.0922 1.0000e-12     43.333          1      42118    1496.34 3.9495e+00  53167.172   1754.872 1559275655       0.08     -0.671   39.24172  -72.28100    34.4885  1026.2866    26.0930    11.8764 0.0000e+00
     42.000    11.8403    34.3153  1026.2777     2.5840     5.6766     92.753    0.00321    6.12006    6.12012      8.100     0.6502   11.08487   3.915718 -9.990e-29    26.0885    26.0875 1.0000e-12     42.325          1      42157    1496.16 3.9495e+00  53150.724   1756.498 1559275657      -0.01     -0.620   39.24172  -72.28098    34.4705  1026.2760    26.0869    11.8349 0.0000e+00
     41.000    11.7808    34.2940  1026.2679     2.5864     5.6692     92.662    0.00111    6.11816    6.11820      8.100     0.8323   11.08182   3.907803 2.5320e-11    26.0832    26.0822 1.0000e-12     41.316          1      42191    1495.91 3.9495e+00  53130.401   1757.900 1559275658      -0.14     -0.670   39.24172  -72.28097    34.4484  1026.2656    26.0809    11.7755 0.0000e+00
     40.000    11.6998    34.2667  1026.2573     2.5949     5.7157     93.398    0.00511    6.11971    6.11976      8.100     1.0100   11.08449   3.897160 8.0589e+04    26.0770    26.0761 1.0000e-12     40.316          1      42222    1495.58 7.2114e-01  53104.908   1759.212 1559275659       0.07     -0.786   39.24172  -72.28096    34.4192  1026.2538    26.0735    11.6947 0.0000e+00
     39.000    11.7028    34.2526  1026.2413     2.6062     5.7472     93.966    0.00591    6.11626    6.11625      8.102     1.3008   11.07904   3.896630 1.0714e+04    26.0655    26.0645 1.0000e-12     39.297          1      42269    1495.56 3.3813e+00  53084.149   1761.183 1559275661       0.06     -0.475   39.24172  -72.28096    34.4116  1026.2428    26.0671    11.6978 0.0000e+00
     38.000    11.6867    34.2388  1026.2291     2.6233     5.8057     95.067    0.00970    6.10697    6.10683      8.104     1.4592   11.06367   3.893252 1.3777e+02    26.0578    26.0569 1.0000e-12     38.296          1      42302    1495.47 3.9429e+00  53067.194   1762.550 1559275663      -0.20     -0.683   39.24172  -72.28095    34.3937  1026.2275    26.0562    11.6818 0.0000e+00
     37.000    11.7254    34.2234  1026.2052     2.6557     5.9497     97.510    0.02073    6.10170    6.10149      8.108     1.4791   11.05502   3.896295 2.5320e-11    26.0385    26.0376 1.0000e-12     37.287          1      42338    1495.57 3.9495e+00  53038.714   1764.058 1559275664       0.12     -0.701   39.24172  -72.28094    34.3882  1026.2114    26.0447    11.7207 0.0000e+00
     36.000    11.8022    34.2208  1026.1843     2.6861     6.0299     98.812    0.02016    6.10241    6.10220      8.111     1.4550   11.05632   3.903170 2.5320e-11    26.0221    26.0212 1.0000e-12     36.278          1      42375    1495.81 3.9495e+00  53022.019   1765.602 1559275666      -0.09     -0.629   39.24173  -72.28093    34.3852  1026.1902    26.0280    11.7975 0.0000e+00
     35.000    11.8410    34.2138  1026.1670     2.7121     6.0797     99.708    0.01732    6.09749    6.09722      8.114     1.2759   11.04822   3.905942 2.7494e-11    26.0093    26.0085 1.0000e-12     35.273          1      42413    1495.92 3.9495e+00  53005.470   1767.153 1559275667       0.09     -0.668   39.24174  -72.28092    34.3769  1026.1719    26.0142    11.8365 0.0000e+00
     34.000    11.8438    34.2028  1026.1534     2.7376     6.1245    100.517    0.01375    6.09299    6.09264      8.118     1.1975   11.04094   3.905136 2.5232e-11    26.0003    25.9994 1.0000e-12     34.259          1      42456    1495.90 3.9495e+00  52989.158   1768.962 1559275669      -0.08     -0.524   39.24174  -72.28092    34.3669  1026.1591    26.0060    11.8394 0.0000e+00
     33.000    11.8889    34.1985  1026.1370     2.7620     6.2031    101.811    0.01614    6.09283    6.09247      8.123     1.0026   11.04090   3.909139 2.5320e-11    25.9884    25.9876 1.0000e-12     33.258          1      42491    1496.04 3.9495e+00  52975.326   1770.400 1559275670       0.01     -0.690   39.24174  -72.28090    34.3648  1026.1445    25.9959    11.8847 0.0000e+00
     32.000    11.9157    34.1801  1026.1131     2.7966     6.2942    103.660    0.01963    6.07190    6.07127      8.126     0.9187   11.00632   3.909171 2.5320e-11    25.9690    25.9682 1.0000e-12     32.240          1      42533    1496.09 3.9495e+00  52945.008   1772.158 1559275672      -0.01     -0.538   39.24174  -72.28090    34.3408  1026.1163    25.9723    11.9116 0.0000e+00
     31.000    11.9077    34.1624  1026.0964     2.8169     6.3406    104.567    0.01968    6.06363    6.06290      8.126     0.9483   10.99246   3.907255 2.5320e-11    25.9567    25.9560 1.0000e-12     31.242          1      42560    1496.02 3.9495e+00  52921.002   1773.311 1559275673      -0.23     -0.775   39.24174  -72.28090    34.3299  1026.1049    25.9653    11.9037 0.0000e+00
     30.000    12.0554    34.1626  1026.0639     2.8362     6.3404    104.866    0.01346    6.04627    6.04529      8.129     0.7547   10.96417   3.921623 2.5320e-11    25.9289    25.9281 1.0000e-12     30.235          1      42598    1496.51 3.9495e+00  52897.451   1774.887 1559275675       0.18     -0.693   39.24174  -72.28088    34.3347  1026.0761    25.9411    12.0515 0.0000e+00
