CalculateIndicators/WaterTemperature/Data/CTD_NYOS/NYBOS_20190530_6_5.cnv
* Sea-Bird SBE 9 Data File:
* FileName = C:\Seabird 9 CTD\Data\2019\201905_offshore\NYBOS_20190530_6_5.hex
* Software Version Seasave V 7.23.2
* Temperature SN = 4590
* Conductivity SN = 3228
* Number of Bytes Per Scan = 44
* Number of Voltage Words = 5
* Number of Scans Averaged by the Deck Unit = 1
* NMEA Latitude = 39 07.87 N
* NMEA Longitude = 072 56.80 W
* NMEA UTC (Time) = May 30 2019  15:47:19
* NMEA baud rate = 4800
** Ship: Seawolf
** Station: 6_5
** Operator: AJB
# nquan = 35
# nvalues = 146                         
# units = specified
# name 0 = depSM: Depth [salt water, m]
# name 1 = t090C: Temperature [ITS-90, deg C]
# name 2 = sal00: Salinity, Practical [PSU]
# name 3 = density00: Density [density, kg/m^3]
# name 4 = sbeox0V: Oxygen raw, SBE 43 [V]
# name 5 = sbeox0ML/L: Oxygen, SBE 43 [ml/l]
# name 6 = sbeox0PS: Oxygen, SBE 43 [% saturation]
# name 7 = sbox0dV/dT: Oxygen, SBE 43 [dov/dt]
# name 8 = oxsolML/L: Oxygen Saturation, Garcia & Gordon [ml/l]
# name 9 = oxsatML/L: Oxygen Saturation, Weiss [ml/l]
# name 10 = ph: pH
# name 11 = flECO-AFL: Fluorescence, WET Labs ECO-AFL/FL [mg/m^3]
# name 12 = n2satML/L: Nitrogen Saturation [ml/l]
# name 13 = c0S/m: Conductivity [S/m]
# name 14 = cpar: CPAR/Corrected Irradiance [%]
# name 15 = sigma-é00: Density [sigma-theta, kg/m^3]
# name 16 = sigma-t00: Density [sigma-t, kg/m^3 ]
# name 17 = par: PAR/Irradiance, Biospherical/Licor
# name 18 = prDM: Pressure, Digiquartz [db]
# name 19 = pumps: Pump Status
# name 20 = scan: Scan Count
# name 21 = svCM: Sound Velocity [Chen-Millero, m/s]
# name 22 = spar: SPAR, Biospherical/Licor
# name 23 = specc: Specific Conductance [uS/cm]
# name 24 = timeS: Time, Elapsed [seconds]
# name 25 = timeY: Time, System [seconds]
# name 26 = accM: Acceleration [m/s^2]
# name 27 = dz/dtM: Descent Rate [m/s]
# name 28 = latitude: Latitude [deg]
# name 29 = longitude: Longitude [deg]
# name 30 = gsw_saA0: Absolute Salinity [g/kg]
# name 31 = gsw_densityA0: density, TEOS-10 [density, kg/m^3]
# name 32 = gsw_sigma0A0: density, TEOS-10 [sigma-0, kg/m^3 ]
# name 33 = gsw_ptA0: potential temperature [ITS-90, deg C]
# name 34 = flag: flag
# span 0 =      1.000,     74.000       
# span 1 =     7.6794,    14.5693       
# span 2 =    32.4054,    33.8021       
# span 3 =  1024.0754,  1026.4391       
# span 4 =     2.4585,     3.0239       
# span 5 =     5.6548,     7.2577       
# span 6 =     86.869,    112.558       
# span 7 =   -0.03685,    0.02842       
# span 8 =    5.82526,    6.71973       
# span 9 =    5.82051,    6.72746       
# span 10 =      7.974,      8.119      
# span 11 =    -0.0194,     2.5470      
# span 12 =   10.61701,   12.08713      
# span 13 =   3.440770,   3.967012      
# span 14 = 3.3629e-03, 4.0356e+01      
# span 15 =    24.0664,    26.1020      
# span 16 =    24.0663,    26.1006      
# span 17 = 6.7171e-02, 8.2936e+02      
# span 18 =      1.037,     74.575      
# span 19 =          1,          1      
# span 20 =       1348,      16112      
# span 21 =    1480.10,    1502.31      
# span 22 = 1.8073e+03, 2.5251e+03      
# span 23 =  50116.679,  52884.489      
# span 24 =     56.142,    671.275      
# span 25 = 1559231295, 1559231910      
# span 26 =      -0.39,       0.44      
# span 27 =     -1.027,      0.983      
# span 28 =   39.13013,   39.13113      
# span 29 =  -72.94996,  -72.94705      
# span 30 =    32.5574,    33.9630      
# span 31 =  1024.0835,  1026.4428      
# span 32 =    24.0746,    26.1057      
# span 33 =     7.6742,    14.5691      
# span 34 = 0.0000e+00, 0.0000e+00      
# interval = meters: 1                  
# start_time = May 30 2019 15:47:18 [System UTC, first data scan.]
# bad_flag = -9.990e-29
*END*
[from data line 83]
     64.000     8.6961    33.5989  1026.3625     2.4706     5.7697     87.617   -0.00018    6.58523    6.59118      7.999     0.0580   11.86226   3.555491 2.1500e-02    26.0695    26.0685 4.7421e-01     64.497          1       6741    1484.41 2.2060e+03  52764.333    280.833 1559231519       0.03     -0.277   39.13070  -72.94816    33.7514  1026.3601    26.0672     8.6895 0.0000e+00
     63.000     8.5344    33.5695  1026.3599     2.4724     5.7828     87.783    0.00065    6.58758    6.59355 -9.990e-29     0.0644   11.86630   3.537831 2.4789e-02    26.0713    26.0703 5.5941e-01     63.492          1       6820    1483.75 2.2546e+03  52759.047    284.134 1559231522       0.06     -0.267   39.13068  -72.94818    33.7195  1026.3555    26.0669     8.5279 0.0000e+00
     62.000     8.4887    33.5520  1026.3486     2.4697     5.7799     87.449   -0.00125    6.60945    6.61571      7.999     0.0637   11.90286   3.532371 2.8364e-02    26.0645    26.0635 6.7416e-01     62.482          1       6944    1483.55 2.3769e+03  52743.940    289.303 1559231528      -0.05     -0.223   39.13068  -72.94821    33.7058  1026.3473    26.0632     8.4823 0.0000e+00
     61.000     8.3627    33.5222  1026.3399     2.4694     5.8031     87.534   -0.00031    6.62947    6.63600      7.997     0.0545   11.93627   3.517830 3.1787e-02    26.0602    26.0593 7.6727e-01     61.476          1       7016    1483.02 2.4129e+03  52730.587    292.274 1559231531      -0.02     -0.304   39.13068  -72.94822    33.6723  1026.3357    26.0560     8.3564 0.0000e+00
     60.000     8.1922    33.4845  1026.3315     2.4649     5.8048     87.240   -0.00112    6.65375    6.66060      7.996     0.0676   11.97683   3.498808 3.6072e-02    26.0561    26.0552 8.9670e-01     60.467          1       7121    1482.31 2.4848e+03  52716.341    296.669 1559231535      -0.03     -0.220   39.13066  -72.94824    33.6332  1026.3263    26.0510     8.1861 0.0000e+00
     59.000     8.0710    33.4519  1026.3195     2.4657     5.8244     87.375   -0.00011    6.66601    6.67302      7.994     0.0622   11.99737   3.485102 4.0841e-02    26.0485    26.0476 1.0313e+00     59.459          1       7218    1481.80 2.5251e+03  52698.349    300.693 1559231539      -0.03     -0.280   39.13066  -72.94826    33.6033  1026.3165    26.0455     8.0651 0.0000e+00
     58.000     7.9944    33.4280  1026.3075     2.4648     5.8279     87.379    0.00030    6.66965    6.67670      7.989     0.0616   12.00351   3.476126 4.6328e-02    26.0410    26.0401 1.1204e+00     58.454          1       7635    1481.46 2.4199e+03  52682.201    318.098 1559231556      -0.08     -0.178   39.13062  -72.94834    33.5810  1026.3058    26.0393     7.9887 0.0000e+00
     57.000     7.9497    33.4128  1026.2975     2.4623     5.8328     87.180   -0.00034    6.69050    6.69783      7.978 -9.990e-29   12.03831   3.471002 4.8421e-02    26.0356    26.0348 9.3505e-01     57.444          1       9532    1481.26 1.9317e+03  52670.773    397.133 1559231636      -0.09     -0.347   39.13046  -72.94870    33.5694  1026.2987    26.0368     7.9440 0.0000e+00
     56.000     7.8722    33.3994  1026.2938     2.4585     5.8369     86.869   -0.00160    6.71921    6.72694      7.978     0.0643   12.08613   3.462336 5.3575e-02    26.0363    26.0355 1.0269e+00     56.433          1       9649    1480.93 1.9167e+03  52669.996    402.009 1559231640      -0.03     -0.353   39.13046  -72.94873    33.5511  1026.2911    26.0337     7.8667 0.0000e+00
     55.000     7.7320    33.3724  1026.2884     2.4611     5.8637     87.260    0.00092    6.71973    6.72746      7.977     0.0697   12.08713   3.446962 5.9680e-02    26.0353    26.0345 1.1370e+00     55.429          1       9702    1480.35 1.9054e+03  52665.530    404.204 1559231643       0.06     -0.442   39.13046  -72.94874    33.5206  1026.2830    26.0299     7.7267 0.0000e+00
     54.000     7.6794    33.3493  1026.2733     2.4626     5.8513     87.166   -0.00036    6.71282    6.72044      7.976     0.0781   12.07573   3.440770 6.7586e-02    26.0247    26.0240 1.2867e+00     54.418          1       9809    1480.10 1.9036e+03  52645.043    408.653 1559231647      -0.10     -0.160   39.13044  -72.94876    33.5048  1026.2737    26.0251     7.6742 0.0000e+00
     53.000     7.7134    33.3502  1026.2645     2.4634     5.8555     87.285    0.00051    6.70842    6.71598      7.975     0.1116   12.06841   3.444028 7.3965e-02    26.0206    26.0198 1.4089e+00     53.412          1       9866    1480.22 1.9047e+03  52637.303    411.042 1559231649      -0.04     -0.476   39.13044  -72.94876    33.5078  1026.2665    26.0226     7.7083 0.0000e+00
     52.000     7.7465    33.3533  1026.2575     2.4658     5.8636     87.442    0.00106    6.70572    6.71324      7.974     0.1094   12.06393   3.447259 8.2465e-02    26.0182    26.0175 1.5703e+00     52.405          1       9925    1480.33 1.9041e+03  52632.672    413.494 1559231652       0.07     -0.398   39.13044  -72.94878    33.5114  1026.2599    26.0206     7.7414 0.0000e+00
     51.000     7.7705    33.3566  1026.2520     2.4701     5.8742     87.645    0.00129    6.70231    6.70979      7.974     0.1095   12.05826   3.449798 9.2509e-02    26.0173    26.0166 1.7745e+00     51.393          1      10002    1480.41 1.9181e+03  52630.842    416.723 1559231655      -0.14     -0.294   39.13044  -72.94880    33.5161  1026.2555    26.0209     7.7656 0.0000e+00
     50.000     7.7862    33.3592  1026.2471     2.4700     5.8617     87.498    0.00006    6.69926    6.70669      7.974     0.1218   12.05319   3.451348 1.0212e-01    26.0171    26.0164 1.9609e+00     50.390          1      10051    1480.46 1.9202e+03  52629.863    418.753 1559231657       0.04     -0.475   39.13042  -72.94880    33.5182  1026.2503    26.0203     7.7814 0.0000e+00
     49.000     7.8065    33.3615  1026.2414     2.4725     5.8709     87.699    0.00100    6.69441    6.70177      7.975     0.1308   12.04515   3.453423 1.1325e-01    26.0159    26.0153 2.1916e+00     49.381          1      10116    1480.52 1.9351e+03  52627.511    421.472 1559231660       0.02     -0.360   39.13042  -72.94881    33.5215  1026.2453    26.0199     7.8018 0.0000e+00
     48.000     7.8407    33.3651  1026.2346     2.4753     5.8712     87.805    0.00096    6.68663    6.69388      7.975     0.1488   12.03213   3.456779 1.2644e-01    26.0138    26.0131 2.4542e+00     48.372          1      10186    1480.64 1.9408e+03  52623.569    424.393 1559231663      -0.01     -0.346   39.13042  -72.94882    33.5254  1026.2387    26.0180     7.8360 0.0000e+00
     47.000     7.9000    33.3779  1026.2313     2.4856     5.8672     88.564    0.00402    6.62486    6.63120      7.974     0.1377   11.93000   3.464004 1.3959e-01    26.0152    26.0146 2.7333e+00     47.365          1      10258    1480.86 1.9579e+03  52626.783    427.389 1559231666       0.01     -0.331   39.13041  -72.94884    33.5465  1026.2420    26.0259     7.8954 0.0000e+00
     46.000     8.4040    33.3963  1026.1662     2.5018     5.8726     89.300    0.00440    6.57633    6.58203      7.974     0.1612   11.84891   3.511611 1.5623e-01    25.9552    25.9545 3.0703e+00     46.355          1      10357    1482.77 1.9654e+03  52531.940    431.518 1559231670      -0.02     -0.203   39.13040  -72.94886    33.5739  1026.1839    25.9730     8.3993 0.0000e+00
     45.000     8.6404    33.4557  1026.1717     2.5217     5.8992     90.289    0.00552    6.53367    6.53878      7.974     0.1887   11.77796   3.538364 1.7377e-01    25.9656    25.9649 3.3972e+00     45.349          1      10439    1483.71 1.9550e+03  52562.238    434.937 1559231673       0.02     -0.288   39.13040  -72.94888    33.6326  1026.1888    25.9827     8.6357 0.0000e+00
     44.000     9.0268    33.4939  1026.1364     2.5466     5.9566     91.255    0.00425    6.52736    6.53234      7.979     0.2616   11.76797   3.577240 1.9344e-01    25.9353    25.9346 3.7696e+00     44.340          1      10553    1485.18 1.9487e+03  52530.509    439.678 1559231678      -0.10     -0.208   39.13039  -72.94890    33.6751  1026.1569    25.9558     9.0221 0.0000e+00
     43.000     9.0169    33.4937  1026.1333     2.5561     5.9904     91.596    0.00337    6.54001    6.54517      7.983     0.3270   11.78886   3.573506 2.1571e-01    25.9367    25.9360 4.1648e+00     43.336          1      10616    1485.12 1.9312e+03  52531.573    442.301 1559231681      -0.12     -0.501   39.13038  -72.94892    33.6457  1026.1310    25.9344     9.0123 0.0000e+00
     42.000     8.6597    33.4005  1026.1118     2.5895     6.1319     92.696   -0.00034    6.61551    6.62166      7.999     0.4169   11.91510   3.532520 2.4138e-01    25.9193    25.9187 4.6112e+00     42.325          1      11440    1483.67 1.9104e+03  52477.515    476.634 1559231715      -0.02     -0.332   39.13033  -72.94908    33.5541  1026.1109    25.9186     8.6553 0.0000e+00
     41.000     8.5376    33.3700  1026.1020     2.5796     6.1158     91.692   -0.00550    6.66993    6.67679      8.000     0.3998   12.00613   3.516465 2.7203e-01    25.9140    25.9134 5.1724e+00     41.310          1      11566    1483.16 1.9014e+03  52461.546    481.881 1559231720      -0.39     -0.561   39.13032  -72.94910    33.5006  1026.0832    25.8953     8.5334 0.0000e+00
     40.000     8.2496    33.2968  1026.0836     2.5795     6.1379     92.088   -0.00172    6.66531    6.67209      8.000     0.3941   11.99853   3.482370 3.0383e-01    25.9000    25.8994 5.7519e+00     40.311          1      11583    1481.97 1.8933e+03  52423.732    482.582 1559231721      -0.29     -0.921   39.13032  -72.94910    33.4124  1026.0533    25.8697     8.2456 0.0000e+00
     39.000     8.0745    33.2690  1026.0834     2.5797     6.1388     92.283    0.00013    6.65214    6.65872      7.998     0.3909   11.97691   3.465814 3.4089e-01    25.9041    25.9036 6.3967e+00     39.307          1      11608    1481.26 1.8768e+03  52424.554    483.613 1559231722       0.05     -1.027   39.13032  -72.94911    33.4028  1026.0673    25.8881     8.0707 0.0000e+00
     38.000     8.0700    33.2471  1026.0622     2.5825     6.1289     92.508    0.00119    6.62530    6.63147      7.998     0.5074   11.93261   3.464538 3.8269e-01    25.8876    25.8870 7.1114e+00     38.297          1      11645    1481.20 1.8584e+03  52393.979    485.183 1559231724       0.24     -0.714   39.13032  -72.94912    33.3940  1026.0564    25.8818     8.0663 0.0000e+00
     37.000     8.2695    33.2290  1026.0136     2.6142     6.2676     95.227    0.01377    6.58196    6.58752      7.999     0.9005   11.86071   3.481910 4.3536e-01    25.8438    25.8432 8.1241e+00     37.288          1      11702    1481.91 1.8660e+03  52320.821    487.538 1559231726       0.07     -0.435   39.13032  -72.94912    33.3900  1026.0191    25.8492     8.2658 0.0000e+00
     36.000     8.6105    33.2463  1025.9710     2.6667     6.3884     97.962    0.01802    6.52119    6.52589      8.005     1.7508   11.76002   3.515159 5.1470e-01    25.8061    25.8055 9.5801e+00     36.272          1      11774    1483.19 1.8613e+03  52266.844    490.530 1559231729      -0.10     -0.297   39.13031  -72.94914    33.4200  1025.9863    25.8214     8.6068 0.0000e+00
     35.000     8.8307    33.2605  1025.9434     2.7005     6.5479     99.998    0.02292    6.54797    6.55298      8.009     1.9680   11.80516   3.536382 6.1752e-01    25.7831    25.7826 1.1428e+01     35.269          1      11806    1484.02 1.8509e+03  52237.436    491.877 1559231730      -0.26     -0.651   39.13030  -72.94915    33.4360  1025.9602    25.8000     8.8271 0.0000e+00
     34.000     8.9941    33.2698  1025.9204     2.7333     6.7020    101.925    0.02699    6.57536    6.58072      8.016     2.1565   11.85100   3.552341 7.6621e-01    25.7649    25.7643 1.4080e+01     34.268          1      11835    1484.61 1.8379e+03  52214.696    493.097 1559231731      -0.02     -0.825   39.13030  -72.94916    33.4499  1025.9409    25.7854     8.9905 0.0000e+00
     33.000     8.7716    33.1679  1025.8707     2.8120     6.9598    105.610    0.02842    6.59011    6.59564      8.027     2.3792   11.87590   3.519647 9.3925e-01    25.7196    25.7190 1.7311e+01     33.255          1      11900    1483.65 1.8429e+03  52118.422    495.807 1559231734       0.14     -0.338   39.13030  -72.94916    33.3165  1025.8669    25.7157     8.7682 0.0000e+00
     32.000     8.6196    33.1060  1025.8412     2.8693     7.0436    106.944    0.01693    6.58622    6.59163      8.035     2.2669   11.87024   3.500797 1.1711e+00    25.6946    25.6941 2.1603e+01     32.246          1      11970    1482.99 1.8449e+03  52063.533    498.706 1559231737      -0.09     -0.425   39.13030  -72.94918    33.2616  1025.8430    25.6964     8.6163 0.0000e+00
     31.000     8.6119    33.0769  1025.8150     2.8956     7.0550    107.772    0.01399    6.54622    6.55100      8.039     1.9779   11.80476   3.496924 1.4308e+00    25.6729    25.6724 2.6262e+01     31.237          1      12013    1482.91 1.8356e+03  52023.482    500.501 1559231739      -0.11     -0.549   39.13030  -72.94918    33.2284  1025.8137    25.6716     8.6087 0.0000e+00
     30.000     8.6853    33.0355  1025.7667     2.9239     7.1605    109.599    0.01949    6.53341    6.53799      8.042     1.9814   11.78371   3.500841 1.7112e+00    25.6293    25.6288 3.0919e+01     30.235          1      12047    1483.11 1.8073e+03  51948.187    501.928 1559231740      -0.04     -0.694   39.13030  -72.94919    33.2012  1025.7767    25.6392     8.6822 0.0000e+00
     29.000     9.0214    32.9785  1025.6653     2.9571     7.1800    110.106    0.01016    6.52095    6.52535      8.049     1.4889   11.76321   3.525595 1.9607e+00    25.5326    25.5321 3.6103e+01     29.224          1      12118    1484.28 1.8412e+03  51793.803    504.856 1559231743       0.07     -0.294   39.13029  -72.94921    33.1470  1025.6778    25.5451     9.0183 0.0000e+00
     28.000     9.1323    32.9672  1025.6343     2.9675     7.1508    109.838    0.00309    6.51036    6.51460      8.054     1.2186   11.74579   3.534170 2.2866e+00    25.5062    25.5058 4.2332e+01     28.217          1      12192    1484.65 1.8514e+03  51754.058    507.956 1559231746       0.03     -0.357   39.13028  -72.94922    33.1337  1025.6453    25.5173     9.1293 0.0000e+00
     27.000     9.3873    32.9527  1025.5774     2.9869     7.1264    110.697    0.00333    6.43819    6.44141      8.070     0.8790   11.62661   3.556103 2.6526e+00    25.4541    25.4536 5.0800e+01     27.210          1      12835    1485.56 1.9136e+03  51680.988    534.747 1559231773       0.02     -0.283   39.13026  -72.94935    33.1251  1025.5932    25.4698     9.3844 0.0000e+00
     26.000     9.9781    32.9070  1025.4406     3.0090     7.0634    111.782    0.00472    6.31883    6.32044      8.077     0.5961   11.42898   3.605327 3.0578e+00    25.3220    25.3215 5.9243e+01     26.197          1      13307    1487.64 1.9377e+03  51498.375    554.420 1559231793      -0.21     -0.318   39.13024  -72.94944    33.0875  1025.4631    25.3447     9.9752 0.0000e+00
     25.000    10.4257    32.9409  1025.3864     3.0103     7.0278    111.472    0.00094    6.30453    6.30595      8.079     0.5516   11.40542   3.649541 3.3989e+00    25.2728    25.2723 6.5646e+01     25.194          1      13345    1489.27 1.9314e+03  51463.589    555.994 1559231794       0.08     -0.361   39.13024  -72.94944    33.1278  1025.4139    25.3003    10.4228 0.0000e+00
     24.000    10.7496    32.9348  1025.3209     3.0216     7.0146    112.218    0.00359    6.25096    6.25164      8.079     0.4411   11.31722   3.677600 3.8217e+00    25.2120    25.2115 7.3814e+01     24.185          1      13434    1490.39 1.9315e+03  51396.456    559.703 1559231798      -0.01     -0.262   39.13022  -72.94947    33.1162  1025.3444    25.2355    10.7468 0.0000e+00
