CalculateIndicators/WaterTemperature/Data/CTD_NYOS/NYBOS_20190530_4_5.cnv
* Sea-Bird SBE 9 Data File:
* FileName = C:\Seabird 9 CTD\Data\2019\201905_offshore\NYBOS_20190530_4_5.hex
* Software Version Seasave V 7.23.2
* Temperature SN = 4590
* Conductivity SN = 3228
* Number of Bytes Per Scan = 44
* Number of Voltage Words = 5
* Number of Scans Averaged by the Deck Unit = 1
* NMEA Latitude = 39 31.50 N
* NMEA Longitude = 072 23.71 W
* NMEA UTC (Time) = May 31 2019  07:05:27
* NMEA baud rate = 4800
** Ship: Seawolf
** Station: 4_5
** Operator: LIS
# nquan = 35
# nvalues = 801                         
# units = specified
# name 0 = depSM: Depth [salt water, m]
# name 1 = t090C: Temperature [ITS-90, deg C]
# name 2 = sal00: Salinity, Practical [PSU]
# name 3 = density00: Density [density, kg/m^3]
# name 4 = sbeox0V: Oxygen raw, SBE 43 [V]
# name 5 = sbeox0ML/L: Oxygen, SBE 43 [ml/l]
# name 6 = sbeox0PS: Oxygen, SBE 43 [% saturation]
# name 7 = sbox0dV/dT: Oxygen, SBE 43 [dov/dt]
# name 8 = oxsolML/L: Oxygen Saturation, Garcia & Gordon [ml/l]
# name 9 = oxsatML/L: Oxygen Saturation, Weiss [ml/l]
# name 10 = ph: pH
# name 11 = flECO-AFL: Fluorescence, WET Labs ECO-AFL/FL [mg/m^3]
# name 12 = n2satML/L: Nitrogen Saturation [ml/l]
# name 13 = c0S/m: Conductivity [S/m]
# name 14 = cpar: CPAR/Corrected Irradiance [%]
# name 15 = sigma-é00: Density [sigma-theta, kg/m^3]
# name 16 = sigma-t00: Density [sigma-t, kg/m^3 ]
# name 17 = par: PAR/Irradiance, Biospherical/Licor
# name 18 = prDM: Pressure, Digiquartz [db]
# name 19 = pumps: Pump Status
# name 20 = scan: Scan Count
# name 21 = svCM: Sound Velocity [Chen-Millero, m/s]
# name 22 = spar: SPAR, Biospherical/Licor
# name 23 = specc: Specific Conductance [uS/cm]
# name 24 = timeS: Time, Elapsed [seconds]
# name 25 = timeY: Time, System [seconds]
# name 26 = accM: Acceleration [m/s^2]
# name 27 = dz/dtM: Descent Rate [m/s]
# name 28 = latitude: Latitude [deg]
# name 29 = longitude: Longitude [deg]
# name 30 = gsw_saA0: Absolute Salinity [g/kg]
# name 31 = gsw_densityA0: density, TEOS-10 [density, kg/m^3]
# name 32 = gsw_sigma0A0: density, TEOS-10 [sigma-0, kg/m^3 ]
# name 33 = gsw_ptA0: potential temperature [ITS-90, deg C]
# name 34 = flag: flag
# span 0 =      1.000,    401.000       
# span 1 =     7.0765,    14.2554       
# span 2 =    32.3110,    35.6483       
# span 3 =  1024.0795,  1029.3483       
# span 4 =     1.6400,     3.0606       
# span 5 =     3.0787,     7.2604       
# span 6 =     50.923,    115.049       
# span 7 =   -0.05008,    0.05331       
# span 8 =    5.85373,    6.76638       
# span 9 =    5.85134,    6.77450       
# span 10 =      7.908,     15.247      
# span 11 =    -0.0660,     2.4255      
# span 12 =   10.62929,   12.16755      
# span 13 =   3.392218,   4.206079      
# span 14 = -1.034e+04, 1.1386e+05      
# span 15 =    24.0645,    27.5077      
# span 16 =    24.0643,    27.5023      
# span 17 = -5.082e-04, 1.6697e-01      
# span 18 =      1.026,    404.468      
# span 19 =          1,          1      
# span 20 =        291,      39584      
# span 21 =    1478.52,    1504.47      
# span 22 = -6.038e-01, 4.3781e+00      
# span 23 =  50023.371,  55562.724      
# span 24 =     12.080,   1649.302      
# span 25 = 1559286338, 1559287975      
# span 26 =      -0.91,       0.68      
# span 27 =     -1.121,      1.007      
# span 28 =   39.52429,   39.52498      
# span 29 =  -72.39512,  -72.39195      
# span 30 =    32.4941,    35.8225      
# span 31 =  1024.0900,  1029.3520      
# span 32 =    24.0854,    27.5113      
# span 33 =     7.0376,    14.2553      
# span 34 = 0.0000e+00, 0.0000e+00      
# interval = meters: 1                  
# start_time = May 31 2019 07:05:26 [System UTC, first data scan.]
# bad_flag = -9.990e-29
*END*
[from data line 415]
    386.000     7.3034    35.1299  1029.2537     1.8275     4.0913     61.090   -0.00065    6.69719    6.70668      9.120    -0.0398   12.02827   3.586249 2.5320e-11    27.4837    27.4782 1.0000e-12    389.333          1      22310    1486.39 3.9495e+00  55502.413    929.561 1559287255      -0.11     -0.572   39.52454  -72.39338    35.3008  1029.2592    27.4892     7.2654 0.0000e+00
    385.000     7.3109    35.1299  1029.2480     1.8271     4.0925     61.130   -0.00015    6.69474    6.70418      9.101    -0.0353   12.02422   3.586865 -9.990e-29    27.4827    27.4772 1.0000e-12    388.315          1      22358    1486.40 3.9495e+00  55499.707    931.547 1559287257       0.06     -0.499   39.52452  -72.39338    35.3004  1029.2531    27.4878     7.2730 0.0000e+00
    384.000     7.3185    35.1309  1029.2431     1.8272     4.0890     61.104   -0.00016    6.69189    6.70130      9.079    -0.0444   12.01951   3.587631 2.5320e-11    27.4823    27.4769 1.0000e-12    387.314          1      22397    1486.42 3.9495e+00  55498.255    933.175 1559287259       0.05     -0.610   39.52452  -72.39338    35.3016  1029.2483    27.4876     7.2806 0.0000e+00
    383.000     7.3369    35.1318  1029.2364     1.8256     4.0796     60.977   -0.00062    6.69042    6.69980      9.082    -0.0526   12.01707   3.589420 2.5320e-11    27.4804    27.4750 1.0000e-12    386.285          1      22448    1486.47 3.9495e+00  55493.640    935.293 1559287261      -0.14     -0.361   39.52452  -72.39338    35.3030  1029.2420    27.4861     7.2991 0.0000e+00
    382.000     7.3488    35.1325  1029.2305     1.8246     4.0723     60.872   -0.00102    6.68996    6.69933      9.124    -0.0416   12.01630   3.590542 2.5320e-11    27.4792    27.4738 1.0000e-12    385.302          1      22469    1486.50 3.9495e+00  55490.500    936.168 1559287262      -0.48     -0.823   39.52452  -72.39338    35.3037  1029.2363    27.4850     7.3110 0.0000e+00
    381.000     7.3580    35.1331  1029.2251     1.8234     4.0714     60.870   -0.00051    6.68861    6.69796      9.108    -0.0365   12.01408   3.591334 2.5320e-11    27.4784    27.4730 1.0000e-12    384.278          1      22521    1486.52 3.9495e+00  55488.204    938.343 1559287264       0.29     -0.469   39.52452  -72.39338    35.3034  1029.2300    27.4834     7.3203 0.0000e+00
    380.000     7.3641    35.1337  1029.2200     1.8226     4.0687     60.834   -0.00042    6.68821    6.69755      9.112    -0.0338   12.01340   3.591909 -9.990e-29    27.4780    27.4726 1.0000e-12    383.279          1      22560    1486.53 3.9495e+00  55486.675    939.943 1559287266      -0.33     -0.659   39.52452  -72.39338    35.3041  1029.2251    27.4831     7.3265 0.0000e+00
    379.000     7.3705    35.1340  1029.2147     1.8212     4.0602     60.713   -0.00083    6.68754    6.69688      9.078    -0.0389   12.01231   3.592450 2.5320e-11    27.4772    27.4719 1.0000e-12    382.257          1      22603    1486.54 3.9495e+00  55484.496    941.767 1559287267       0.21     -0.586   39.52452  -72.39338    35.3039  1029.2193    27.4820     7.3330 0.0000e+00
    378.000     7.3718    35.1343  1029.2101     1.8205     4.0597     60.704   -0.00058    6.68768    6.69701      9.131    -0.0468   12.01253   3.592524 2.5320e-11    27.4773    27.4719 1.0000e-12    381.259          1      22637    1486.52 3.9495e+00  55483.875    943.170 1559287269      -0.16     -0.689   39.52452  -72.39338    35.3039  1029.2146    27.4818     7.3344 0.0000e+00
    377.000     7.3759    35.1341  1029.2048     1.8205     4.0618     60.757   -0.00005    6.68532    6.69462      9.146    -0.0391   12.00864   3.592834 2.5320e-11    27.4766    27.4712 1.0000e-12    380.243          1      22687    1486.52 3.9495e+00  55481.807    945.253 1559287271       0.16     -0.490   39.52452  -72.39338    35.3036  1029.2091    27.4810     7.3386 0.0000e+00
    376.000     7.3768    35.1349  1029.2007     1.8212     4.0628     60.836    0.00044    6.67837    6.68755      9.152    -0.0387   11.99716   3.592974 4.4446e+03    27.4770    27.4717 1.0000e-12    379.231          1      22739    1486.51 3.7301e+00  55481.922    947.402 1559287273      -0.05     -0.480   39.52452  -72.39338    35.3048  1029.2054    27.4818     7.3395 0.0000e+00
    375.000     7.4054    35.1352  1029.1920     1.8195     4.0428     60.566   -0.00106    6.67503    6.68415      9.154    -0.0421   11.99165   3.595731 7.8106e+04    27.4732    27.4678 1.0000e-12    378.222          1      22774    1486.61 4.2407e-01  55473.659    948.882 1559287275      -0.24     -0.620   39.52452  -72.39338    35.3064  1029.1976    27.4789     7.3682 0.0000e+00
    374.000     7.4293    35.1352  1029.1837     1.8176     4.0307     60.414   -0.00150    6.67189    6.68096      9.155    -0.0442   11.98646   3.598004 9.8670e+04    27.4697    27.4643 1.0000e-12    377.221          1      22803    1486.68 2.0420e+00  55466.263    950.089 1559287276      -0.01     -0.832   39.52452  -72.39338    35.3074  1029.1902    27.4762     7.3921 0.0000e+00
    373.000     7.4630    35.1343  1029.1733     1.8141     4.0156     60.197   -0.00187    6.67072    6.67979      9.164    -0.0398   11.98451   3.600979 -9.990e-29    27.4641    27.4588 1.0000e-12    376.205          1      22848    1486.79 3.5298e+00  55454.991    951.957 1559287278       0.14     -0.550   39.52452  -72.39338    35.3062  1029.1796    27.4705     7.4258 0.0000e+00
    372.000     7.4822    35.1365  1029.1675     1.8106     4.0023     60.022   -0.00187    6.66806    6.67708      9.166 -9.990e-29   11.98011   3.602814 2.5320e-11    27.4631    27.4577 1.0000e-12    375.195          1      22894    1486.85 3.9583e+00  55452.040    953.872 1559287280      -0.06     -0.524   39.52452  -72.39338    35.3072  1029.1729    27.4685     7.4451 0.0000e+00
    371.000     7.4938    35.1385  1029.1627     1.8094     4.0058     60.101   -0.00070    6.66523    6.67421      9.162    -0.0387   11.97542   3.604067 2.5320e-11    27.4629    27.4576 1.0000e-12    374.188          1      22940    1486.88 3.9495e+00  55450.966    955.794 1559287281       0.08     -0.524   39.52452  -72.39338    35.3097  1029.1684    27.4687     7.4567 0.0000e+00
    370.000     7.5092    35.1405  1029.1574     1.8080     3.9992     60.020   -0.00076    6.66307    6.67201      9.162    -0.0515   11.97184   3.605661 2.5320e-11    27.4623    27.4569 1.0000e-12    373.168          1      22988    1486.93 3.9495e+00  55448.973    957.781 1559287283      -0.24     -0.454   39.52452  -72.39338    35.3120  1029.1633    27.4683     7.4722 0.0000e+00
    369.000     7.5221    35.1405  1029.1508     1.8070     3.9954     59.973   -0.00073    6.66199    6.67092      9.159    -0.0498   11.97007   3.606801 2.5320e-11    27.4604    27.4550 1.0000e-12    372.174          1      23012    1486.96 3.9495e+00  55444.576    958.810 1559287284      -0.27     -0.831   39.52452  -72.39338    35.3117  1029.1565    27.4662     7.4852 0.0000e+00
    368.000     7.5361    35.1408  1029.1443     1.8048     3.9837     59.813   -0.00108    6.66016    6.66905      9.163    -0.0341   11.96702   3.608047 -9.990e-29    27.4586    27.4532 1.0000e-12    371.159          1      23059    1486.99 3.9495e+00  55440.471    960.752 1559287286       0.24     -0.555   39.52452  -72.39338    35.3116  1029.1497    27.4641     7.4992 0.0000e+00
    367.000     7.5473    35.1419  1029.1389     1.8030     3.9777     59.740   -0.00093    6.65834    6.66721      9.149    -0.0484   11.96403   3.609134 2.5320e-11    27.4579    27.4525 1.0000e-12    370.145          1      23107    1487.02 3.9495e+00  55438.322    962.751 1559287288      -0.35     -0.487   39.52452  -72.39336    35.3126  1029.1442    27.4632     7.5105 0.0000e+00
    366.000     7.5558    35.1421  1029.1331     1.8011     3.9679     59.602   -0.00131    6.65734    6.66619      9.152    -0.0217   11.96237   3.609903 2.5320e-11    27.4568    27.4514 1.0000e-12    369.144          1      23136    1487.04 3.9495e+00  55435.571    963.955 1559287290      -0.07     -0.807   39.52451  -72.39336    35.3129  1029.1386    27.4622     7.5191 0.0000e+00
    365.000     7.5700    35.1422  1029.1265     1.7984     3.9563     59.475   -0.00117    6.65204    6.66081      9.149    -0.0425   11.95361   3.611166 2.5320e-11    27.4548    27.4494 1.0000e-12    368.127          1      23192    1487.08 3.9495e+00  55431.122    966.271 1559287292       0.19     -0.412   39.52450  -72.39336    35.3127  1029.1317    27.4600     7.5333 0.0000e+00
    364.000     7.5818    35.1435  1029.1211     1.7970     3.9542     59.502   -0.00036    6.64553    6.65418      9.147    -0.0392   11.94285   3.612335 -9.990e-29    27.4541    27.4487 1.0000e-12    367.113          1      23236    1487.11 3.9495e+00  55429.026    968.123 1559287294      -0.56     -0.501   39.52450  -72.39336    35.3140  1029.1262    27.4593     7.5452 0.0000e+00
    363.000     7.6034    35.1431  1029.1129     1.7944     3.9322     59.185   -0.00190    6.64396    6.65259      9.146    -0.0414   11.94025   3.614495 -9.990e-29    27.4506    27.4453 1.0000e-12    366.125          1      23258    1487.17 3.9495e+00  55421.876    969.040 1559287295      -0.29     -0.966   39.52450  -72.39336    35.3161  1029.1200    27.4578     7.5669 0.0000e+00
    362.000     7.6507    35.1448  1029.1023     1.7881     3.9002     58.740   -0.00303    6.63978    6.64835      9.096    -0.0413   11.93337   3.618933 2.5320e-11    27.4450    27.4397 1.0000e-12    365.094          1      23310    1487.34 3.9495e+00  55410.725    971.214 1559287297       0.35     -0.440   39.52450  -72.39336    35.3169  1029.1088    27.4515     7.6141 0.0000e+00
    361.000     7.6732    35.1451  1029.0945     1.7845     3.8938     58.647   -0.00236    6.63931    6.64787      9.119    -0.0472   11.93259   3.621029 2.5320e-11    27.4420    27.4366 1.0000e-12    364.094          1      23347    1487.41 3.9495e+00  55404.382    972.737 1559287298      -0.21     -0.658   39.52450  -72.39336    35.3175  1029.1011    27.4487     7.6367 0.0000e+00
    360.000     7.6887    35.1444  1029.0869     1.7797     3.8748     58.379   -0.00265    6.63740    6.64593      8.982    -0.0262   11.92943   3.622266 2.5320e-11    27.4390    27.4337 1.0000e-12    363.086          1      23390    1487.45 3.9495e+00  55398.343    974.533 1559287300       0.13     -0.585   39.52450  -72.39336    35.3157  1029.0928    27.4450     7.6522 0.0000e+00
    359.000     7.6948    35.1457  1029.0825     1.7761     3.8680     58.344   -0.00147    6.62961    6.63801      8.815    -0.0396   11.91658   3.622857 2.5320e-11    27.4392    27.4339 1.0000e-12    362.066          1      23443    1487.46 3.9495e+00  55397.962    976.761 1559287302      -0.10     -0.411   39.52450  -72.39336    35.3164  1029.0878    27.4447     7.6584 0.0000e+00
    358.000     7.7141    35.1459  1029.0751     1.7745     3.8636     58.290   -0.00123    6.62821    6.63660      8.914    -0.0339   11.91423   3.624838 2.5320e-11    27.4366    27.4312 1.0000e-12    361.070          1      23474    1487.51 3.9495e+00  55392.382    978.052 1559287304      -0.13     -0.709   39.52450  -72.39336    35.3189  1029.0823    27.4438     7.6778 0.0000e+00
    357.000     7.7618    35.1457  1029.0629     1.7703     3.8406     57.983   -0.00207    6.62365    6.63196      8.718    -0.0393   11.90668   3.629111 2.5320e-11    27.4293    27.4240 1.0000e-12    360.048          1      23526    1487.68 3.9495e+00  55378.501    980.193 1559287306       0.17     -0.445   39.52450  -72.39336    35.3176  1029.0692    27.4357     7.7254 0.0000e+00
    356.000     7.7731    35.1487  1029.0589     1.7672     3.8304     57.842   -0.00198    6.62220    6.63049      8.693    -0.0412   11.90427   3.630451 -9.990e-29    27.4300    27.4247 1.0000e-12    359.050          1      23562    1487.71 3.9495e+00  55379.085    981.728 1559287307      -0.08     -0.646   39.52450  -72.39336    35.3212  1029.0657    27.4368     7.7368 0.0000e+00
    355.000     7.8045    35.1489  1029.0496     1.7639     3.8187     57.716   -0.00162    6.61638    6.62458      8.628    -0.0444   11.89467   3.633263 2.5320e-11    27.4255    27.4202 1.0000e-12    358.027          1      23613    1487.81 3.9495e+00  55370.210    983.823 1559287310       0.09     -0.442   39.52450  -72.39336    35.3204  1029.0555    27.4316     7.7683 0.0000e+00
    354.000     7.8073    35.1504  1029.0457     1.7623     3.8148     57.678   -0.00128    6.61404    6.62220      8.743    -0.0372   11.89081   3.633626 2.5320e-11    27.4263    27.4209 1.0000e-12    357.030          1      23642    1487.81 3.9495e+00  55370.960    985.058 1559287311      -0.26     -0.715   39.52450  -72.39336    35.3220  1029.0518    27.4324     7.7711 0.0000e+00
    353.000     7.8462    35.1507  1029.0353     1.7580     3.7935     57.369   -0.00212    6.61241    6.62055      8.749    -0.0355   11.88810   3.637336 2.5320e-11    27.4207    27.4153 1.0000e-12    356.017          1      23690    1487.94 3.9495e+00  55360.238    987.023 1559287313       0.20     -0.533   39.52450  -72.39334    35.3233  1029.0422    27.4277     7.8100 0.0000e+00
    352.000     7.8626    35.1520  1029.0292     1.7540     3.7795     57.192   -0.00193    6.60832    6.61639      8.767    -0.0256   11.88134   3.638813 -9.990e-29    27.4193    27.4139 1.0000e-12    355.007          1      23738    1487.98 3.9495e+00  55356.977    989.055 1559287315      -0.23     -0.513   39.52450  -72.39334    35.3232  1029.0350    27.4252     7.8265 0.0000e+00
    351.000     7.8770    35.1525  1029.0227     1.7523     3.7787     57.201   -0.00113    6.60592    6.61395      8.759    -0.0300   11.87737   3.640220 -9.990e-29    27.4175    27.4122 1.0000e-12    353.999          1      23777    1488.02 3.9495e+00  55353.309    990.655 1559287316       0.04     -0.641   39.52450  -72.39334    35.3244  1029.0291    27.4239     7.8410 0.0000e+00
    350.000     7.9019    35.1532  1029.0148     1.7508     3.7749     57.156   -0.00087    6.60464    6.61265      8.766    -0.0373   11.87525   3.642595 7.4999e+04    27.4143    27.4090 1.0000e-12    352.985          1      23818    1488.10 8.8685e-01  55346.929    992.362 1559287318      -0.03     -0.582   39.52450  -72.39334    35.3254  1029.0214    27.4210     7.8659 0.0000e+00
    349.000     7.9144    35.1524  1029.0076     1.7477     3.7570     56.896   -0.00180    6.60333    6.61132      8.789    -0.0362   11.87310   3.643555 3.3409e+04    27.4118    27.4065 1.0000e-12    351.981          1      23849    1488.13 2.4986e+00  55341.791    993.685 1559287319      -0.15     -0.714   39.52450  -72.39334    35.3237  1029.0136    27.4178     7.8785 0.0000e+00
    348.000     7.9252    35.1536  1029.0023     1.7412     3.7246     56.438   -0.00300    6.59941    6.60733      8.803    -0.0341   11.86663   3.644606 2.6829e+02    27.4112    27.4058 1.0000e-12    350.969          1      23900    1488.16 3.9378e+00  55340.025    995.775 1559287321       0.19     -0.480   39.52450  -72.39334    35.3246  1029.0080    27.4169     7.8894 0.0000e+00
    347.000     7.9424    35.1540  1028.9953     1.7346     3.6986     56.085   -0.00328    6.59448    6.60233      8.730    -0.0310   11.85846   3.646241 2.5320e-11    27.4089    27.4035 1.0000e-12    349.957          1      23950    1488.21 3.9495e+00  55335.337    997.881 1559287324      -0.48     -0.475   39.52450  -72.39334    35.3254  1029.0013    27.4150     7.9066 0.0000e+00
