CalculateIndicators/WaterTemperature/Data/CTD_NYOS/NYBOS_20190530_6_4.cnv
* Sea-Bird SBE 9 Data File:
* FileName = C:\Seabird 9 CTD\Data\2019\201905_offshore\NYBOS_20190530_6_4.hex
* Software Version Seasave V 7.23.2
* Temperature SN = 4590
* Conductivity SN = 3228
* Number of Bytes Per Scan = 44
* Number of Voltage Words = 5
* Number of Scans Averaged by the Deck Unit = 1
* NMEA Latitude = 39 28.62 N
* NMEA Longitude = 073 04.21 W
* NMEA UTC (Time) = May 30 2019  12:13:34
* NMEA baud rate = 4800
** Ship: Seawolf
** Station: 6_1
** Operator: AJB
# nquan = 35
# nvalues = 127                         
# units = specified
# name 0 = depSM: Depth [salt water, m]
# name 1 = t090C: Temperature [ITS-90, deg C]
# name 2 = sal00: Salinity, Practical [PSU]
# name 3 = density00: Density [density, kg/m^3]
# name 4 = sbeox0V: Oxygen raw, SBE 43 [V]
# name 5 = sbeox0ML/L: Oxygen, SBE 43 [ml/l]
# name 6 = sbeox0PS: Oxygen, SBE 43 [% saturation]
# name 7 = sbox0dV/dT: Oxygen, SBE 43 [dov/dt]
# name 8 = oxsolML/L: Oxygen Saturation, Garcia & Gordon [ml/l]
# name 9 = oxsatML/L: Oxygen Saturation, Weiss [ml/l]
# name 10 = ph: pH
# name 11 = flECO-AFL: Fluorescence, WET Labs ECO-AFL/FL [mg/m^3]
# name 12 = n2satML/L: Nitrogen Saturation [ml/l]
# name 13 = c0S/m: Conductivity [S/m]
# name 14 = cpar: CPAR/Corrected Irradiance [%]
# name 15 = sigma-é00: Density [sigma-theta, kg/m^3]
# name 16 = sigma-t00: Density [sigma-t, kg/m^3 ]
# name 17 = par: PAR/Irradiance, Biospherical/Licor
# name 18 = prDM: Pressure, Digiquartz [db]
# name 19 = pumps: Pump Status
# name 20 = scan: Scan Count
# name 21 = svCM: Sound Velocity [Chen-Millero, m/s]
# name 22 = spar: SPAR, Biospherical/Licor
# name 23 = specc: Specific Conductance [uS/cm]
# name 24 = timeS: Time, Elapsed [seconds]
# name 25 = timeY: Time, System [seconds]
# name 26 = accM: Acceleration [m/s^2]
# name 27 = dz/dtM: Descent Rate [m/s]
# name 28 = latitude: Latitude [deg]
# name 29 = longitude: Longitude [deg]
# name 30 = gsw_saA0: Absolute Salinity [g/kg]
# name 31 = gsw_densityA0: density, TEOS-10 [density, kg/m^3]
# name 32 = gsw_sigma0A0: density, TEOS-10 [sigma-0, kg/m^3 ]
# name 33 = gsw_ptA0: potential temperature [ITS-90, deg C]
# name 34 = flag: flag
# span 0 =      1.000,     64.000       
# span 1 =     6.5160,    15.4672       
# span 2 =     3.4800,    34.3680       
# span 3 =  1001.7086,  1026.5738       
# span 4 =     2.2913,     4.8740       
# span 5 =     5.0201,    11.7324       
# span 6 =     78.805,    202.497       
# span 7 =   -0.43569,    0.14470       
# span 8 =    5.67096,    6.91442       
# span 9 =    5.66536,    6.92483       
# span 10 =      7.906,      8.089      
# span 11 =     0.0759,     1.2351      
# span 12 =   10.33861,   12.41215      
# span 13 =   0.595176,   3.923494      
# span 14 = 1.4381e-02, 4.5846e+01      
# span 15 =     1.7296,    26.4785      
# span 16 =     1.7295,    26.4781      
# span 17 = 9.6621e-02, 4.2601e+02      
# span 18 =      1.025,     64.482      
# span 19 =          1,          1      
# span 20 =       2978,      18243      
# span 21 =    1471.64,    1503.77      
# span 22 = 6.4774e+02, 9.4796e+02      
# span 23 =   8243.519,  53555.075      
# span 24 =    124.038,    760.073      
# span 25 = 1559218537, 1559219174      
# span 26 =      -0.65,       0.47      
# span 27 =     -0.999,      0.932      
# span 28 =   39.47518,   39.47669      
# span 29 =  -73.07123,  -73.07036      
# span 30 =     2.9934,    34.4875      
# span 31 =  1001.3240,  1026.5493      
# span 32 =     1.3191,    26.4538      
# span 33 =     6.5111,    15.4670      
# span 34 = 0.0000e+00, 0.0000e+00      
# interval = meters: 1                  
# start_time = May 30 2019 12:13:33 [System UTC, first data scan.]
# bad_flag = -9.990e-29
*END*
[from data line 42]
     43.000     7.1428    33.0639  1026.0736     2.5226     6.0245     87.915   -0.01709    6.85271    6.86213      8.012     0.3169   12.31040   3.363777 2.5944e-01    25.8750    25.8744 1.9767e+00     43.333          1       6064    1477.50 7.6171e+02  52368.132    252.628 1559218666       0.08      0.713   39.47640  -73.07050    33.1888  1026.0508    25.8522     7.1389 0.0000e+00
     44.000     6.8534    33.0551  1026.1106     2.4902     5.9870     87.108   -0.01157    6.87314    6.88290      8.003     0.2382   12.34392   3.338101 2.3283e-01    25.9070    25.9065 1.7347e+00     44.343          1       6129    1476.38 7.4499e+02  52433.016    255.328 1559218669      -0.01      0.352   39.47639  -73.07051    33.1851  1026.0917    25.8882     6.8495 0.0000e+00
     45.000     6.7652    33.0851  1026.1506     2.4570     5.8525     85.184   -0.01546    6.87045    6.88019      7.994     0.1718   12.33930   3.334732 2.0103e-01    25.9424    25.9419 1.4760e+00     45.353          1       6185    1476.09 7.3426e+02  52500.915    257.671 1559218671       0.33      0.542   39.47638  -73.07052    33.2329  1026.1456    25.9373     6.7612 0.0000e+00
     46.000     6.8011    33.0898  1026.1542     2.4392     5.7908     84.265   -0.01654    6.87217    6.88194      7.989     0.1758   12.34216   3.337880 1.7398e-01    25.9413    25.9408 1.2824e+00     46.362          1       6213    1476.25 7.3718e+02  52498.353    258.844 1559218672       0.13      0.800   39.47638  -73.07052    33.2324  1026.1451    25.9322     6.7970 0.0000e+00
     47.000     6.7829    33.0902  1026.1615     2.4291     5.7951     84.315   -0.01218    6.87317    6.88295      7.986     0.1800   12.34380   3.336611 1.4786e-01    25.9441    25.9435 1.0930e+00     47.363          1       6238    1476.20 7.3924e+02  52504.571    259.865 1559218673       0.12      0.932   39.47638  -73.07052    33.2355  1026.1545    25.9371     6.7787 0.0000e+00
     48.000     6.7794    33.0907  1026.1671     2.4222     5.8163     84.633   -0.00674    6.87241    6.88218      7.985     0.2140   12.34258   3.336519 1.4587e-01    25.9450    25.9444 1.0745e+00     48.367          1       6270    1476.20 7.3667e+02  52506.968    261.218 1559218675      -0.20      0.829   39.47638  -73.07052    33.2374  1026.1611    25.9390     6.7751 0.0000e+00
     49.000     6.7693    33.0887  1026.1715     2.4112     5.8262     84.649   -0.00254    6.88278    6.89270      7.977     0.1715   12.35976   3.335910 1.3837e-01    25.9447    25.9442 9.9411e-01     49.386          1       6353    1476.18 7.1838e+02  52507.589    264.673 1559218678      -0.01      0.136   39.47638  -73.07052    33.2399  1026.1691    25.9424     6.7650 0.0000e+00
     50.000     6.7593    33.0883  1026.1771     2.3994     5.7753     83.650   -0.00678    6.90423    6.91448      7.972     0.1466   12.39531   3.334957 1.1390e-01    25.9457    25.9451 8.1573e-01     50.394          1       6399    1476.15 7.1625e+02  52510.437    266.594 1559218680       0.27      0.568   39.47637  -73.07052    33.2386  1026.1740    25.9426     6.7549 0.0000e+00
     51.000     6.6988    33.0810  1026.1840     2.3947     5.7802     83.681   -0.00473    6.90742    6.91772      7.969     0.1368   12.40058   3.328455 9.7063e-02    25.9479    25.9473 6.8658e-01     51.398          1       6426    1475.92 7.0738e+02  52517.127    267.718 1559218681       0.16      0.818   39.47636  -73.07052    33.2248  1026.1759    25.9398     6.6943 0.0000e+00
     52.000     6.6113    33.0770  1026.1971     2.3908     5.7771     83.632   -0.00370    6.90775    6.91806      7.968     0.1502   12.40114   3.320638 8.7572e-02    25.9562    25.9557 6.2424e-01     52.402          1       6453    1475.59 7.1290e+02  52536.354    268.852 1559218682      -0.01      0.901   39.47636  -73.07052    33.2226  1026.1903    25.9495     6.6067 0.0000e+00
     53.000     6.5653    33.0736  1026.2051     2.3842     5.7593     83.351   -0.00360    6.90965    6.91998      7.964     0.1390   12.40430   3.316650 8.5157e-02    25.9596    25.9590 6.1207e-01     53.410          1       6499    1475.42 7.1873e+02  52545.037    270.769 1559218684      -0.20      0.574   39.47636  -73.07052    33.2226  1026.2009    25.9554     6.5607 0.0000e+00
     54.000     6.5455    33.0701  1026.2096     2.3762     5.7518     83.206   -0.00195    6.91279    6.92317      7.958     0.1191   12.40951   3.314843 7.5430e-02    25.9594    25.9588 5.3106e-01     54.426          1       6571    1475.36 7.0403e+02  52546.294    273.769 1559218687       0.19      0.295   39.47636  -73.07053    33.2213  1026.2072    25.9570     6.5408 0.0000e+00
     55.000     6.5338    33.0694  1026.2152     2.3747     5.7563     83.251   -0.00108    6.91442    6.92483      7.955     0.1028   12.41215   3.313932 6.5191e-02    25.9604    25.9598 4.5771e-01     55.429          1       6609    1475.33 7.0214e+02  52549.262    275.323 1559218689       0.08      0.611   39.47636  -73.07054    33.2220  1026.2139    25.9591     6.5290 0.0000e+00
     56.000     6.5231    33.0687  1026.2206     2.3675     5.7100     82.596   -0.00397    6.91318    6.92357      7.954     0.0759   12.41007   3.312938 5.7337e-02    25.9612    25.9605 4.0786e-01     56.438          1       6646    1475.30 7.1145e+02  52551.808    276.881 1559218690       0.01      0.645   39.47634  -73.07054    33.2209  1026.2190    25.9596     6.5182 0.0000e+00
     57.000     6.5160    33.0731  1026.2297     2.3576     5.6632     81.919   -0.00597    6.91311    6.92350 -9.990e-29     0.1065   12.40997   3.312949 5.0814e-02    25.9656    25.9650 3.6195e-01     57.442          1       6686    1475.29 7.1226e+02  52560.953    278.528 1559218692      -0.06      0.625   39.47634  -73.07054    33.2274  1026.2297    25.9656     6.5111 0.0000e+00
     58.000     6.5223    33.0741  1026.2343     2.3470     5.6586     81.877   -0.00234    6.91114    6.92150      7.945     0.0981   12.40669   3.313721 4.7205e-02    25.9656    25.9650 3.2527e-01     58.454          1       6766    1475.34 6.8913e+02  52561.299    281.867 1559218695      -0.06      0.244   39.47634  -73.07054    33.2294  1026.2351    25.9664     6.5173 0.0000e+00
     59.000     6.5348    33.0770  1026.2396     2.3412     5.6373     81.583   -0.00268    6.90985    6.92020      7.939     0.0948   12.40454   3.315233 3.9708e-02    25.9663    25.9656 2.7597e-01     59.461          1       6835    1475.41 6.9510e+02  52562.608    284.736 1559218698       0.12      0.431   39.47634  -73.07054    33.2335  1026.2413    25.9680     6.5297 0.0000e+00
     60.000     6.5412    33.0776  1026.2439     2.3343     5.6241     81.397   -0.00166    6.90948    6.91981      7.936     0.1049   12.40392   3.315898 3.4859e-02    25.9659    25.9652 2.3848e-01     60.469          1       6946    1475.45 6.8391e+02  52562.354    289.384 1559218703       0.01      0.192   39.47632  -73.07054    33.2342  1026.2457    25.9677     6.5360 0.0000e+00
     61.000     6.5436    33.0778  1026.2484     2.3283     5.6119     81.226   -0.00093    6.90897    6.91930      7.934     0.0809   12.40308   3.316198 2.8675e-02    25.9658    25.9651 1.9548e-01     61.482          1       7060    1475.47 6.8200e+02  52562.741    294.117 1559218708       0.14      0.342   39.47630  -73.07056    33.2347  1026.2505    25.9679     6.5383 0.0000e+00
     62.000     6.5446    33.0779  1026.2530     2.3261     5.6076     81.162   -0.00068    6.90912    6.91945      7.926     0.0921   12.40334   3.316337 2.3274e-02    25.9658    25.9651 1.5713e-01     62.482          1       7150    1475.50 6.7486e+02  52563.324    297.857 1559218711       0.03      0.416   39.47630  -73.07056    33.2348  1026.2550    25.9678     6.5392 0.0000e+00
     63.000     6.5441    33.0774  1026.2573     2.3260     5.6142     81.260    0.00014    6.90889    6.91922 -9.990e-29     0.0859   12.40296   3.316303 1.8352e-02    25.9654    25.9647 1.2103e-01     63.498          1       7271    1475.51 6.5968e+02  52563.418    302.921 1559218716       0.23      0.327   39.47630  -73.07058    33.2344  1026.2594    25.9675     6.5386 0.0000e+00
     64.000     6.5467    33.0777  1026.2618     2.3276     5.6255     81.420    0.00092    6.90923    6.91956 -9.990e-29     0.0810   12.40352   3.316599 1.4381e-02    25.9653    25.9646 9.6621e-02     64.482          1       7323    1475.54 6.7042e+02  52563.754    305.070 1559218718      -0.50      0.565   39.47628  -73.07057    33.2347  1026.2638    25.9675     6.5411 0.0000e+00
     63.000     6.5457    33.0771  1026.2568     2.3261     5.6139     81.253    0.00010    6.90913    6.91946      7.908     0.0981   12.40335   3.316410 1.9220e-02    25.9650    25.9643 1.2721e-01     63.493          1       7885    1475.52 6.6216e+02  52562.489    328.513 1559218742      -0.10     -0.060   39.47623  -73.07060    33.2340  1026.2589    25.9670     6.5402 0.0000e+00
     62.000     6.5464    33.0764  1026.2515     2.3284     5.6269     81.433    0.00105    6.90979    6.92013      7.906     0.0766   12.40447   3.316365 2.4176e-02    25.9643    25.9636 1.6016e-01     62.472          1       8703    1475.50 6.6254e+02  52560.592    362.590 1559218776      -0.34     -0.243   39.47615  -73.07065    33.2333  1026.2536    25.9664     6.5410 0.0000e+00
     61.000     6.5464    33.0764  1026.2469     2.3282     5.6215     81.354    0.00044    6.90992    6.92026      7.909     0.0806   12.40468   3.316301 2.8726e-02    25.9643    25.9636 1.8906e-01     61.476          1       8640    1475.48 6.5822e+02  52559.897    359.965 1559218773      -0.45     -0.767   39.47615  -73.07064    33.2332  1026.2488    25.9663     6.5411 0.0000e+00
     60.000     6.5442    33.0758  1026.2420     2.3292     5.6241     81.396    0.00044    6.90960    6.91994 -9.990e-29     0.0850   12.40415   3.315997 3.4770e-02    25.9641    25.9634 2.2729e-01     60.479          1       8665    1475.46 6.5384e+02  52558.932    360.990 1559218774      -0.02     -0.999   39.47614  -73.07064    33.2324  1026.2439    25.9659     6.5390 0.0000e+00
     59.000     6.5422    33.0755  1026.2374     2.3317     5.6359     81.543    0.00083    6.91155    6.92191 -9.990e-29     0.0976   12.40741   3.315758 4.0058e-02    25.9641    25.9635 2.6391e-01     59.457          1       8758    1475.43 6.5871e+02  52558.359    364.882 1559218778       0.08     -0.244   39.47614  -73.07064    33.2322  1026.2393    25.9660     6.5370 0.0000e+00
     58.000     6.5402    33.0749  1026.2326     2.3325     5.6365     81.527    0.00052    6.91370    6.92409      7.906     0.1149   12.41103   3.315478 4.6389e-02    25.9639    25.9632 3.0823e-01     58.454          1       8820    1475.41 6.6444e+02  52557.367    367.476 1559218781      -0.24     -0.605   39.47614  -73.07064    33.2315  1026.2344    25.9657     6.5352 0.0000e+00
     57.000     6.5255    33.0705  1026.2264     2.3376     5.6692     81.999    0.00264    6.91375    6.92414      7.906     0.1130   12.41117   3.313645 5.3169e-02    25.9624    25.9617 3.5032e-01     57.447          1       8857    1475.33 6.5901e+02  52554.556    368.986 1559218782       0.05     -0.681   39.47613  -73.07064    33.2259  1026.2273    25.9632     6.5205 0.0000e+00
     56.000     6.5217    33.0648  1026.2178     2.3515     5.7255     82.825    0.00441    6.91274    6.92311      7.908     0.1231   12.40950   3.312839 6.1461e-02    25.9583    25.9577 4.0331e-01     56.438          1       8927    1475.29 6.5610e+02  52546.693    371.910 1559218785       0.09     -0.345   39.47612  -73.07065    33.2211  1026.2194    25.9600     6.5168 0.0000e+00
     55.000     6.5290    33.0628  1026.2106     2.3635     5.7381     83.030    0.00173    6.91077    6.92111 -9.990e-29     0.1207   12.40625   3.313315 7.0084e-02    25.9558    25.9552 4.6377e-01     55.424          1       9017    1475.30 6.6176e+02  52541.117    375.658 1559218789      -0.39     -0.365   39.47612  -73.07066    33.2198  1026.2128    25.9580     6.5242 0.0000e+00
     54.000     6.5324    33.0628  1026.2055     2.3655     5.7435     83.131    0.00189    6.90897    6.91928 -9.990e-29     0.1465   12.40327   3.313564 7.8200e-02    25.9553    25.9547 5.1574e-01     54.426          1       9046    1475.30 6.5956e+02  52539.454    376.857 1559218790      -0.11     -0.748   39.47611  -73.07066    33.2198  1026.2077    25.9575     6.5276 0.0000e+00
     53.000     6.5393    33.0624  1026.1997     2.3695     5.7574     83.358    0.00232    6.90692    6.91720 -9.990e-29     0.1266   12.39986   3.314133 8.8083e-02    25.9541    25.9535 5.7353e-01     53.414          1       9087    1475.31 6.5118e+02  52536.254    378.582 1559218792       0.13     -0.604   39.47610  -73.07066    33.2198  1026.2022    25.9566     6.5347 0.0000e+00
     52.000     6.5594    33.0641  1026.1938     2.3733     5.7640     83.451    0.00167    6.90705    6.91733      7.911     0.1369   12.40006   3.316120 9.8902e-02    25.9529    25.9523 6.4807e-01     52.411          1       9165    1475.37 6.5521e+02  52532.362    381.817 1559218795      -0.27     -0.507   39.47609  -73.07067    33.2229  1026.1973    25.9564     6.5549 0.0000e+00
     51.000     6.5911    33.0676  1026.1877     2.3770     5.7753     83.688    0.00245    6.90097    6.91116      7.911     0.1314   12.38993   3.319346 1.1199e-01    25.9515    25.9509 7.3609e-01     51.413          1       9247    1475.48 6.5728e+02  52527.781    385.263 1559218799      -0.41     -0.982   39.47608  -73.07068    33.2284  1026.1929    25.9567     6.5866 0.0000e+00
     50.000     6.6826    33.0750  1026.1767     2.3889     5.7936     84.157    0.00177    6.88431    6.89425      7.914     0.1705   12.36240   3.327898 1.2596e-01    25.9453    25.9447 8.1854e-01     50.394          1       9608    1475.84 6.4995e+02  52512.386    400.302 1559218814       0.07     -0.353   39.47605  -73.07069    33.2349  1026.1812    25.9497     6.6782 0.0000e+00
     49.000     6.7642    33.0808  1026.1659     2.4037     5.8214     84.737    0.00152    6.86993    6.87965      7.920     0.2022   12.33857   3.335349 1.4229e-01    25.9391    25.9386 9.2470e-01     49.382          1      10636    1476.15 6.4987e+02  52497.574    443.122 1559218857      -0.07     -0.274   39.47594  -73.07074    33.2387  1026.1688    25.9421     6.7598 0.0000e+00
     48.000     6.7876    33.0810  1026.1583     2.4074     5.8259     84.850    0.00123    6.86605    6.87570      7.922     0.1847   12.33216   3.337494 1.5905e-01    25.9363    25.9357 1.0325e+00     48.368          1      10716    1476.22 6.4921e+02  52490.903    446.449 1559218860      -0.08     -0.330   39.47592  -73.07074    33.2402  1026.1622    25.9402     6.7833 0.0000e+00
     47.000     6.8086    33.0813  1026.1511     2.4090     5.8293     84.906    0.00113    6.86556    6.87521 -9.990e-29     0.2168   12.33135   3.339301 1.7808e-01    25.9337    25.9331 1.1535e+00     47.369          1      10748    1476.29 6.4774e+02  52484.884    447.802 1559218861      -0.18     -0.666   39.47592  -73.07074    33.2404  1026.1549    25.9375     6.8044 0.0000e+00
     46.000     6.8126    33.0816  1026.1462     2.4113     5.8368     84.999    0.00118    6.86694    6.87659      7.924     0.2265   12.33382   3.339593 1.9811e-01    25.9334    25.9329 1.2892e+00     46.359          1      10795    1476.29 6.5070e+02  52483.608    449.762 1559218863       0.15     -0.528   39.47592  -73.07074    33.2401  1026.1496    25.9368     6.8085 0.0000e+00
