CalculateIndicators/WaterTemperature/Data/CTD_NYOS/NYBOS_20190530_5_6.cnv
* Sea-Bird SBE 9 Data File:
* FileName = C:\Seabird 9 CTD\Data\2019\201905_offshore\NYBOS_20190530_5_6.hex
* Software Version Seasave V 7.23.2
* Temperature SN = 4590
* Conductivity SN = 3228
* Number of Bytes Per Scan = 44
* Number of Voltage Words = 5
* Number of Scans Averaged by the Deck Unit = 1
* NMEA Latitude = 39 01.04 N
* NMEA Longitude = 072 33.60 W
* NMEA UTC (Time) = May 30 2019  23:25:28
* NMEA baud rate = 4800
** Ship: Seawolf
** Station: 5_6
** Operator: LIS
# nquan = 35
# nvalues = 900                         
# units = specified
# name 0 = depSM: Depth [salt water, m]
# name 1 = t090C: Temperature [ITS-90, deg C]
# name 2 = sal00: Salinity, Practical [PSU]
# name 3 = density00: Density [density, kg/m^3]
# name 4 = sbeox0V: Oxygen raw, SBE 43 [V]
# name 5 = sbeox0ML/L: Oxygen, SBE 43 [ml/l]
# name 6 = sbeox0PS: Oxygen, SBE 43 [% saturation]
# name 7 = sbox0dV/dT: Oxygen, SBE 43 [dov/dt]
# name 8 = oxsolML/L: Oxygen Saturation, Garcia & Gordon [ml/l]
# name 9 = oxsatML/L: Oxygen Saturation, Weiss [ml/l]
# name 10 = ph: pH
# name 11 = flECO-AFL: Fluorescence, WET Labs ECO-AFL/FL [mg/m^3]
# name 12 = n2satML/L: Nitrogen Saturation [ml/l]
# name 13 = c0S/m: Conductivity [S/m]
# name 14 = cpar: CPAR/Corrected Irradiance [%]
# name 15 = sigma-é00: Density [sigma-theta, kg/m^3]
# name 16 = sigma-t00: Density [sigma-t, kg/m^3 ]
# name 17 = par: PAR/Irradiance, Biospherical/Licor
# name 18 = prDM: Pressure, Digiquartz [db]
# name 19 = pumps: Pump Status
# name 20 = scan: Scan Count
# name 21 = svCM: Sound Velocity [Chen-Millero, m/s]
# name 22 = spar: SPAR, Biospherical/Licor
# name 23 = specc: Specific Conductance [uS/cm]
# name 24 = timeS: Time, Elapsed [seconds]
# name 25 = timeY: Time, System [seconds]
# name 26 = accM: Acceleration [m/s^2]
# name 27 = dz/dtM: Descent Rate [m/s]
# name 28 = latitude: Latitude [deg]
# name 29 = longitude: Longitude [deg]
# name 30 = gsw_saA0: Absolute Salinity [g/kg]
# name 31 = gsw_densityA0: density, TEOS-10 [density, kg/m^3]
# name 32 = gsw_sigma0A0: density, TEOS-10 [sigma-0, kg/m^3 ]
# name 33 = gsw_ptA0: potential temperature [ITS-90, deg C]
# name 34 = flag: flag
# span 0 =      1.000,    451.000       
# span 1 =     6.4658,    14.6642       
# span 2 =    32.4909,    35.6077       
# span 3 =  1024.1400,  1029.6372       
# span 4 =     1.5102,     3.0431       
# span 5 =     2.8639,     7.3336       
# span 6 =     45.444,    113.873       
# span 7 =   -0.05257,    0.04838       
# span 8 =    5.81585,    6.83078       
# span 9 =    5.81107,    6.84244       
# span 10 =      7.866,     16.544      
# span 11 =    -0.0758,     3.5822      
# span 12 =   10.60019,   12.24925      
# span 13 =   3.394994,   4.202733      
# span 14 = -5.256e-06, 3.8707e+01      
# span 15 =    24.1268,    27.5619      
# span 16 =    24.1267,    27.5564      
# span 17 = -3.521e-06, 3.1107e+01      
# span 18 =      1.017,    454.935      
# span 19 =          1,          1      
# span 20 =        409,      38577      
# span 21 =    1478.61,    1504.11      
# span 22 = 1.4525e+01, 8.1397e+01      
# span 23 =  50243.114,  55727.325      
# span 24 =     16.994,   1607.315      
# span 25 = 1559258744, 1559260334      
# span 26 =      -0.37,       0.38      
# span 27 =     -0.950,      1.015      
# span 28 =   39.01438,   39.01728      
# span 29 =  -72.56181,  -72.56016      
# span 30 =    32.6510,    35.7762      
# span 31 =  1024.1479,  1029.6402      
# span 32 =    24.1434,    27.5644      
# span 33 =     6.4241,    14.6641      
# span 34 = 0.0000e+00, 0.0000e+00      
# interval = meters: 1                  
# start_time = May 30 2019 23:25:27 [System UTC, first data scan.]
# bad_flag = -9.990e-29
*END*
[from data line 291]
    293.000     9.0637    35.1887  1028.5935     1.5437     3.0445     47.292    0.00078    6.43754    6.44298     15.139    -0.0297   11.59894   3.751812 1.6294e-12    27.2610    27.2557 1.0000e-12    295.445          1      10705    1491.53 6.1376e+01  55070.525    445.997 1559259173       0.18      0.897   39.01650  -72.56060    35.3545  1028.5955    27.2630     9.0311 0.0000e+00
    294.000     9.0637    35.1894  1028.5986     1.5455     3.0529     47.421    0.00113    6.43790    6.44334     15.179    -0.0399   11.59953   3.751991 1.6322e-12    27.2615    27.2563 1.0000e-12    296.452          1      10740    1491.55 6.1266e+01  55072.123    447.444 1559259175      -0.23      0.776   39.01649  -72.56060    35.3560  1028.6011    27.2642     9.0310 0.0000e+00
    295.000     9.0628    35.1895  1028.6033     1.5458     3.0475     47.316   -0.00000    6.44075    6.44624     15.233    -0.0361   11.60425   3.751997 1.6625e-12    27.2617    27.2564 1.0000e-12    297.472          1      10787    1491.56 6.0243e+01  55073.086    449.399 1559259177       0.19      0.432   39.01648  -72.56060    35.3564  1028.6062    27.2647     9.0300 0.0000e+00
    296.000     9.0608    35.1896  1028.6084     1.5459     3.0499     47.318   -0.00008    6.44551    6.45107     15.262    -0.0369   11.61212   3.751859 1.6350e-12    27.2622    27.2569 1.0000e-12    298.468          1      10815    1491.57 6.1167e+01  55074.469    450.594 1559259178       0.13      0.772   39.01648  -72.56060    35.3565  1028.6111    27.2651     9.0279 0.0000e+00
    297.000     9.0383    35.1893  1028.6164     1.5483     3.0707     47.597    0.00131    6.45152    6.45717     15.306    -0.0440   11.62205   3.749582 1.6335e-12    27.2656    27.2603 1.0000e-12    299.487          1      10860    1491.50 6.1217e+01  55079.884    452.445 1559259180      -0.19      0.555   39.01648  -72.56060    35.3544  1028.6179    27.2671     9.0053 0.0000e+00
    298.000     8.9975    35.1887  1028.6274     1.5512     3.0849     47.798    0.00182    6.45414    6.45983     15.342    -0.0491   11.62639   3.745628 1.6335e-12    27.2717    27.2664 1.0000e-12    300.495          1      10895    1491.37 6.1217e+01  55089.210    453.928 1559259181       0.26      0.627   39.01648  -72.56060    35.3528  1028.6280    27.2724     8.9645 0.0000e+00
    299.000     8.9736    35.1884  1028.6357     1.5543     3.1007     48.026    0.00253    6.45620    6.46192     15.367    -0.0468   11.62979   3.743419 1.6335e-12    27.2753    27.2700 1.0000e-12    301.500          1      10922    1491.30 6.1217e+01  55095.114    455.059 1559259182       0.09      0.860   39.01648  -72.56060    35.3528  1028.6365    27.2762     8.9405 0.0000e+00
    300.000     8.9515    35.1876  1028.6433     1.5567     3.1074     48.108    0.00223    6.45919    6.46495     15.387    -0.0374   11.63474   3.741339 1.6335e-12    27.2783    27.2730 1.0000e-12    302.509          1      10952    1491.23 6.1217e+01  55099.793    456.305 1559259183      -0.07      0.838   39.01648  -72.56060    35.3524  1028.6444    27.2795     8.9184 0.0000e+00
    301.000     8.9319    35.1861  1028.6500     1.5601     3.1165     48.244    0.00195    6.45987    6.46564     15.419    -0.0468   11.63586   3.739366 3.2156e-12    27.2803    27.2749 1.0000e-12    303.518          1      10994    1491.17 3.7704e+01  55102.969    458.045 1559259185      -0.18      0.613   39.01648  -72.56060    35.3505  1028.6508    27.2812     8.8987 0.0000e+00
    302.000     8.9061    35.1855  1028.6583     1.5634     3.1257     48.381    0.00173    6.46056    6.46634     15.459    -0.0405   11.63702   3.737015 1.5510e-12    27.2839    27.2786 1.0000e-12    304.537          1      11043    1491.09 6.1826e+01  55108.870    460.064 1559259187       0.22      0.445   39.01647  -72.56060    35.3510  1028.6600    27.2856     8.8728 0.0000e+00
    303.000     8.9065    35.1858  1028.6631     1.5632     3.1145     48.203    0.00021    6.46119    6.46699     15.481    -0.0513   11.63807   3.737205 1.6336e-12    27.2841    27.2787 1.0000e-12    305.538          1      11068    1491.11 6.1214e+01  55109.853    461.143 1559259188       0.27      0.798   39.01646  -72.56060    35.3521  1028.6654    27.2865     8.8731 0.0000e+00
    304.000     8.9056    35.1849  1028.6671     1.5637     3.1179     48.249    0.00035    6.46203    6.46784     15.502    -0.0506   11.63945   3.737064 1.6335e-12    27.2836    27.2782 1.0000e-12    306.542          1      11095    1491.12 6.1217e+01  55109.438    462.270 1559259189      -0.03      0.920   39.01646  -72.56060    35.3510  1028.6692    27.2858     8.8721 0.0000e+00
    305.000     8.8991    35.1842  1028.6722     1.5649     3.1259     48.342    0.00065    6.46631    6.47218     15.529    -0.0424   11.64655   3.736444 1.6335e-12    27.2841    27.2787 1.0000e-12    307.555          1      11135    1491.12 6.1217e+01  55110.750    463.905 1559259191      -0.18      0.660   39.01646  -72.56060    35.3504  1028.6744    27.2864     8.8656 0.0000e+00
    306.000     8.8904    35.1835  1028.6776     1.5649     3.1237     48.273   -0.00005    6.47090    6.47684     15.557    -0.0475   11.65413   3.735578 1.6335e-12    27.2849    27.2796 1.0000e-12    308.568          1      11181    1491.10 6.1217e+01  55112.463    465.824 1559259193       0.03      0.516   39.01646  -72.56060    35.3494  1028.6797    27.2870     8.8568 0.0000e+00
    307.000     8.8481    35.1800  1028.6865     1.5676     3.1435     48.573    0.00140    6.47171    6.47766     15.579    -0.0512   11.65548   3.731076 1.6335e-12    27.2889    27.2836 1.0000e-12    309.577          1      11216    1490.96 6.1217e+01  55118.229    467.297 1559259194       0.16      0.646   39.01644  -72.56060    35.3435  1028.6866    27.2891     8.8145 0.0000e+00
    308.000     8.8331    35.1817  1028.6949     1.5701     3.1595     48.809    0.00244    6.47308    6.47905     15.599    -0.0451   11.65774   3.730086 1.6335e-12    27.2927    27.2873 1.0000e-12    310.583          1      11244    1490.92 6.1217e+01  55124.850    468.476 1559259196       0.10      0.821   39.01644  -72.56060    35.3475  1028.6967    27.2946     8.7994 0.0000e+00
    309.000     8.8285    35.1810  1028.6997     1.5711     3.1555     48.705    0.00107    6.47871    6.48476     15.619    -0.0463   11.66710   3.729629 1.6679e-12    27.2929    27.2875 1.0000e-12    311.591          1      11274    1490.92 6.0512e+01  55125.704    469.724 1559259197      -0.05      0.831   39.01644  -72.56060    35.3468  1028.7016    27.2949     8.7946 0.0000e+00
    310.000     8.8180    35.1802  1028.7053     1.5727     3.1668     48.772    0.00090    6.49321    6.49948     15.640    -0.0399   11.69105   3.728605 1.6357e-12    27.2940    27.2886 1.0000e-12    312.599          1      11312    1490.89 6.1162e+01  55127.748    471.295 1559259198      -0.14      0.681   39.01644  -72.56060    35.3460  1028.7072    27.2959     8.7841 0.0000e+00
    311.000     8.7434    35.1733  1028.7168     1.5792     3.2114     49.393    0.00357    6.50176    6.50817     15.672    -0.0503   11.70519   3.720257 1.6335e-12    27.3003    27.2950 1.0000e-12    313.618          1      11358    1490.63 6.1218e+01  55136.496    473.216 1559259200       0.08      0.482   39.01644  -72.56060    35.3314  1028.7127    27.2963     8.7096 0.0000e+00
    312.000     8.6699    35.1746  1028.7345     1.5840     3.2316     49.698    0.00424    6.50254    6.50896     15.690    -0.0515   11.70647   3.713844 1.6335e-12    27.3130    27.3077 1.0000e-12    314.619          1      11387    1490.37 6.1217e+01  55156.961    474.398 1559259202       0.23      0.757   39.01644  -72.56060    35.3362  1028.7331    27.3116     8.6361 0.0000e+00
    313.000     8.6322    35.1725  1028.7436     1.5892     3.2455     49.903    0.00384    6.50359    6.51002     15.709    -0.0441   11.70822   3.710103 1.6335e-12    27.3173    27.3119 1.0000e-12    315.626          1      11419    1490.25 6.1217e+01  55163.673    475.765 1559259203      -0.13      0.788   39.01643  -72.56060    35.3337  1028.7418    27.3156     8.5984 0.0000e+00
    314.000     8.6129    35.1725  1028.7513     1.5933     3.2504     49.938    0.00240    6.50883    6.51535     15.734    -0.0595   11.71692   3.708590 1.6335e-12    27.3203    27.3150 1.0000e-12    316.641          1      11462    1490.19 6.1217e+01  55169.006    477.537 1559259205      -0.03      0.557   39.01642  -72.56060    35.3364  1028.7517    27.3207     8.5790 0.0000e+00
    315.000     8.6047    35.1712  1028.7562     1.5947     3.2465     49.855    0.00110    6.51191    6.51847     15.753    -0.0427   11.72199   3.707678 1.6744e-12    27.3207    27.3153 1.0000e-12    317.649          1      11497    1490.18 6.0096e+01  55170.202    478.992 1559259206       0.13      0.662   39.01642  -72.56060    35.3344  1028.7560    27.3204     8.5707 0.0000e+00
    316.000     8.5756    35.1688  1028.7637     1.5969     3.2565     50.004    0.00143    6.51248    6.51905     15.771    -0.0505   11.72293   3.704744 1.6341e-12    27.3233    27.3180 1.0000e-12    318.655          1      11529    1490.08 -9.990e-29  55174.310    480.315 1559259207       0.00      0.765   39.01642  -72.56060    35.3318  1028.7633    27.3230     8.5416 0.0000e+00
    317.000     8.5522    35.1689  1028.7721     1.5996     3.2676     50.175    0.00179    6.51231    6.51888     15.790 -9.990e-29   11.72265   3.702686 1.6335e-12    27.3270    27.3217 1.0000e-12    319.667          1      11564    1490.01 -9.990e-29  55180.883    481.788 1559259209      -0.04      0.695   39.01642  -72.56062    35.3327  1028.7724    27.3274     8.5181 0.0000e+00
    318.000     8.5461    35.1689  1028.7776     1.6009     3.2671     50.171    0.00114    6.51194    6.51850     15.806 -9.990e-29   11.72205   3.702267 1.6335e-12    27.3280    27.3226 1.0000e-12    320.675          1      11599    1490.01 -9.990e-29  55182.985    483.258 1559259210       0.01      0.684   39.01642  -72.56062    35.3339  1028.7789    27.3292     8.5119 0.0000e+00
    319.000     8.5474    35.1685  1028.7818     1.6023     3.2703     50.218    0.00093    6.51211    6.51867     15.820    -0.0392   11.72233   3.702490 1.6434e-12    27.3275    27.3222 1.0000e-12    321.684          1      11635    1490.03 -9.990e-29  55182.915    484.750 1559259212      -0.02      0.683   39.01640  -72.56062    35.3345  1028.7837    27.3295     8.5131 0.0000e+00
    320.000     8.5500    35.1681  1028.7855     1.6024     3.2654     50.146    0.00020    6.51166    6.51822     15.837    -0.0402   11.72160   3.702767 1.6335e-12    27.3268    27.3214 1.0000e-12    322.695          1      11672    1490.05 -9.990e-29  55182.263    486.310 1559259213       0.00      0.644   39.01640  -72.56062    35.3343  1028.7877    27.3290     8.5157 0.0000e+00
    321.000     8.5489    35.1678  1028.7901     1.6019     3.2602     50.071   -0.00028    6.51123    6.51778     15.853    -0.0461   11.72088   3.702723 1.6351e-12    27.3268    27.3214 1.0000e-12    323.703          1      11707    1490.06 6.1138e+01  55182.933    487.749 1559259215       0.04      0.691   39.01640  -72.56062    35.3345  1028.7926    27.3294     8.5144 0.0000e+00
    322.000     8.5518    35.1680  1028.7943     1.6015     3.2586     50.044   -0.00040    6.51138    6.51794     15.864    -0.0386   11.72114   3.703114 1.6694e-12    27.3265    27.3211 1.0000e-12    324.710          1      11742    1490.09 6.0031e+01  55183.119    489.211 1559259216      -0.04      0.702   39.01640  -72.56062    35.3353  1028.7973    27.3296     8.5171 0.0000e+00
    323.000     8.5551    35.1677  1028.7981 -9.990e-29     3.2631     50.111    0.00007    6.51170    6.51826     15.880    -0.0466   11.72166   3.703436 1.6734e-12    27.3257    27.3203 1.0000e-12    325.725          1      11784    1490.12 5.9767e+01  55182.509    490.979 1559259218      -0.05      0.564   39.01640  -72.56062    35.3350  1028.8011    27.3288     8.5203 0.0000e+00
    324.000     8.5541    35.1677  1028.8029 -9.990e-29     3.2650     50.137    0.00016    6.51211    6.51868     15.896    -0.0407   11.72236   3.703419 1.6781e-12    27.3259    27.3205 1.0000e-12    326.731          1      11817    1490.13 5.9600e+01  55183.494    492.340 1559259219       0.18      0.690   39.01640  -72.56062    35.3353  1028.8061    27.3293     8.5192 0.0000e+00
    325.000     8.5527    35.1675  1028.8074 -9.990e-29     3.2647     50.122    0.00001    6.51354    6.52012     15.909    -0.0452   11.72471   3.703305 1.6771e-12    27.3260    27.3205 1.0000e-12    327.738          1      11846    1490.15 5.9638e+01  55184.162    493.559 1559259221       0.02      0.823   39.01640  -72.56062    35.3350  1028.8106    27.3292     8.5178 0.0000e+00
    326.000     8.5493    35.1670  1028.8122 -9.990e-29     3.2656     50.121   -0.00004    6.51533    6.52194     15.923    -0.0355   11.72766   3.702966 1.7561e-12    27.3262    27.3207 1.0000e-12    328.747          1      11883    1490.15 5.7025e+01  55185.065    495.083 1559259222      -0.14      0.702   39.01639  -72.56062    35.3343  1028.8152    27.3292     8.5142 0.0000e+00
    327.000     8.5357    35.1665  1028.8185     1.6027     3.2713     50.193    0.00029    6.51727    6.52391     15.937    -0.0393   11.73088   3.701643 1.7620e-12    27.3279    27.3224 1.0000e-12    329.760          1      11928    1490.11 5.6857e+01  55188.274    496.961 1559259224       0.02      0.522   39.01638  -72.56062    35.3334  1028.8212    27.3306     8.5006 0.0000e+00
    328.000     8.5243    35.1664  1028.8249     1.6036     3.2817     50.327    0.00081    6.52079    6.52748     15.950    -0.0465   11.73670   3.700618 1.6871e-12    27.3296    27.3241 1.0000e-12    330.769          1      11968    1490.09 5.9272e+01  55191.612    498.604 1559259226       0.03      0.609   39.01638  -72.56062    35.3333  1028.8276    27.3324     8.4891 0.0000e+00
    329.000     8.5133    35.1655  1028.8305     1.6047     3.2857     50.377    0.00075    6.52223    6.52895     15.960    -0.0390   11.73908   3.699477 1.7217e-12    27.3306    27.3251 1.0000e-12    331.777          1      12002    1490.06 5.8194e+01  55193.729    500.061 1559259227       0.08      0.672   39.01638  -72.56062    35.3317  1028.8327    27.3328     8.4780 0.0000e+00
    330.000     8.4913    35.1647  1028.8381     1.6063     3.2956     50.506    0.00111    6.52524    6.53200     15.973    -0.0314   11.74407   3.697369 1.6876e-12    27.3334    27.3279 1.0000e-12    332.787          1      12036    1490.00 5.9254e+01  55198.768    501.474 1559259229      -0.02      0.723   39.01638  -72.56062    35.3308  1028.8401    27.3355     8.4560 0.0000e+00
    331.000     8.4820    35.1649  1028.8443     1.6069     3.2963     50.488    0.00070    6.52883    6.53565     15.976    -0.0472   11.75002   3.696599 1.6880e-12    27.3350    27.3295 1.0000e-12    333.797          1      12068    1489.98 5.9242e+01  55202.028    502.774 1559259230       0.10      0.737   39.01638  -72.56062    35.3314  1028.8467    27.3375     8.4465 0.0000e+00
    332.000     8.4691    35.1634  1028.8498     1.6085     3.3049     50.581    0.00082    6.53389    6.54078     15.993    -0.0500   11.75838   3.695183 1.6880e-12    27.3358    27.3303 1.0000e-12    334.798          1      12097    1489.94 5.9242e+01  55203.702    503.979 1559259231      -0.01      0.843   39.01638  -72.56062    35.3287  1028.8512    27.3374     8.4336 0.0000e+00
