CalculateIndicators/WaterTemperature/Data/CTD_NYOS/NYBOS_20190530_4_6.cnv
* Sea-Bird SBE 9 Data File:
* FileName = C:\Seabird 9 CTD\Data\2019\201905_offshore\NYBOS_20190530_4_5.hex
* Software Version Seasave V 7.23.2
* Temperature SN = 4590
* Conductivity SN = 3228
* Number of Bytes Per Scan = 44
* Number of Voltage Words = 5
* Number of Scans Averaged by the Deck Unit = 1
* NMEA Latitude = 39 14.33 N
* NMEA Longitude = 072 17.42 W
* NMEA UTC (Time) = May 31 2019  03:38:21
* NMEA baud rate = 4800
** Ship: Seawolf
** Station: 4_5
** Operator: LIS
# nquan = 35
# nvalues = 899                         
# units = specified
# name 0 = depSM: Depth [salt water, m]
# name 1 = t090C: Temperature [ITS-90, deg C]
# name 2 = sal00: Salinity, Practical [PSU]
# name 3 = density00: Density [density, kg/m^3]
# name 4 = sbeox0V: Oxygen raw, SBE 43 [V]
# name 5 = sbeox0ML/L: Oxygen, SBE 43 [ml/l]
# name 6 = sbeox0PS: Oxygen, SBE 43 [% saturation]
# name 7 = sbox0dV/dT: Oxygen, SBE 43 [dov/dt]
# name 8 = oxsolML/L: Oxygen Saturation, Garcia & Gordon [ml/l]
# name 9 = oxsatML/L: Oxygen Saturation, Weiss [ml/l]
# name 10 = ph: pH
# name 11 = flECO-AFL: Fluorescence, WET Labs ECO-AFL/FL [mg/m^3]
# name 12 = n2satML/L: Nitrogen Saturation [ml/l]
# name 13 = c0S/m: Conductivity [S/m]
# name 14 = cpar: CPAR/Corrected Irradiance [%]
# name 15 = sigma-é00: Density [sigma-theta, kg/m^3]
# name 16 = sigma-t00: Density [sigma-t, kg/m^3 ]
# name 17 = par: PAR/Irradiance, Biospherical/Licor
# name 18 = prDM: Pressure, Digiquartz [db]
# name 19 = pumps: Pump Status
# name 20 = scan: Scan Count
# name 21 = svCM: Sound Velocity [Chen-Millero, m/s]
# name 22 = spar: SPAR, Biospherical/Licor
# name 23 = specc: Specific Conductance [uS/cm]
# name 24 = timeS: Time, Elapsed [seconds]
# name 25 = timeY: Time, System [seconds]
# name 26 = accM: Acceleration [m/s^2]
# name 27 = dz/dtM: Descent Rate [m/s]
# name 28 = latitude: Latitude [deg]
# name 29 = longitude: Longitude [deg]
# name 30 = gsw_saA0: Absolute Salinity [g/kg]
# name 31 = gsw_densityA0: density, TEOS-10 [density, kg/m^3]
# name 32 = gsw_sigma0A0: density, TEOS-10 [sigma-0, kg/m^3 ]
# name 33 = gsw_ptA0: potential temperature [ITS-90, deg C]
# name 34 = flag: flag
# span 0 =      1.000,    450.000       
# span 1 =     6.2506,    14.1342       
# span 2 =    32.5200,    35.7041       
# span 3 =  1024.2613,  1029.6545       
# span 4 =     1.5244,     3.0098       
# span 5 =     2.8807,     6.9545       
# span 6 =     46.097,    112.045       
# span 7 =   -0.02536,    0.02946       
# span 8 =    5.80738,    6.86558       
# span 9 =    5.80436,    6.87781       
# span 10 =      7.889,     14.635      
# span 11 =    -0.0720,     1.4930      
# span 12 =   10.55135,   12.30681      
# span 13 =   3.486226,   4.254480      
# span 14 = -1.291e+04, 1.1177e+05      
# span 15 =    24.2479,    27.5805      
# span 16 =    24.2478,    27.5752      
# span 17 = -8.864e-03, 4.1224e-02      
# span 18 =      1.025,    453.932      
# span 19 =         -0,          1      
# span 20 =        -18,      43844      
# span 21 =    1483.26,    1505.98      
# span 22 = -2.821e-01, 4.4846e+00      
# span 23 =  50324.319,  55777.090      
# span 24 =     -0.774,   1826.785      
# span 25 = 1559273899, 1559275727      
# span 26 =      -0.87,       0.67      
# span 27 =     -0.946,      0.927      
# span 28 =   39.23896,   39.24181      
# span 29 =  -72.29037,  -72.28061      
# span 30 =    32.6736,    35.8779      
# span 31 =  1024.2662,  1029.6572      
# span 32 =    24.2528,    27.5842      
# span 33 =     6.2098,    14.1339      
# span 34 = 0.0000e+00, 0.0000e+00      
# interval = meters: 1                  
# start_time = May 31 2019 03:38:20 [System UTC, first data scan.]
# bad_flag = -9.990e-29
*END*
[from data line 622]
    277.000     9.8653    35.2591  1028.4379     1.5270     2.9222     46.330    0.00027    6.30739    6.31095     11.672    -0.0303   11.38304   3.834845 -9.990e-29    27.1830    27.1775 1.0000e-12    279.303          1      29960    1494.26 3.9495e+00  54980.442   1248.311 1559275148      -0.26     -0.470   39.24090  -72.28362    35.4357  1028.4482    27.1934     9.8328 0.0000e+00
    276.000     9.9458    35.2629  1028.4221     1.5254     2.9090     46.128   -0.00087    6.30628    6.30983     11.703    -0.0339   11.38119   3.842779 2.3333e+04    27.1722    27.1667 1.0000e-12    278.304          1      29996    1494.54 3.4752e+00  54967.996   1249.784 1559275150       0.09     -0.661   39.24090  -72.28360    35.4389  1028.4320    27.1822     9.9133 0.0000e+00
    275.000     9.9786    35.2682  1028.4159     1.5244     2.9079     46.135   -0.00027    6.30304    6.30655     11.693    -0.0311   11.37581   3.846103 9.5383e+04    27.1707    27.1652 1.0000e-12    277.279          1      30054    1494.65 1.4244e-02  54967.906   1252.195 1559275152      -0.14     -0.288   39.24090  -72.28360    35.4413  1028.4236    27.1785     9.9462 0.0000e+00
    274.000     9.9873    35.2691  1028.4105 -9.990e-29     2.9092     46.160   -0.00004    6.30239    6.30589     11.709    -0.0340   11.37474   3.847009 2.4581e+03    27.1699    27.1644 1.0000e-12    276.285          1      30081    1494.67 3.8495e+00  54966.573   1253.334 1559275153      -0.22     -0.742   39.24090  -72.28360    35.4426  1028.4185    27.1780     9.9550 0.0000e+00
    273.000    10.0033    35.2708  1028.4044     1.5245     2.9081     46.159 7.8403e-08    6.30005    6.30351     11.630    -0.0262   11.37083   3.848569 2.5320e-11    27.1685    27.1629 1.0000e-12    275.275          1      30123    1494.71 3.9495e+00  54964.954   1255.076 1559275155       0.15     -0.620   39.24090  -72.28358    35.4434  1028.4118    27.1759     9.9711 0.0000e+00
    272.000    10.0127    35.2724  1028.3995     1.5251     2.9071     46.221    0.00040    6.28973    6.29305     11.614    -0.0301   11.35368   3.849495 -9.990e-29    27.1681    27.1626 1.0000e-12    274.257          1      30182    1494.73 3.9495e+00  54964.619   1257.547 1559275158      -0.11     -0.342   39.24090  -72.28356    35.4442  1028.4062    27.1749     9.9806 0.0000e+00
    271.000    10.0512    35.2768  1028.3915     1.5244     2.8950     46.097   -0.00042    6.28031    6.28350     11.627    -0.0454   11.33805   3.853795 2.5320e-11    27.1649    27.1594 1.0000e-12    273.256          1      30218    1494.85 3.9495e+00  54962.016   1259.027 1559275159      -0.06     -0.645   39.24090  -72.28356    35.4511  1028.4002    27.1737    10.0191 0.0000e+00
    270.000    10.1014    35.2832  1028.3831 -9.990e-29     2.8967     46.147    0.00006    6.27714    6.28028     11.668    -0.0317   11.33279   3.859336 2.5320e-11    27.1613    27.1557 1.0000e-12    272.245          1      30255    1495.02 3.9495e+00  54959.988   1260.602 1559275161      -0.05     -0.621   39.24092  -72.28355    35.4593  1028.3931    27.1714    10.0693 0.0000e+00
    269.000    10.1725    35.2892  1028.3705     1.5257     2.8929     46.135    0.00000    6.27060    6.27366     11.583    -0.0265   11.32191   3.866561 2.5320e-11    27.1536    27.1480 1.0000e-12    271.238          1      30298    1495.27 3.9495e+00  54952.909   1262.377 1559275162       0.13     -0.580   39.24092  -72.28354    35.4643  1028.3798    27.1630    10.1404 0.0000e+00
    268.000    10.2002    35.2935  1028.3644     1.5251     2.8934     46.205    0.00046    6.26222    6.26516     11.494    -0.0409   11.30798   3.869527 2.5320e-11    27.1522    27.1466 1.0000e-12    270.224          1      30348    1495.36 3.9495e+00  54952.630   1264.453 1559275165      -0.17     -0.457   39.24092  -72.28352    35.4680  1028.3731    27.1610    10.1682 0.0000e+00
    267.000    10.2616    35.2997  1028.3536     1.5249     2.8871     46.121   -0.00018    6.25990    6.26281     11.530    -0.0320   11.30413   3.876169 2.7161e-11    27.1463    27.1407 1.0000e-12    269.219          1      30385    1495.57 3.9495e+00  54948.034   1265.990 1559275166       0.00     -0.651   39.24092  -72.28352    35.4764  1028.3642    27.1569    10.2296 0.0000e+00
    266.000    10.2976    35.3044  1028.3463     1.5256     2.8928     46.222    0.00051    6.25849    6.26138     11.486    -0.0262   11.30177   3.879795 2.5322e-11    27.1437    27.1381 1.0000e-12    268.209          1      30424    1495.69 3.9495e+00  54946.658   1267.644 1559275168      -0.01     -0.607   39.24092  -72.28350    35.4788  1028.3550    27.1525    10.2656 0.0000e+00
    265.000    10.3161    35.3065  1028.3401     1.5257     2.8895     46.176    0.00007    6.25763    6.26051     11.507    -0.0321   11.30034   3.881645 2.5320e-11    27.1421    27.1365 1.0000e-12    267.202          1      30467    1495.74 3.9495e+00  54945.224   1269.417 1559275170       0.07     -0.579   39.24092  -72.28350    35.4800  1028.3481    27.1502    10.2842 0.0000e+00
    264.000    10.3266    35.3082  1028.3350     1.5265     2.8933     46.241    0.00041    6.25694    6.25981     11.605    -0.0456   11.29919   3.882659 2.5320e-11    27.1416    27.1360 1.0000e-12    266.190          1      30519    1495.76 3.9495e+00  54944.870   1271.583 1559275172      -0.04     -0.447   39.24092  -72.28348    35.4806  1028.3421    27.1488    10.2948 0.0000e+00
    263.000    10.3323    35.3091  1028.3301     1.5269     2.8918     46.236    0.00024    6.25434    6.25718     11.440    -0.0317   11.29487   3.883171 2.5320e-11    27.1413    27.1358 1.0000e-12    265.181          1      30565    1495.76 3.9495e+00  54944.349   1273.491 1559275174       0.02     -0.529   39.24092  -72.28348    35.4807  1028.3366    27.1479    10.3006 0.0000e+00
    262.000    10.3347    35.3097  1028.3256     1.5269     2.8879     46.190   -0.00009    6.25211    6.25491     11.360    -0.0289   11.29116   3.883369 2.5320e-11    27.1413    27.1358 1.0000e-12    264.170          1      30601    1495.76 3.9495e+00  54944.052   1275.017 1559275175      -0.23     -0.607   39.24093  -72.28348    35.4808  1028.3317    27.1475    10.3032 0.0000e+00
    261.000    10.3523    35.3121  1028.3197     1.5268     2.8871     46.190   -0.00003    6.25049    6.25327     11.409    -0.0284   11.28847   3.885340 -9.990e-29    27.1400    27.1345 1.0000e-12    263.169          1      30635    1495.81 3.9495e+00  54943.096   1276.431 1559275177       0.11     -0.729   39.24094  -72.28346    35.4842  1028.3267    27.1470    10.3209 0.0000e+00
    260.000    10.3729    35.3146  1028.3135     1.5259     2.8808     46.097   -0.00049    6.24929    6.25206     11.423    -0.0327   11.28647   3.887453 2.5320e-11    27.1384    27.1329 1.0000e-12    262.154          1      30686    1495.87 3.9495e+00  54941.811   1278.523 1559275179      -0.04     -0.444   39.24094  -72.28344    35.4861  1028.3199    27.1449    10.3415 0.0000e+00
    259.000    10.3860    35.3159  1028.3076     1.5260     2.8807     46.151    0.00006    6.24182    6.24448     11.395    -0.0366   11.27404   3.888725 2.5320e-11    27.1371    27.1316 1.0000e-12    261.146          1      30734    1495.90 3.9495e+00  54940.414   1280.539 1559275181       0.06     -0.498   39.24094  -72.28344    35.4868  1028.3135    27.1431    10.3547 0.0000e+00
    258.000    10.3961    35.3185  1028.3032     1.5278     2.8846     46.317    0.00094    6.22784    6.23032     11.383    -0.0332   11.25083   3.890025 2.5320e-11    27.1373    27.1318 1.0000e-12    260.130          1      30778    1495.92 3.9495e+00  54941.304   1282.366 1559275182      -0.25     -0.512   39.24094  -72.28344    35.4906  1028.3101    27.1443    10.3650 0.0000e+00
    257.000    10.4270    35.3233  1028.2969     1.5292     2.8903     46.423    0.00137    6.22593    6.22837     11.398    -0.0238   11.24764   3.893716 2.5320e-11    27.1356    27.1302 1.0000e-12    259.138          1      30803    1496.02 3.9495e+00  54941.133   1283.404 1559275183      -0.22     -0.846   39.24094  -72.28342    35.4985  1028.3062    27.1450    10.3959 0.0000e+00
    256.000    10.5439    35.3334  1028.2790     1.5305     2.8871     46.397    0.00061    6.22268    6.22508     11.402    -0.0343   11.24223   3.905936 -9.990e-29    27.1229    27.1174 1.0000e-12    258.118          1      30853    1496.43 3.9495e+00  54931.564   1285.501 1559275186       0.26     -0.487   39.24094  -72.28340    35.5094  1028.2888    27.1328    10.5127 0.0000e+00
    255.000    10.5729    35.3377  1028.2725     1.5328     2.8959     46.548    0.00111    6.22123    6.22361     11.394    -0.0385   11.23982   3.908887 2.5320e-11    27.1211    27.1155 1.0000e-12    257.113          1      30903    1496.52 3.9495e+00  54931.053   1287.597 1559275188      -0.03     -0.515   39.24094  -72.28340    35.5115  1028.2807    27.1294    10.5417 0.0000e+00
    254.000    10.5850    35.3395  1028.2671     1.5339     2.8926     46.514    0.00038    6.21869    6.22104     11.400    -0.0332   11.23560   3.910034 2.5320e-11    27.1203    27.1148 1.0000e-12    256.095          1      30953    1496.55 3.9495e+00  54930.541   1289.677 1559275190      -0.07     -0.460   39.24096  -72.28339    35.5119  1028.2742    27.1275    10.5539 0.0000e+00
    253.000    10.5931    35.3408  1028.2621     1.5343     2.8943     46.546    0.00053    6.21811    6.22045     11.352    -0.0474   11.23463   3.910917 2.5320e-11    27.1198    27.1143 1.0000e-12    255.097          1      30982    1496.56 3.9495e+00  54930.070   1290.855 1559275191      -0.27     -0.735   39.24096  -72.28338    35.5134  1028.2694    27.1272    10.5621 0.0000e+00
    252.000    10.6095    35.3426  1028.2560     1.5355     2.8976     46.607    0.00062    6.21721    6.21954     11.296    -0.0317   11.23313   3.912555 2.5320e-11    27.1183    27.1128 1.0000e-12    254.083          1      31026    1496.60 3.9495e+00  54928.744   1292.728 1559275193       0.25     -0.569   39.24096  -72.28338    35.5145  1028.2627    27.1252    10.5786 0.0000e+00
    251.000    10.6156    35.3437  1028.2512     1.5368     2.9017     46.680    0.00081    6.21627    6.21859     11.276    -0.0416   11.23157   3.913160 2.5320e-11    27.1181    27.1126 1.0000e-12    253.081          1      31068    1496.61 3.9495e+00  54928.407   1294.475 1559275195      -0.34     -0.574   39.24096  -72.28336    35.5151  1028.2576    27.1245    10.5849 0.0000e+00
    250.000    10.6233    35.3446  1028.2459     1.5364     2.8909     46.541   -0.00029    6.21141    6.21366     11.317    -0.0349   11.22349   3.913877 7.8198e+04    27.1174    27.1119 1.0000e-12    252.061          1      31120    1496.62 8.2039e-01  54927.540   1296.630 1559275197       0.24     -0.480   39.24096  -72.28335    35.5154  1028.2518    27.1234    10.5926 0.0000e+00
    249.000    10.6365    35.3468  1028.2407     1.5367     2.8933     46.593    0.00011    6.20984    6.21207     11.333    -0.0470   11.22087   3.915446 4.8142e+04    27.1167    27.1113 1.0000e-12    251.066          1      31155    1496.66 1.8720e+00  54927.417   1298.077 1559275198      -0.29     -0.670   39.24096  -72.28334    35.5188  1028.2476    27.1237    10.6060 0.0000e+00
    248.000    10.6706    35.3502  1028.2326     1.5376     2.8956     46.660    0.00046    6.20571    6.20788     11.302    -0.0237   11.21400   3.918980 -6.496e+03    27.1133    27.1079 1.0000e-12    250.045          1      31211    1496.76 4.2317e+00  54924.943   1300.417 1559275200       0.22     -0.420   39.24096  -72.28333    35.5219  1028.2392    27.1200    10.6402 0.0000e+00
    247.000    10.6859    35.3528  1028.2273     1.5385     2.8943     46.695    0.00047    6.19829    6.20036     11.285    -0.0417   11.20164   3.920680 2.5320e-11    27.1126    27.1071 1.0000e-12    249.040          1      31255    1496.80 3.9495e+00  54924.880   1302.231 1559275202      -0.13     -0.582   39.24096  -72.28332    35.5247  1028.2340    27.1194    10.6556 0.0000e+00
    246.000    10.7126    35.3568  1028.2210     1.5387     2.8883     46.656    0.00004    6.19053    6.19250     11.306    -0.0311   11.18875   3.923723 2.5320e-11    27.1109    27.1055 1.0000e-12    248.033          1      31293    1496.89 3.9495e+00  54924.585   1303.815 1559275204       0.00     -0.638   39.24098  -72.28332    35.5300  1028.2288    27.1188    10.6823 0.0000e+00
    245.000    10.7739    35.3648  1028.2113     1.5416     2.9034     46.945    0.00157    6.18469    6.18658     11.260    -0.0354   11.17904   3.930518 -9.990e-29    27.1061    27.1007 1.0000e-12    247.022          1      31338    1497.09 3.9495e+00  54923.305   1305.708 1559275206       0.06     -0.535   39.24098  -72.28330    35.5397  1028.2204    27.1152    10.7436 0.0000e+00
    244.000    10.8395    35.3718  1028.2002     1.5446     2.9050     47.057    0.00139    6.17349    6.17523     11.303    -0.0271   11.16039   3.937442 2.5320e-11    27.0998    27.0944 1.0000e-12    246.015          1      31388    1497.32 3.9495e+00  54919.892   1307.804 1559275208       0.05     -0.484   39.24098  -72.28329    35.5463  1028.2089    27.1086    10.8092 0.0000e+00
    243.000    10.8955    35.3803  1028.1918     1.5487     2.9138     47.289    0.00191    6.16160    6.16319     11.289    -0.0352   11.14065   3.943853 2.5320e-11    27.0963    27.0908 1.0000e-12    244.999          1      31443    1497.51 3.9495e+00  54920.322   1310.090 1559275210      -0.11     -0.415   39.24098  -72.28328    35.5570  1028.2023    27.1068    10.8653 0.0000e+00
    242.000    10.9761    35.3895  1028.1794     1.5510     2.9181     47.373    0.00172    6.15989    6.16145     11.258    -0.0413   11.13779   3.952647 2.5320e-11    27.0888    27.0833 1.0000e-12    244.001          1      31478    1497.78 3.9495e+00  54917.203   1311.532 1559275212      -0.05     -0.662   39.24099  -72.28328    35.5678  1028.1912    27.1006    10.9458 0.0000e+00
    241.000    11.0346    35.3953  1028.1685     1.5536     2.9228     47.482    0.00136    6.15565    6.15716     11.308    -0.0342   11.13075   3.958463 2.5320e-11    27.0827    27.0772 1.0000e-12    242.982          1      31534    1497.98 3.9495e+00  54913.716   1313.894 1559275214       0.12     -0.381   39.24100  -72.28326    35.5701  1028.1774    27.0917    11.0044 0.0000e+00
    240.000    11.0530    35.3980  1028.1627 -9.990e-29     2.9207     47.450    0.00072    6.15540    6.15690     11.341    -0.0345   11.13032   3.960497 2.5320e-11    27.0814    27.0759 1.0000e-12    241.983          1      31571    1498.03 3.9495e+00  54913.441   1315.406 1559275215      -0.30     -0.627   39.24100  -72.28326    35.5731  1028.1719    27.0907    11.0229 0.0000e+00
    239.000    11.0716    35.4001  1028.1563     1.5548     2.9140     47.347   -0.00016    6.15453    6.15602     11.316    -0.0338   11.12886   3.962244 2.5320e-11    27.0796    27.0741 1.0000e-12    240.968          1      31620    1498.08 3.9495e+00  54912.155   1317.450 1559275218       0.21     -0.508   39.24100  -72.28324    35.5731  1028.1639    27.0873    11.0415 0.0000e+00
    238.000    11.0743    35.4013  1028.1522     1.5552     2.9155     47.376    0.00009    6.15396    6.15545     11.313    -0.0361   11.12792   3.962515 -9.990e-29    27.0801    27.0746 1.0000e-12    239.962          1      31663    1498.07 3.9495e+00  54912.735   1319.255 1559275219      -0.18     -0.576   39.24100  -72.28324    35.5737  1028.1593    27.0872    11.0444 0.0000e+00
    237.000    11.0802    35.4022  1028.1473     1.5553     2.9157     47.380    0.00010    6.15380    6.15528     11.262    -0.0440   11.12765   3.963066 2.5320e-11    27.0797    27.0743 1.0000e-12    238.954          1      31708    1498.08 3.9495e+00  54912.339   1321.137 1559275221       0.10     -0.548   39.24100  -72.28322    35.5739  1028.1539    27.0863    11.0504 0.0000e+00
