CalculateIndicators/WaterTemperature/Data/CTD_NYOS/NYBOS_20190530_6_4.cnv
* Sea-Bird SBE 9 Data File:
* FileName = C:\Seabird 9 CTD\Data\2019\201905_offshore\NYBOS_20190530_6_4.hex
* Software Version Seasave V 7.23.2
* Temperature SN = 4590
* Conductivity SN = 3228
* Number of Bytes Per Scan = 44
* Number of Voltage Words = 5
* Number of Scans Averaged by the Deck Unit = 1
* NMEA Latitude = 39 28.62 N
* NMEA Longitude = 073 04.21 W
* NMEA UTC (Time) = May 30 2019  12:13:34
* NMEA baud rate = 4800
** Ship: Seawolf
** Station: 6_1
** Operator: AJB
# nquan = 35
# nvalues = 127                         
# units = specified
# name 0 = depSM: Depth [salt water, m]
# name 1 = t090C: Temperature [ITS-90, deg C]
# name 2 = sal00: Salinity, Practical [PSU]
# name 3 = density00: Density [density, kg/m^3]
# name 4 = sbeox0V: Oxygen raw, SBE 43 [V]
# name 5 = sbeox0ML/L: Oxygen, SBE 43 [ml/l]
# name 6 = sbeox0PS: Oxygen, SBE 43 [% saturation]
# name 7 = sbox0dV/dT: Oxygen, SBE 43 [dov/dt]
# name 8 = oxsolML/L: Oxygen Saturation, Garcia & Gordon [ml/l]
# name 9 = oxsatML/L: Oxygen Saturation, Weiss [ml/l]
# name 10 = ph: pH
# name 11 = flECO-AFL: Fluorescence, WET Labs ECO-AFL/FL [mg/m^3]
# name 12 = n2satML/L: Nitrogen Saturation [ml/l]
# name 13 = c0S/m: Conductivity [S/m]
# name 14 = cpar: CPAR/Corrected Irradiance [%]
# name 15 = sigma-é00: Density [sigma-theta, kg/m^3]
# name 16 = sigma-t00: Density [sigma-t, kg/m^3 ]
# name 17 = par: PAR/Irradiance, Biospherical/Licor
# name 18 = prDM: Pressure, Digiquartz [db]
# name 19 = pumps: Pump Status
# name 20 = scan: Scan Count
# name 21 = svCM: Sound Velocity [Chen-Millero, m/s]
# name 22 = spar: SPAR, Biospherical/Licor
# name 23 = specc: Specific Conductance [uS/cm]
# name 24 = timeS: Time, Elapsed [seconds]
# name 25 = timeY: Time, System [seconds]
# name 26 = accM: Acceleration [m/s^2]
# name 27 = dz/dtM: Descent Rate [m/s]
# name 28 = latitude: Latitude [deg]
# name 29 = longitude: Longitude [deg]
# name 30 = gsw_saA0: Absolute Salinity [g/kg]
# name 31 = gsw_densityA0: density, TEOS-10 [density, kg/m^3]
# name 32 = gsw_sigma0A0: density, TEOS-10 [sigma-0, kg/m^3 ]
# name 33 = gsw_ptA0: potential temperature [ITS-90, deg C]
# name 34 = flag: flag
# span 0 =      1.000,     64.000       
# span 1 =     6.5160,    15.4672       
# span 2 =     3.4800,    34.3680       
# span 3 =  1001.7086,  1026.5738       
# span 4 =     2.2913,     4.8740       
# span 5 =     5.0201,    11.7324       
# span 6 =     78.805,    202.497       
# span 7 =   -0.43569,    0.14470       
# span 8 =    5.67096,    6.91442       
# span 9 =    5.66536,    6.92483       
# span 10 =      7.906,      8.089      
# span 11 =     0.0759,     1.2351      
# span 12 =   10.33861,   12.41215      
# span 13 =   0.595176,   3.923494      
# span 14 = 1.4381e-02, 4.5846e+01      
# span 15 =     1.7296,    26.4785      
# span 16 =     1.7295,    26.4781      
# span 17 = 9.6621e-02, 4.2601e+02      
# span 18 =      1.025,     64.482      
# span 19 =          1,          1      
# span 20 =       2978,      18243      
# span 21 =    1471.64,    1503.77      
# span 22 = 6.4774e+02, 9.4796e+02      
# span 23 =   8243.519,  53555.075      
# span 24 =    124.038,    760.073      
# span 25 = 1559218537, 1559219174      
# span 26 =      -0.65,       0.47      
# span 27 =     -0.999,      0.932      
# span 28 =   39.47518,   39.47669      
# span 29 =  -73.07123,  -73.07036      
# span 30 =     2.9934,    34.4875      
# span 31 =  1001.3240,  1026.5493      
# span 32 =     1.3191,    26.4538      
# span 33 =     6.5111,    15.4670      
# span 34 = 0.0000e+00, 0.0000e+00      
# interval = meters: 1                  
# start_time = May 30 2019 12:13:33 [System UTC, first data scan.]
# bad_flag = -9.990e-29
*END*
[from data line 83]
     44.000     6.7915    33.0619  1026.1242     2.4300     5.9498     86.740    0.00919    6.85945    6.86897      7.929     0.2324   12.32164   3.335566 2.5188e-01    25.9206    25.9201 1.6355e+00     44.344          1      10871    1476.15 6.4936e+02  52459.746    452.923 1559218866      -0.33     -0.813   39.47592  -73.07074    33.2171  1026.1250    25.9214     6.7876 0.0000e+00
     43.000     6.8893    33.0453  1026.0934     2.4481     5.9701     87.630    0.01035    6.81313    6.82192      7.930     0.3194   12.24523   3.343612 2.8118e-01    25.8945    25.8940 1.8337e+00     43.337          1      10918    1476.49 6.5209e+02  52408.801    454.877 1559218868       0.02     -0.573   39.47590  -73.07075    33.2117  1026.1031    25.9042     6.8855 0.0000e+00
     42.000     7.0720    33.0564  1026.0727     2.4797     6.0858     89.540    0.01493    6.79671    6.80525      7.936     0.4762   12.21802   3.362789 3.1506e-01    25.8787    25.8782 2.0558e+00     42.315          1      10976    1477.20 6.5252e+02  52375.633    457.301 1559218871      -0.65     -0.393   39.47590  -73.07076    33.2466  1026.1011    25.9071     7.0682 0.0000e+00
     41.000     7.2333    33.0432  1026.0356     2.4899     6.0979     90.036    0.01549    6.77276    6.78093      7.936     0.4627   12.17851   3.374153 3.5810e-01    25.8464    25.8459 2.3336e+00     41.328          1      10995    1477.79 6.5167e+02  52313.993    458.070 1559218871      -0.54     -0.956   39.47590  -73.07074    33.2162  1026.0506    25.8613     7.2295 0.0000e+00
     40.000     7.3907    33.0503  1026.0146     2.5138     6.1134     90.510    0.01029    6.75441    6.76229      7.939     0.5115   12.14836   3.388809 4.1120e-01    25.8301    25.8295 2.6801e+00     40.315          1      11052    1478.39 6.5177e+02  52282.509    460.441 1559218874       0.02     -0.508   39.47590  -73.07076    33.2254  1026.0313    25.8468     7.3869 0.0000e+00
     39.000     7.5897    33.0248  1025.9619     2.5428     6.1633     91.626    0.00891    6.72662    6.73408      7.945     0.7082   12.10242   3.403301 4.6515e-01    25.7821    25.7816 3.0540e+00     39.303          1      11137    1479.11 6.5658e+02  52195.543    464.006 1559218877      -0.15     -0.244   39.47588  -73.07076    33.1926  1025.9731    25.7934     7.5860 0.0000e+00
     38.000     7.7709    33.0316  1025.9368     2.5694     6.2207     92.643    0.00742    6.71476    6.72202      7.952     0.9440   12.08308   3.420364 5.3695e-01    25.7618    25.7612 3.5433e+00     38.301          1      11229    1479.79 6.5984e+02  52159.859    467.836 1559218881      -0.39     -0.378   39.47588  -73.07078    33.2046  1025.9520    25.7771     7.7672 0.0000e+00
     37.000     7.8231    32.9986  1025.8987     2.5978     6.2860     93.634    0.00484    6.71340    6.72061      7.964     1.1866   12.08112   3.420849 6.3033e-01    25.7284    25.7279 4.2372e+00     37.296          1      11563    1479.93 6.7166e+02  52099.663    481.756 1559218895      -0.11     -0.428   39.47584  -73.07079    33.1606  1025.9055    25.7352     7.8195 0.0000e+00
     36.000     7.9022    32.9693  1025.8595     2.6323     6.3522     95.147    0.00497    6.67617    6.68279      7.990     1.2351   12.02010   3.424942 7.2978e-01    25.6939    25.6934 5.0946e+00     36.278          1      12978    1480.18 6.9827e+02  52038.280    540.688 1559218954       0.06     -0.199   39.47570  -73.07088    33.1299  1025.8654    25.6998     7.8987 0.0000e+00
     35.000     8.1007    32.9548  1025.8146     2.6600     6.4592     96.926    0.01010    6.66404    6.67046      7.997     1.1202   12.00032   3.441832 8.4446e-01    25.6537    25.6532 5.9187e+00     35.269          1      12986    1480.90 7.0089e+02  51970.069    541.024 1559218954      -0.37     -0.434   39.47570  -73.07088    33.1235  1025.8269    25.6660     8.0972 0.0000e+00
     34.000     8.2382    32.9085  1025.7532     2.7001     6.5654     99.038    0.01326    6.62945    6.63534      8.003     1.1335   11.94324   3.449249 9.7442e-01    25.5970    25.5965 6.8091e+00     34.270          1      13065    1481.35 6.9881e+02  51871.606    544.320 1559218958      -0.17     -0.378   39.47569  -73.07089    33.0732  1025.7627    25.6065     8.2348 0.0000e+00
     33.000     8.5197    32.8672  1025.6740     2.7622     6.7285    101.742    0.01269    6.61337    6.61898      8.014     0.9289   11.91736   3.469846 1.1061e+00    25.5226    25.5221 7.7174e+00     33.261          1      13191    1482.34 6.9777e+02  51748.361    549.570 1559218963      -0.32     -0.472   39.47568  -73.07090    33.0279  1025.6806    25.5292     8.5164 0.0000e+00
     32.000     8.5395    32.8230  1025.6318     2.7980     6.7575    101.985   -0.00002    6.62597    6.63167      8.023     0.8273   11.93914   3.467193 1.2647e+00    25.4850    25.4845 8.8550e+00     32.246          1      13392    1482.34 7.0027e+02  51680.609    557.945 1559218971       0.04     -0.223   39.47566  -73.07090    32.9819  1025.6371    25.4903     8.5362 0.0000e+00
     31.000     8.4703    32.7865  1025.6091     2.7686     6.6155     99.622   -0.00986    6.64055    6.64643      8.022     0.6542   11.96363   3.456937 1.4221e+00    25.4667    25.4663 9.8697e+00     31.244          1      13459    1482.02 6.9401e+02  51643.545    560.755 1559218974      -0.03     -0.421   39.47566  -73.07090    32.9385  1025.6091    25.4668     8.4672 0.0000e+00
     30.000     8.3278    32.6925  1025.5521     2.7079     6.4555     97.192   -0.00691    6.64193    6.64777      8.017     0.4555   11.96664   3.435427 1.6065e+00    25.4143    25.4138 1.1201e+01     30.238          1      13656    1481.35 6.9728e+02  51541.608    568.963 1559218982      -0.20     -0.460   39.47564  -73.07092    32.8441  1025.5522    25.4144     8.3248 0.0000e+00
     29.000     8.3607    32.6479  1025.5076     2.7002     6.4869     98.638    0.01055    6.57669    6.58158      8.016     0.4047   11.85895   3.435233 1.8025e+00    25.3744    25.3740 1.2555e+01     29.229          1      13881    1481.40 6.9653e+02  51470.244    578.341 1559218992      -0.01     -0.501   39.47562  -73.07094    32.8118  1025.5175    25.3843     8.3578 0.0000e+00
     28.000     8.8910    32.6716  1025.4408     2.7517     6.6016    100.816    0.00953    6.54826    6.55275      8.022     0.3591   11.81181   3.484583 1.9882e+00    25.3125    25.3121 1.4055e+01     28.216          1      14011    1483.40 7.0694e+02  51386.770    583.743 1559218997      -0.04     -0.205   39.47560  -73.07094    32.8397  1025.4541    25.3258     8.8881 0.0000e+00
     27.000     9.0777    32.6743  1025.4093     2.7850     6.6781    102.419    0.01086    6.52033    6.52445      8.026     0.3190   11.76546   3.501852 2.2236e+00    25.2858    25.2853 1.5732e+01     27.208          1      14090    1484.08 7.0755e+02  51351.133    587.042 1559219000      -0.09     -0.323   39.47560  -73.07094    32.8480  1025.4269    25.3034     9.0748 0.0000e+00
     26.000     9.2150    32.6897  1025.3950     2.8232     6.7746    103.908    0.00875    6.51983    6.52393      8.033     0.2589   11.76481   3.514591 2.4571e+00    25.2761    25.2757 1.7520e+01     26.200          1      14186    1484.59 7.1297e+02  51343.331    591.030 1559219004      -0.12     -0.275   39.47558  -73.07096    32.8544  1025.4057    25.2868     9.2122 0.0000e+00
     25.000     9.2134    32.6754  1025.3795     2.8449     6.8146    104.489    0.00503    6.52185    6.52595      8.038     0.2441   11.76836   3.512533 2.7220e+00    25.2652    25.2647 1.9597e+01     25.197          1      14300    1484.55 7.1976e+02  51322.858    595.787 1559219009      -0.13     -0.357   39.47557  -73.07096    32.8349  1025.3862    25.2719     9.2108 0.0000e+00
     24.000     9.2107    32.6486  1025.3544     2.8554     6.8249    104.609    0.00170    6.52424    6.52833 -9.990e-29     0.2250   11.77287   3.509338 2.9738e+00    25.2446    25.2442 2.1777e+01     24.186          1      14410    1484.49 7.3229e+02  51284.827    600.356 1559219014      -0.07     -0.371   39.47556  -73.07096    32.8047  1025.3585    25.2488     9.2081 0.0000e+00
     23.000     9.2719    32.5933  1025.2969     2.8469     6.7481    103.758   -0.00280    6.50359    6.50737      8.050     0.2342   11.73907   3.510067 3.2124e+00    25.1917    25.1913 2.5095e+01     23.188          1      15143    1484.63 7.8131e+02  51193.710    630.896 1559219044      -0.26     -0.505   39.47548  -73.07102    32.7565  1025.3068    25.2015     9.2694 0.0000e+00
     22.000     9.4871    32.5730  1025.2420     2.8390     6.6915    103.616   -0.00041    6.45807    6.46122      8.051     0.2427   11.66382   3.527140 3.4908e+00    25.1415    25.1411 2.8490e+01     22.172          1      15588    1485.38 8.1602e+02  51121.013    649.453 1559219063       0.09     -0.344   39.47544  -73.07106    32.7364  1025.2522    25.1517     9.4847 0.0000e+00
     21.000     9.7907    32.5781  1025.1920     2.8656     6.7598    105.770    0.00973    6.39093    6.39313      8.049     0.2301   11.55317   3.554899 3.8934e+00    25.0962    25.0959 3.1376e+01     21.156          1      15705    1486.47 8.0583e+02  51068.056    654.348 1559219068      -0.09     -0.213   39.47544  -73.07106    32.7455  1025.2055    25.1097     9.7883 0.0000e+00
     20.000     9.9275    32.5761  1025.1632     2.8702     6.7301    105.400    0.00387    6.38529    6.38743      8.049     0.2457   11.54374   3.568487 4.3789e+00    25.0720    25.0717 3.4891e+01     20.156          1      15736    1486.95 7.9684e+02  51038.738    655.627 1559219069      -0.37     -0.624   39.47542  -73.07106    32.7604  1025.1899    25.0987     9.9252 0.0000e+00
     19.000    10.3622    32.5209  1025.0423     2.8817     6.6956    105.857    0.00340    6.32533    6.32663      8.047     0.2497   11.44519   3.601463 4.7085e+00    24.9558    24.9554 3.7433e+01     19.152          1      15810    1488.43 7.9500e+02  50881.184    658.723 1559219072      -0.09     -0.419   39.47542  -73.07106    32.7025  1025.0672    24.9807    10.3600 0.0000e+00
     18.000    10.9698    32.4428  1024.8724     2.9044     6.6676    107.112    0.00621    6.22466    6.22454      8.044     0.2293   11.28028   3.647496 5.1357e+00    24.7908    24.7905 4.1593e+01     18.130          1      15918    1490.48 8.1005e+02  50664.455    663.228 1559219077      -0.11     -0.210   39.47542  -73.07106    32.6209  1024.8951    24.8135    10.9677 0.0000e+00
     17.000    11.2231    32.3863  1024.7784     2.8885     6.5156    105.353   -0.00547    6.18426    6.18356      8.040     0.2402   11.21450   3.665105 5.6087e+00    24.7013    24.7009 4.5057e+01     17.134          1      15957    1491.28 8.0339e+02  50543.492    664.829 1559219078       0.06     -0.457   39.47540  -73.07107    32.5714  1024.8069    24.7299    11.2211 0.0000e+00
     16.000    11.9128    32.1937  1024.4987     2.8669     6.3633    104.683   -0.00251    6.07841    6.07634      8.032     0.2536   11.04052   3.707382 6.1454e+00    24.4263    24.4259 5.0718e+01     16.123          1      16045    1493.43 8.2497e+02  50166.195    668.500 1559219082      -0.12     -0.236   39.47540  -73.07108    32.3814  1024.5301    24.4579    11.9108 0.0000e+00
     15.000    12.8800    32.0569  1024.2046     2.8384     6.1489    103.225   -0.00550    5.95674    5.95311      8.021     0.2493   10.84120   3.781439 6.8110e+00    24.1372    24.1368 5.7612e+01     15.118          1      16135    1496.55 8.4573e+02  49839.259    672.257 1559219086      -0.27     -0.365   39.47539  -73.07109    32.2602  1024.2490    24.1815    12.8780 0.0000e+00
     14.000    14.0348    31.7929  1023.7657     2.8132     5.9997    102.305   -0.00382    5.86445    5.85969      8.015     0.2419   10.69033   3.855838 7.3659e+00    23.7029    23.7025 6.4768e+01     14.106          1      16264    1500.05 8.7904e+02  49328.222    677.621 1559219091      -0.03     -0.130   39.47537  -73.07110    31.9853  1023.8029    23.7402    14.0329 0.0000e+00
     13.000    14.8936    31.5598  1023.4023     2.7832     5.8524    100.832   -0.00602    5.80406    5.79856      8.013     0.2165   10.59184   3.907109 8.1043e+00    23.3443    23.3439 7.3676e+01     13.101          1      16389    1502.55 9.0904e+02  48911.356    682.848 1559219096      -0.09     -0.232   39.47536  -73.07111    31.7484  1023.4376    23.3796    14.8917 0.0000e+00
     12.000    15.1983    31.4795  1023.2709     2.7695     5.8274    100.600   -0.00105    5.79263    5.78699      8.013     0.1738   10.57324   3.923494 8.7451e+00    23.2174    23.2170 8.2081e+01     12.090          1      16515    1503.41 9.3870e+02  48768.425    688.070 1559219101      -0.00     -0.191   39.47535  -73.07112    31.6493  1023.2922    23.2387    15.1965 0.0000e+00
     11.000    15.2071    31.4718  1023.2585     2.7678     5.8179    100.474   -0.00164    5.79038    5.78471      8.016     0.1661   10.56964   3.922730 9.6620e+00    23.2095    23.2091 9.0831e+01     11.089          1      16579    1503.41 9.4008e+02  48756.502    690.766 1559219104      -0.22     -0.522   39.47534  -73.07112    31.6358  1023.2755    23.2264    15.2055 0.0000e+00
     10.000    15.2316    31.4404  1023.2246     2.7651     5.8139    100.388   -0.00113    5.79148    5.78582      8.028     0.1678   10.57164   3.919972 1.0705e+01    23.1800    23.1797 9.8866e+01     10.086          1      17052    1503.44 9.2361e+02  48710.044    710.440 1559219124      -0.08     -0.442   39.47530  -73.07114    31.5917  1023.2320    23.1874    15.2301 0.0000e+00
      9.000    15.2235    31.3917  1023.1844     2.7751     5.8570    101.088    0.00258    5.79395    5.78825      8.036     0.1758   10.57685   3.913318 1.1591e+01    23.1442    23.1440 1.0868e+02      9.066          1      17627    1503.34 9.3771e+02  48642.489    734.398 1559219148      -0.07     -0.206   39.47524  -73.07119    31.5389  1023.1887    23.1486    15.2221 0.0000e+00
      8.000    15.2347    31.3506  1023.1459     2.7648     5.7895    100.000   -0.00546    5.78947    5.78371      8.035     0.1812   10.56987   3.909847 1.2796e+01    23.1102    23.1099 1.1859e+02      8.060          1      17622    1503.31 9.2689e+02  48583.716    734.217 1559219148      -0.01     -0.478   39.47524  -73.07118    31.4990  1023.1513    23.1157    15.2335 0.0000e+00
      7.000    15.2697    31.3194  1023.1099     2.7631     5.8052    100.294   -0.00063    5.78823    5.78244      8.036     0.1712   10.56797   3.909495 1.4337e+01    23.0786    23.0784 1.3082e+02      7.052          1      17663    1503.37 9.1251e+02  48536.488    735.933 1559219149      -0.20     -0.556   39.47524  -73.07120    31.4682  1023.1157    23.0845    15.2686 0.0000e+00
      6.000    15.3076    31.2819  1023.0683     2.7636     5.8097    100.424    0.00095    5.78517    5.77934      8.038     0.1702   10.56310   3.908718 1.6051e+01    23.0415    23.0414 1.4833e+02      6.047          1      17740    1503.43 9.2396e+02  48480.146    739.142 1559219153      -0.02     -0.324   39.47523  -73.07120    31.4313  1023.0748    23.0480    15.3067 0.0000e+00
      5.000    15.3334    31.2593  1023.0409     2.7693     5.8242    100.770    0.00227    5.77964    5.77375      8.038     0.1676   10.55423   3.908511 1.8573e+01    23.0186    23.0184 1.7215e+02      5.035          1      17821    1503.47 9.2699e+02  48445.832    742.513 1559219156      -0.33     -0.417   39.47522  -73.07120    31.4091  1023.0477    23.0255    15.3327 0.0000e+00
      4.000    15.3828    31.2386  1023.0098     2.7685     5.8076    100.536   -0.00024    5.77667    5.77074 -9.990e-29     0.1554   10.54940   3.910669 2.0769e+01    22.9919    22.9918 1.8981e+02      4.033          1      17862    1503.58 9.1397e+02  48411.751    744.215 1559219158       0.10     -0.574   39.47522  -73.07120    31.3893  1023.0174    22.9996    15.3822 0.0000e+00
