CalculateIndicators/WaterTemperature/Data/CTD_NYOS/NYBOS_20190530_6_6.cnv
* Sea-Bird SBE 9 Data File:
* FileName = C:\Seabird 9 CTD\Data\2019\201905_offshore\NYBOS_20190530_6_6.hex
* Software Version Seasave V 7.23.2
* Temperature SN = 4590
* Conductivity SN = 3228
* Number of Bytes Per Scan = 44
* Number of Voltage Words = 5
* Number of Scans Averaged by the Deck Unit = 1
* NMEA Latitude = 38 47.22 N
* NMEA Longitude = 072 48.98 W
* NMEA UTC (Time) = May 30 2019  20:15:46
* NMEA baud rate = 4800
** Ship: Seawolf
** Station: 6_6
** Operator: AJB
# nquan = 35
# nvalues = 959                         
# units = specified
# name 0 = depSM: Depth [salt water, m]
# name 1 = t090C: Temperature [ITS-90, deg C]
# name 2 = sal00: Salinity, Practical [PSU]
# name 3 = density00: Density [density, kg/m^3]
# name 4 = sbeox0V: Oxygen raw, SBE 43 [V]
# name 5 = sbeox0ML/L: Oxygen, SBE 43 [ml/l]
# name 6 = sbeox0PS: Oxygen, SBE 43 [% saturation]
# name 7 = sbox0dV/dT: Oxygen, SBE 43 [dov/dt]
# name 8 = oxsolML/L: Oxygen Saturation, Garcia & Gordon [ml/l]
# name 9 = oxsatML/L: Oxygen Saturation, Weiss [ml/l]
# name 10 = ph: pH
# name 11 = flECO-AFL: Fluorescence, WET Labs ECO-AFL/FL [mg/m^3]
# name 12 = n2satML/L: Nitrogen Saturation [ml/l]
# name 13 = c0S/m: Conductivity [S/m]
# name 14 = cpar: CPAR/Corrected Irradiance [%]
# name 15 = sigma-é00: Density [sigma-theta, kg/m^3]
# name 16 = sigma-t00: Density [sigma-t, kg/m^3 ]
# name 17 = par: PAR/Irradiance, Biospherical/Licor
# name 18 = prDM: Pressure, Digiquartz [db]
# name 19 = pumps: Pump Status
# name 20 = scan: Scan Count
# name 21 = svCM: Sound Velocity [Chen-Millero, m/s]
# name 22 = spar: SPAR, Biospherical/Licor
# name 23 = specc: Specific Conductance [uS/cm]
# name 24 = timeS: Time, Elapsed [seconds]
# name 25 = timeY: Time, System [seconds]
# name 26 = accM: Acceleration [m/s^2]
# name 27 = dz/dtM: Descent Rate [m/s]
# name 28 = latitude: Latitude [deg]
# name 29 = longitude: Longitude [deg]
# name 30 = gsw_saA0: Absolute Salinity [g/kg]
# name 31 = gsw_densityA0: density, TEOS-10 [density, kg/m^3]
# name 32 = gsw_sigma0A0: density, TEOS-10 [sigma-0, kg/m^3 ]
# name 33 = gsw_ptA0: potential temperature [ITS-90, deg C]
# name 34 = flag: flag
# span 0 =      2.000,    481.000       
# span 1 =     6.4079,    18.7032       
# span 2 =    33.6457,    35.7084       
# span 3 =  1024.4363,  1029.7825       
# span 4 =     1.5378,     2.8693       
# span 5 =     2.9298,     5.8001       
# span 6 =     46.609,    106.565       
# span 7 =   -0.04656,    0.03751       
# span 8 =    5.29246,    6.83999       
# span 9 =    5.28384,    6.85180       
# span 10 =      7.876,     16.546      
# span 11 =    -0.0759,     0.7550      
# span 12 =    9.70209,   12.26447      
# span 13 =   3.503029,   4.697820      
# span 14 = 4.8641e-14, 1.0944e+01      
# span 15 =    24.4274,    27.5685      
# span 16 =    24.4273,    27.5627      
# span 17 = 1.0000e-12, 2.1656e+02      
# span 18 =      2.014,    485.225      
# span 19 =          1,          1      
# span 20 =       1381,      39963      
# span 21 =    1484.25,    1518.31      
# span 22 = 4.8211e+02, 2.0512e+03      
# span 23 =  51577.054,  55764.268      
# span 24 =     57.508,   1665.103      
# span 25 = 1559247403, 1559249010      
# span 26 =      -1.27,       0.59      
# span 27 =     -1.520,      1.072      
# span 28 =   38.78661,   38.78712      
# span 29 =  -72.81806,  -72.81642      
# span 30 =    33.7698,    35.8905      
# span 31 =  1024.4149,  1029.7856      
# span 32 =    24.4061,    27.5716      
# span 33 =     6.3635,    18.7014      
# span 34 = 0.0000e+00, 0.0000e+00      
# interval = meters: 1                  
# start_time = May 30 2019 20:15:45 [System UTC, first data scan.]
# bad_flag = -9.990e-29
*END*
      2.000    17.2008    33.6457  1024.4363     2.8280     5.7366    103.243   -0.00193    5.55634    5.54947      8.071     0.0698   10.15671   4.349632 5.6048e+00    24.4274    24.4273 1.1478e+02      2.014          1       1381    1511.91 2.0479e+03  51577.054     57.508 1559247403       0.59      0.425   38.78710  -72.81642    33.7698  1024.4149    24.4061    17.2004 0.0000e+00
      3.000    17.0634    33.6778  1024.4980     2.8303     5.7387    103.346   -0.00210    5.55292    5.54610      8.076     0.0627   10.14930   4.342249 5.1489e+00    24.4848    24.4846 1.0523e+02      3.024          1       1415    1511.55 2.0437e+03  51634.275     58.935 1559247404       0.04      0.707   38.78710  -72.81642    33.8203  1024.4905    24.4773    17.0629 0.0000e+00
      4.000    16.8160    33.6632  1024.5493     2.8504     5.8001    105.296    0.01182    5.50852    5.50136      8.075     0.0772   10.07349   4.316155 4.5510e+00    24.5317    24.5316 9.2700e+01      4.030          1       1445    1510.81 2.0369e+03  51635.079     60.168 1559247405       0.10      0.786   38.78710  -72.81642    33.8002  1024.5377    24.5201    16.8153 0.0000e+00
      5.000    16.5844    33.7947  1024.7088     2.8693     5.7416    106.565    0.01635    5.38794    5.37993      8.071     0.0732    9.86669   4.311157 4.2800e+00    24.6867    24.6866 8.6805e+01      5.036          1       1475    1510.28 2.0281e+03  51835.664     61.432 1559247407      -0.04      0.816   38.78710  -72.81642    33.9517  1024.7119    24.6898    16.5836 0.0000e+00
      6.000    16.9065    34.0361  1024.8231     2.8575     5.6194    104.881   -0.00128    5.35789    5.34966      8.072     0.0437    9.81535   4.375652 4.3922e+00    24.7965    24.7963 8.9379e+01      6.046          1       1512    1511.54 2.0348e+03  52138.355     62.942 1559247408      -0.09      0.690   38.78710  -72.81642    34.2430  1024.8634    24.8370    16.9055 0.0000e+00
      7.000    17.9490    34.7238  1025.1038     2.8091     5.3666    100.590   -0.03344    5.33511    5.32674      8.077     0.0428    9.77597   4.561552 4.4907e+00    25.0732    25.0729 9.2114e+01      7.054          1       1548    1515.44 2.0512e+03  52997.657     64.461 1559247410       0.05      0.648   38.78710  -72.81642    34.9637  1025.1665    25.1358    17.9478 0.0000e+00
      8.000    18.1713    34.8523  1025.1520     2.7930     5.3625    101.248   -0.01387    5.29640    5.28777      8.081     0.0342    9.70961   4.593267 4.8276e+00    25.1169    25.1166 9.8245e+01      8.059          1       1584    1516.25 2.0352e+03  53155.590     65.972 1559247411      -0.06      0.681   38.78710  -72.81642    35.0449  1025.1781    25.1430    18.1699 0.0000e+00
      9.000    18.4164    35.0456  1025.2431     2.7621     5.2718     99.609   -0.01790    5.29246    5.28384      8.091     0.0581    9.70209   4.645093 5.7056e+00    25.2038    25.2034 1.1666e+02      9.077          1       1625    1517.20 2.0447e+03  53401.514     67.682 1559247413       0.05      0.554   38.78710  -72.81642    35.2762  1025.2974    25.2580    18.4148 0.0000e+00
     10.000    18.7032    35.1915  1025.2871     2.7486     5.2437     99.065   -0.01699    5.29326    5.28465      8.098     0.0601    9.70333   4.686246 5.6045e+00    25.2433    25.2428 1.1454e+02     10.076          1       1651    1518.21 2.0436e+03  53579.612     68.744 1559247414       0.30      0.802   38.78710  -72.81642    35.3795  1025.3083    25.2646    18.7014 0.0000e+00
     11.000    18.6780    35.2810  1025.3665     2.7444     5.2688     99.522   -0.00729    5.29413    5.28553      8.103     0.0684    9.70471   4.695196 5.7198e+00    25.3184    25.3180 1.1635e+02     11.079          1       1676    1518.25 2.0343e+03  53704.430     69.810 1559247415      -0.00      0.971   38.78710  -72.81642    35.4765  1025.3929    25.3449    18.6761 0.0000e+00
     12.000    18.6799    35.3117  1025.3938     2.7426     5.2879     99.790   -0.00200    5.29904    5.29048      8.108     0.0597    9.71295   4.697820 6.5455e+00    25.3414    25.3409 1.3084e+02     12.089          1       1710    1518.31 1.9996e+03  53746.012     71.214 1559247416      -0.16      0.775   38.78710  -72.81642    35.4967  1025.4122    25.3598    18.6778 0.0000e+00
     13.000    18.6542    35.3234  1025.4137     2.7396     5.3045     99.701   -0.00117    5.32046    5.31208      8.118     0.0721    9.74869   4.695813 6.7888e+00    25.3569    25.3563 1.3877e+02     13.103          1       1759    1518.27 2.0441e+03  53764.130     73.264 1559247418      -0.10      0.471   38.78710  -72.81644    35.5015  1025.4268    25.3700    18.6519 0.0000e+00
     14.000    18.5778    35.3119  1025.4286     2.7325     5.2811     99.059   -0.00597    5.33124    5.32296      8.124     0.0909    9.76668   4.685475 6.5730e+00    25.3674    25.3668 1.3446e+02     14.111          1       1796    1518.05 2.0457e+03  53754.549     74.798 1559247420       0.32      0.604   38.78710  -72.81644    35.4792  1025.4336    25.3723    18.5754 0.0000e+00
     15.000    18.4546    35.2995  1025.4546     2.7424     5.3460    100.211    0.00441    5.33475    5.32649      8.127     0.1070    9.77263   4.671080 6.6788e+00    25.3890    25.3883 1.3626e+02     15.111          1       1822    1517.70 2.0401e+03  53746.633     75.895 1559247421       0.11      0.874   38.78710  -72.81644    35.4626  1025.4564    25.3908    18.4520 0.0000e+00
     16.000    18.3169    35.2864  1025.4835     2.7497     5.3895    100.728    0.00729    5.35053    5.34240      8.131     0.0956    9.79920   4.655824 6.5869e+00    25.4134    25.4127 1.3418e+02     16.125          1       1853    1517.30 2.0371e+03  53739.027     77.180 1559247422      -0.10      0.819   38.78710  -72.81644    35.4512  1025.4866    25.4166    18.3141 0.0000e+00
     17.000    18.2979    35.2809  1025.4884     2.7497     5.3886    100.332    0.00168    5.37076    5.36281      8.135     0.1223    9.83314   4.653213 6.4679e+00    25.4139    25.4132 1.3188e+02     17.129          1       1881    1517.26 2.0389e+03  53733.342     78.340 1559247423       0.10      0.822   38.78710  -72.81644    35.4449  1025.4910    25.4166    18.2950 0.0000e+00
     18.000    18.2147    35.2568  1025.4952     2.7542     5.4225    100.565    0.00241    5.39205    5.38427      8.139     0.1357    9.86899   4.640673 6.4637e+00    25.4162    25.4155 1.3052e+02     18.132          1       1911    1517.01 2.0193e+03  53707.025     79.598 1559247425      -0.10      0.846   38.78710  -72.81644    35.4092  1025.4890    25.4102    18.2116 0.0000e+00
     19.000    17.9003    35.1856  1025.5229     2.7558     5.5319    100.422    0.00092    5.50874    5.50201      8.150     0.1666   10.06490   4.600119 6.1716e+00    25.4397    25.4389 1.2572e+02     19.147          1       1960    1516.03 2.0373e+03  53635.346     81.610 1559247427      -0.13      0.499   38.78710  -72.81644    35.3330  1025.5133    25.4299    17.8970 0.0000e+00
     20.000    17.5325    35.0783  1025.5350     2.7765     5.6764    101.899    0.00892    5.57073    5.56464      8.156     0.2001   10.16765   4.545304 6.1867e+00    25.4472    25.4464 1.2400e+02     20.160          1       2004    1514.84 2.0045e+03  53519.066     83.463 1559247429       0.19      0.523   38.78710  -72.81644    35.1777  1025.4892    25.4014    17.5291 0.0000e+00
     21.000    16.4936    34.8602  1025.6194     2.8007     5.7603    104.091    0.02344    5.53392    5.52753      8.155     0.2205   10.10504   4.416428 5.8335e+00    25.5267    25.5259 1.1453e+02     21.163          1       2030    1511.49 1.9633e+03  53309.053     84.550 1559247430       0.27      0.802   38.78710  -72.81645    34.9541  1025.5701    25.4774    16.4902 0.0000e+00
     22.000    16.2984    34.8837  1025.6874     2.8073     5.7346    103.801    0.01523    5.52457    5.51809      8.151     0.2447   10.08919   4.400759 5.0860e+00    25.5902    25.5894 1.0199e+02     22.164          1       2054    1510.94 2.0073e+03  53361.222     85.540 1559247431       0.09      0.991   38.78710  -72.81646    34.9853  1025.6438    25.5467    16.2948 0.0000e+00
     23.000    16.2274    34.9919  1025.7914     2.7909     5.5878    101.423   -0.00765    5.50942    5.50281      8.150     0.2646   10.06359   4.412425 4.7700e+00    25.6898    25.6890 9.6613e+01     23.175          1       2084    1510.86 2.0255e+03  53516.556     86.801 1559247432      -0.19      0.878   38.78710  -72.81646    35.1513  1025.7916    25.6901    16.2237 0.0000e+00
     24.000    16.4665    35.0942  1025.8190     2.7718     5.5119    100.166   -0.01336    5.50279    5.49612      8.149     0.3073   10.05240   4.447109 4.4332e+00    25.7132    25.7123 8.9864e+01     24.182          1       2119    1511.73 2.0272e+03  53634.141     88.256 1559247433      -0.04      0.705   38.78710  -72.81646    35.2485  1025.8149    25.7091    16.4626 0.0000e+00
     25.000    16.6408    35.1597  1025.8329     2.7494     5.4961     99.187   -0.01243    5.54120    5.53491      8.150     0.4109   10.11661   4.472527 4.0073e+00    25.7227    25.7217 8.1625e+01     25.192          1       2163    1512.35 2.0367e+03  53707.821     90.074 1559247435      -0.10      0.564   38.78710  -72.81646    35.3194  1025.8327    25.7225    16.6367 0.0000e+00
     26.000    16.6429    35.1649  1025.8408     2.7395     5.4826     99.208   -0.00653    5.52643    5.52003      8.149     0.5836   10.09110   4.471715 3.5655e+00    25.7263    25.7253 7.2209e+01     26.206          1       2205    1512.38 2.0252e+03  53715.402     91.837 1559247437       0.13      0.547   38.78710  -72.81646    35.3099  1025.8294    25.7148    16.6387 0.0000e+00
     27.000    16.3333    35.1060  1025.8724     2.7390     5.4955     99.730    0.00054    5.51036    5.50382      8.145     0.6654   10.06415   4.431981 3.0954e+00    25.7533    25.7523 6.2764e+01     27.209          1       2232    1511.39 2.0277e+03  53664.197     92.968 1559247438       0.23      0.786   38.78710  -72.81646    35.2306  1025.8455    25.7264    16.3290 0.0000e+00
     28.000    16.2584    35.1556  1025.9324     2.7287     5.4389     98.760   -0.00652    5.50719    5.50061      8.145     0.6815   10.05876   4.435704 2.6642e+00    25.8088    25.8078 5.4064e+01     28.212          1       2257    1511.23 2.0294e+03  53739.457     93.981 1559247439       0.09      0.961   38.78710  -72.81646    35.3298  1025.9433    25.8197    16.2539 0.0000e+00
     29.000    16.5014    35.2285  1025.9362     2.7151     5.3905     97.839   -0.01085    5.50961    5.50306      8.145     0.6992   10.06273   4.467765 2.3985e+00    25.8084    25.8073 4.8643e+01     29.218          1       2285    1512.07 2.0281e+03  53816.904     95.176 1559247440      -0.14      0.911   38.78710  -72.81646    35.3990  1025.9440    25.8162    16.4967 0.0000e+00
     30.000    16.6101    35.2608  1025.9400     2.6882     5.3341     96.294   -0.01499    5.53944    5.53320      8.143     0.7184   10.11239   4.481835 2.1362e+00    25.8078    25.8067 4.2925e+01     30.231          1       2328    1512.46 2.0094e+03  53851.190     96.962 1559247442      -0.15      0.579   38.78710  -72.81646    35.4270  1025.9444    25.8122    16.6052 0.0000e+00
     31.000    16.4956    35.2547  1025.9667     2.6700     5.3258     95.803   -0.01043    5.55908    5.55306      8.142     0.6902   10.14483   4.467747 1.7931e+00    25.8300    25.8288 3.6300e+01     31.238          1       2371    1512.12 2.0245e+03  53854.189     98.730 1559247444       0.08      0.567   38.78710  -72.81646    35.4032  1025.9575    25.8208    16.4905 0.0000e+00
     32.000    16.2778    35.2449  1026.0144     2.6532     5.3059     95.148   -0.00894    5.57646    5.57063      8.138     0.5914   10.17340   4.445372 1.5151e+00    25.8732    25.8720 3.0484e+01     32.253          1       2407    1511.46 2.0116e+03  53861.754    100.269 1559247445       0.05      0.638   38.78710  -72.81646    35.3973  1026.0082    25.8670    16.2727 0.0000e+00
     33.000    16.1740    35.2460  1026.0437     2.6249     5.1890     92.906   -0.02167    5.58522    5.57949      8.135     0.5478   10.18793   4.434925 1.2205e+00    25.8980    25.8968 2.4755e+01     33.256          1       2433    1511.16 2.0287e+03  53873.913    101.316 1559247446       0.28      0.822   38.78710  -72.81646    35.3961  1026.0358    25.8901    16.1687 0.0000e+00
     34.000    16.0651    35.2705  1026.0922     2.6039     5.1316     91.724   -0.02469    5.59462    5.58898      8.135     0.5518   10.20359   4.426753 9.8507e-01    25.9420    25.9408 1.9931e+01     34.253          1       2456    1510.87 2.0231e+03  53918.623    102.273 1559247447       0.09      1.029   38.78710  -72.81646    35.4197  1026.0834    25.9333    16.0597 0.0000e+00
     35.000    15.9138    35.2769  1026.1363     2.5787     5.1132     91.143   -0.01722    5.61009    5.60462      8.131     0.5066   10.22933   4.412486 1.0229e+00    25.9817    25.9805 2.0494e+01     35.268          1       2493    1510.43 2.0040e+03  53943.116    103.845 1559247449      -0.27      0.723   38.78710  -72.81646    35.4266  1026.1279    25.9733    15.9082 0.0000e+00
     36.000    15.7548    35.2659  1026.1686     2.5602     5.0992     90.793   -0.01094    5.61622    5.61082      8.129     0.4797   10.23946   4.394864 8.4780e-01    26.0094    26.0081 1.7224e+01     36.277          1       2536    1509.95 2.0315e+03  53944.695    105.618 1559247451       0.09      0.559   38.78710  -72.81646    35.4099  1026.1559    25.9967    15.7492 0.0000e+00
     37.000    15.6381    35.2596  1026.1947     2.5487     5.0994     90.602   -0.00669    5.62838    5.62312      8.125     0.4466   10.25961   4.383501 7.5520e-01    26.0311    26.0297 1.5144e+01     37.288          1       2574    1509.59 2.0050e+03  53948.830    107.221 1559247452      -0.00      0.630   38.78710  -72.81646    35.4117  1026.1882    26.0245    15.6324 0.0000e+00
     38.000    15.6034    35.2613  1026.2084     2.5341     5.0539     89.641   -0.01061    5.63800    5.63284      8.123     0.4072   10.27556   4.380407 6.4086e-01    26.0403    26.0389 1.2883e+01     38.296          1       2606    1509.50 2.0109e+03  53955.314    108.537 1559247454       0.16      0.710   38.78710  -72.81646    35.4145  1026.2027    26.0346    15.5974 0.0000e+00
     39.000    15.5399    35.2652  1026.2302     2.5254     5.0408     89.341   -0.00947    5.64223    5.63711      8.122     0.3950   10.28261   4.374122 5.3681e-01    26.0576    26.0562 1.0851e+01     39.298          1       2632    1509.33 2.0214e+03  53967.942    109.638 1559247455       0.09      0.883   38.78710  -72.81646    35.4144  1026.2213    26.0488    15.5338 0.0000e+00
     40.000    15.4385    35.2638  1026.2564     2.5163     5.0302     89.113   -0.00724    5.64477    5.63969      8.120     0.3798   10.28683   4.364059 5.4815e-01    26.0793    26.0779 1.0798e+01     40.306          1       2664    1509.03 1.9708e+03  53977.337    110.963 1559247456      -0.14      0.813   38.78710  -72.81647    35.4140  1026.2484    26.0713    15.4323 0.0000e+00
     41.000    15.3693    35.2577  1026.2718     2.5108     5.0326     89.144   -0.00374    5.64541    5.64034      8.118     0.3542   10.28771   4.357044 5.1273e-01    26.0902    26.0888 9.7911e+00     41.320          1       2701    1508.82 1.9108e+03  53977.116    112.513 1559247458      -0.03      0.647   38.78710  -72.81648    35.4123  1026.2670    26.0855    15.3629 0.0000e+00
     42.000    15.3510    35.2562  1026.2791     2.5045     5.0197     88.790   -0.00461    5.65345    5.64847      8.117     0.3518   10.30103   4.355090 4.1469e-01    26.0931    26.0917 8.3584e+00     42.325          1       2731    1508.78 2.0156e+03  53977.543    113.770 1559247459       0.16      0.743   38.78710  -72.81648    35.4106  1026.2743    26.0883    15.3445 0.0000e+00
