CalculateIndicators/WaterTemperature/Data/CTD_NYOS/NYBOS_20190529_6-3.cnv
* Sea-Bird SBE 9 Data File:
* FileName = C:\Seabird 9 CTD\Data\2019\201905_offshore\NYBOS_20190529_6-3.hex
* Software Version Seasave V 7.23.2
* Temperature SN = 4590
* Conductivity SN = 3228
* Number of Bytes Per Scan = 44
* Number of Voltage Words = 5
* Number of Scans Averaged by the Deck Unit = 1
* NMEA Latitude = 39 49.38 N
* NMEA Longitude = 073 11.81 W
* NMEA UTC (Time) = May 30 2019  08:22:36
* NMEA baud rate = 4800
** Ship: Seawolf
** Station: 6.3
** Operator: AJB
# nquan = 35
# nvalues = 79                          
# units = specified
# name 0 = depSM: Depth [salt water, m]
# name 1 = t090C: Temperature [ITS-90, deg C]
# name 2 = sal00: Salinity, Practical [PSU]
# name 3 = density00: Density [density, kg/m^3]
# name 4 = sbeox0V: Oxygen raw, SBE 43 [V]
# name 5 = sbeox0ML/L: Oxygen, SBE 43 [ml/l]
# name 6 = sbeox0PS: Oxygen, SBE 43 [% saturation]
# name 7 = sbox0dV/dT: Oxygen, SBE 43 [dov/dt]
# name 8 = oxsolML/L: Oxygen Saturation, Garcia & Gordon [ml/l]
# name 9 = oxsatML/L: Oxygen Saturation, Weiss [ml/l]
# name 10 = ph: pH
# name 11 = flECO-AFL: Fluorescence, WET Labs ECO-AFL/FL [mg/m^3]
# name 12 = n2satML/L: Nitrogen Saturation [ml/l]
# name 13 = c0S/m: Conductivity [S/m]
# name 14 = cpar: CPAR/Corrected Irradiance [%]
# name 15 = sigma-é00: Density [sigma-theta, kg/m^3]
# name 16 = sigma-t00: Density [sigma-t, kg/m^3 ]
# name 17 = par: PAR/Irradiance, Biospherical/Licor
# name 18 = prDM: Pressure, Digiquartz [db]
# name 19 = pumps: Pump Status
# name 20 = scan: Scan Count
# name 21 = svCM: Sound Velocity [Chen-Millero, m/s]
# name 22 = spar: SPAR, Biospherical/Licor
# name 23 = specc: Specific Conductance [uS/cm]
# name 24 = timeS: Time, Elapsed [seconds]
# name 25 = timeY: Time, System [seconds]
# name 26 = accM: Acceleration [m/s^2]
# name 27 = dz/dtM: Descent Rate [m/s]
# name 28 = latitude: Latitude [deg]
# name 29 = longitude: Longitude [deg]
# name 30 = gsw_saA0: Absolute Salinity [g/kg]
# name 31 = gsw_densityA0: density, TEOS-10 [density, kg/m^3]
# name 32 = gsw_sigma0A0: density, TEOS-10 [sigma-0, kg/m^3 ]
# name 33 = gsw_ptA0: potential temperature [ITS-90, deg C]
# name 34 = flag: flag
# span 0 =      1.000,     43.000       
# span 1 =     6.4117,    16.0918       
# span 2 =    30.1482,    32.8776       
# span 3 =  1022.0047,  1026.0185       
# span 4 =     2.1820,     2.9506       
# span 5 =     5.1730,     6.9319       
# span 6 =     74.577,    111.024       
# span 7 =   -0.03877,    0.06165       
# span 8 =    5.73872,    6.95110       
# span 9 =    5.73187,    6.96148       
# span 10 =      7.850,      8.103      
# span 11 =     0.0574,     1.0024      
# span 12 =   10.49801,   12.47866      
# span 13 =   3.260984,   3.849105      
# span 14 = 2.3430e-11, 4.0424e+04      
# span 15 =    21.9993,    25.8219      
# span 16 =    21.9991,    25.8215      
# span 17 = 1.0000e-12, 2.5083e-01      
# span 18 =      1.046,     43.328      
# span 19 =          1,          1      
# span 20 =         53,       8019      
# span 21 =    1473.95,    1504.58      
# span 22 = 1.3418e+00, 4.0321e+00      
# span 23 =  46830.614,  52293.432      
# span 24 =      2.169,    334.070      
# span 25 = 1559204680, 1559205013      
# span 26 =      -0.76,       0.86      
# span 27 =     -1.017,      0.923      
# span 28 =   39.82205,   39.82277      
# span 29 =  -73.19690,  -73.19684      
# span 30 =    30.2910,    33.0312      
# span 31 =  1022.0104,  1026.0203      
# span 32 =    22.0050,    25.8221      
# span 33 =     6.4088,    16.0912      
# span 34 = 0.0000e+00, 0.0000e+00      
# interval = meters: 1                  
# start_time = May 30 2019 08:24:37 [System UTC, first data scan.]
# bad_flag = -9.990e-29
*END*
[from data line 42]
     43.000     6.4335    32.8740  1026.0185     2.1820     5.1730     74.577   -0.00021    6.93649    6.94699      7.905     0.0799   12.45107   3.287379 2.3430e-11    25.8191    25.8186 1.0000e-12     43.328          1       2743    1474.49 3.9124e+00  52288.808    114.260 1559204793      -0.16      0.192   39.82252  -73.19690    33.0297  1026.0203    25.8209     6.4298 0.0000e+00
     42.000     6.4340    32.8707  1026.0111     2.1835     5.1818     74.702    0.00097    6.93664    6.94714      7.850     0.0731   12.45138   3.287091 2.5320e-11    25.8164    25.8159 1.0000e-12     42.330          1       3607    1474.47 3.9892e+00  52283.217    150.258 1559204830      -0.02     -0.490   39.82244  -73.19690    33.0266  1026.0131    25.8183     6.4304 0.0000e+00
     41.000     6.4343    32.8701  1026.0060     2.1850     5.1820     74.703    0.00049    6.93677    6.94727      7.855 -9.990e-29   12.45162   3.287019 2.5320e-11    25.8158    25.8153 1.0000e-12     41.311          1       3801    1474.45 3.9495e+00  52281.499    158.321 1559204837      -0.49     -0.577   39.82242  -73.19690    33.0259  1026.0079    25.8178     6.4308 0.0000e+00
     40.000     6.4340    32.8690  1026.0005     2.1851     5.1819     74.701    0.00050    6.93689    6.94739      7.855 -9.990e-29   12.45186   3.286841 -9.990e-29    25.8149    25.8145 1.0000e-12     40.321          1       3813    1474.43 2.8987e+00  52279.276    158.833 1559204838      -0.42     -1.017   39.82242  -73.19690    33.0248  1026.0024    25.8169     6.4305 0.0000e+00
     39.000     6.4334    32.8681  1025.9952     2.1853     5.1790     74.657    0.00014    6.93706    6.94755      7.855     0.0701   12.45217   3.286668 -9.990e-29    25.8144    25.8140 1.0000e-12     39.308          1       3846    1474.41 3.8929e+00  52277.603    160.196 1559204839       0.31     -0.883   39.82242  -73.19690    33.0239  1025.9972    25.8163     6.4300 0.0000e+00
     38.000     6.4332    32.8642  1025.9875     2.1864     5.1875     74.756    0.00064    6.93919    6.94967 -9.990e-29     0.0693   12.45613   3.286245 2.5320e-11    25.8112    25.8108 1.0000e-12     38.288          1       3888    1474.39 3.9495e+00  52271.196    161.939 1559204841      -0.18     -0.493   39.82240  -73.19690    33.0198  1025.9893    25.8131     6.4299 0.0000e+00
     37.000     6.4334    32.8600  1025.9796     2.1851     5.1803     74.591   -0.00026    6.94496    6.95541      7.854     0.0883   12.46687   3.285842 2.5320e-11    25.8080    25.8076 1.0000e-12     37.295          1       3914    1474.37 3.9495e+00  52264.571    163.052 1559204842      -0.15     -0.821   39.82240  -73.19690    33.0157  1025.9814    25.8098     6.4302 0.0000e+00
     36.000     6.4288    32.8091  1025.9354     2.1935     5.2431     75.433    0.00387    6.95069    6.96111      7.858     0.1307   12.47750   3.280354 2.5320e-11    25.7684    25.7680 1.0000e-12     36.278          1       3962    1474.27 3.9495e+00  52192.141    165.060 1559204844       0.21     -0.510   39.82240  -73.19690    32.9595  1025.9332    25.7663     6.4257 0.0000e+00
     35.000     6.4157    32.6829  1025.8329     2.2120     5.3641     77.169    0.01171    6.95110    6.96148      7.858     0.1572   12.47866   3.267831 2.5320e-11    25.6704    25.6700 1.0000e-12     35.269          1       4002    1474.05 3.9495e+00  52013.607    166.707 1559204846      -0.34     -0.569   39.82240  -73.19690    32.8331  1025.8310    25.6687     6.4127 0.0000e+00
     34.000     6.4117    32.6444  1025.7984     2.2207     5.3684     77.287    0.00942    6.94608    6.95634      7.858     0.1676   12.47069   3.264237 7.3372e+03    25.6406    25.6403 1.0000e-12     34.268          1       4028    1473.96 3.5873e+00  51958.991    167.781 1559204847      -0.16     -0.882   39.82240  -73.19690    32.7974  1025.7989    25.6411     6.4088 0.0000e+00
     33.000     6.4240    32.6066  1025.7624     2.2314     5.3836     77.502    0.00713    6.94636    6.95663      7.850     0.3925   12.47119   3.261944 4.0424e+04    25.6093    25.6089 1.0000e-12     33.263          1       4103    1473.95 2.3701e+00  51900.718    170.914 1559204850       0.17     -0.709   39.82240  -73.19690    32.7606  1025.7638    25.6107     6.4212 0.0000e+00
     32.000     6.4660    32.5673  1025.7213     2.2543     5.4118     78.225    0.00488    6.91829    6.92805      7.850     1.0024   12.42545   3.262392 -9.990e-29    25.5729    25.5725 1.0000e-12     32.248          1       5253    1474.05 3.0433e+00  51831.797    218.834 1559204898      -0.65     -0.554   39.82227  -73.19686    32.7257  1025.7264    25.5780     6.4632 0.0000e+00
     31.000     6.5249    32.5492  1025.6949     2.2723     5.4914     79.677    0.01078    6.89229    6.90163      7.854     0.5717   12.38272   3.265879 2.5320e-11    25.5511    25.5508 1.0000e-12     31.246          1       5287    1474.24 3.8566e+00  51788.994    220.261 1559204899       0.11     -0.765   39.82226  -73.19686    32.7085  1025.7008    25.5570     6.5222 0.0000e+00
     30.000     6.6825    32.5111  1025.6398     2.3172     5.7065     83.169    0.02415    6.86122    6.87006      7.862     0.4284   12.33178   3.276734 2.5320e-11    25.5007    25.5004 1.0000e-12     30.222          1       5335    1474.80 3.9495e+00  51690.457    222.238 1559204901      -0.15     -0.397   39.82226  -73.19686    32.6785  1025.6521    25.5132     6.6799 0.0000e+00
     29.000     6.7917    32.5077  1025.6182     2.3442     5.8047     84.679    0.02696    6.85493    6.86362      7.863     0.3979   12.32189   3.286305 2.5320e-11    25.4839    25.4835 1.0000e-12     29.228          1       5359    1475.20 3.9495e+00  51655.996    223.246 1559204902      -0.34     -0.809   39.82226  -73.19686    32.6805  1025.6349    25.5005     6.7891 0.0000e+00
     28.000     6.9736    32.4772  1025.5653     2.3706     5.8503     85.490    0.02383    6.84323    6.85169      7.865     0.4315   12.30309   3.298855 2.5320e-11    25.4356    25.4353 1.0000e-12     28.221          1       5388    1475.86 3.9495e+00  51562.806    224.441 1559204904       0.11     -0.906   39.82226  -73.19686    32.6461  1025.5792    25.4496     6.9711 0.0000e+00
     27.000     7.0532    32.4418  1025.5222     2.3896     5.8038     85.243    0.01439    6.80848    6.81641      7.869     0.4241   12.24574   3.302437 -9.990e-29    25.3973    25.3970 1.0000e-12     27.213          1       5424    1476.11 3.9495e+00  51491.451    225.948 1559204905       0.10     -0.700   39.82226  -73.19686    32.6104  1025.5359    25.4110     7.0508 0.0000e+00
     26.000     7.2477    32.3720  1025.4363     2.4284     5.8854     87.190    0.01702    6.75022    6.75722      7.882     0.4437   12.15031   3.313606 -9.990e-29    25.3161    25.3158 1.0000e-12     26.196          1       5479    1476.76 3.9495e+00  51341.141    228.255 1559204907       0.09     -0.391   39.82224  -73.19686    32.5491  1025.4569    25.3368     7.2453 0.0000e+00
     25.000     7.5271    32.3800  1025.3994     2.4672     6.0734     90.035    0.02712    6.74557    6.75251      7.886     0.4730   12.14243   3.338925 -9.990e-29    25.2840    25.2836 1.0000e-12     25.188          1       5512    1477.83 1.8516e+00  51282.060    229.630 1559204909      -0.47     -0.628   39.82224  -73.19686    32.5618  1025.4238    25.3085     7.5248 0.0000e+00
     24.000     7.7476    32.3216  1025.3176     2.5086     6.1195     91.252    0.02158    6.70657    6.71293      7.897     0.4889   12.07822   3.352413 2.5320e-11    25.2069    25.2066 1.0000e-12     24.197          1       5608    1478.59 3.0555e+00  51145.429    233.633 1559204913      -0.04     -0.811   39.82223  -73.19686    32.5014  1025.3408    25.2301     7.7454 0.0000e+00
     23.000     8.4123    32.3087  1025.2064     2.6460     6.3854     96.828    0.01731    6.59450    6.59927      7.949     0.4942   11.89281   3.408776 -9.990e-29    25.1008    25.1005 1.0000e-12     23.178          1       6257    1481.08 3.9502e+00  50973.601    260.654 1559204940      -0.14     -0.413   39.82218  -73.19686    32.4865  1025.2283    25.1226     8.4100 0.0000e+00
     22.000     8.7580    32.3047  1025.1465     2.6972     6.5046     99.517    0.02182    6.53635    6.54031      7.955     0.3787   11.79663   3.437894 2.5320e-11    25.0456    25.0452 1.0000e-12     22.170          1       6313    1482.35 3.9495e+00  50891.090    263.014 1559204942       0.08     -0.405   39.82218  -73.19686    32.4758  1025.1634    25.0625     8.7557 0.0000e+00
     21.000     8.9950    32.2950  1025.0979     2.7332     6.5441    100.625    0.01731    6.50341    6.50691      7.961     0.3909   11.74228   3.459287 2.5320e-11    25.0016    25.0013 1.0000e-12     21.159          1       6362    1483.21 3.9495e+00  50826.950    265.028 1559204944      -0.26     -0.513   39.82218  -73.19686    32.4829  1025.1279    25.0317     8.9928 0.0000e+00
     20.000     9.3023    32.3164  1025.0618     2.7520     6.5782    101.275    0.01554    6.49537    6.49874      7.964     0.3713   11.72913   3.487997 2.5320e-11    24.9701    24.9698 1.0000e-12     20.152          1       6390    1484.35 3.9495e+00  50792.865    266.216 1559204945      -0.17     -0.778   39.82218  -73.19686    32.5014  1025.0897    24.9983     9.3002 0.0000e+00
     19.000     9.3873    32.3067  1025.0361     2.7705     6.6251    102.244    0.01709    6.47971    6.48283      7.968     0.3929   11.70371   3.493822 -9.990e-29    24.9494    24.9491 1.0000e-12     19.152          1       6414    1484.64 3.7459e+00  50763.092    267.228 1559204946      -0.12     -0.943   39.82216  -73.19686    32.4849  1025.0588    24.9719     9.3853 0.0000e+00
     18.000     9.5064    32.2761  1024.9886     2.7997     6.7056    103.633    0.01798    6.47057    6.47357      7.973     0.3739   11.68857   3.501160 -9.990e-29    24.9063    24.9060 1.0000e-12     18.144          1       6454    1485.02 3.4811e+00  50695.114    268.862 1559204948       0.23     -0.693   39.82216  -73.19686    32.4530  1025.0104    24.9281     9.5045 0.0000e+00
     17.000     9.6938    32.2279  1024.9161     2.8360     6.7430    104.369    0.00928    6.46079    6.46364      7.985     0.3342   11.67267   3.512198 -9.990e-29    24.8385    24.8382 1.0000e-12     17.125          1       6536    1485.63 3.9972e+00  50589.917    272.288 1559204952      -0.09     -0.180   39.82216  -73.19686    32.3975  1024.9325    24.8549     9.6920 0.0000e+00
     16.000     9.7250    32.2248  1024.9040     2.8553     6.8120    105.380    0.01081    6.46420    6.46709      7.992     0.3348   11.67829   3.514422 -9.990e-29    24.8309    24.8306 1.0000e-12     16.117          1       6588    1485.72 3.9495e+00  50578.542    274.469 1559204954      -0.76     -0.490   39.82216  -73.19686    32.3927  1024.9191    24.8461     9.7232 0.0000e+00
     15.000     9.8302    32.2084  1024.8694     2.8580     6.7849    105.010    0.00585    6.46115    6.46401      7.997     0.3388   11.67317   3.522318 -9.990e-29    24.8010    24.8007 1.0000e-12     15.132          1       6686    1486.07 2.6596e+00  50535.294    278.555 1559204958      -0.29     -0.942   39.82215  -73.19686    32.3793  1024.8871    24.8185     9.8285 0.0000e+00
     14.000    10.0104    32.1934  1024.8235     2.8807     6.7305    105.586    0.00188    6.37450    6.37616      8.028     0.3322   11.53042   3.535333 -9.990e-29    24.7597    24.7594 1.0000e-12     14.110          1       7612    1486.69 3.8683e+00  50479.823    317.114 1559204996      -0.16     -0.621   39.82208  -73.19684    32.3507  1024.8306    24.7668    10.0088 0.0000e+00
     13.000    10.1581    32.1677  1024.7743     2.9057     6.6179    107.620    0.01219    6.15042    6.14889      8.019     0.3524   11.16544   3.546377 2.5320e-11    24.7150    24.7148 1.0000e-12     13.099          1       7690    1487.17 3.9500e+00  50415.733    320.389 1559205000       0.09     -0.553   39.82208  -73.19684    32.3311  1024.7864    24.7271    10.1566 0.0000e+00
     12.000    10.5664    32.1524  1024.6886     2.9506     6.5509    111.024    0.02881    5.90057    5.89558      8.010     0.3977   10.76208   3.585312 2.5320e-11    24.6342    24.6340 1.0000e-12     12.091          1       7727    1488.60 3.9495e+00  50322.902    321.931 1559205001      -0.22     -0.606   39.82207  -73.19684    32.3605  1024.7355    24.6809    10.5650 0.0000e+00
     11.000    12.5672    31.4567  1023.7755     2.9230     6.2592    106.968   -0.00812    5.84957    5.84397      8.012     0.4556   10.67914   3.694479 2.5320e-11    23.7260    23.7257 1.0000e-12     11.089          1       7766    1494.65 3.9495e+00  49053.601    323.546 1559205003       0.14     -0.633   39.82206  -73.19684    31.7085  1023.8592    23.8096    12.5658 0.0000e+00
     10.000    15.1224    30.3764  1022.4311     2.8249     5.8192    100.308   -0.03744    5.80195    5.79580      8.013     0.4669   10.60138   3.801584 2.5320e-11    22.3857    22.3854 1.0000e-12     10.072          1       7832    1501.87 3.9495e+00  47229.965    326.291 1559205005      -0.15     -0.273   39.82206  -73.19684    30.6139  1022.5083    22.4637    15.1210 0.0000e+00
      9.000    15.5411    30.2574  1022.2433     2.7930     5.7624     99.853   -0.02541    5.77096    5.76444      8.015     0.4472   10.55121   3.822923 -9.990e-29    22.2034    22.2031 1.0000e-12      9.074          1       7869    1503.03 3.9495e+00  47033.002    327.816 1559205007      -0.05     -0.612   39.82206  -73.19684    30.4825  1022.3114    22.2713    15.5397 0.0000e+00
      8.000    15.6044    30.2766  1022.2399     2.7754     5.7935    100.620   -0.00470    5.75780    5.75114      8.016     0.4048   10.52955   3.829038 2.5320e-11    22.2043    22.2040 1.0000e-12      8.060          1       7930    1503.23 3.9495e+00  47053.271    330.375 1559205010       0.07     -0.353   39.82206  -73.19684    30.4882  1022.2977    22.2620    15.6032 0.0000e+00
      7.000    15.9369    30.1507  1022.0665     2.7642     5.7484    100.057   -0.00575    5.74511    5.73832      8.019     0.4128   10.50877   3.840859 2.5320e-11    22.0354    22.0351 1.0000e-12      7.060          1       8019    1504.12 3.9495e+00  46847.834    334.070 1559205013      -0.03     -0.382   39.82205  -73.19684    30.3366  1022.1050    22.0738    15.9358 0.0000e+00
