CalculateIndicators/WaterTemperature/Data/CTD_NYOS/NYBOS_20190529_6-1-5.cnv
* Sea-Bird SBE 9 Data File:
* FileName = C:\Seabird 9 CTD\Data\2019\201905_offshore\NYBOS_20190529_6-1-5.hex
* Software Version Seasave V 7.23.2
* Temperature SN = 4590
* Conductivity SN = 3228
* Number of Bytes Per Scan = 44
* Number of Voltage Words = 5
* Number of Scans Averaged by the Deck Unit = 1
* NMEA Latitude = 40 20.76 N
* NMEA Longitude = 073 23.47 W
* NMEA UTC (Time) = May 30 2019  02:43:47
* NMEA baud rate = 4800
** Ship: Seawolf
** Station: 6.1.5
** Operator: AJB
# nquan = 35
# nvalues = 46                          
# units = specified
# name 0 = depSM: Depth [salt water, m]
# name 1 = t090C: Temperature [ITS-90, deg C]
# name 2 = sal00: Salinity, Practical [PSU]
# name 3 = density00: Density [density, kg/m^3]
# name 4 = sbeox0V: Oxygen raw, SBE 43 [V]
# name 5 = sbeox0ML/L: Oxygen, SBE 43 [ml/l]
# name 6 = sbeox0PS: Oxygen, SBE 43 [% saturation]
# name 7 = sbox0dV/dT: Oxygen, SBE 43 [dov/dt]
# name 8 = oxsolML/L: Oxygen Saturation, Garcia & Gordon [ml/l]
# name 9 = oxsatML/L: Oxygen Saturation, Weiss [ml/l]
# name 10 = ph: pH
# name 11 = flECO-AFL: Fluorescence, WET Labs ECO-AFL/FL [mg/m^3]
# name 12 = n2satML/L: Nitrogen Saturation [ml/l]
# name 13 = c0S/m: Conductivity [S/m]
# name 14 = cpar: CPAR/Corrected Irradiance [%]
# name 15 = sigma-é00: Density [sigma-theta, kg/m^3]
# name 16 = sigma-t00: Density [sigma-t, kg/m^3 ]
# name 17 = par: PAR/Irradiance, Biospherical/Licor
# name 18 = prDM: Pressure, Digiquartz [db]
# name 19 = pumps: Pump Status
# name 20 = scan: Scan Count
# name 21 = svCM: Sound Velocity [Chen-Millero, m/s]
# name 22 = spar: SPAR, Biospherical/Licor
# name 23 = specc: Specific Conductance [uS/cm]
# name 24 = timeS: Time, Elapsed [seconds]
# name 25 = timeY: Time, System [seconds]
# name 26 = accM: Acceleration [m/s^2]
# name 27 = dz/dtM: Descent Rate [m/s]
# name 28 = latitude: Latitude [deg]
# name 29 = longitude: Longitude [deg]
# name 30 = gsw_saA0: Absolute Salinity [g/kg]
# name 31 = gsw_densityA0: density, TEOS-10 [density, kg/m^3]
# name 32 = gsw_sigma0A0: density, TEOS-10 [sigma-0, kg/m^3 ]
# name 33 = gsw_ptA0: potential temperature [ITS-90, deg C]
# name 34 = flag: flag
# span 0 =      1.000,     24.000       
# span 1 =     9.9119,    15.6553       
# span 2 =    28.6540,    31.7373       
# span 3 =  1020.9547,  1024.5299       
# span 4 =     2.7365,     2.9058       
# span 5 =     6.0102,     6.9194       
# span 6 =     98.144,    109.665       
# span 7 =   -0.01461,    0.03638       
# span 8 =    5.84155,    6.43200       
# span 9 =    5.83493,    6.43355       
# span 10 =      8.014,      8.121      
# span 11 =     0.2835,     1.5348      
# span 12 =   10.68555,   11.63719      
# span 13 =   3.449602,   3.641226      
# span 14 = -2.662e+03, 1.0063e+05      
# span 15 =    20.9492,    24.4203      
# span 16 =    20.9491,    24.4198      
# span 17 = -4.187e-03, 1.5196e-01      
# span 18 =      1.008,     24.172      
# span 19 =          1,          1      
# span 20 =       3102,      10823      
# span 21 =    1485.94,    1501.47      
# span 22 = -5.228e-02, 4.0564e+00      
# span 23 =  44771.260,  49859.177      
# span 24 =    129.188,    450.918      
# span 25 = 1559184383, 1559184704      
# span 26 =      -0.74,       0.70      
# span 27 =     -0.937,      0.911      
# span 28 =   40.34592,   40.34600      
# span 29 =  -73.39182,  -73.39148      
# span 30 =    28.7931,    31.8835      
# span 31 =  1020.9600,  1024.5299      
# span 32 =    20.9555,    24.4204      
# span 33 =     9.9093,    15.6551      
# span 34 = 0.0000e+00, 0.0000e+00      
# interval = meters: 1                  
# start_time = May 30 2019 02:44:14 [System UTC, first data scan.]
# bad_flag = -9.990e-29
*END*
      2.000    15.6553    28.6590  1020.9601     2.8335     6.0422    103.435   -0.00075    5.84155    5.83493      8.114     0.7362   10.68555   3.641173 6.7554e-01    20.9511    20.9511 2.8200e-02      2.018          1       3102    1501.43 3.9495e+00  44776.820    129.188 1559184383       0.47      0.107   40.34598  -73.39148    28.7949  1020.9655    20.9566    15.6551 0.0000e+00
      3.000    15.6545    28.6592  1020.9648     2.8347     6.0540    103.636    0.00120    5.84161    5.83499      8.114     0.7014   10.68566   3.641154 -8.386e-02    20.9514    20.9513 -4.187e-03      3.021          1       3579    1501.44 3.9495e+00  44777.532    149.082 1559184403       0.06      0.409   40.34598  -73.39150    28.7950  1020.9703    20.9569    15.6541 0.0000e+00
      4.000    15.6543    28.6592  1020.9694     2.8300     6.0317    103.251   -0.00135    5.84172    5.83510      8.119     0.7240   10.68583   3.641176 2.1822e-03    20.9515    20.9514 5.6208e-05      4.019          1       4130    1501.46 3.9495e+00  44778.026    172.059 1559184426       0.32      0.715   40.34598  -73.39152    28.7950  1020.9748    20.9569    15.6538 0.0000e+00
      5.000    15.6536    28.6595  1020.9743     2.8271     6.0303    103.225   -0.00017    5.84196    5.83534      8.118     0.7674   10.68623   3.641190 2.5008e-11    20.9520    20.9518 1.0000e-12      5.035          1       4258    1501.47 3.9495e+00  44779.122    177.365 1559184431       0.59      0.552   40.34599  -73.39152    28.7953  1020.9797    20.9573    15.6529 0.0000e+00
      6.000    15.6462    28.6610  1020.9816     2.8307     6.0504    103.474    0.00074    5.84724    5.84069      8.119     0.7470   10.69487   3.640776 5.7752e+04    20.9547    20.9546 1.0000e-12      6.038          1       4336    1501.47 1.6686e+00  44782.298    180.605 1559184434       0.41      0.605   40.34600  -73.39153    28.7967  1020.9868    20.9601    15.6453 0.0000e+00
      7.000    15.6023    28.6724  1021.0042     2.8359     6.0748    103.573   -0.00102    5.86518    5.85883      8.121     0.7538   10.72414   3.638088 9.9884e+04    20.9729    20.9727 1.0000e-12      7.053          1       4393    1501.36 4.5529e-03  44802.347    182.993 1559184437       0.35      0.911   40.34600  -73.39154    28.8048  1021.0070    20.9757    15.6012 0.0000e+00
      8.000    15.5109    28.7031  1021.0517     2.8261     6.1716    102.693   -0.00478    6.01026    6.00572      8.121     0.7553   10.95795   3.633593 -9.990e-29    21.0158    21.0156 1.0000e-12      8.059          1       4440    1501.12 3.0999e+00  44853.255    184.952 1559184439      -0.19      0.547   40.34599  -73.39154    28.8317  1021.0514    21.0156    15.5097 0.0000e+00
      9.000    14.3366    29.2330  1021.7074     2.8566     6.5277    106.279    0.02188    6.14173    6.13903      8.116     0.7155   11.16836   3.590673 2.5320e-11    21.6672    21.6670 1.0000e-12      9.073          1       4497    1497.96 3.9560e+00  45709.374    187.335 1559184441       0.25      0.454   40.34598  -73.39154    29.3231  1021.6754    21.6350    14.3354 0.0000e+00
     10.000    13.5284    29.6566  1022.2005     2.8454     6.5930    103.599   -0.00211    6.36486    6.36547      8.111     0.5902   11.52765   3.569700 7.0827e+03    22.1552    22.1549 1.0000e-12     10.076          1       4534    1495.81 3.6698e+00  46388.464    188.865 1559184442      -0.02      0.655   40.34598  -73.39154    29.7495  1022.1687    22.1236    13.5270 0.0000e+00
     11.000    12.5958    30.2108  1022.8114     2.8610     6.7514    104.966    0.00441    6.43200    6.43355      8.104     0.5721   11.63719   3.546920 9.3255e+04    22.7617    22.7614 1.0000e-12     11.088          1       4573    1493.33 2.0484e-01  47284.146    190.502 1559184444       0.07      0.588   40.34598  -73.39154    30.2757  1022.7556    22.7059    12.5944 0.0000e+00
     12.000    10.7501    31.0890  1023.8293     2.8831     6.9194    107.657    0.02195    6.42725    6.42877      8.100     0.6658   11.62903   3.474793 -2.662e+03    23.7750    23.7748 1.0000e-12     12.096          1       4604    1487.97 4.0564e+00  48791.558    191.809 1559184445       0.08      0.747   40.34598  -73.39154    31.0976  1023.7256    23.6710    10.7487 0.0000e+00
     13.000    10.3073    31.1759  1023.9765     2.8780     6.7744    105.452    0.00141    6.42409    6.42561      8.099     0.7112   11.62319   3.449602 -9.990e-29    23.9172    23.9170 1.0000e-12     13.101          1       4631    1486.51 3.9495e+00  48987.680    192.925 1559184446       0.13      0.841   40.34598  -73.39154    31.2244  1023.9030    23.8437    10.3059 0.0000e+00
     14.000    10.2977    31.2061  1024.0062     2.8648     6.6786    104.036   -0.00725    6.41944    6.42099      8.095     0.6484   11.61424   3.454128 -9.990e-29    23.9423    23.9420 1.0000e-12     14.105          1       4667    1486.52 3.9495e+00  49032.613    194.412 1559184448      -0.21      0.739   40.34598  -73.39154    31.2777  1023.9505    23.8866    10.2962 0.0000e+00
     15.000    10.3166    31.3074  1024.0865     2.8443     6.6069    102.902   -0.00968    6.42062    6.42229      8.089     0.5693   11.61478   3.468395 2.5320e-11    24.0181    24.0178 1.0000e-12     15.126          1       4720    1486.73 3.9495e+00  49173.378    196.622 1559184450       0.18      0.360   40.34598  -73.39154    31.4043  1024.0502    23.9817    10.3149 0.0000e+00
     16.000    10.3155    31.4004  1024.1637     2.8404     6.6120    103.118   -0.00573    6.41208    6.41369      8.086     0.5571   11.59998   3.478522 7.4552e+04    24.0908    24.0905 1.0000e-12     16.122          1       4747    1486.86 9.3493e-01  49305.803    197.763 1559184451       0.25      0.756   40.34598  -73.39154    31.5066  1024.1342    24.0613    10.3137 0.0000e+00
     17.000    10.2795    31.4727  1024.2306     2.8447     6.6734    104.015    0.00137    6.41578    6.41746      8.086     0.5431   11.60578   3.483115 1.0956e+04    24.1531    24.1528 1.0000e-12     17.130          1       4784    1486.83 3.4333e+00  49414.655    199.276 1559184453      -0.17      0.718   40.34598  -73.39154    31.5837  1024.2046    24.1271    10.2775 0.0000e+00
     18.000    10.3245    31.5580  1024.2942     2.8505     6.7195    104.579    0.00429    6.42526    6.42708      8.083     0.4706   11.62117   3.496977 -3.462e+02    24.2122    24.2119 1.0000e-12     18.147          1       4827    1487.11 3.9666e+00  49528.681    201.068 1559184455       0.11      0.519   40.34598  -73.39154    31.6836  1024.2792    24.1971    10.3225 0.0000e+00
     19.000    10.2927    31.5691  1024.3127     2.8462     6.6619    103.760   -0.00213    6.42047    6.42222      8.082     0.5092   11.61346   3.494808 2.5320e-11    24.2261    24.2257 1.0000e-12     19.150          1       4853    1487.03 3.9495e+00  49550.027    202.173 1559184456       0.27      0.791   40.34598  -73.39154    31.6890  1024.2933    24.2066    10.2906 0.0000e+00
     20.000    10.2305    31.5849  1024.3400     2.8414     6.6392    103.431   -0.00337    6.41902    6.42074      8.081     0.4890   11.61116   3.491561 4.5494e+03    24.2487    24.2483 1.0000e-12     20.147          1       4885    1486.84 3.7065e+00  49583.495    203.514 1559184457      -0.05      0.831   40.34598  -73.39154    31.7103  1024.3246    24.2335    10.2282 0.0000e+00
     21.000    10.2476    31.5847  1024.3416     2.8296     6.6316    103.158   -0.00105    6.42856    6.43048      8.073     0.3188   11.62598   3.494517 -3.448e+02    24.2459    24.2455 1.0000e-12     21.178          1       4975    1486.92 3.9562e+00  49581.754    207.236 1559184461       0.70      0.217   40.34598  -73.39154    31.7247  1024.3376    24.2418    10.2453 0.0000e+00
     22.000    10.2452    31.6261  1024.3788     2.8254     6.5874    102.647   -0.00434    6.41747    6.41920      8.072     0.3469   11.60825   3.498312 2.5323e-11    24.2785    24.2781 1.0000e-12     22.164          1       4993    1486.98 3.9493e+00  49640.844    208.003 1559184462       0.46      0.886   40.34598  -73.39154    31.7646  1024.3735    24.2732    10.2427 0.0000e+00
     23.000    10.1464    31.6551  1024.4224     2.8012     6.5163    101.350   -0.00651    6.42952    6.43145      8.070     0.4138   11.62766   3.492899 2.5320e-11    24.3175    24.3171 1.0000e-12     23.172          1       5124    1486.67 3.9495e+00  49700.348    213.452 1559184467      -0.01      0.549   40.34598  -73.39155    31.7962  1024.4189    24.3140    10.1438 0.0000e+00
     24.000     9.9119    31.7373  1024.5299     2.7365     6.3011     98.144   -0.00953    6.42041    6.42219      8.014     0.2835   11.61296   3.481198 -9.990e-29    24.4203    24.4198 1.0000e-12     24.172          1       6987    1485.94 3.9495e+00  49859.177    291.090 1559184545      -0.24      0.308   40.34595  -73.39162    31.8835  1024.5299    24.4204     9.9093 0.0000e+00
     23.000    10.1262    31.6564  1024.4268     2.7774     6.5717    102.206    0.01328    6.42985    6.43178      8.028     0.3336   11.62824   3.492754 -9.990e-29    24.3219    24.3215 1.0000e-12     23.180          1       6878    1486.60 3.9495e+00  49705.707    286.540 1559184540      -0.55     -0.404   40.34596  -73.39160    31.8124  1024.4349    24.3300    10.1237 0.0000e+00
     22.000    10.2235    31.6210  1024.3785     2.8000     6.6288    103.141    0.01264    6.42688    6.42876      8.028     0.3503   11.62340   3.497383 2.5320e-11    24.2782    24.2778 1.0000e-12     22.182          1       6943    1486.89 3.9495e+00  49637.351    289.237 1559184543      -0.24     -0.635   40.34596  -73.39162    31.7743  1024.3847    24.2843    10.2210 0.0000e+00
     21.000    10.2239    31.6209  1024.3737     2.8152     6.6254    103.183    0.00642    6.42101    6.42276      8.029     0.3679   11.61430   3.497250 3.3723e+03    24.2780    24.2776 1.0000e-12     21.166          1       7026    1486.88 3.8163e+00  49636.645    292.723 1559184546       0.15     -0.635   40.34596  -73.39162    31.7730  1024.3790    24.2832    10.2215 0.0000e+00
     20.000    10.2284    31.6148  1024.3636     2.8246     6.6421    103.445    0.00486    6.42095    6.42269 -9.990e-29     0.4358   11.61435   3.496827 1.0063e+05    24.2725    24.2721 1.0000e-12     20.150          1       7074    1486.87 -5.228e-02  49626.744    294.714 1559184548      -0.36     -0.470   40.34596  -73.39162    31.7652  1024.3675    24.2764    10.2262 0.0000e+00
     19.000    10.2388    31.5768  1024.3277     2.8263     6.6317    103.280    0.00245    6.42106    6.42281 -9.990e-29     0.4603   11.61445   3.493988 8.4879e+03    24.2411    24.2407 1.0000e-12     19.158          1       7102    1486.85 3.5792e+00  49570.371    295.864 1559184549      -0.10     -0.816   40.34596  -73.39162    31.7278  1024.3324    24.2457    10.2367 0.0000e+00
     18.000    10.2476    31.5731  1024.3188     2.8337     6.6449    103.588    0.00244    6.41470    6.41634 -9.990e-29     0.5235   11.60433   3.494370 -3.139e+02    24.2367    24.2364 1.0000e-12     18.134          1       7173    1486.85 3.9698e+00  49563.098    298.847 1559184552       0.11     -0.220   40.34596  -73.39163    31.7245  1024.3237    24.2416    10.2455 0.0000e+00
     17.000    10.2820    31.5538  1024.2934     2.8392     6.6685    103.877    0.00297    6.41960    6.42118      8.032     0.5472   11.61406   3.495409 2.5320e-11    24.2159    24.2156 1.0000e-12     17.135          1       7219    1486.94 3.9495e+00  49529.064    300.733 1559184554       0.01     -0.543   40.34596  -73.39162    31.7053  1024.2985    24.2210    10.2801 0.0000e+00
     16.000    10.2955    31.4892  1024.2363     2.8388     6.6489    103.468   -0.00081    6.42604    6.42757      8.033     0.5513   11.62663   3.489430 2.5320e-11    24.1634    24.1631 1.0000e-12     16.119          1       7276    1486.89 3.9495e+00  49435.026    303.129 1559184557      -0.03     -0.384   40.34596  -73.39164    31.6338  1024.2362    24.1632    10.2937 0.0000e+00
     15.000    10.3085    31.3263  1024.1026     2.8329     6.6130    102.837   -0.00450    6.43049    6.43202      8.035     0.5719   11.63474   3.474310 1.1672e+04    24.0341    24.0338 1.0000e-12     15.115          1       7309    1486.72 3.2580e+00  49201.053    304.497 1559184558      -0.29     -0.651   40.34596  -73.39164    31.4708  1024.1030    24.0346    10.3069 0.0000e+00
     14.000    10.3018    31.2623  1024.0493     2.8327     6.6323    103.162   -0.00103    6.42903    6.43051      8.035     0.5790   11.63275   3.467355 5.2179e+04    23.9855    23.9852 1.0000e-12     14.114          1       7342    1486.61 1.6383e+00  49111.896    305.891 1559184559       0.12     -0.753   40.34596  -73.39164    31.4071  1024.0502    23.9863    10.3002 0.0000e+00
     13.000    10.3012    31.1686  1023.9718     2.8426     6.6237    104.192    0.00574    6.35968    6.36016      8.033     0.5773   11.52040   3.458256 1.1832e+03    23.9125    23.9123 1.0000e-12     13.101          1       7400    1486.48 3.8974e+00  48978.424    308.289 1559184562      -0.01     -0.389   40.34596  -73.39164    31.3166  1023.9755    23.9162    10.2997 0.0000e+00
     12.000    10.5445    31.1145  1023.8841     2.9058     6.6531    109.665    0.03638    6.06587    6.06198      8.033     0.6244   11.04824   3.478351 2.5320e-11    23.8298    23.8296 1.0000e-12     12.078          1       7475    1487.26 3.9495e+00  48861.796    311.411 1559184565      -0.74     -0.282   40.34595  -73.39164    31.3089  1023.9241    23.8695    10.5431 0.0000e+00
     11.000    11.9097    30.4896  1023.1539     2.8918     6.4222    106.099    0.00109    6.05298    6.04892      8.036     0.6556   11.02782   3.534208 2.5320e-11    23.1044    23.1041 1.0000e-12     11.093          1       7491    1491.30 3.9495e+00  47772.184    312.073 1559184566      -0.70     -0.937   40.34594  -73.39164    30.7128  1023.2189    23.1691    11.9083 0.0000e+00
     10.000    12.9843    29.8796  1022.4769     2.8671     6.2922    103.665   -0.01461    6.06961    6.06580      8.035     0.6776   11.05427   3.560016 3.0061e+04    22.4317    22.4314 1.0000e-12     10.085          1       7525    1494.24 2.5644e+00  46768.811    313.502 1559184567       0.20     -0.831   40.34594  -73.39164    30.0898  1022.5344    22.4892    12.9830 0.0000e+00
      9.000    13.8042    29.4402  1021.9734     2.8581     6.2998    104.343   -0.00180    6.03785    6.03361      8.044     0.7427   11.00308   3.579261 2.7717e+03    21.9327    21.9324 1.0000e-12      9.072          1       7663    1496.44 3.4576e+00  46055.323    319.258 1559184573      -0.03     -0.286   40.34594  -73.39166    29.6269  1022.0145    21.9740    13.8029 0.0000e+00
      8.000    14.8247    28.9929  1021.4186     2.8597     6.1410    104.445   -0.00283    5.88049    5.87433      8.093     0.7581   10.74882   3.611801 2.5485e-11    21.3828    21.3825 1.0000e-12      8.070          1       9346    1499.26 3.9442e+00  45321.997    389.357 1559184643      -0.14     -0.603   40.34594  -73.39173    29.1454  1021.4354    21.3995    14.8235 0.0000e+00
      7.000    15.4595    28.7214  1021.0723     2.8406     6.0102    102.885   -0.01287    5.84159    5.83496      8.099     0.8013   10.68577   3.634479 -9.990e-29    21.0410    21.0407 1.0000e-12      7.048          1       9665    1500.96 3.9495e+00  44882.602    402.678 1559184656       0.11     -0.402   40.34594  -73.39175    28.8773  1021.0928    21.0615    15.4585 0.0000e+00
      6.000    15.5718    28.6784  1021.0108     2.8337     6.0326    103.248   -0.00378    5.84275    5.83615      8.099     0.7675   10.68762   3.638372 2.5320e-11    20.9840    20.9838 1.0000e-12      6.048          1       9690    1501.25 3.9495e+00  44813.046    403.696 1559184657       0.08     -0.417   40.34594  -73.39176    28.8299  1021.0282    21.0013    15.5709 0.0000e+00
