CalculateIndicators/WaterTemperature/Data/CTD_NYOS/NYBOS_20190530_6_4.cnv
* Sea-Bird SBE 9 Data File:
* FileName = C:\Seabird 9 CTD\Data\2019\201905_offshore\NYBOS_20190530_6_4.hex
* Software Version Seasave V 7.23.2
* Temperature SN = 4590
* Conductivity SN = 3228
* Number of Bytes Per Scan = 44
* Number of Voltage Words = 5
* Number of Scans Averaged by the Deck Unit = 1
* NMEA Latitude = 39 28.62 N
* NMEA Longitude = 073 04.21 W
* NMEA UTC (Time) = May 30 2019  12:13:34
* NMEA baud rate = 4800
** Ship: Seawolf
** Station: 6_1
** Operator: AJB
# nquan = 35
# nvalues = 127                         
# units = specified
# name 0 = depSM: Depth [salt water, m]
# name 1 = t090C: Temperature [ITS-90, deg C]
# name 2 = sal00: Salinity, Practical [PSU]
# name 3 = density00: Density [density, kg/m^3]
# name 4 = sbeox0V: Oxygen raw, SBE 43 [V]
# name 5 = sbeox0ML/L: Oxygen, SBE 43 [ml/l]
# name 6 = sbeox0PS: Oxygen, SBE 43 [% saturation]
# name 7 = sbox0dV/dT: Oxygen, SBE 43 [dov/dt]
# name 8 = oxsolML/L: Oxygen Saturation, Garcia & Gordon [ml/l]
# name 9 = oxsatML/L: Oxygen Saturation, Weiss [ml/l]
# name 10 = ph: pH
# name 11 = flECO-AFL: Fluorescence, WET Labs ECO-AFL/FL [mg/m^3]
# name 12 = n2satML/L: Nitrogen Saturation [ml/l]
# name 13 = c0S/m: Conductivity [S/m]
# name 14 = cpar: CPAR/Corrected Irradiance [%]
# name 15 = sigma-é00: Density [sigma-theta, kg/m^3]
# name 16 = sigma-t00: Density [sigma-t, kg/m^3 ]
# name 17 = par: PAR/Irradiance, Biospherical/Licor
# name 18 = prDM: Pressure, Digiquartz [db]
# name 19 = pumps: Pump Status
# name 20 = scan: Scan Count
# name 21 = svCM: Sound Velocity [Chen-Millero, m/s]
# name 22 = spar: SPAR, Biospherical/Licor
# name 23 = specc: Specific Conductance [uS/cm]
# name 24 = timeS: Time, Elapsed [seconds]
# name 25 = timeY: Time, System [seconds]
# name 26 = accM: Acceleration [m/s^2]
# name 27 = dz/dtM: Descent Rate [m/s]
# name 28 = latitude: Latitude [deg]
# name 29 = longitude: Longitude [deg]
# name 30 = gsw_saA0: Absolute Salinity [g/kg]
# name 31 = gsw_densityA0: density, TEOS-10 [density, kg/m^3]
# name 32 = gsw_sigma0A0: density, TEOS-10 [sigma-0, kg/m^3 ]
# name 33 = gsw_ptA0: potential temperature [ITS-90, deg C]
# name 34 = flag: flag
# span 0 =      1.000,     64.000       
# span 1 =     6.5160,    15.4672       
# span 2 =     3.4800,    34.3680       
# span 3 =  1001.7086,  1026.5738       
# span 4 =     2.2913,     4.8740       
# span 5 =     5.0201,    11.7324       
# span 6 =     78.805,    202.497       
# span 7 =   -0.43569,    0.14470       
# span 8 =    5.67096,    6.91442       
# span 9 =    5.66536,    6.92483       
# span 10 =      7.906,      8.089      
# span 11 =     0.0759,     1.2351      
# span 12 =   10.33861,   12.41215      
# span 13 =   0.595176,   3.923494      
# span 14 = 1.4381e-02, 4.5846e+01      
# span 15 =     1.7296,    26.4785      
# span 16 =     1.7295,    26.4781      
# span 17 = 9.6621e-02, 4.2601e+02      
# span 18 =      1.025,     64.482      
# span 19 =          1,          1      
# span 20 =       2978,      18243      
# span 21 =    1471.64,    1503.77      
# span 22 = 6.4774e+02, 9.4796e+02      
# span 23 =   8243.519,  53555.075      
# span 24 =    124.038,    760.073      
# span 25 = 1559218537, 1559219174      
# span 26 =      -0.65,       0.47      
# span 27 =     -0.999,      0.932      
# span 28 =   39.47518,   39.47669      
# span 29 =  -73.07123,  -73.07036      
# span 30 =     2.9934,    34.4875      
# span 31 =  1001.3240,  1026.5493      
# span 32 =     1.3191,    26.4538      
# span 33 =     6.5111,    15.4670      
# span 34 = 0.0000e+00, 0.0000e+00      
# interval = meters: 1                  
# start_time = May 30 2019 12:13:33 [System UTC, first data scan.]
# bad_flag = -9.990e-29
*END*
      1.000    15.4267     3.4800  1001.7086     3.0976     6.5477    115.545    0.00319    5.67096    5.66536 -9.990e-29     0.0774   10.33861   0.595176 3.6882e+01     1.7296     1.7295 2.9719e+02      1.037          1       2978    1471.64 8.0524e+02   8243.519    124.038 1559218537       0.18     -0.857   39.47669  -73.07036     2.9934  1001.3240     1.3191    15.4266 0.0000e+00
      2.000    15.4032    27.8497  1020.3948     3.2160     7.3966    122.783    0.02841    6.03096    6.02406 -9.990e-29     0.1193   11.05215   3.562525 3.2044e+01    20.3845    20.3844 2.6097e+02      2.013          1       3328    1499.70 8.1438e+02  43576.429    138.631 1559218552       0.29      0.172   39.47667  -73.07037    28.3243  1020.6613    20.6523    15.4029 0.0000e+00
      3.000    15.3969    30.4249  1022.3765     3.4517     7.9177    136.212    0.06542    5.81314    5.80712 -9.990e-29     0.1248   10.61944   3.823369 2.4897e+01    22.3631    22.3630 2.0709e+02      3.020          1       3717    1502.67 8.3204e+02  47277.032    154.842 1559218568       0.13      0.400   39.47664  -73.07038    30.5987  1022.4048    22.3914    15.3964 0.0000e+00
      4.000    15.3734    30.9067  1022.7566     3.7603     9.0043    155.439    0.13494    5.79299    5.78722 -9.990e-29     0.1546   10.57677   3.875198 1.6711e+01    22.7389    22.7388 1.3993e+02      4.026          1       3871    1503.17 8.3757e+02  47951.361    161.244 1559218575       0.47      0.649   39.47662  -73.07040    31.0801  1022.7827    22.7649    15.3728 0.0000e+00
      5.000    15.3241    31.1577  1022.9648     3.9597     9.5680    165.154    0.14470    5.79334    5.78759      8.044     0.1715   10.57686   3.896468 1.7016e+01    22.9425    22.9423 1.4312e+02      5.038          1       3909    1503.32 8.4107e+02  48305.219    162.838 1559218576      -0.09      0.780   39.47662  -73.07040    31.3088  1022.9729    22.9506    15.3234 0.0000e+00
      6.000    15.2939    31.2338  1023.0343     4.1178     9.8620    170.226    0.11814    5.79352    5.78778      8.044     0.1608   10.57688   3.901848 1.4554e+01    23.0075    23.0073 1.2192e+02      6.044          1       3944    1503.33 8.3756e+02  48414.635    164.286 1559218578      -0.05      0.713   39.47662  -73.07040    31.3806  1023.0389    23.0122    15.2930 0.0000e+00
      7.000    15.2716    31.2566  1023.0611     4.3379    10.3057    177.820    0.08789    5.79557    5.78989      8.046     0.1599   10.57968   3.902437 1.3297e+01    23.0299    23.0297 1.1041e+02      7.053          1       4003    1503.30 8.3026e+02  48448.879    166.749 1559218580      -0.08      0.374   39.47660  -73.07040    31.4034  1023.0657    23.0345    15.2706 0.0000e+00
      8.000    15.2394    31.3149  1023.1174     4.5973    11.0940    191.422    0.11282    5.79559    5.78992 -9.990e-29     0.1819   10.57960   3.906055 1.1472e+01    23.0817    23.0815 9.5149e+01      8.063          1       4059    1503.28 8.2937e+02  48533.640    169.095 1559218582       0.04      0.470   39.47660  -73.07040    31.4613  1023.1214    23.0857    15.2382 0.0000e+00
      9.000    15.2273    31.3293  1023.1356     4.8174    11.7324    202.497    0.12813    5.79388    5.78820 -9.990e-29     0.1814   10.57654   3.906640 1.0406e+01    23.0955    23.0952 8.5619e+01      9.071          1       4101    1503.28 8.2302e+02  48555.482    170.845 1559218584       0.09      0.565   39.47660  -73.07041    31.4758  1023.1397    23.0995    15.2260 0.0000e+00
     10.000    15.2328    31.3390  1023.1463     4.8740    11.5225    198.872    0.04776    5.79393    5.78829      8.045     0.1910   10.57579   3.908453 9.7180e+00    23.1017    23.1014 7.9079e+01     10.074          1       4142    1503.32 8.1372e+02  48568.707    172.555 1559218586      -0.08      0.594   39.47659  -73.07042    31.4873  1023.1517    23.1071    15.2314 0.0000e+00
     11.000    15.2305    31.4007  1023.1988     4.3621     8.8128    151.325   -0.26339    5.82825    5.82317      8.046 -9.990e-29   10.62885   3.915396 8.9520e+00    23.1498    23.1494 7.3292e+01     11.088          1       4203    1503.40 8.1900e+02  48655.490    175.099 1559218588       0.04      0.353   39.47658  -73.07042    31.5511  1023.2056    23.1565    15.2289 0.0000e+00
     12.000    15.1058    31.5488  1023.3441     3.5206     5.8324     98.664   -0.43569    5.91191    5.90816      8.049     0.1951   10.75999   3.920257 8.3225e+00    23.2904    23.2901 6.8885e+01     12.092          1       4248    1503.20 8.2773e+02  48873.727    176.958 1559218590       0.03      0.543   39.47658  -73.07042    31.6951  1023.3471    23.2936    15.1041 0.0000e+00
     13.000    14.4620    32.0547  1023.8745     3.1862     6.1825    103.649   -0.18611    5.96475    5.96185      8.053     0.2030   10.84360   3.915959 7.4892e+00    23.8165    23.8161 6.2369e+01     13.101          1       4291    1501.73 8.3285e+02  49645.627    178.750 1559218592       0.04      0.554   39.47658  -73.07042    32.1851  1023.8633    23.8052    14.4601 0.0000e+00
     14.000    13.7073    32.6070  1024.4612     2.9851     6.0760    100.471   -0.11129    6.04817    6.04677      8.057     0.2363   10.97405   3.905796 7.2345e+00    24.3984    24.3980 6.0923e+01     14.106          1       4336    1499.94 8.4212e+02  50499.290    180.641 1559218594      -0.09      0.534   39.47658  -73.07042    32.7256  1024.4387    24.3760    13.7054 0.0000e+00
     15.000    12.5191    33.4892  1025.3840     2.7500     5.7121     92.932   -0.07364    6.14711    6.14723      8.067     0.2270   11.13408   3.887804 6.8294e+00    25.3166    25.3162 5.7749e+01     15.116          1       4408    1497.03 8.4574e+02  51885.616    183.615 1559218597      -0.05      0.310   39.47657  -73.07042    33.5954  1025.3480    25.2806    12.5171 0.0000e+00
     16.000    11.6744    33.8589  1025.8363     2.6610     5.7879     93.493   -0.02317    6.19077    6.19145      8.073     0.2288   11.20648   3.845690 5.8105e+00    25.7642    25.7638 5.0290e+01     16.123          1       4471    1494.61 8.6568e+02  52527.770    186.240 1559218600       0.21      0.432   39.47656  -73.07042    33.9463  1025.7840    25.7118    11.6724 0.0000e+00
     17.000    11.2840    33.8744  1025.9249     2.5858     5.5496     89.283   -0.03183    6.21597    6.21709      8.076     0.2310   11.24674   3.813307 5.6541e+00    25.8480    25.8476 4.9788e+01     17.130          1       4530    1493.29 8.8063e+02  52613.821    188.700 1559218602      -0.09      0.393   39.47656  -73.07042    33.9845  1025.8899    25.8130    11.2819 0.0000e+00
     18.000    10.9298    34.0349  1026.1183     2.3965     5.0201     79.872   -0.04096    6.28528    6.28756      8.083     0.2477   11.35869   3.797462 5.1760e+00    26.0369    26.0365 4.6069e+01     18.140          1       4632    1492.26 8.9012e+02  52899.923    192.938 1559218606       0.08      0.195   39.47654  -73.07043    34.1548  1026.0901    26.0086    10.9276 0.0000e+00
     19.000    10.3424    34.2498  1026.3939     2.3368     5.0925     80.232   -0.00904    6.34713    6.35043      8.088     0.2322   11.45896   3.763688 4.7202e+00    26.3077    26.3073 4.2467e+01     19.148          1       4712    1490.46 8.9966e+02  53308.200    196.298 1559218610       0.02      0.395   39.47654  -73.07044    34.3647  1026.3606    26.2744    10.3402 0.0000e+00
     20.000     9.9957    34.3680  1026.5504     2.3269     5.1106     80.328   -0.00363    6.36219    6.36571      8.088     0.2560   11.48385   3.743460 4.2802e+00    26.4597    26.4593 3.8276e+01     20.154          1       4780    1489.38 8.9425e+02  53542.505    199.145 1559218613       0.05      0.316   39.47653  -73.07044    34.4875  1026.5200    26.4291     9.9934 0.0000e+00
     21.000     9.7810    34.3457  1026.5738     2.3133     5.1122     79.740   -0.00349    6.41116    6.41524      8.089     0.2649   11.56660   3.722115 3.9168e+00    26.4785    26.4781 3.4706e+01     21.160          1       4865    1488.59 8.8598e+02  53555.075    202.653 1559218616       0.06      0.358   39.47652  -73.07044    34.4727  1026.5493    26.4538     9.7786 0.0000e+00
     22.000     9.5213    34.2361  1026.5361     2.2961     5.0870     78.805   -0.00526    6.45511    6.45971      8.086     0.2280   11.64078   3.687853 3.5620e+00    26.4356    26.4352 3.0846e+01     22.172          1       4940    1487.53 8.6602e+02  53453.385    205.795 1559218619       0.07      0.312   39.47650  -73.07044    34.3667  1026.5146    26.4144     9.5189 0.0000e+00
     23.000     9.3195    34.1095  1026.4747     2.2913     5.0892     78.822   -0.00305    6.45663    6.46128 -9.990e-29     0.2125   11.64285   3.657340 3.2174e+00    26.3701    26.3697 2.7792e+01     23.177          1       4991    1486.66 8.6373e+02  53321.573    207.902 1559218621      -0.00      0.475   39.47650  -73.07044    34.2426  1026.4556    26.3507     9.3170 0.0000e+00
     24.000     9.2394    34.1387  1026.5152     2.3401     5.3606     83.026    0.01669    6.45637    6.46099      8.088     0.2375   11.64268   3.654441 2.9425e+00    26.4052    26.4048 2.4846e+01     24.186          1       5058    1486.42 8.4405e+02  53376.217    210.712 1559218624       0.00      0.339   39.47650  -73.07044    34.2889  1026.5092    26.3997     9.2367 0.0000e+00
     25.000     9.2420    33.9945  1026.4066     2.4097     5.5290     85.390    0.00905    6.47497    6.47937      8.086     0.2495   11.67922   3.639655 2.4913e+00    26.2920    26.2915 2.0611e+01     25.195          1       5145    1486.27 8.2735e+02  53173.507    214.349 1559218628       0.44      0.353   39.47648  -73.07046    34.1316  1026.3909    26.2768     9.2393 0.0000e+00
     26.000     9.2549    33.7923  1026.2509     2.4620     5.8034     89.274    0.02403    6.50059    6.50482      8.086     0.2639   11.72809   3.622091 2.3644e+00    26.1323    26.1319 1.9420e+01     26.200          1       5195    1486.08 8.2138e+02  52890.543    216.416 1559218630      -0.13      0.475   39.47648  -73.07046    33.9357  1026.2409    26.1222     9.2521 0.0000e+00
     27.000     9.2375    33.1732  1025.7741     2.5255     6.0015     91.976    0.02232    6.52488    6.52929      8.084     0.3022   11.77032   3.560415 2.1623e+00    25.6509    25.6504 1.7545e+01     27.208          1       5261    1485.28 8.1129e+02  52022.726    219.164 1559218633      -0.05      0.372   39.47648  -73.07046    33.3094  1025.7609    25.6375     9.2346 0.0000e+00
     28.000     9.1216    32.8990  1025.5826     2.6736     6.7898    102.472    0.05750    6.62521    6.63096      8.080     0.3406   11.93719   3.524278 1.9443e+00    25.4545    25.4541 1.5649e+01     28.217          1       5338    1484.53 8.0481e+02  51659.715    222.391 1559218636       0.07      0.329   39.47646  -73.07047    33.0406  1025.5745    25.4464     9.1186 0.0000e+00
     29.000     8.5718    32.8748  1025.6534     2.7460     6.7939    102.058    0.02258    6.65684    6.66293      8.073     0.4023   11.99087   3.470605 1.7325e+00    25.5205    25.5200 1.3915e+01     29.224          1       5398    1482.47 8.0323e+02  51745.407    224.863 1559218638       0.06      0.413   39.47646  -73.07048    32.9887  1025.6236    25.4905     8.5688 0.0000e+00
     30.000     8.2623    32.7218  1025.5849     2.7215     6.4553     97.278   -0.01205    6.63592    6.64177      8.065     0.5047   11.95548   3.430929 1.5810e+00    25.4471    25.4467 1.2700e+01     30.234          1       5468    1481.14 8.0315e+02  51598.169    227.777 1559218641      -0.05      0.314   39.47646  -73.07048    32.8577  1025.5726    25.4348     8.2593 0.0000e+00
     31.000     8.3774    32.7789  1025.6170     2.7223     6.5396     98.870    0.00257    6.61442    6.62002      8.065     0.6967   11.91938   3.447936 1.4114e+00    25.4747    25.4742 1.1282e+01     31.238          1       5528    1481.66 7.9942e+02  51653.835    230.279 1559218644       0.01      0.440   39.47645  -73.07048    32.9300  1025.6164    25.4741     8.3742 0.0000e+00
     32.000     8.5398    32.8368  1025.6425     2.7645     6.7621    102.324    0.01719    6.60846    6.61400 -9.990e-29     0.8406   11.90921   3.468205 1.2454e+00    25.4957    25.4952 1.0040e+01     32.252          1       5600    1482.36 8.0607e+02  51699.913    233.281 1559218647       0.02      0.297   39.47644  -73.07048    32.9923  1025.6452    25.4984     8.5366 0.0000e+00
     33.000     8.5505    32.8498  1025.6557     2.7820     6.7931    102.419    0.01038    6.63259    6.63853      8.064     0.9175   11.94850   3.470365 1.0646e+00    25.5043    25.5038 8.5945e+00     33.251          1       5643    1482.43 8.0740e+02  51716.726    235.076 1559218648       0.02      0.550   39.47644  -73.07048    33.0046  1025.6577    25.5064     8.5472 0.0000e+00
     34.000     8.4798    32.8980  1025.7087     2.7742     6.6853    100.211   -0.00734    6.67116    6.67773      8.057     1.0926   12.01149   3.467697 9.5971e-01    25.5527    25.5522 7.6830e+00     34.272          1       5711    1482.24 8.0047e+02  51801.775    237.935 1559218651      -0.01      0.262   39.47644  -73.07048    33.0421  1025.7022    25.5462     8.4763 0.0000e+00
     35.000     8.2145    32.9371  1025.7838     2.7413     6.5410     97.595   -0.01793    6.70229    6.70937      8.051     1.1516   12.06253   3.447979 8.0595e-01    25.6230    25.6225 6.4458e+00     35.268          1       5747    1481.31 7.9980e+02  51918.303    239.437 1559218653       0.10      0.624   39.47643  -73.07048    33.0815  1025.7773    25.6165     8.2111 0.0000e+00
     36.000     8.0807    32.9836  1025.8447     2.6969     6.3554     94.842   -0.02500    6.70102    6.70812      8.043     1.1817   12.05995   3.439972 7.1794e-01    25.6792    25.6787 5.7340e+00     36.283          1       5791    1480.88 7.9859e+02  52016.374    241.251 1559218655      -0.05      0.552   39.47642  -73.07050    33.1220  1025.8333    25.6677     8.0771 0.0000e+00
     37.000     7.8527    33.0084  1025.9020     2.6641     6.2747     93.492   -0.02389    6.71148    6.71873      8.039     0.9986   12.07727   3.422360 5.8988e-01    25.7318    25.7312 4.6844e+00     37.287          1       5825    1480.06 7.9412e+02  52106.275    242.648 1559218656       0.16      0.677   39.47642  -73.07050    33.1488  1025.8920    25.7217     7.8491 0.0000e+00
     38.000     7.8861    33.0427  1025.9288     2.6360     6.2387     92.714   -0.01948    6.72900    6.73652      8.035     0.8793   12.10609   3.428951 5.1712e-01    25.7539    25.7534 4.1077e+00     38.292          1       5861    1480.24 7.9433e+02  52147.784    244.183 1559218658      -0.12      0.687   39.47642  -73.07050    33.1874  1025.9219    25.7471     7.8824 0.0000e+00
     39.000     7.7645    33.0480  1025.9552     2.6071     6.2242     92.133   -0.01309    6.75574    6.76368      8.029     0.7612   12.15018   3.418320 4.4796e-01    25.7756    25.7751 3.5111e+00     39.303          1       5914    1479.80 7.8362e+02  52185.577    246.376 1559218660      -0.06      0.457   39.47642  -73.07050    33.1882  1025.9447    25.7651     7.7607 0.0000e+00
     40.000     7.6173    33.0613  1025.9913     2.5806     6.1894     91.076   -0.01203    6.79582    6.80438      8.025     0.5050   12.21628   3.406751 3.8573e-01    25.8070    25.8065 2.9565e+00     40.316          1       5967    1479.28 7.6622e+02  52241.459    248.568 1559218662       0.15      0.444   39.47641  -73.07050    33.2031  1025.9821    25.7978     7.6135 0.0000e+00
     41.000     7.4755    33.0618  1026.0163     2.5652     6.1693     90.419   -0.01186    6.82295    6.83192      8.019     0.4034   12.26120   3.393015 3.2622e-01    25.8273    25.8267 2.4571e+00     41.318          1       5998    1478.75 7.5313e+02  52278.303    249.874 1559218663       0.16      0.712   39.47640  -73.07050    33.1893  1025.9958    25.8068     7.4716 0.0000e+00
