CalculateIndicators/WaterTemperature/Data/CTD_NYOS/NYBOS_20190530_6_5.cnv
* Sea-Bird SBE 9 Data File:
* FileName = C:\Seabird 9 CTD\Data\2019\201905_offshore\NYBOS_20190530_6_5.hex
* Software Version Seasave V 7.23.2
* Temperature SN = 4590
* Conductivity SN = 3228
* Number of Bytes Per Scan = 44
* Number of Voltage Words = 5
* Number of Scans Averaged by the Deck Unit = 1
* NMEA Latitude = 39 07.87 N
* NMEA Longitude = 072 56.80 W
* NMEA UTC (Time) = May 30 2019  15:47:19
* NMEA baud rate = 4800
** Ship: Seawolf
** Station: 6_5
** Operator: AJB
# nquan = 35
# nvalues = 146                         
# units = specified
# name 0 = depSM: Depth [salt water, m]
# name 1 = t090C: Temperature [ITS-90, deg C]
# name 2 = sal00: Salinity, Practical [PSU]
# name 3 = density00: Density [density, kg/m^3]
# name 4 = sbeox0V: Oxygen raw, SBE 43 [V]
# name 5 = sbeox0ML/L: Oxygen, SBE 43 [ml/l]
# name 6 = sbeox0PS: Oxygen, SBE 43 [% saturation]
# name 7 = sbox0dV/dT: Oxygen, SBE 43 [dov/dt]
# name 8 = oxsolML/L: Oxygen Saturation, Garcia & Gordon [ml/l]
# name 9 = oxsatML/L: Oxygen Saturation, Weiss [ml/l]
# name 10 = ph: pH
# name 11 = flECO-AFL: Fluorescence, WET Labs ECO-AFL/FL [mg/m^3]
# name 12 = n2satML/L: Nitrogen Saturation [ml/l]
# name 13 = c0S/m: Conductivity [S/m]
# name 14 = cpar: CPAR/Corrected Irradiance [%]
# name 15 = sigma-é00: Density [sigma-theta, kg/m^3]
# name 16 = sigma-t00: Density [sigma-t, kg/m^3 ]
# name 17 = par: PAR/Irradiance, Biospherical/Licor
# name 18 = prDM: Pressure, Digiquartz [db]
# name 19 = pumps: Pump Status
# name 20 = scan: Scan Count
# name 21 = svCM: Sound Velocity [Chen-Millero, m/s]
# name 22 = spar: SPAR, Biospherical/Licor
# name 23 = specc: Specific Conductance [uS/cm]
# name 24 = timeS: Time, Elapsed [seconds]
# name 25 = timeY: Time, System [seconds]
# name 26 = accM: Acceleration [m/s^2]
# name 27 = dz/dtM: Descent Rate [m/s]
# name 28 = latitude: Latitude [deg]
# name 29 = longitude: Longitude [deg]
# name 30 = gsw_saA0: Absolute Salinity [g/kg]
# name 31 = gsw_densityA0: density, TEOS-10 [density, kg/m^3]
# name 32 = gsw_sigma0A0: density, TEOS-10 [sigma-0, kg/m^3 ]
# name 33 = gsw_ptA0: potential temperature [ITS-90, deg C]
# name 34 = flag: flag
# span 0 =      1.000,     74.000       
# span 1 =     7.6794,    14.5693       
# span 2 =    32.4054,    33.8021       
# span 3 =  1024.0754,  1026.4391       
# span 4 =     2.4585,     3.0239       
# span 5 =     5.6548,     7.2577       
# span 6 =     86.869,    112.558       
# span 7 =   -0.03685,    0.02842       
# span 8 =    5.82526,    6.71973       
# span 9 =    5.82051,    6.72746       
# span 10 =      7.974,      8.119      
# span 11 =    -0.0194,     2.5470      
# span 12 =   10.61701,   12.08713      
# span 13 =   3.440770,   3.967012      
# span 14 = 3.3629e-03, 4.0356e+01      
# span 15 =    24.0664,    26.1020      
# span 16 =    24.0663,    26.1006      
# span 17 = 6.7171e-02, 8.2936e+02      
# span 18 =      1.037,     74.575      
# span 19 =          1,          1      
# span 20 =       1348,      16112      
# span 21 =    1480.10,    1502.31      
# span 22 = 1.8073e+03, 2.5251e+03      
# span 23 =  50116.679,  52884.489      
# span 24 =     56.142,    671.275      
# span 25 = 1559231295, 1559231910      
# span 26 =      -0.39,       0.44      
# span 27 =     -1.027,      0.983      
# span 28 =   39.13013,   39.13113      
# span 29 =  -72.94996,  -72.94705      
# span 30 =    32.5574,    33.9630      
# span 31 =  1024.0835,  1026.4428      
# span 32 =    24.0746,    26.1057      
# span 33 =     7.6742,    14.5691      
# span 34 = 0.0000e+00, 0.0000e+00      
# interval = meters: 1                  
# start_time = May 30 2019 15:47:18 [System UTC, first data scan.]
# bad_flag = -9.990e-29
*END*
      1.000    14.5452    32.4125  1024.0792     2.7954     5.9324    101.729    0.00088    5.83167    5.82698 -9.990e-29     0.0007   10.62775   3.966064 4.0356e+01    24.0750    24.0749 8.2936e+02      1.037          1       1348    1502.22 2.0552e+03  50125.901     56.142 1559231295       0.06     -0.503   39.13113  -72.94705    32.5775  1024.0935    24.0889    14.5451 0.0000e+00
      2.000    14.4601    32.4113  1024.1007     2.8125     6.0013    102.631    0.00258    5.84743    5.84291 -9.990e-29    -0.0049   10.65383   3.956869 2.8544e+01    24.0917    24.0917 5.8213e+02      2.010          1       2020    1501.96 2.0423e+03  50133.941     84.125 1559231322       0.32      0.215   39.13106  -72.94719    32.5643  1024.1055    24.0966    14.4598 0.0000e+00
      3.000    14.4280    32.4134  1024.1136     2.8113     5.9879    102.356   -0.00051    5.85009    5.84560 -9.990e-29    -0.0001   10.65823   3.954512 2.9107e+01    24.1002    24.1001 6.1097e+02      3.023          1       2400    1501.88 2.0993e+03  50140.927     99.966 1559231338       0.07      0.576   39.13104  -72.94728    32.5693  1024.1206    24.1072    14.4275 0.0000e+00
      4.000    14.4432    32.4120  1024.1137     2.8106     5.9937    102.326   -0.00071    5.85750    5.85311      8.007     0.0038   10.67052   3.955584 2.3624e+01    24.0959    24.0958 4.9908e+02      4.031          1       2447    1501.94 2.1127e+03  50137.987    101.908 1559231340      -0.07      0.561   39.13102  -72.94728    32.5660  1024.1194    24.1015    14.4426 0.0000e+00
      5.000    14.4380    32.4104  1024.1181     2.8115     6.0132    102.496    0.00083    5.86671    5.86242      8.011     0.0558   10.68571   3.954829 1.8442e+01    24.0958    24.0956 3.9552e+02      5.046          1       2486    1501.94 2.1454e+03  50136.677    103.546 1559231342       0.21      0.566   39.13102  -72.94730    32.5631  1024.1228    24.1004    14.4372 0.0000e+00
      6.000    14.3845    32.4109  1024.1342     2.8128     6.0157    102.522    0.00035    5.86772    5.86344      8.013     0.0620   10.68738   3.949358 1.4602e+01    24.1074    24.1072 3.1605e+02      6.041          1       2510    1501.79 2.1648e+03  50143.651    104.550 1559231343       0.26      0.869   39.13102  -72.94730    32.5574  1024.1340    24.1073    14.3836 0.0000e+00
      7.000    14.3188    32.4193  1024.1590     2.8138     6.0247    102.636    0.00103    5.86994    5.86569      8.016     0.0773   10.69094   3.944616 1.5373e+01    24.1277    24.1275 3.3525e+02      7.050          1       2542    1501.60 2.1804e+03  50163.541    105.881 1559231344      -0.19      0.840   39.13102  -72.94731    32.5687  1024.1609    24.1297    14.3178 0.0000e+00
      8.000    14.2808    32.4220  1024.1734     2.8161     6.0344    102.756    0.00114    5.87259    5.86838      8.019     0.1006   10.69521   3.941564 1.3349e+01    24.1377    24.1374 2.9659e+02      8.065          1       2581    1501.50 2.2226e+03  50171.909    107.511 1559231346       0.03      0.588   39.13102  -72.94732    32.5722  1024.1761    24.1403    14.2797 0.0000e+00
      9.000    14.2596    32.4330  1024.1908     2.8193     6.0552    103.011    0.00241    5.87826    5.87412      8.022     0.0957   10.70447   3.940891 1.1896e+01    24.1506    24.1504 2.6440e+02      9.065          1       2613    1501.46 2.2225e+03  50190.154    108.826 1559231347       0.06      0.743   39.13102  -72.94732    32.5835  1024.1936    24.1534    14.2583 0.0000e+00
     10.000    14.2305    32.4464  1024.2117     2.8239     6.0824    103.232    0.00247    5.89198    5.88801      8.028     0.1272   10.72691   3.939657 1.1751e+01    24.1670    24.1667 2.5849e+02     10.079          1       2656    1501.39 2.1997e+03  50212.558    110.613 1559231349      -0.13      0.576   39.13102  -72.94734    32.5963  1024.2140    24.1693    14.2291 0.0000e+00
     11.000    14.1679    32.4611  1024.2406     2.8276     6.1123    103.406    0.00259    5.91097    5.90723      8.032     0.1441   10.75808   3.935194 1.0104e+01    24.1914    24.1911 2.2031e+02     11.091          1       2691    1501.22 2.1804e+03  50240.662    112.088 1559231350       0.26      0.617   39.13102  -72.94734    32.6076  1024.2402    24.1910    14.1663 0.0000e+00
     12.000    14.0980    32.4797  1024.2739     2.8334     6.1772    103.791    0.00422    5.95155    5.94832      8.038     0.1520   10.82465   3.930798 7.4127e+00    24.2203    24.2199 1.6227e+02     12.087          1       2715    1501.04 2.1899e+03  50275.068    113.076 1559231351       0.21      0.909   39.13102  -72.94734    32.6258  1024.2731    24.2194    14.0963 0.0000e+00
     13.000    13.9672    32.5037  1024.3239     2.8417     6.2303    104.245    0.00521    5.97658    5.97368      8.046     0.1807   10.86538   3.920808 8.8795e+00    24.2657    24.2653 1.9484e+02     13.099          1       2749    1500.65 2.1946e+03  50324.083    114.498 1559231353      -0.24      0.794   39.13101  -72.94735    32.6437  1024.3183    24.2601    13.9654 0.0000e+00
     14.000    13.5618    32.5778  1024.4682     2.8671     6.3702    106.327    0.01626    5.99118    5.98849      8.052     0.2070   10.88910   3.889740 8.0743e+00    24.4055    24.4051 1.7677e+02     14.108          1       2786    1499.42 2.1890e+03  50476.678    116.032 1559231354       0.14      0.613   39.13100  -72.94736    32.6993  1024.4480    24.3852    13.5599 0.0000e+00
     15.000    13.3160    32.6515  1024.5792     2.8876     6.4323    107.200    0.01562    6.00029    5.99773      8.057     0.2295   10.90394   3.876246 7.4078e+00    24.5119    24.5115 1.6250e+02     15.114          1       2820    1498.71 2.1936e+03  50610.513    117.444 1559231356      -0.06      0.734   39.13100  -72.94738    32.7831  1024.5663    24.4990    13.3139 0.0000e+00
     16.000    13.1776    32.6980  1024.6472     2.8979     6.4633    106.957    0.00723    6.04289    6.04087      8.065     0.2412   10.97394   3.868915 6.9850e+00    24.5754    24.5749 1.5360e+02     16.122          1       2859    1498.33 2.1988e+03  50693.394    119.078 1559231357      -0.01      0.619   39.13100  -72.94738    32.8329  1024.6367    24.5648    13.1754 0.0000e+00
     17.000    13.0782    32.7252  1024.6924     2.9093     6.5226    107.365    0.00593    6.07515    6.07354      8.073     0.2783   11.02709   3.862299 6.3275e+00    24.6161    24.6156 1.3871e+02     17.136          1       2898    1498.04 2.1924e+03  50744.674    120.688 1559231359       0.03      0.609   39.13100  -72.94738    32.8559  1024.6786    24.6022    13.0759 0.0000e+00
     18.000    12.7804    32.7708  1024.7907     2.9243     6.6431    108.550    0.01166    6.11975    6.11871      8.078     0.2717   11.10065   3.838637 5.4063e+00    24.7098    24.7093 1.2001e+02     18.136          1       2926    1497.11 2.2204e+03  50849.227    121.865 1559231360       0.17      0.786   39.13100  -72.94739    32.8892  1024.7670    24.6861    12.7780 0.0000e+00
     19.000    12.5515    32.7972  1024.8600     2.9388     6.7405    109.196    0.01148    6.17283    6.17249      8.087     0.2961   11.18792   3.821137 5.1306e+00    24.7745    24.7740 1.1561e+02     19.146          1       2957    1496.39 2.2533e+03  50918.014    123.169 1559231362      -0.09      0.811   39.13100  -72.94740    32.9212  1024.8404    24.7549    12.5490 0.0000e+00
     20.000    12.2488    32.8210  1024.9408     2.9635     6.8757    110.726    0.01587    6.20956    6.20972      8.093     0.3375   11.24832   3.794243 4.7855e+00    24.8507    24.8502 1.0862e+02     20.153          1       2990    1495.40 2.2698e+03  50995.377    124.525 1559231363       0.00      0.742   39.13099  -72.94741    32.9274  1024.9074    24.8172    12.2462 0.0000e+00
     21.000    11.7491    32.8819  1025.0863     2.9890     7.0411    112.220    0.01920    6.27429    6.27533      8.100     0.3562   11.35512   3.755144 4.3741e+00    24.9914    24.9909 9.8811e+01     21.160          1       3023    1493.78 2.2590e+03  51156.076    125.933 1559231364      -0.03      0.725   39.13098  -72.94742    32.9886  1025.0526    24.9578    11.7465 0.0000e+00
     22.000    11.3401    32.9333  1025.2055     3.0098     7.1423    112.558    0.01244    6.34541    6.34741      8.108     0.4544   11.47255   3.722607 4.1468e+00    25.1060    25.1055 9.4402e+01     22.171          1       3065    1492.44 2.2768e+03  51293.737    127.687 1559231366      -0.12      0.589   39.13098  -72.94742    33.0330  1025.1660    25.0665    11.3374 0.0000e+00
     23.000    10.7792    32.9695  1025.3383     3.0165     7.1958    112.154    0.00483    6.41607    6.41899      8.112     0.5917   11.58994   3.674311 3.5668e+00    25.2339    25.2334 8.1966e+01     23.183          1       3103    1490.53 2.2982e+03  51439.110    129.264 1559231368       0.24      0.578   39.13098  -72.94744    33.0570  1025.2889    25.1845    10.7765 0.0000e+00
     24.000    10.4554    32.9891  1025.4144     3.0105     7.2302    111.283   -0.00143    6.49717    6.50126      8.117     0.7140   11.72354   3.647775 2.8687e+00    25.3053    25.3049 6.6326e+01     24.179          1       3129    1489.41 2.3123e+03  51525.032    130.331 1559231369       0.15      0.873   39.13098  -72.94744    33.0834  1025.3699    25.2609    10.4526 0.0000e+00
     25.000    10.0908    32.9699  1025.4660     3.0028     7.1879    110.384   -0.00697    6.51175    6.51605      8.119     1.0073   11.74755   3.611510 3.0446e+00    25.3522    25.3517 7.0409e+01     25.195          1       3164    1488.10 2.3126e+03  51565.847    131.781 1559231370      -0.19      0.746   39.13098  -72.94744    33.0477  1025.4086    25.2948    10.0880 0.0000e+00
     26.000     9.3575    32.9819  1025.6005     3.0028     7.2577    111.097   -0.00020    6.53282    6.53743      8.118     1.1653   11.78232   3.547110 2.5770e+00    25.4817    25.4812 5.9580e+01     26.195          1       3198    1485.47 2.3121e+03  51727.287    133.198 1559231372       0.01      0.712   39.13098  -72.94744    33.0602  1025.5429    25.4241     9.3547 0.0000e+00
     27.000     9.1530    33.0080  1025.6584     2.9877     7.2316    109.609   -0.00834    6.59758    6.60319      8.115     1.9012   11.88850   3.534074 2.4327e+00    25.5349    25.5345 5.5932e+01     27.217          1       3246    1484.76 2.2990e+03  51806.602    135.228 1559231374      -0.12      0.466   39.13097  -72.94746    33.1139  1025.6221    25.4986     9.1501 0.0000e+00
     28.000     9.0308    33.0064  1025.6810     2.9799     7.2061    109.374   -0.00726    6.58850    6.59398      8.113     2.0698   11.87354   3.521638 1.7647e+00    25.5528    25.5524 4.0417e+01     28.217          1       3274    1484.33 2.2902e+03  51830.590    136.383 1559231375       0.44      0.704   39.13096  -72.94746    33.0973  1025.6330    25.5049     9.0278 0.0000e+00
     29.000     8.6769    33.0561  1025.7795     2.9695     7.1625    108.805   -0.00830    6.58289    6.58834      8.111     2.2091   11.86358   3.495547 1.2543e+00    25.6467    25.6462 2.8744e+01     29.213          1       3299    1483.09 2.2917e+03  51978.833    137.404 1559231376       0.07      0.983   39.13096  -72.94748    33.1538  1025.7363    25.6034     8.6739 0.0000e+00
     30.000     8.6243    33.0931  1025.8213     2.9508     7.0044    107.904   -0.00913    6.49143    6.49576      8.097     2.5470   11.71017   3.496718 1.6753e+00    25.6837    25.6832 3.8223e+01     30.239          1       3347    1482.96 2.2817e+03  52042.865    139.429 1559231378      -0.27      0.477   39.13096  -72.94748    33.2150  1025.7968    25.6593     8.6212 0.0000e+00
     31.000     8.7111    33.1754  1025.8769     2.9205     6.8697    105.605   -0.01834    6.50515    6.50967      8.093     2.2644   11.73301   3.516225 1.0965e+00    25.7348    25.7343 2.5581e+01     31.241          1       3380    1483.40 2.3350e+03  52140.588    140.777 1559231379       0.40      0.670   39.13096  -72.94748    33.3384  1025.8842    25.7422     8.7078 0.0000e+00
     32.000     9.1394    33.2914  1025.9050     2.8835     6.6913    102.629   -0.03111    6.52001    6.52474      8.089     2.1334   11.75749   3.565754 7.7751e-01    25.7588    25.7583 1.8623e+01     32.241          1       3406    1485.14 2.3970e+03  52213.251    141.873 1559231380       0.04      0.918   39.13096  -72.94749    33.4544  1025.9122    25.7659     9.1360 0.0000e+00
     33.000     9.1552    33.3107  1025.9222     2.8213     6.5444     99.531   -0.03378    6.57563    6.58113      8.081     1.4784   11.84990   3.566917 7.8031e-01    25.7714    25.7709 1.8899e+01     33.256          1       3450    1485.24 2.4222e+03  52237.331    143.709 1559231382      -0.22      0.578   39.13096  -72.94750    33.4512  1025.9118    25.7610     9.1517 0.0000e+00
     34.000     8.9856    33.3130  1025.9555     2.7568     6.4007     96.263   -0.03685    6.64917    6.65573      8.072     0.9082   11.97172   3.551351 6.0766e-01    25.7999    25.7994 1.4707e+01     34.267          1       3493    1484.64 2.4201e+03  52276.846    145.488 1559231384       0.25      0.532   39.13096  -72.94750    33.4476  1025.9404    25.7849     8.9820 0.0000e+00
     35.000     8.6806    33.2752  1025.9781     2.7205     6.3209     94.960   -0.03383    6.65632    6.66299      8.064     0.5261   11.98347   3.518508 4.6881e-01    25.8178    25.8172 1.1362e+01     35.270          1       3520    1483.47 2.4239e+03  52291.550    146.623 1559231385       0.16      0.821   39.13094  -72.94752    33.3894  1025.9471    25.7867     8.6770 0.0000e+00
     36.000     8.3294    33.2543  1026.0199     2.6816     6.2227     93.403   -0.03207    6.66223    6.66897      8.059     0.4063   11.99338   3.485126 4.3798e-01    25.8547    25.8541 1.0636e+01     36.276          1       3548    1482.15 2.4283e+03  52342.250    147.799 1559231386      -0.03      0.874   39.13094  -72.94752    33.3678  1025.9881    25.8229     8.3258 0.0000e+00
     37.000     8.1369    33.2604  1026.0581     2.6399     6.1180     91.615   -0.03128    6.67796    6.68494      8.054     0.3786   12.01938   3.470118 4.1257e-01    25.8882    25.8876 1.0055e+01     37.283          1       3582    1481.45 2.4373e+03  52396.493    149.202 1559231388      -0.12      0.762   39.13094  -72.94752    33.3904  1026.0391    25.8691     8.1332 0.0000e+00
     38.000     8.0717    33.2463  1026.0613     2.6050     6.0863     91.288   -0.01997    6.66711    6.67395      8.046     0.3691   12.00120   3.462779 3.6344e-01    25.8867    25.8861 8.9266e+00     38.300          1       3624    1481.20 2.4560e+03  52392.347    150.958 1559231389      -0.02      0.553   39.13094  -72.94754    33.3735  1026.0402    25.8656     8.0679 0.0000e+00
     39.000     7.9801    33.2498  1026.0822     2.5914     6.0743     91.403   -0.01332    6.64567    6.65223      8.043     0.3655   11.96533   3.456010 2.8331e-01    25.9030    25.9024 6.9996e+00     39.299          1       3654    1480.88 2.4713e+03  52420.191    152.199 1559231391       0.20      0.737   39.13094  -72.94754    33.3879  1026.0695    25.8902     7.9763 0.0000e+00
     40.000     8.0434    33.2661  1026.0903     2.5868     6.0699     92.188   -0.00414    6.58431    6.59006      8.037     0.3851   11.86276   3.464218 2.8341e-01    25.9065    25.9059 7.0770e+00     40.309          1       3693    1481.15 2.4971e+03  52428.685    153.815 1559231392      -0.19      0.669   39.13094  -72.94755    33.4150  1026.0859    25.9021     8.0395 0.0000e+00
     41.000     8.2409    33.3234  1026.1104     2.5875     6.0475     92.709    0.00046    6.52303    6.52801      8.034     0.3747   11.76014   3.489990 2.5506e-01    25.9223    25.9217 6.2264e+00     41.322          1       3733    1481.99 2.4404e+03  52464.206    155.498 1559231394       0.23      0.547   39.13094  -72.94756    33.5015  1026.1288    25.9406     8.2368 0.0000e+00
