CalculateIndicators/WaterTemperature/Data/CTD_NYOS/NYBOS_20190530_5_6.cnv
* Sea-Bird SBE 9 Data File:
* FileName = C:\Seabird 9 CTD\Data\2019\201905_offshore\NYBOS_20190530_5_6.hex
* Software Version Seasave V 7.23.2
* Temperature SN = 4590
* Conductivity SN = 3228
* Number of Bytes Per Scan = 44
* Number of Voltage Words = 5
* Number of Scans Averaged by the Deck Unit = 1
* NMEA Latitude = 39 01.04 N
* NMEA Longitude = 072 33.60 W
* NMEA UTC (Time) = May 30 2019  23:25:28
* NMEA baud rate = 4800
** Ship: Seawolf
** Station: 5_6
** Operator: LIS
# nquan = 35
# nvalues = 900                         
# units = specified
# name 0 = depSM: Depth [salt water, m]
# name 1 = t090C: Temperature [ITS-90, deg C]
# name 2 = sal00: Salinity, Practical [PSU]
# name 3 = density00: Density [density, kg/m^3]
# name 4 = sbeox0V: Oxygen raw, SBE 43 [V]
# name 5 = sbeox0ML/L: Oxygen, SBE 43 [ml/l]
# name 6 = sbeox0PS: Oxygen, SBE 43 [% saturation]
# name 7 = sbox0dV/dT: Oxygen, SBE 43 [dov/dt]
# name 8 = oxsolML/L: Oxygen Saturation, Garcia & Gordon [ml/l]
# name 9 = oxsatML/L: Oxygen Saturation, Weiss [ml/l]
# name 10 = ph: pH
# name 11 = flECO-AFL: Fluorescence, WET Labs ECO-AFL/FL [mg/m^3]
# name 12 = n2satML/L: Nitrogen Saturation [ml/l]
# name 13 = c0S/m: Conductivity [S/m]
# name 14 = cpar: CPAR/Corrected Irradiance [%]
# name 15 = sigma-é00: Density [sigma-theta, kg/m^3]
# name 16 = sigma-t00: Density [sigma-t, kg/m^3 ]
# name 17 = par: PAR/Irradiance, Biospherical/Licor
# name 18 = prDM: Pressure, Digiquartz [db]
# name 19 = pumps: Pump Status
# name 20 = scan: Scan Count
# name 21 = svCM: Sound Velocity [Chen-Millero, m/s]
# name 22 = spar: SPAR, Biospherical/Licor
# name 23 = specc: Specific Conductance [uS/cm]
# name 24 = timeS: Time, Elapsed [seconds]
# name 25 = timeY: Time, System [seconds]
# name 26 = accM: Acceleration [m/s^2]
# name 27 = dz/dtM: Descent Rate [m/s]
# name 28 = latitude: Latitude [deg]
# name 29 = longitude: Longitude [deg]
# name 30 = gsw_saA0: Absolute Salinity [g/kg]
# name 31 = gsw_densityA0: density, TEOS-10 [density, kg/m^3]
# name 32 = gsw_sigma0A0: density, TEOS-10 [sigma-0, kg/m^3 ]
# name 33 = gsw_ptA0: potential temperature [ITS-90, deg C]
# name 34 = flag: flag
# span 0 =      1.000,    451.000       
# span 1 =     6.4658,    14.6642       
# span 2 =    32.4909,    35.6077       
# span 3 =  1024.1400,  1029.6372       
# span 4 =     1.5102,     3.0431       
# span 5 =     2.8639,     7.3336       
# span 6 =     45.444,    113.873       
# span 7 =   -0.05257,    0.04838       
# span 8 =    5.81585,    6.83078       
# span 9 =    5.81107,    6.84244       
# span 10 =      7.866,     16.544      
# span 11 =    -0.0758,     3.5822      
# span 12 =   10.60019,   12.24925      
# span 13 =   3.394994,   4.202733      
# span 14 = -5.256e-06, 3.8707e+01      
# span 15 =    24.1268,    27.5619      
# span 16 =    24.1267,    27.5564      
# span 17 = -3.521e-06, 3.1107e+01      
# span 18 =      1.017,    454.935      
# span 19 =          1,          1      
# span 20 =        409,      38577      
# span 21 =    1478.61,    1504.11      
# span 22 = 1.4525e+01, 8.1397e+01      
# span 23 =  50243.114,  55727.325      
# span 24 =     16.994,   1607.315      
# span 25 = 1559258744, 1559260334      
# span 26 =      -0.37,       0.38      
# span 27 =     -0.950,      1.015      
# span 28 =   39.01438,   39.01728      
# span 29 =  -72.56181,  -72.56016      
# span 30 =    32.6510,    35.7762      
# span 31 =  1024.1479,  1029.6402      
# span 32 =    24.1434,    27.5644      
# span 33 =     6.4241,    14.6641      
# span 34 = 0.0000e+00, 0.0000e+00      
# interval = meters: 1                  
# start_time = May 30 2019 23:25:27 [System UTC, first data scan.]
# bad_flag = -9.990e-29
*END*
[from data line 249]
    251.000    10.3105    35.3122  1028.2820     1.5263     2.8852     46.005   -0.00122    6.27149    6.27456      7.878    -0.0406   11.32332   3.879814 2.5651e-12    27.1472    27.1419 1.0000e-12    253.074          1       9206    1495.49 4.1599e+01  54945.165    383.559 1559259111      -0.08      0.622   39.01662  -72.56056    35.4731  1028.2803    27.1455    10.2804 0.0000e+00
    252.000    10.2662    35.3051  1028.2890     1.5255     2.8869     46.018   -0.00077    6.27344    6.27653      7.876    -0.0392   11.32657   3.874752 1.6156e-12    27.1494    27.1441 1.0000e-12    254.078          1       9240    1495.34 6.2714e+01  54945.010    384.942 1559259112       0.09      0.704   39.01662  -72.56056    35.4642  1028.2859    27.1463    10.2360 0.0000e+00
    253.000    10.2307    35.3016  1028.2972     1.5242     2.8855     45.968   -0.00075    6.27713    6.28028 -9.990e-29    -0.0223   11.33271   3.871305 1.5357e-12    27.1529    27.1476 1.0000e-12    255.086          1       9276    1495.23 6.5127e+01  54948.048    386.473 1559259114      -0.08      0.681   39.01662  -72.56056    35.4632  1028.2959    27.1517    10.2005 0.0000e+00
    254.000    10.2060    35.2982  1028.3034     1.5227     2.8835     45.912   -0.00074    6.28053    6.28373      7.876    -0.0267   11.33837   3.868718 1.5345e-12    27.1545    27.1493 1.0000e-12    256.100          1       9322    1495.15 6.5166e+01  54948.961    388.390 1559259116      -0.06      0.523   39.01661  -72.56056    35.4603  1028.3027    27.1538    10.1757 0.0000e+00
    255.000    10.1842    35.2951  1028.3095     1.5209     2.8769     45.786   -0.00119    6.28333    6.28657      7.875    -0.0370   11.34303   3.866412 1.5776e-12    27.1559    27.1506 1.0000e-12    257.112          1       9359    1495.09 6.3698e+01  54949.717    389.932 1559259117       0.23      0.603   39.01660  -72.56056    35.4576  1028.3090    27.1555    10.1538 0.0000e+00
    256.000    10.1696    35.2936  1028.3154     1.5201     2.8759     45.767   -0.00102    6.28371    6.28695      7.874    -0.0293   11.34367   3.865033 1.5356e-12    27.1573    27.1520 1.0000e-12    258.113          1       9384    1495.05 6.5129e+01  54951.280    390.951 1559259118       0.23      0.880   39.01660  -72.56056    35.4573  1028.3159    27.1578    10.1391 0.0000e+00
    257.000    10.1555    35.2909  1028.3204     1.5193     2.8761     45.761   -0.00076    6.28504    6.28830      7.872    -0.0252   11.34588   3.863443 1.6248e-12    27.1576    27.1523 1.0000e-12    259.117          1       9412    1495.01 6.1841e+01  54951.070    392.130 1559259119      -0.12      0.922   39.01660  -72.56056    35.4543  1028.3206    27.1579    10.1249 0.0000e+00
    258.000    10.1398    35.2887  1028.3261     1.5185     2.8803     45.782   -0.00032    6.29146    6.29480 -9.990e-29    -0.0455   11.35655   3.861886 1.8264e-12    27.1587    27.1534 1.0000e-12    260.136          1       9461    1494.97 5.5198e+01  54951.922    394.185 1559259121      -0.14      0.469   39.01660  -72.56057    35.4533  1028.3272    27.1599    10.1091 0.0000e+00
    259.000    10.1174    35.2845  1028.3313     1.5166     2.8720     45.621   -0.00106    6.29542    6.29881 -9.990e-29    -0.0319   11.36314   3.859256 1.5563e-12    27.1593    27.1540 1.0000e-12    261.143          1       9503    1494.90 6.4247e+01  54951.360    395.897 1559259123       0.19      0.575   39.01660  -72.56058    35.4478  1028.3314    27.1595    10.0866 0.0000e+00
    260.000    10.0863    35.2812  1028.3388     1.5157     2.8729     45.601   -0.00093    6.30010    6.30356 -9.990e-29    -0.0363   11.37091   3.856059 1.5812e-12    27.1621    27.1568 1.0000e-12    262.149          1       9536    1494.80 6.3246e+01  54953.846    397.283 1559259124       0.01      0.725   39.01658  -72.56058    35.4450  1028.3393    27.1626    10.0555 0.0000e+00
    261.000    10.0646    35.2779  1028.3446     1.5147     2.8719     45.586   -0.00068    6.30007    6.30353 -9.990e-29    -0.0339   11.37086   3.853625 1.5862e-12    27.1633    27.1579 1.0000e-12    263.162          1       9570    1494.74 6.3062e+01  54954.326    398.729 1559259126       0.01      0.688   39.01658  -72.56058    35.4408  1028.3445    27.1631    10.0337 0.0000e+00
    262.000    10.0300    35.2746  1028.3527     1.5146     2.8746     45.628   -0.00026    6.30001    6.30347 -9.990e-29    -0.0315   11.37076   3.850069 1.6041e-12    27.1666    27.1613 1.0000e-12    264.168          1       9599    1494.62 6.2417e+01  54957.542    399.936 1559259127       0.12      0.789   39.01658  -72.56058    35.4377  1028.3527    27.1667     9.9990 0.0000e+00
    263.000    10.0245    35.2752  1028.3587     1.5146     2.8769     45.663    0.00001    6.30019    6.30365      7.870    -0.0377   11.37105   3.849879 1.5837e-12    27.1681    27.1627 1.0000e-12    265.171          1       9629    1494.62 6.3148e+01  54960.176    401.175 1559259128      -0.06      0.842   39.01658  -72.56058    35.4406  1028.3605    27.1699     9.9934 0.0000e+00
    264.000    10.0264    35.2742  1028.3622     1.5144     2.8761     45.652   -0.00010    6.30020    6.30366      7.870    -0.0372   11.37108   3.850056 1.5814e-12    27.1670    27.1617 1.0000e-12    266.190          1       9676    1494.65 6.3192e+01  54959.141    403.137 1559259130      -0.15      0.501   39.01658  -72.56058    35.4402  1028.3643    27.1692     9.9952 0.0000e+00
    265.000    10.0259    35.2746  1028.3671     1.5138     2.8742     45.608   -0.00029    6.30206    6.30555      7.867    -0.0206   11.37418   3.850173 1.5825e-12    27.1674    27.1620 1.0000e-12    267.195          1       9714    1494.66 6.3192e+01  54960.409    404.701 1559259132       0.20      0.616   39.01657  -72.56058    35.4414  1028.3699    27.1703     9.9946 0.0000e+00
    266.000    10.0255    35.2742  1028.3714     1.5137     2.8766     45.610   -0.00027    6.30700    6.31056      7.867    -0.0365   11.38238   3.850113 1.5825e-12    27.1672    27.1618 1.0000e-12    268.204          1       9748    1494.68 6.3192e+01  54960.569    406.121 1559259133      -0.04      0.725   39.01656  -72.56058    35.4407  1028.3740    27.1699     9.9941 0.0000e+00
    267.000    10.0158    35.2725  1028.3763     1.5136     2.8794     45.639   -0.00001    6.30901    6.31260 -9.990e-29    -0.0398   11.38573   3.848949 1.5825e-12    27.1675    27.1621 1.0000e-12    269.213          1       9782    1494.66 6.3192e+01  54960.842    407.538 1559259135       0.05      0.694   39.01656  -72.56058    35.4378  1028.3780    27.1693     9.9843 0.0000e+00
    268.000     9.9794    35.2691  1028.3846     1.5141     2.8890     45.700    0.00028    6.32172    6.32548      7.867    -0.0327   11.40686   3.845190 1.5825e-12    27.1711    27.1657 1.0000e-12    270.220          1       9817    1494.54 6.3192e+01  54964.311    409.001 1559259136      -0.07      0.712   39.01656  -72.56058    35.4343  1028.3862    27.1728     9.9479 0.0000e+00
    269.000     9.9627    35.2670  1028.3905 -9.990e-29     2.8864     45.584   -0.00053    6.33205    6.33596      7.867    -0.0379   11.42397   3.843362 1.6110e-12    27.1724    27.1670 1.0000e-12    271.236          1       9855    1494.49 6.2486e+01  54965.637    410.583 1559259138       0.06      0.609   39.01656  -72.56058    35.4314  1028.3915    27.1735     9.9310 0.0000e+00
    270.000     9.8972    35.2561  1028.3981 -9.990e-29     2.8910     45.644   -0.00006    6.33377    6.33771      7.867    -0.0278   11.42684   3.835355 1.5831e-12    27.1750    27.1696 1.0000e-12    272.236          1       9883    1494.26 6.3177e+01  54964.732    411.764 1559259139       0.14      0.797   39.01656  -72.56058    35.4128  1028.3931    27.1701     9.8655 0.0000e+00
    271.000     9.8078    35.2520  1028.4151     1.5133     2.8955     45.657    0.00001    6.34175    6.34580      7.866    -0.0332   11.44011   3.827022 1.5825e-12    27.1870    27.1817 1.0000e-12    273.245          1       9922    1493.95 6.3192e+01  54978.822    413.390 1559259141      -0.18      0.667   39.01656  -72.56058    35.4140  1028.4142    27.1862     9.7762 0.0000e+00
    272.000     9.7684    35.2462  1028.4221     1.5134     2.9012     45.667   -0.00001    6.35301    6.35722      7.867    -0.0409   11.45881   3.822666 1.5825e-12    27.1892    27.1839 1.0000e-12    274.265          1       9975    1493.82 6.3192e+01  54979.839    415.597 1559259143       0.08      0.414   39.01656  -72.56058    35.4072  1028.4204    27.1876     9.7368 0.0000e+00
    273.000     9.7115    35.2386  1028.4306     1.5127     2.8995     45.608   -0.00029    6.35741    6.36168      7.905    -0.0441   11.46611   3.816407 1.5825e-12    27.1929    27.1875 1.0000e-12    275.270          1      10004    1493.62 6.3192e+01  54982.060    416.810 1559259144       0.33      0.702   39.01656  -72.56058    35.3980  1028.4277    27.1900     9.6799 0.0000e+00
    274.000     9.6810    35.2361  1028.4385     1.5125     2.8990     45.561   -0.00067    6.36276    6.36710      7.915    -0.0322   11.47503   3.813346 1.5825e-12    27.1961    27.1907 1.0000e-12    276.272          1      10028    1493.52 6.3192e+01  54985.821    417.772 1559259145       0.18      0.976   39.01656  -72.56058    35.3958  1028.4358    27.1934     9.6493 0.0000e+00
    275.000     9.6418    35.2327  1028.4472     1.5124     2.9093     45.632   -0.00002    6.37554    6.38006      8.190    -0.0401   11.49623   3.809433 1.6080e-12    27.2000    27.1947 1.0000e-12    277.279          1      10058    1493.39 6.2274e+01  54990.317    419.053 1559259146      -0.21      0.886   39.01656  -72.56058    35.3933  1028.4452    27.1981     9.6101 0.0000e+00
    276.000     9.5688    35.2211  1028.4553     1.5113     2.9086     45.526   -0.00062    6.38898    6.39370      8.651    -0.0270   11.51855   3.801034 1.7325e-12    27.2031    27.1978 1.0000e-12    278.297          1      10104    1493.13 5.7965e+01  54990.582    420.973 1559259148      -0.05      0.494   39.01654  -72.56058    35.3776  1028.4502    27.1980     9.5371 0.0000e+00
    277.000     9.4772    35.2154  1028.4712     1.5119     2.9218     45.647    0.00017    6.40074    6.40563      8.815    -0.0379   11.53802   3.792092 1.6373e-12    27.2139    27.2087 1.0000e-12    279.300          1      10142    1492.81 6.1456e+01  55003.573    422.525 1559259150       0.07      0.636   39.01654  -72.56058    35.3743  1028.4679    27.2107     9.4456 0.0000e+00
    278.000     9.3769    35.2034  1028.4836     1.5147     2.9449     45.945    0.00159    6.40947    6.41448      9.039    -0.0327   11.55252   3.780970 1.5795e-12    27.2211    27.2159 1.0000e-12    280.316          1      10184    1492.44 6.3287e+01  55009.768    424.304 1559259151      -0.06      0.564   39.01654  -72.56058    35.3569  1028.4761    27.2137     9.3454 0.0000e+00
    279.000     9.3174    35.2008  1028.4963     1.5161     2.9522     45.988    0.00134    6.41939    6.42456      8.998    -0.0278   11.56892   3.775494 1.5825e-12    27.2288    27.2237 1.0000e-12    281.322          1      10216    1492.24 6.3192e+01  55020.016    425.625 1559259153       0.21      0.698   39.01654  -72.56058    35.3581  1028.4917    27.2244     9.2859 0.0000e+00
    280.000     9.2832    35.1979  1028.5044     1.5179     2.9567     46.056    0.00116    6.41979    6.42496      9.739    -0.0326   11.56959   3.772024 1.5825e-12    27.2323    27.2271 1.0000e-12    282.327          1      10245    1492.13 6.3192e+01  55024.598    426.823 1559259154       0.01      0.843   39.01654  -72.56058    35.3551  1028.4998    27.2277     9.2517 0.0000e+00
    281.000     9.2034    35.1920  1028.5179     1.5210     2.9738     46.315    0.00215    6.42084    6.42602     14.220    -0.0411   11.57133   3.763901 1.5825e-12    27.2407    27.2355 1.0000e-12    283.339          1      10279    1491.85 6.3192e+01  55034.842    428.230 1559259155      -0.08      0.739   39.01652  -72.56058    35.3486  1028.5127    27.2356     9.1719 0.0000e+00
    282.000     9.1884    35.1936  1028.5262     1.5234     2.9813     46.395    0.00179    6.42590    6.43116     14.373    -0.0341   11.57973   3.763040 1.6102e-12    27.2444    27.2392 1.0000e-12    284.344          1      10314    1491.81 6.2534e+01  55041.287    429.700 1559259157      -0.04      0.699   39.01652  -72.56058    35.3540  1028.5240    27.2422     9.1568 0.0000e+00
    283.000     9.1737    35.1907  1028.5310     1.5271     2.9950     46.588    0.00190    6.42866    6.43397     14.526    -0.0346   11.58428   3.761426 1.5812e-12    27.2445    27.2394 1.0000e-12    285.360          1      10359    1491.77 6.3224e+01  55041.229    431.601 1559259159      -0.06      0.520   39.01652  -72.56060    35.3511  1028.5288    27.2424     9.1421 0.0000e+00
    284.000     9.1360    35.1894  1028.5409     1.5298     3.0041     46.724    0.00195    6.42948    6.43480     14.622    -0.0382   11.58563   3.757898 1.5825e-12    27.2497    27.2446 1.0000e-12    286.367          1      10395    1491.64 6.3192e+01  55048.863    433.081 1559259160       0.18      0.645   39.01652  -72.56060    35.3510  1028.5396    27.2484     9.1043 0.0000e+00
    285.000     9.1267    35.1902  1028.5476     1.5321     3.0102     46.809    0.00170    6.43085    6.43619     14.693    -0.0338   11.58788   3.757228 1.5825e-12    27.2518    27.2466 1.0000e-12    287.373          1      10425    1491.63 6.3192e+01  55052.643    434.335 1559259161       0.04      0.793   39.01652  -72.56060    35.3527  1028.5471    27.2513     9.0949 0.0000e+00
    286.000     9.1213    35.1904  1028.5532     1.5350     3.0218     46.986    0.00204    6.43129    6.43663     14.768    -0.0412   11.58860   3.756870 1.5825e-12    27.2528    27.2477 1.0000e-12    288.383          1      10459    1491.63 6.3192e+01  55054.840    435.761 1559259163      -0.09      0.736   39.01652  -72.56060    35.3538  1028.5533    27.2530     9.0895 0.0000e+00
    287.000     9.1100    35.1907  1028.5599     1.5378     3.0296     47.104    0.00186    6.43168    6.43702     14.840    -0.0434   11.58924   3.755946 1.5841e-12    27.2549    27.2497 1.0000e-12    289.395          1      10496    1491.60 6.3192e+01  55058.561    437.281 1559259164       0.02      0.652   39.01652  -72.56060    35.3548  1028.5606    27.2557     9.0780 0.0000e+00
    288.000     9.1069    35.1908  1028.5651     1.5389     3.0276     47.070    0.00104    6.43224    6.43759     14.899    -0.0404   11.59018   3.755782 1.5840e-12    27.2556    27.2504 1.0000e-12    290.399          1      10530    1491.61 6.3136e+01  55060.156    438.703 1559259166      -0.01      0.713   39.01650  -72.56060    35.3558  1028.5664    27.2569     9.0748 0.0000e+00
    289.000     9.1038    35.1906  1028.5700     1.5394     3.0242     47.015    0.00030    6.43249    6.43785     14.962    -0.0505   11.59061   3.755560 1.6472e-12    27.2559    27.2506 1.0000e-12    291.415          1      10569    1491.61 6.0807e+01  55061.145    440.351 1559259167      -0.02      0.600   39.01650  -72.56060    35.3560  1028.5717    27.2576     9.0716 0.0000e+00
    290.000     9.1002    35.1901  1028.5748     1.5399     3.0267     47.039    0.00027    6.43457    6.43996     15.009    -0.0415   11.59405   3.755269 1.6215e-12    27.2561    27.2509 1.0000e-12    292.415          1      10601    1491.61 6.1687e+01  55061.969    441.665 1559259169       0.09      0.737   39.01650  -72.56060    35.3560  1028.5768    27.2582     9.0679 0.0000e+00
    291.000     9.0972    35.1893  1028.5792     1.5411     3.0352     47.148    0.00063    6.43765    6.44309     15.070    -0.0490   11.59912   3.754959 1.6229e-12    27.2560    27.2508 1.0000e-12    293.433          1      10646    1491.62 6.1627e+01  55062.255    443.524 1559259171      -0.15      0.550   39.01650  -72.56060    35.3552  1028.5813    27.2581     9.0648 0.0000e+00
