CalculateIndicators/WaterTemperature/Data/CTD_NYOS/NYBOS_20190530_6_5.cnv
* Sea-Bird SBE 9 Data File:
* FileName = C:\Seabird 9 CTD\Data\2019\201905_offshore\NYBOS_20190530_6_5.hex
* Software Version Seasave V 7.23.2
* Temperature SN = 4590
* Conductivity SN = 3228
* Number of Bytes Per Scan = 44
* Number of Voltage Words = 5
* Number of Scans Averaged by the Deck Unit = 1
* NMEA Latitude = 39 07.87 N
* NMEA Longitude = 072 56.80 W
* NMEA UTC (Time) = May 30 2019  15:47:19
* NMEA baud rate = 4800
** Ship: Seawolf
** Station: 6_5
** Operator: AJB
# nquan = 35
# nvalues = 146                         
# units = specified
# name 0 = depSM: Depth [salt water, m]
# name 1 = t090C: Temperature [ITS-90, deg C]
# name 2 = sal00: Salinity, Practical [PSU]
# name 3 = density00: Density [density, kg/m^3]
# name 4 = sbeox0V: Oxygen raw, SBE 43 [V]
# name 5 = sbeox0ML/L: Oxygen, SBE 43 [ml/l]
# name 6 = sbeox0PS: Oxygen, SBE 43 [% saturation]
# name 7 = sbox0dV/dT: Oxygen, SBE 43 [dov/dt]
# name 8 = oxsolML/L: Oxygen Saturation, Garcia & Gordon [ml/l]
# name 9 = oxsatML/L: Oxygen Saturation, Weiss [ml/l]
# name 10 = ph: pH
# name 11 = flECO-AFL: Fluorescence, WET Labs ECO-AFL/FL [mg/m^3]
# name 12 = n2satML/L: Nitrogen Saturation [ml/l]
# name 13 = c0S/m: Conductivity [S/m]
# name 14 = cpar: CPAR/Corrected Irradiance [%]
# name 15 = sigma-é00: Density [sigma-theta, kg/m^3]
# name 16 = sigma-t00: Density [sigma-t, kg/m^3 ]
# name 17 = par: PAR/Irradiance, Biospherical/Licor
# name 18 = prDM: Pressure, Digiquartz [db]
# name 19 = pumps: Pump Status
# name 20 = scan: Scan Count
# name 21 = svCM: Sound Velocity [Chen-Millero, m/s]
# name 22 = spar: SPAR, Biospherical/Licor
# name 23 = specc: Specific Conductance [uS/cm]
# name 24 = timeS: Time, Elapsed [seconds]
# name 25 = timeY: Time, System [seconds]
# name 26 = accM: Acceleration [m/s^2]
# name 27 = dz/dtM: Descent Rate [m/s]
# name 28 = latitude: Latitude [deg]
# name 29 = longitude: Longitude [deg]
# name 30 = gsw_saA0: Absolute Salinity [g/kg]
# name 31 = gsw_densityA0: density, TEOS-10 [density, kg/m^3]
# name 32 = gsw_sigma0A0: density, TEOS-10 [sigma-0, kg/m^3 ]
# name 33 = gsw_ptA0: potential temperature [ITS-90, deg C]
# name 34 = flag: flag
# span 0 =      1.000,     74.000       
# span 1 =     7.6794,    14.5693       
# span 2 =    32.4054,    33.8021       
# span 3 =  1024.0754,  1026.4391       
# span 4 =     2.4585,     3.0239       
# span 5 =     5.6548,     7.2577       
# span 6 =     86.869,    112.558       
# span 7 =   -0.03685,    0.02842       
# span 8 =    5.82526,    6.71973       
# span 9 =    5.82051,    6.72746       
# span 10 =      7.974,      8.119      
# span 11 =    -0.0194,     2.5470      
# span 12 =   10.61701,   12.08713      
# span 13 =   3.440770,   3.967012      
# span 14 = 3.3629e-03, 4.0356e+01      
# span 15 =    24.0664,    26.1020      
# span 16 =    24.0663,    26.1006      
# span 17 = 6.7171e-02, 8.2936e+02      
# span 18 =      1.037,     74.575      
# span 19 =          1,          1      
# span 20 =       1348,      16112      
# span 21 =    1480.10,    1502.31      
# span 22 = 1.8073e+03, 2.5251e+03      
# span 23 =  50116.679,  52884.489      
# span 24 =     56.142,    671.275      
# span 25 = 1559231295, 1559231910      
# span 26 =      -0.39,       0.44      
# span 27 =     -1.027,      0.983      
# span 28 =   39.13013,   39.13113      
# span 29 =  -72.94996,  -72.94705      
# span 30 =    32.5574,    33.9630      
# span 31 =  1024.0835,  1026.4428      
# span 32 =    24.0746,    26.1057      
# span 33 =     7.6742,    14.5691      
# span 34 = 0.0000e+00, 0.0000e+00      
# interval = meters: 1                  
# start_time = May 30 2019 15:47:18 [System UTC, first data scan.]
# bad_flag = -9.990e-29
*END*
[from data line 42]
     43.000     8.7956    33.4719  1026.1509     2.5744     5.9995     91.142   -0.00912    6.58270    6.58849      8.029     0.1961   11.85948   3.555463 2.1122e-01    25.9541    25.9534 5.0774e+00     43.334          1       3792    1484.28 2.4040e+03  52549.363    157.969 1559231396      -0.09      0.797   39.13094  -72.94758    33.6659  1026.1814    25.9846     8.7912 0.0000e+00
     44.000     8.8224    33.4693  1026.1493     2.5536     5.9223     89.399   -0.01675    6.62463    6.63101      8.028     0.1874   11.92914   3.552607 1.8334e-01    25.9479    25.9472 4.4114e+00     44.342          1       3823    1484.39 2.4057e+03  52540.314    159.230 1559231398       0.06      0.774   39.13094  -72.94758    33.6102  1026.1384    25.9371     8.8178 0.0000e+00
     45.000     8.6323    33.4658  1026.1809     2.5366     5.9383     88.880   -0.01442    6.68127    6.68844      8.029     0.1590   12.02325   3.536242 1.6132e-01    25.9748    25.9741 3.8447e+00     45.345          1       3853    1483.69 2.3832e+03  52578.491    160.495 1559231399      -0.04      0.816   39.13092  -72.94758    33.6178  1026.1785    25.9724     8.6276 0.0000e+00
     46.000     8.2456    33.4096  1026.2002     2.5200     5.9380     88.667   -0.00967    6.69696    6.70437      8.025     0.1201   12.04925   3.493816 1.5746e-01    25.9890    25.9883 3.6945e+00     46.357          1       3896    1482.19 2.3460e+03  52588.280    162.292 1559231401      -0.14      0.578   39.13092  -72.94760    33.5353  1026.1774    25.9662     8.2410 0.0000e+00
     47.000     7.8442    33.3792  1026.2406     2.5075     5.9304     88.461   -0.00652    6.70396    6.71147      8.021     0.1151   12.06091   3.456265 1.3544e-01    26.0244    26.0238 3.1249e+00     47.369          1       3939    1480.65 2.3068e+03  52642.099    164.068 1559231402       0.14      0.541   39.13092  -72.94760    33.5170  1026.2271    26.0109     7.8396 0.0000e+00
     48.000     7.8199    33.3726  1026.2435     2.4973     5.8887     87.829   -0.00822    6.70471    6.71222      8.019     0.1104   12.06213   3.453909 1.1610e-01    26.0227    26.0221 2.6308e+00     48.368          1       3969    1480.57 2.2654e+03  52639.410    165.332 1559231404       0.10      0.756   39.13092  -72.94760    33.5144  1026.2332    26.0124     7.8152 0.0000e+00
     49.000     7.7805    33.3662  1026.2488     2.4870     5.8759     87.630   -0.00596    6.70539    6.71292      8.015     0.1041   12.06330   3.450005 1.2061e-01    26.0234    26.0227 2.6928e+00     49.386          1       4011    1480.42 2.2325e+03  52640.558    167.083 1559231405      -0.17      0.592   39.13092  -72.94761    33.5097  1026.2399    26.0144     7.7758 0.0000e+00
     50.000     7.7712    33.3662  1026.2548     2.4803     5.8627     87.418   -0.00520    6.70653    6.71407      8.016     0.1142   12.06519   3.449619 9.3058e-02    26.0247    26.0241 2.0672e+00     50.391          1       4041    1480.41 2.2214e+03  52643.581    168.345 1559231407       0.36      0.677   39.13092  -72.94762    33.5140  1026.2491    26.0191     7.7664 0.0000e+00
     51.000     7.7776    33.3661  1026.2584     2.4762     5.8527     87.244   -0.00515    6.70842    6.71598 -9.990e-29     0.1087   12.06833   3.450285 5.8571e-02    26.0238    26.0231 1.2858e+00     51.393          1       4065    1480.45 2.1936e+03  52642.569    169.324 1559231408       0.16      0.983   39.13090  -72.94764    33.5146  1026.2533    26.0187     7.7727 0.0000e+00
     52.000     7.7617    33.3627  1026.2626     2.4738     5.8706     87.492   -0.00203    6.70991    6.71750      8.007     0.0966   12.07080   3.448701 8.2203e-02    26.0234    26.0227 1.7619e+00     52.400          1       4106    1480.40 2.1466e+03  52642.303    171.021 1559231409      -0.27      0.659   39.13090  -72.94764    33.5122  1026.2584    26.0191     7.7567 0.0000e+00
     53.000     7.7429    33.3603  1026.2681     2.4705     5.8690     87.447   -0.00131    6.71154    6.71916      8.006     0.0835   12.07348   3.447029 7.4984e-02    26.0242    26.0235 1.5956e+00     53.418          1       4158    1480.34 2.1279e+03  52644.158    173.206 1559231412       0.28      0.434   39.13090  -72.94764    33.5118  1026.2654    26.0215     7.7378 0.0000e+00
     54.000     7.7388    33.3618  1026.2745     2.4660     5.8374     87.052   -0.00310    6.70565    6.71319      8.003     0.0749   12.06356   3.446947 6.0834e-02    26.0260    26.0252 1.2903e+00     54.420          1       4187    1480.34 2.1209e+03  52648.039    174.400 1559231413       0.18      0.762   39.13090  -72.94766    33.5144  1026.2726    26.0241     7.7336 0.0000e+00
     55.000     7.7320    33.3622  1026.2804     2.4657     5.8350     87.226   -0.00148    6.68950    6.69682      8.001     0.0586   12.03659   3.446470 5.6115e-02    26.0273    26.0265 1.1870e+00     55.424          1       4217    1480.34 2.1153e+03  52650.913    175.671 1559231414      -0.06      0.821   39.13090  -72.94766    33.5153  1026.2789    26.0258     7.7267 0.0000e+00
     56.000     7.7491    33.3725  1026.2906     2.4659     5.8313     87.450    0.00047    6.66818    6.67521      8.000 -9.990e-29   12.00108   3.449729 5.4546e-02    26.0330    26.0322 1.1612e+00     56.441          1       4254    1480.43 2.1292e+03  52662.138    177.195 1559231416      -0.05      0.654   39.13090  -72.94768    33.5336  1026.2953    26.0377     7.7437 0.0000e+00
     57.000     7.8363    33.3961  1026.3011     2.4636     5.8061     87.136   -0.00148    6.66322    6.67018      7.997 -9.990e-29   11.99280   3.460197 4.2081e-02    26.0389    26.0381 8.9981e-01     57.441          1       4282    1480.81 2.1387e+03  52674.814    178.380 1559231417       0.16      0.782   39.13090  -72.94768    33.5621  1026.3095    26.0474     7.8307 0.0000e+00
     58.000     7.9711    33.4195  1026.3043     2.4638     5.8148     87.288   -0.00028    6.66166    6.66860      7.996     0.0514   11.99020   3.474479 4.2105e-02    26.0378    26.0369 9.0054e-01     58.449          1       4320    1481.36 2.1390e+03  52675.898    179.952 1559231418      -0.19      0.692   39.13088  -72.94768    33.5857  1026.3129    26.0464     7.9653 0.0000e+00
     59.000     8.0387    33.4313  1026.3081     2.4681     5.7911     87.701    0.00176    6.60322    6.60941      7.994     0.0505   11.89237   3.481363 3.7257e-02    26.0371    26.0362 8.0045e-01     59.462          1       4368    1481.65 2.1484e+03  52676.694    181.949 1559231420       0.13      0.470   39.13088  -72.94770    33.5942  1026.3142    26.0431     8.0329 0.0000e+00
     60.000     8.0393    33.4320  1026.3132     2.4750     5.8368     88.508    0.00631    6.59468    6.60073      7.994     0.0585   11.87828   3.481491 3.1261e-02    26.0376    26.0367 6.7082e-01     60.472          1       4401    1481.67 2.1457e+03  52678.384    183.315 1559231422       0.14      0.696   39.13088  -72.94770    33.5945  1026.3189    26.0433     8.0334 0.0000e+00
     61.000     8.2625    33.5147  1026.3491     2.4706     5.7696     87.524   -0.00107    6.59203    6.59805      7.994     0.0579   11.87384   3.512983 2.4927e-02    26.0693    26.0683 5.2491e-01     61.473          1       4426    1482.63 2.1057e+03  52743.511    184.391 1559231423       0.15      0.865   39.13088  -72.94770    33.7164  1026.3852    26.1054     8.2564 0.0000e+00
     62.000     8.4440    33.5325  1026.3402     2.4698     5.7471     87.453   -0.00147    6.57170    6.57745      7.994 -9.990e-29   11.83984   3.528395 2.5632e-02    26.0560    26.0550 5.4766e-01     62.479          1       4461    1483.35 2.1352e+03  52726.770    185.843 1559231424      -0.21      0.765   39.13088  -72.94771    33.7063  1026.3545    26.0704     8.4376 0.0000e+00
     63.000     8.5005    33.5509  1026.3506     2.4741     5.7682     88.115    0.00287    6.54629    6.55171      7.992 -9.990e-29   11.79743   3.535683 2.3099e-02    26.0619    26.0609 5.0126e-01     63.498          1       4510    1483.60 2.1698e+03  52740.537    187.858 1559231426       0.12      0.432   39.13088  -72.94772    33.7292  1026.3684    26.0797     8.4940 0.0000e+00
     64.000     8.6338    33.5767  1026.3548     2.4737     5.7430     87.848    0.00045    6.53746    6.54276      7.992     0.0487   11.78265   3.550119 1.7804e-02    26.0618    26.0607 3.8613e-01     64.497          1       4539    1484.15 2.1691e+03  52747.164    189.083 1559231427       0.18      0.743   39.13086  -72.94774    33.7542  1026.3719    26.0789     8.6271 0.0000e+00
     65.000     8.7408    33.6022  1026.3627     2.4737     5.7328     87.791   -0.00020    6.53000    6.53521 -9.990e-29     0.0547   11.77018   3.562301 1.7464e-02    26.0653    26.0642 3.8389e-01     65.507          1       4572    1484.60 2.1982e+03  52759.827    190.456 1559231429      -0.09      0.764   39.13086  -72.94774    33.7802  1026.3801    26.0827     8.7340 0.0000e+00
     66.000     8.8152    33.6209  1026.3703     2.4731     5.7274     87.766   -0.00021    6.52581    6.53096 -9.990e-29     0.0525   11.76317   3.570717 1.4992e-02    26.0684    26.0673 3.3291e-01     66.516          1       4606    1484.91 2.2209e+03  52770.301    191.890 1559231430       0.01      0.696   39.13086  -72.94774    33.7974  1026.3865    26.0846     8.8082 0.0000e+00
     67.000     8.8680    33.6334  1026.3763     2.4727     5.7230     87.737   -0.00038    6.52294    6.52805 -9.990e-29     0.0580   11.75836   3.576442 1.3123e-02    26.0699    26.0688 2.8776e-01     67.519          1       4641    1485.14 2.1924e+03  52776.740    193.342 1559231432      -0.05      0.709   39.13086  -72.94775    33.8069  1026.3901    26.0838     8.8609 0.0000e+00
     68.000     8.9097    33.6447  1026.3831     2.4713     5.7142     87.653   -0.00067    6.51910    6.52417      7.993     0.0533   11.75194   3.581019 1.2809e-02    26.0723    26.0712 2.7742e-01     68.533          1       4698    1485.33 2.1653e+03  52784.257    195.696 1559231434      -0.08      0.397   39.13086  -72.94776    33.8148  1026.3943    26.0835     8.9024 0.0000e+00
     69.000     8.9387    33.6527  1026.3894     2.4692     5.7062     87.564   -0.00071    6.51664    6.52167      7.993     0.0539   11.74781   3.584197 1.1308e-02    26.0740    26.0728 2.3870e-01     69.539          1       4762    1485.46 2.1102e+03  52789.746    198.356 1559231437      -0.07      0.358   39.13086  -72.94777    33.8201  1026.3985    26.0831     8.9313 0.0000e+00
     70.000     8.9566    33.6585  1026.3956     2.4691     5.7097     87.663    0.00021    6.51329    6.51828      7.993     0.0466   11.74220   3.586227 9.1441e-03    26.0757    26.0746 1.9102e-01     70.545          1       4829    1485.55 2.0887e+03  52794.688    201.178 1559231440       0.13      0.397   39.13085  -72.94778    33.8238  1026.4031    26.0832     8.9492 0.0000e+00
     71.000     8.9826    33.6652  1026.4013     2.4688     5.7012     87.645    0.00005    6.50485    6.50974      7.994     0.0616   11.72808   3.589170 8.0369e-03    26.0769    26.0757 1.6585e-01     71.556          1       4909    1485.67 2.0632e+03  52799.081    204.517 1559231443      -0.06      0.270   39.13084  -72.94780    33.8295  1026.4080    26.0836     8.9750 0.0000e+00
     72.000     9.0326    33.6792  1026.4089     2.4715     5.6932     87.864    0.00096    6.47954    6.48410      7.994     0.0541   11.68573   3.595443 6.5529e-03    26.0800    26.0787 1.3347e-01     72.562          1       4975    1485.89 2.0360e+03  52808.511    207.231 1559231446      -0.05      0.378   39.13084  -72.94781    33.8472  1026.4184    26.0895     9.0248 0.0000e+00
     73.000     9.1678    33.7161  1026.4206     2.4681     5.6769     87.506   -0.00109    6.48746    6.49213      7.996     0.0483   11.69896   3.611368 5.2301e-03    26.0874    26.0861 1.0489e-01     73.568          1       5116    1486.45 2.0060e+03  52832.062    213.113 1559231451       0.10      0.258   39.13082  -72.94784    33.8846  1026.4304    26.0972     9.1600 0.0000e+00
     74.000     9.4956    33.8021  1026.4391     2.4704     5.6548     87.713   -0.00000    6.44691    6.45106      8.002     0.0711   11.63109   3.648830 3.3629e-03    26.1020    26.1006 6.7171e-02     74.575          1       6456    1487.77 1.9939e+03  52884.489    268.944 1559231507      -0.08     -0.073   39.13073  -72.94810    33.9630  1026.4428    26.1057     9.4874 0.0000e+00
     73.000     9.3355    33.7610  1026.4285     2.4673     5.6896     87.528   -0.00039    6.50026    6.50508      8.002 -9.990e-29   11.72039   3.629474 4.4217e-03    26.0956    26.0943 8.6636e-02     73.567          1       6170    1487.12 1.9597e+03  52859.524    257.047 1559231495      -0.29     -0.293   39.13074  -72.94804    33.9141  1026.4262    26.0933     9.3275 0.0000e+00
     72.000     9.1821    33.7258  1026.4212     2.4671     5.6963     87.532   -0.00020    6.50765    6.51258      8.002     0.0469   11.73263   3.611928 5.5419e-03    26.0926    26.0913 1.0936e-01     72.566          1       6208    1486.50 1.9725e+03  52841.954    258.635 1559231497      -0.02     -0.423   39.13074  -72.94805    33.8772  1026.4178    26.0891     9.1743 0.0000e+00
     71.000     9.0130    33.6840  1026.4112     2.4705     5.7207     87.814    0.00118    6.51455    6.51956 -9.990e-29     0.0582   11.74420   3.592515 6.7581e-03    26.0868    26.0856 1.3606e-01     71.554          1       6283    1485.81 2.0130e+03  52818.957    261.766 1559231500      -0.23     -0.338   39.13074  -72.94807    33.8357  1026.4079    26.0836     9.0054 0.0000e+00
     70.000     8.9729    33.6729  1026.4043     2.4714     5.7218     87.751    0.00026    6.52050    6.52559 -9.990e-29     0.0550   11.75419   3.587904 8.3163e-03    26.0844    26.0832 1.6767e-01     70.547          1       6340    1485.63 2.0163e+03  52811.354    264.131 1559231502       0.07     -0.416   39.13073  -72.94808    33.8259  1026.4022    26.0823     8.9654 0.0000e+00
     69.000     8.9393    33.6618  1026.3964     2.4711     5.7211     87.693   -0.00006    6.52402    6.52916 -9.990e-29     0.0547   11.76008   3.583768 1.0199e-02    26.0810    26.0799 2.0629e-01     69.541          1       6400    1485.47 2.0222e+03  52802.464    266.630 1559231505       0.03     -0.414   39.13072  -72.94810    33.8150  1026.3944    26.0790     8.9319 0.0000e+00
     68.000     8.9081    33.6530  1026.3899     2.4720     5.7301     87.778    0.00046    6.52788    6.53307 -9.990e-29     0.0553   11.76656   3.580262 1.2162e-02    26.0790    26.0779 2.4886e-01     68.529          1       6472    1485.33 2.0457e+03  52796.255    269.614 1559231508      -0.09     -0.312   39.13072  -72.94812    33.8083  1026.3895    26.0787     8.9009 0.0000e+00
     67.000     8.8879    33.6459  1026.3829     2.4731     5.7368     87.812    0.00040    6.53303    6.53828      8.000     0.0607   11.77516   3.577718 1.3737e-02    26.0766    26.0755 2.8717e-01     67.522          1       6533    1485.23 2.0902e+03  52790.058    272.180 1559231511       0.05     -0.373   39.13071  -72.94812    33.8014  1026.3827    26.0764     8.8808 0.0000e+00
     66.000     8.8582    33.6386  1026.3773     2.4737     5.7449     87.822    0.00029    6.54157    6.54694      8.000     0.0533   11.78947   3.574283 1.5913e-02    26.0755    26.0744 3.3950e-01     66.517          1       6593    1485.09 2.1323e+03  52785.684    274.649 1559231513       0.02     -0.432   39.13070  -72.94814    33.7940  1026.3771    26.0752     8.8512 0.0000e+00
