CalculateIndicators/WaterTemperature/Data/CTD_NYOS/NYBOS_20190530_6_6.cnv
* Sea-Bird SBE 9 Data File:
* FileName = C:\Seabird 9 CTD\Data\2019\201905_offshore\NYBOS_20190530_6_6.hex
* Software Version Seasave V 7.23.2
* Temperature SN = 4590
* Conductivity SN = 3228
* Number of Bytes Per Scan = 44
* Number of Voltage Words = 5
* Number of Scans Averaged by the Deck Unit = 1
* NMEA Latitude = 38 47.22 N
* NMEA Longitude = 072 48.98 W
* NMEA UTC (Time) = May 30 2019  20:15:46
* NMEA baud rate = 4800
** Ship: Seawolf
** Station: 6_6
** Operator: AJB
# nquan = 35
# nvalues = 959                         
# units = specified
# name 0 = depSM: Depth [salt water, m]
# name 1 = t090C: Temperature [ITS-90, deg C]
# name 2 = sal00: Salinity, Practical [PSU]
# name 3 = density00: Density [density, kg/m^3]
# name 4 = sbeox0V: Oxygen raw, SBE 43 [V]
# name 5 = sbeox0ML/L: Oxygen, SBE 43 [ml/l]
# name 6 = sbeox0PS: Oxygen, SBE 43 [% saturation]
# name 7 = sbox0dV/dT: Oxygen, SBE 43 [dov/dt]
# name 8 = oxsolML/L: Oxygen Saturation, Garcia & Gordon [ml/l]
# name 9 = oxsatML/L: Oxygen Saturation, Weiss [ml/l]
# name 10 = ph: pH
# name 11 = flECO-AFL: Fluorescence, WET Labs ECO-AFL/FL [mg/m^3]
# name 12 = n2satML/L: Nitrogen Saturation [ml/l]
# name 13 = c0S/m: Conductivity [S/m]
# name 14 = cpar: CPAR/Corrected Irradiance [%]
# name 15 = sigma-é00: Density [sigma-theta, kg/m^3]
# name 16 = sigma-t00: Density [sigma-t, kg/m^3 ]
# name 17 = par: PAR/Irradiance, Biospherical/Licor
# name 18 = prDM: Pressure, Digiquartz [db]
# name 19 = pumps: Pump Status
# name 20 = scan: Scan Count
# name 21 = svCM: Sound Velocity [Chen-Millero, m/s]
# name 22 = spar: SPAR, Biospherical/Licor
# name 23 = specc: Specific Conductance [uS/cm]
# name 24 = timeS: Time, Elapsed [seconds]
# name 25 = timeY: Time, System [seconds]
# name 26 = accM: Acceleration [m/s^2]
# name 27 = dz/dtM: Descent Rate [m/s]
# name 28 = latitude: Latitude [deg]
# name 29 = longitude: Longitude [deg]
# name 30 = gsw_saA0: Absolute Salinity [g/kg]
# name 31 = gsw_densityA0: density, TEOS-10 [density, kg/m^3]
# name 32 = gsw_sigma0A0: density, TEOS-10 [sigma-0, kg/m^3 ]
# name 33 = gsw_ptA0: potential temperature [ITS-90, deg C]
# name 34 = flag: flag
# span 0 =      2.000,    481.000       
# span 1 =     6.4079,    18.7032       
# span 2 =    33.6457,    35.7084       
# span 3 =  1024.4363,  1029.7825       
# span 4 =     1.5378,     2.8693       
# span 5 =     2.9298,     5.8001       
# span 6 =     46.609,    106.565       
# span 7 =   -0.04656,    0.03751       
# span 8 =    5.29246,    6.83999       
# span 9 =    5.28384,    6.85180       
# span 10 =      7.876,     16.546      
# span 11 =    -0.0759,     0.7550      
# span 12 =    9.70209,   12.26447      
# span 13 =   3.503029,   4.697820      
# span 14 = 4.8641e-14, 1.0944e+01      
# span 15 =    24.4274,    27.5685      
# span 16 =    24.4273,    27.5627      
# span 17 = 1.0000e-12, 2.1656e+02      
# span 18 =      2.014,    485.225      
# span 19 =          1,          1      
# span 20 =       1381,      39963      
# span 21 =    1484.25,    1518.31      
# span 22 = 4.8211e+02, 2.0512e+03      
# span 23 =  51577.054,  55764.268      
# span 24 =     57.508,   1665.103      
# span 25 = 1559247403, 1559249010      
# span 26 =      -1.27,       0.59      
# span 27 =     -1.520,      1.072      
# span 28 =   38.78661,   38.78712      
# span 29 =  -72.81806,  -72.81642      
# span 30 =    33.7698,    35.8905      
# span 31 =  1024.4149,  1029.7856      
# span 32 =    24.4061,    27.5716      
# span 33 =     6.3635,    18.7014      
# span 34 = 0.0000e+00, 0.0000e+00      
# interval = meters: 1                  
# start_time = May 30 2019 20:15:45 [System UTC, first data scan.]
# bad_flag = -9.990e-29
*END*
[from data line 871]
     89.000    13.4512    35.4892  1027.0796     2.2875     4.6493     79.482   -0.00245    5.84941    5.84692      8.046    -0.0468   10.62309   4.195964 1.9759e-02    26.6826    26.6800 3.8059e-01     89.703          1      34700    1503.74 1.9261e+03  54558.746   1445.786 1559248791      -0.03     -0.412   38.78670  -72.81782    35.6567  1027.0835    26.6864    13.4386 0.0000e+00
     88.000    13.4956    35.4990  1027.0734     2.2730     4.5785     78.387   -0.00743    5.84092    5.83833      8.046    -0.0530   10.60889   4.201601 2.1261e-02    26.6810    26.6784 4.0805e-01     88.692          1      34776    1503.89 1.9195e+03  54565.488   1448.948 1559248794      -0.43     -0.590   38.78670  -72.81782    35.6692  1027.0793    26.6868    13.4831 0.0000e+00
     87.000    13.5308    35.5060  1027.0671     2.2650     4.5608     78.198   -0.00531    5.83236    5.82967      8.046    -0.0557   10.59454   4.205999 2.2777e-02    26.6791    26.6766 4.3576e-01     87.681          1      34816    1503.99 1.9131e+03  54569.718   1450.612 1559248796       0.15     -0.645   38.78670  -72.81782    35.6785  1027.0747    26.6867    13.5184 0.0000e+00
     86.000    13.5778    35.5135  1027.0585     2.2558     4.5345     77.798   -0.00505    5.82858    5.82585      8.046    -0.0548   10.58821   4.211561 2.4214e-02    26.6750    26.6725 4.6430e-01     86.671          1      34857    1504.14 1.9176e+03  54572.330   1452.345 1559248797      -0.18     -0.551   38.78670  -72.81782    35.6877  1027.0674    26.6840    13.5655 0.0000e+00
     85.000    13.6337    35.5314  1027.0562     2.2454     4.4928     77.168   -0.00684    5.82205    5.81925      8.045    -0.0432   10.57727   4.218884 2.5218e-02    26.6774    26.6748 4.8504e-01     85.667          1      34894    1504.33 1.9233e+03  54589.198   1453.862 1559248799       0.06     -0.676   38.78670  -72.81782    35.7053  1027.0649    26.6860    13.6215 0.0000e+00
     84.000    13.6605    35.5357  1027.0494     2.2349     4.4660     76.787   -0.00560    5.81616    5.81329      8.044    -0.0373   10.56750   4.221756 2.6495e-02    26.6750    26.6725 5.1457e-01     84.654          1      34937    1504.40 1.9421e+03  54590.668   1455.648 1559248801      -0.02     -0.548   38.78668  -72.81783    35.7079  1027.0567    26.6824    13.6484 0.0000e+00
     83.000    13.7230    35.5508  1027.0435     2.2226     4.4198     75.977   -0.00856    5.81736    5.81450      8.044    -0.0377   10.56950   4.230175 2.8426e-02    26.6737    26.6712 5.5179e-01     83.648          1      34971    1504.61 1.9414e+03  54602.476   1457.071 1559248802      -0.11     -0.678   38.78668  -72.81784    35.7295  1027.0558    26.6860    13.7111 0.0000e+00
     82.000    13.7572    35.5506  1027.0317     2.2171     4.4210     75.985   -0.00541    5.81824    5.81539      8.044    -0.0473   10.57099   4.232788 3.0063e-02    26.6664    26.6639 5.9288e-01     82.645          1      35003    1504.70 1.9719e+03  54596.981   1458.434 1559248804       0.02     -0.749   38.78668  -72.81784    35.7227  1027.0389    26.6736    13.7454 0.0000e+00
     81.000    13.7476    35.5469  1027.0263     2.2185     4.4673     76.565    0.00094    5.83461    5.83194      8.045    -0.0531   10.59855   4.231240 3.2004e-02    26.6655    26.6630 6.3625e-01     81.631          1      35054    1504.65 1.9883e+03  54592.572   1460.561 1559248806       0.13     -0.459   38.78668  -72.81784    35.7175  1027.0324    26.6715    13.7359 0.0000e+00
     80.000    13.7289    35.5394  1027.0200     2.2238     4.4991     76.852    0.00175    5.85426    5.85179      8.046    -0.0493   10.63159   4.228039 3.5866e-02    26.6636    26.6611 6.8370e-01     80.622          1      35097    1504.56 1.9077e+03  54584.220   1462.351 1559248807      -0.22     -0.556   38.78668  -72.81784    35.7051  1027.0223    26.6659    13.7174 0.0000e+00
     79.000    13.5934    35.4948  1027.0094     2.2457     4.6223     78.883    0.01403    5.85969    5.85728      8.047    -0.0400   10.64072   4.209061 3.6999e-02    26.6572    26.6548 7.2261e-01     79.617          1      35129    1504.05 1.9537e+03  54540.683   1463.679 1559248809      -0.04     -0.748   38.78668  -72.81784    35.6524  1027.0056    26.6534    13.5821 0.0000e+00
     78.000    13.4875    35.4643  1027.0034     2.2707     4.7097     80.361    0.01824    5.86076    5.85836      8.047    -0.0473   10.64259   4.195192 3.8292e-02    26.6555    26.6532 7.6502e-01     78.611          1      35162    1503.65 1.9979e+03  54512.936   1465.060 1559248810       0.02     -0.738   38.78668  -72.81784    35.6202  1026.9984    26.6504    13.4764 0.0000e+00
     77.000    13.4230    35.4437  1026.9964     2.2871     4.7200     80.509    0.01144    5.86267    5.86028      8.047    -0.0511   10.64589   4.187529 4.0403e-02    26.6528    26.6505 8.0983e-01     77.600          1      35201    1503.40 2.0042e+03  54493.046   1466.672 1559248812       0.08     -0.640   38.78668  -72.81784    35.6080  1026.9980    26.6544    13.4121 0.0000e+00
     76.000    13.4171    35.4324  1026.9844     2.2938     4.7029     80.233    0.00472    5.86158    5.85918      8.047    -0.0315   10.64411   4.185452 4.2325e-02    26.6452    26.6430 8.6023e-01     76.592          1      35238    1503.35 2.0325e+03  54477.758   1468.201 1559248813      -0.09     -0.637   38.78668  -72.81784    35.5943  1026.9841    26.6449    13.4063 0.0000e+00
     75.000    13.4090    35.4225  1026.9739     2.2970     4.6999     80.186    0.00260    5.86123    5.85883 -9.990e-29    -0.0407   10.64357   4.183863 4.5276e-02    26.6391    26.6370 9.1114e-01     75.589          1      35274    1503.29 2.0125e+03  54464.531   1469.707 1559248815       0.07     -0.684   38.78668  -72.81785    35.5871  1026.9758    26.6410    13.3984 0.0000e+00
     74.000    13.4174    35.4178  1026.9640     2.3006     4.7026     80.239    0.00144    5.86073    5.85832 -9.990e-29    -0.0278   10.64278   4.184189 4.8306e-02    26.6338    26.6316 9.6410e-01     74.571          1      35328    1503.30 1.9959e+03  54456.260   1471.950 1559248817       0.02     -0.401   38.78668  -72.81786    35.5828  1026.9662    26.6360    13.4069 0.0000e+00
     73.000    13.4227    35.4143  1026.9558     2.3047     4.7209     80.547    0.00303    5.86097    5.85856 -9.990e-29 -9.990e-29   10.64321   4.184424 5.1658e-02    26.6300    26.6278 1.0267e+00     73.570          1      35363    1503.30 1.9876e+03  54450.245   1473.400 1559248818      -0.19     -0.650   38.78668  -72.81786    35.5805  1026.9589    26.6331    13.4123 0.0000e+00
     72.000    13.4252    35.4134  1026.9500     2.3052     4.7108     80.349    0.00057    5.86292    5.86053 -9.990e-29 -9.990e-29   10.64652   4.184565 5.4740e-02    26.6287    26.6266 1.0946e+00     72.560          1      35396    1503.29 1.9996e+03  54448.025   1474.811 1559248820       0.04     -0.731   38.78668  -72.81786    35.5799  1026.9534    26.6321    13.4151 0.0000e+00
     71.000    13.4250    35.4097  1026.9428     2.3074     4.7196     80.485    0.00109    5.86392    5.86154      8.051    -0.0268   10.64823   4.184098 5.7904e-02    26.6259    26.6238 1.1619e+00     71.554          1      35428    1503.27 2.0066e+03  54442.413   1476.137 1559248821      -0.08     -0.731   38.78668  -72.81786    35.5761  1026.9461    26.6292    13.4149 0.0000e+00
     70.000    13.4140    35.4040  1026.9361     2.3100     4.7314     80.668    0.00196    5.86523    5.86285      8.052    -0.0306   10.65048   4.182298 6.2067e-02    26.6236    26.6216 1.2226e+00     70.548          1      35462    1503.21 1.9708e+03  54435.481   1477.536 1559248823       0.09     -0.752   38.78668  -72.81786    35.5697  1026.9389    26.6265    13.4041 0.0000e+00
     69.000    13.3996    35.3937  1026.9266     2.3117     4.7289     80.642    0.00087    5.86409    5.86170      8.053    -0.0188   10.64864   4.179714 6.7185e-02    26.6186    26.6166 1.2988e+00     69.534          1      35511    1503.13 1.9331e+03  54422.760   1479.584 1559248825       0.05     -0.463   38.78668  -72.81786    35.5590  1026.9291    26.6211    13.3899 0.0000e+00
     68.000    13.3974    35.3873  1026.9177     2.3083     4.7063     80.256   -0.00183    5.86414    5.86175      8.054    -0.0349   10.64871   4.178987 7.1061e-02    26.6141    26.6121 1.3723e+00     68.529          1      35550    1503.10 1.9312e+03  54413.681   1481.205 1559248826      -0.10     -0.611   38.78668  -72.81786    35.5546  1026.9217    26.6182    13.3878 0.0000e+00
     67.000    13.3559    35.3615  1026.9018     2.3058     4.7165     80.314    0.00029    5.87256    5.87026      8.055    -0.0235   10.66298   4.172069 7.0730e-02    26.6026    26.6007 1.4251e+00     67.524          1      35837    1502.91 2.0150e+03  54383.437   1493.168 1559248838      -0.01     -0.207   38.78667  -72.81788    35.5279  1026.9053    26.6061    13.3464 0.0000e+00
     66.000    13.3252    35.3467  1026.8921     2.3101     4.7357     80.536    0.00084    5.88029    5.87807      8.056    -0.0200   10.67604   4.167425 7.5117e-02    26.5974    26.5955 1.5264e+00     66.513          1      36010    1502.78 2.0320e+03  54366.717   1500.386 1559248845      -0.04     -0.279   38.78666  -72.81788    35.5128  1026.8954    26.6007    13.3159 0.0000e+00
     65.000    13.2840    35.3307  1026.8837     2.3144     4.7536     80.760    0.00126    5.88613    5.88397      8.056    -0.0109   10.68589   4.161495 7.8690e-02    26.5934    26.5915 1.6082e+00     65.506          1      36088    1502.61 2.0436e+03  54349.967   1503.631 1559248849      -0.00     -0.324   38.78666  -72.81789    35.4952  1026.8858    26.5955    13.2749 0.0000e+00
     64.000    13.2294    35.3068  1026.8719     2.3188     4.7635     80.908    0.00086    5.88758    5.88542      8.056     0.0089   10.68858   4.153596 8.2530e-02    26.5860    26.5841 1.6886e+00     64.496          1      36191    1502.38 2.0460e+03  54324.076   1507.909 1559248853      -0.03     -0.196   38.78666  -72.81790    35.4712  1026.8740    26.5881    13.2205 0.0000e+00
     63.000    13.2416    35.2918  1026.8533     2.3175     4.7505     80.740   -0.00037    5.88372    5.88151      8.056     0.0045   10.68221   4.153483 8.8398e-02    26.5718    26.5700 1.7992e+00     63.489          1      36258    1502.39 2.0362e+03  54301.174   1510.688 1559248856       0.00     -0.379   38.78666  -72.81790    35.4592  1026.8578    26.5763    13.2328 0.0000e+00
     62.000    13.2702    35.2874  1026.8396     2.3136     4.7366     80.494   -0.00110    5.88440    5.88218      8.052     0.0094   10.68350   4.155764 9.5807e-02    26.5626    26.5608 1.9019e+00     62.483          1      36351    1502.46 1.9858e+03  54290.561   1514.582 1559248860       0.02     -0.265   38.78666  -72.81790    35.4547  1026.8440    26.5670    13.2615 0.0000e+00
     61.000    13.3410    35.2666  1026.8044     2.3046     4.6913     80.040   -0.00153    5.86122    5.85872      8.053     0.0357   10.64512   4.160852 9.6447e-02    26.5320    26.5303 1.8493e+00     61.482          1      37409    1502.65 1.9173e+03  54251.451   1558.665 1559248904      -0.25     -0.518   38.78664  -72.81794    35.4376  1026.8118    26.5394    13.3324 0.0000e+00
     60.000    13.3947    35.2657  1026.7882     2.3046     4.6789     80.197    0.00034    5.83420    5.83137      8.051     0.0397   10.60018   4.166204 1.0253e-01    26.5203    26.5185 1.9666e+00     60.464          1      37503    1502.81 1.9181e+03  54242.124   1562.602 1559248908       0.11     -0.499   38.78664  -72.81795    35.4390  1026.7973    26.5294    13.3862 0.0000e+00
     59.000    13.5833    35.2851  1026.7596     2.2979     4.6346     79.501   -0.00419    5.82962    5.82674      8.050     0.0514   10.59252   4.187751 1.0962e-01    26.4964    26.4946 2.1043e+00     59.454          1      37547    1503.44 1.9196e+03  54242.295   1564.436 1559248910      -0.15     -0.536   38.78664  -72.81796    35.4685  1026.7765    26.5133    13.5749 0.0000e+00
     58.000    13.6944    35.2926  1026.7378     2.2925     4.6195     79.239   -0.00433    5.82989    5.82702 -9.990e-29     0.0593   10.59295   4.198803 1.1792e-01    26.4792    26.4774 2.2482e+00     58.448          1      37578    1503.79 1.9067e+03  54237.212   1565.710 1559248911      -0.13     -0.745   38.78664  -72.81796    35.4704  1026.7504    26.4918    13.6860 0.0000e+00
     57.000    13.7192    35.2976  1026.7320     2.2914     4.6272     79.354   -0.00230    5.83113    5.82826 -9.990e-29     0.0503   10.59509   4.201530 1.2597e-01    26.4778    26.4761 2.4025e+00     57.444          1      37606    1503.86 1.9073e+03  54239.953   1566.890 1559248912      -0.04     -0.841   38.78664  -72.81796    35.4736  1026.7431    26.4890    13.7111 0.0000e+00
     56.000    13.7192    35.2999  1026.7292     2.2941     4.6504     79.762    0.00124    5.83043    5.82756      8.054     0.0524   10.59392   4.201357 1.3333e-01    26.4795    26.4779 2.5379e+00     56.437          1      37644    1503.85 1.9035e+03  54242.526   1568.446 1559248914       0.17     -0.697   38.78664  -72.81796    35.4724  1026.7377    26.4881    13.7112 0.0000e+00
     55.000    13.7050    35.2894  1026.7196     2.3023     4.6417     80.375    0.00402    5.77507    5.77156      8.053     0.0701   10.50162   4.198642 1.4062e-01    26.4743    26.4727 2.6986e+00     55.423          1      37694    1503.77 1.9191e+03  54229.504   1570.553 1559248916      -0.03     -0.451   38.78664  -72.81796    35.4603  1026.7269    26.4817    13.6971 0.0000e+00
     54.000    13.7796    35.3116  1026.7166     2.3082     4.6293     80.671    0.00434    5.73844    5.73450      8.052     0.0701   10.44088   4.210924 1.5133e-01    26.4759    26.4742 2.8910e+00     54.417          1      37733    1504.03 1.9103e+03  54249.271   1572.148 1559248917      -0.12     -0.612   38.78664  -72.81796    35.5074  1026.7429    26.5023    13.7718 0.0000e+00
     53.000    14.1714    35.3495  1026.6585     2.3143     4.6351     80.909    0.00393    5.72882    5.72476      8.055     0.0799   10.42488   4.252623 1.6078e-01    26.4228    26.4211 3.1009e+00     53.411          1      37765    1505.32 1.9285e+03  54250.624   1573.517 1559248919      -0.04     -0.723   38.78664  -72.81796    35.5371  1026.6785    26.4427    14.1637 0.0000e+00
     52.000    14.4437    35.3574  1026.6015     2.3199     4.6514     81.153    0.00397    5.73164    5.72761      8.056     0.0772   10.42963   4.281303 1.7239e-01    26.3703    26.3686 3.3504e+00     52.404          1      37799    1506.19 1.9434e+03  54226.024   1574.917 1559248920       0.02     -0.727   38.78664  -72.81796    35.5542  1026.6286    26.3975    14.4360 0.0000e+00
     51.000    14.5647    35.3662  1026.5777     2.3299     4.6775     81.739    0.00571    5.72249    5.71837      8.058     0.0990   10.41431   4.292954 1.8316e-01    26.3511    26.3495 3.5870e+00     51.396          1      37839    1506.57 1.9583e+03  54223.369   1576.587 1559248922       0.09     -0.620   38.78664  -72.81797    35.5516  1026.5961    26.3695    14.5571 0.0000e+00
     50.000    14.5345    35.3603  1026.5752     2.3454     4.7257     82.660    0.00866    5.71710    5.71291      8.062     0.1194   10.40543   4.288997 2.0629e-01    26.3531    26.3515 3.8498e+00     50.384          1      37882    1506.45 1.8682e+03  54218.288   1578.373 1559248924      -0.04     -0.554   38.78664  -72.81798    35.5431  1026.5915    26.3694    14.5271 0.0000e+00
