CalculateIndicators/WaterTemperature/Data/CTD_NYOS/NYOS1910_C06.cnv
* Sea-Bird SBE 9 Data File:
* FileName = C:\Seabird 9 CTD\Data\2019\201910_offhore\NYOS1910_C06.hex
* Software Version Seasave V 7.23.2
* Temperature SN = 4590
* Conductivity SN = 3228
* Number of Bytes Per Scan = 44
* Number of Voltage Words = 5
* Number of Scans Averaged by the Deck Unit = 1
* NMEA Latitude = 39 41.74 N
* NMEA Longitude = 071 45.79 W
* NMEA UTC (Time) = Oct 06 2019  19:11:59
* NMEA baud rate = 4800
** Ship: seawolf
** Station: 2.5
** Operator: EIH
# nquan = 35
# nvalues = 594                         
# units = specified
# name 0 = depSM: Depth [salt water, m]
# name 1 = t090C: Temperature [ITS-90, deg C]
# name 2 = sal00: Salinity, Practical [PSU]
# name 3 = density00: Density [density, kg/m^3]
# name 4 = sbeox0V: Oxygen raw, SBE 43 [V]
# name 5 = sbeox0ML/L: Oxygen, SBE 43 [ml/l]
# name 6 = sbeox0PS: Oxygen, SBE 43 [% saturation]
# name 7 = sbox0dV/dT: Oxygen, SBE 43 [dov/dt]
# name 8 = oxsolML/L: Oxygen Saturation, Garcia & Gordon [ml/l]
# name 9 = oxsatML/L: Oxygen Saturation, Weiss [ml/l]
# name 10 = ph: pH
# name 11 = flECO-AFL: Fluorescence, WET Labs ECO-AFL/FL [mg/m^3]
# name 12 = n2satML/L: Nitrogen Saturation [ml/l]
# name 13 = c0S/m: Conductivity [S/m]
# name 14 = cpar: CPAR/Corrected Irradiance [%]
# name 15 = sigma-é00: Density [sigma-theta, kg/m^3]
# name 16 = sigma-t00: Density [sigma-t, kg/m^3 ]
# name 17 = par: PAR/Irradiance, Biospherical/Licor
# name 18 = prDM: Pressure, Digiquartz [db]
# name 19 = pumps: Pump Status
# name 20 = scan: Scan Count
# name 21 = svCM: Sound Velocity [Chen-Millero, m/s]
# name 22 = spar: SPAR, Biospherical/Licor
# name 23 = specc: Specific Conductance [uS/cm]
# name 24 = timeS: Time, Elapsed [seconds]
# name 25 = timeY: Time, System [seconds]
# name 26 = accM: Acceleration [m/s^2]
# name 27 = dz/dtM: Descent Rate [m/s]
# name 28 = latitude: Latitude [deg]
# name 29 = longitude: Longitude [deg]
# name 30 = gsw_saA0: Absolute Salinity [g/kg]
# name 31 = gsw_densityA0: density, TEOS-10 [density, kg/m^3]
# name 32 = gsw_sigma0A0: density, TEOS-10 [sigma-0, kg/m^3 ]
# name 33 = gsw_ptA0: potential temperature [ITS-90, deg C]
# name 34 = flag: flag
# span 0 =      2.000,    300.000       
# span 1 =    12.0247,    23.0778       
# span 2 =    35.5376,    36.3534       
# span 3 =  1024.6261,  1028.3543       
# span 4 =     1.5140,     2.4930       
# span 5 =     3.1597,     4.7507       
# span 6 =     52.427,     97.471       
# span 7 =   -0.02518,    0.02415       
# span 8 =    4.87048,    6.02746       
# span 9 =    4.85920,    6.02731       
# span 10 =      8.025,      8.322      
# span 11 =    -0.0757,     0.4339      
# span 12 =    8.99531,   10.91723      
# span 13 =   4.070886,   5.235035      
# span 14 = 4.7846e-14, 7.8827e+01      
# span 15 =    24.6166,    27.0097      
# span 16 =    24.6159,    27.0020      
# span 17 = 1.0000e-12, 6.3558e+02      
# span 18 =      2.114,    302.523      
# span 19 =          1,          1      
# span 20 =        452,      54872      
# span 21 =    1502.55,    1531.71      
# span 22 = 4.5518e+02, 2.0787e+03      
# span 23 =  54349.508,  55257.825      
# span 24 =     18.772,   2286.295      
# span 25 = 1570389139, 1570391406      
# span 26 =      -1.08,       1.03      
# span 27 =     -1.214,      1.080      
# span 28 =   39.69586,   39.70541      
# span 29 =  -71.76424,  -71.76324      
# span 30 =    16.4942,    36.5408      
# span 31 =  1009.9214,  1028.3593      
# span 32 =     9.9120,    27.0148      
# span 33 =    11.9848,    23.0656      
# span 34 = 0.0000e+00, 0.0000e+00      
# interval = meters: 1                  
# start_time = Oct 06 2019 19:12:00 [System UTC, first data scan.]
# bad_flag = -9.990e-29
*END*
[from data line 166]
    171.000    14.8369    35.8851  1027.4539     1.8276     3.8147     67.147    0.00086    5.68115    5.67687      8.131    -0.0537   10.34028   4.379083 4.9579e-14    26.6964    26.6907 1.0000e-12    172.393          1      11238    1510.05 2.0171e+03  54968.959    468.218 1570389588       0.38      0.312   39.69784  -71.76352    36.0475  1027.4525    26.6950    14.8108 0.0000e+00
    172.000    14.8310    35.8906  1027.4639     1.8253     3.7916     66.744   -0.00183    5.68077    5.67648 -9.990e-29    -0.0521   10.33965   4.379402 4.9877e-14    26.7020    26.6962 1.0000e-12    173.385          1      11268    1510.05 2.0049e+03  54977.950    469.467 1570389589       0.51      0.851   39.69784  -71.76352    36.0554  1027.4643    26.7025    14.8048 0.0000e+00
    173.000    14.8276    35.8929  1027.4709     1.8222     3.7894     66.622   -0.00170    5.68786    5.68364      8.127    -0.0546   10.35146   4.379656 4.9198e-14    26.7045    26.6988 1.0000e-12    174.404          1      11346    1510.06 2.0327e+03  54982.032    472.720 1570389593       0.12      0.464   39.69785  -71.76352    36.0605  1027.4734    26.7071    14.8012 0.0000e+00
    174.000    14.7770    35.8838  1027.4795     1.8219     3.8011     66.777   -0.00024    5.69221    5.68805      8.127    -0.0422   10.35873   4.373137 4.9405e-14    26.7086    26.7028 1.0000e-12    175.409          1      11399    1509.91 2.0241e+03  54976.197    474.932 1570389595       0.10      0.681   39.69786  -71.76352    36.0467  1027.4786    26.7077    14.7505 0.0000e+00
    175.000    14.7377    35.8813  1027.4908     1.8222     3.8035     66.821    0.00006    5.69217    5.68800      8.126    -0.0546   10.35866   4.369304 4.8923e-14    26.7153    26.7095 1.0000e-12    176.420          1      11441    1509.79 2.0440e+03  54978.144    476.668 1570389597       0.01      0.582   39.69788  -71.76352    36.0474  1027.4922    26.7168    14.7111 0.0000e+00
    176.000    14.6884    35.8665  1027.4947     1.8253     3.8299     67.149    0.00141    5.70352    5.69948      8.127    -0.0520   10.37766   4.362352 4.9078e-14    26.7146    26.7088 1.0000e-12    177.428          1      11533    1509.64 2.0376e+03  54964.557    480.480 1570389600       0.48      0.458   39.69789  -71.76352    36.0283  1027.4930    26.7129    14.6618 0.0000e+00
    177.000    14.6310    35.8593  1027.5063     1.8281     3.8430     67.358    0.00195    5.70521    5.70119      8.127    -0.0452   10.38048   4.356222 4.8683e-14    26.7216    26.7158 1.0000e-12    178.430          1      11574    1509.46 2.0541e+03  54962.326    482.223 1570389602       0.04      0.774   39.69790  -71.76352    36.0244  1027.5071    26.7224    14.6043 0.0000e+00
    178.000    14.6184    35.8579  1027.5126     1.8291     3.8296     67.103   -0.00068    5.70708    5.70308      8.127    -0.0635   10.38360   4.355174 4.9584e-14    26.7234    26.7175 1.0000e-12    179.457          1      11650    1509.44 2.0168e+03  54962.601    485.380 1570389605       0.02      0.150   39.69790  -71.76352    36.0260  1027.5156    26.7264    14.5915 0.0000e+00
    179.000    14.6101    35.8559  1027.5173     1.8277     3.8345     67.140   -0.00016    5.71114    5.70718      8.126    -0.0547   10.39042   4.354136 4.8857e-14    26.7236    26.7178 1.0000e-12    180.454          1      11701    1509.43 2.0469e+03  54961.455    487.484 1570389607      -0.06      0.403   39.69791  -71.76352    36.0236  1027.5201    26.7264    14.5831 0.0000e+00
    180.000    14.5753    35.8462  1027.5219     1.8302     3.8575     67.422    0.00112    5.72144    5.71759      8.126    -0.0519   10.40765   4.349480 4.8783e-14    26.7237    26.7178 1.0000e-12    181.466          1      11776    1509.32 2.0499e+03  54953.063    490.645 1570389610       0.08      0.353   39.69792  -71.76352    36.0124  1027.5236    26.7254    14.5482 0.0000e+00
    181.000    14.5171    35.8318  1027.5281     1.8337     3.8752     67.716    0.00213    5.72278    5.71895      8.125    -0.0520   10.40988   4.341960 4.9372e-14    26.7252    26.7193 1.0000e-12    182.478          1      11822    1509.14 2.0254e+03  54941.195    492.542 1570389612       0.22      0.509   39.69793  -71.76351    35.9961  1027.5284    26.7255    14.4899 0.0000e+00
    182.000    14.4813    35.8297  1027.5388     1.8342     3.8658     67.553    0.00037    5.72265    5.71882 -9.990e-29    -0.0643   10.40966   4.338479 4.9024e-14    26.7314    26.7255 1.0000e-12    183.480          1      11872    1509.03 2.0398e+03  54943.387    494.625 1570389614       0.04      0.462   39.69794  -71.76350    35.9967  1027.5411    26.7337    14.4540 0.0000e+00
    183.000    14.4785    35.8298  1027.5439     1.8352     3.8705     67.632    0.00058    5.72280    5.71897 -9.990e-29    -0.0588   10.40992   4.338371 4.8974e-14    26.7321    26.7261 1.0000e-12    184.484          1      11929    1509.04 2.0420e+03  54944.444    496.991 1570389617       0.39      0.526   39.69794  -71.76350    35.9979  1027.5471    26.7353    14.4510 0.0000e+00
    184.000    14.4729    35.8273  1027.5477     1.8346     3.8742     67.590    0.00025    5.73194    5.72821 -9.990e-29    -0.0508   10.42517   4.337583 4.9170e-14    26.7314    26.7255 1.0000e-12    185.503          1      12015    1509.04 2.0339e+03  54942.307    500.565 1570389620       0.21      0.309   39.69796  -71.76350    35.9953  1027.5508    26.7345    14.4454 0.0000e+00
    185.000    14.4217    35.8190  1027.5570     1.8358     3.8849     67.705    0.00062    5.73789    5.73423 -9.990e-29 -9.990e-29   10.43514   4.331358 5.2198e-14    26.7361    26.7301 1.0000e-12    186.502          1      12056    1508.88 1.9277e+03  54938.034    502.295 1570389622       0.00      0.655   39.69797  -71.76350    35.9846  1027.5583    26.7374    14.3940 0.0000e+00
    186.000    14.3779    35.8132  1027.5665     1.8368     3.8912     67.743    0.00039    5.74411    5.74052 -9.990e-29 -9.990e-29   10.44549   4.326488 4.8663e-14    26.7410    26.7350 1.0000e-12    187.526          1      12110    1508.75 2.0528e+03  54936.105    504.554 1570389624       0.06      0.359   39.69798  -71.76350    35.9796  1027.5685    26.7430    14.3501 0.0000e+00
    187.000    14.3254    35.8029  1027.5745     1.8330     3.8653     67.337   -0.00158    5.74016    5.73653      8.121    -0.0552   10.43882   4.320086 5.0677e-14    26.7444    26.7384 1.0000e-12    188.521          1      12162    1508.59 1.9821e+03  54929.328    506.721 1570389627       0.11      0.422   39.69798  -71.76350    35.9684  1027.5757    26.7456    14.2975 0.0000e+00
    188.000    14.3528    35.8259  1027.5907     1.8004     3.6909     64.371   -0.01376    5.73378    5.73009      8.115    -0.0495   10.42804   4.326063 4.9117e-14    26.7563    26.7502 1.0000e-12    189.534          1      12248    1508.72 2.0361e+03  54957.880    510.293 1570389630       0.08      0.348   39.69800  -71.76348    35.9981  1027.5971    26.7627    14.3248 0.0000e+00
    189.000    14.3789    35.8326  1027.5947     1.7829     3.6803     64.191   -0.00746    5.73335    5.72965      8.111    -0.0651   10.42731   4.329220 4.8850e-14    26.7559    26.7498 1.0000e-12    190.549          1      12298    1508.83 2.0471e+03  54964.347    512.371 1570389632       0.22      0.459   39.69800  -71.76348    36.0029  1027.5995    26.7607    14.3506 0.0000e+00
    190.000    14.3802    35.8343  1027.6002     1.7768     3.6737     64.065   -0.00582    5.73431    5.73062      8.111    -0.0590   10.42888   4.329667 4.9047e-14    26.7570    26.7509 1.0000e-12    191.546          1      12325    1508.85 2.0389e+03  54967.124    513.513 1570389633       0.14      0.798   39.69801  -71.76348    36.0054  1027.6055    26.7624    14.3519 0.0000e+00
    191.000    14.3791    35.8363  1027.6064     1.7695     3.6695     63.967   -0.00344    5.73653    5.73287      8.110    -0.0492   10.43257   4.329720 4.9308e-14    26.7588    26.7527 1.0000e-12    192.558          1      12381    1508.86 2.0285e+03  54970.531    515.844 1570389636      -0.14      0.454   39.69802  -71.76348    36.0066  1027.6112    26.7636    14.3505 0.0000e+00
    192.000    14.3672    35.8396  1027.6160     1.7593     3.6403     63.377   -0.00429    5.74387    5.74029 -9.990e-29    -0.0443   10.44479   4.328863 5.3147e-14    26.7639    26.7578 1.0000e-12    193.571          1      12457    1508.85 1.8935e+03  54977.156    518.985 1570389639       0.34      0.363   39.69802  -71.76348    36.0093  1027.6203    26.7683    14.3385 0.0000e+00
    193.000    14.3179    35.8307  1027.6244     1.7618     3.6818     64.041    0.00047    5.74917    5.74565      8.110    -0.0472   10.45370   4.322673 5.0173e-14    26.7677    26.7615 1.0000e-12    194.576          1      12507    1508.70 1.9983e+03  54971.876    521.065 1570389641       0.01      0.470   39.69804  -71.76348    35.9970  1027.6262    26.7695    14.2891 0.0000e+00
    194.000    14.2561    35.8134  1027.6289     1.7707     3.7408     64.959    0.00449    5.75877    5.75536      8.110    -0.0565   10.46967   4.314344 5.6793e-14    26.7675    26.7614 1.0000e-12    195.592          1      12577    1508.49 1.7767e+03  54956.642    523.985 1570389644       0.65      0.371   39.69804  -71.76348    35.9764  1027.6282    26.7668    14.2273 0.0000e+00
    195.000    14.2002    35.8109  1027.6437     1.7756     3.7583     65.260    0.00499    5.75890    5.75549      8.110    -0.0524   10.46990   4.308723 5.7272e-14    26.7776    26.7715 1.0000e-12    196.583          1      12602    1508.33 1.7527e+03  54961.144    525.025 1570389645       0.15      0.868   39.69805  -71.76348    35.9756  1027.6442    26.7782    14.1713 0.0000e+00
    196.000    14.1615    35.8066  1027.6531     1.7848     3.7651     65.358    0.00162    5.76070    5.75731      8.110    -0.0665   10.47289   4.304696 4.7846e-14    26.7825    26.7763 1.0000e-12    197.608          1      12689    1508.22 2.0787e+03  54960.759    528.681 1570389649       0.42      0.236   39.69806  -71.76348    35.9735  1027.6555    26.7849    14.1326 0.0000e+00
    197.000    14.1559    35.8072  1027.6593     1.7853     3.7609     65.300    0.00078    5.75937    5.75597      8.110    -0.0578   10.47064   4.304392 5.3598e-14    26.7842    26.7780 1.0000e-12    198.601          1      12738    1508.22 1.8798e+03  54962.938    530.697 1570389651       0.38      0.593   39.69807  -71.76348    35.9755  1027.6626    26.7876    14.1268 0.0000e+00
    198.000    14.1599    35.8107  1027.6657     1.7813     3.7288     64.784   -0.00213    5.75565    5.75221 -9.990e-29    -0.0379   10.46438   4.305401 5.0080e-14    26.7862    26.7799 1.0000e-12    199.613          1      12805    1508.25 2.0012e+03  54967.913    533.513 1570389653       0.30      0.633   39.69808  -71.76348    35.9808  1027.6703    26.7909    14.1306 0.0000e+00
    199.000    14.1855    35.8187  1027.6707     1.7691     3.6657     63.720   -0.00618    5.75283    5.74936 -9.990e-29 -9.990e-29   10.45963   4.308969 5.2074e-14    26.7869    26.7806 1.0000e-12    200.630          1      12858    1508.36 1.9314e+03  54975.967    535.699 1570389656      -0.10      0.477   39.69809  -71.76348    35.9899  1027.6763    26.7925    14.1560 0.0000e+00
    200.000    14.2130    35.8271  1027.6757     1.7450     3.5803     62.228   -0.00877    5.75358    5.75012      8.101    -0.0458   10.46089   4.312680 5.2753e-14    26.7876    26.7812 1.0000e-12    201.636          1      12924    1508.47 1.9140e+03  54984.537    538.471 1570389658      -0.02      0.336   39.69810  -71.76348    35.9986  1027.6814    26.7933    14.1833 0.0000e+00
    201.000    14.2112    35.8274  1027.6808     1.7361     3.6033     62.618   -0.00128    5.75434    5.75089      8.101    -0.0489   10.46215   4.312478 4.8709e-14    26.7882    26.7818 1.0000e-12    202.649          1      12994    1508.48 2.0514e+03  54985.720    541.361 1570389661       0.02      0.372   39.69811  -71.76348    35.9979  1027.6858    26.7932    14.1814 0.0000e+00
    202.000    14.2016    35.8250  1027.6855     1.7364     3.6151     62.786   -0.00002    5.75789    5.75448      8.101    -0.0465   10.46808   4.311212 4.9515e-14    26.7885    26.7821 1.0000e-12    203.657          1      13062    1508.47 2.0199e+03  54984.357    544.225 1570389664       0.34      0.308   39.69813  -71.76348    35.9947  1027.6898    26.7928    14.1716 0.0000e+00
    203.000    14.1834    35.8227  1027.6922     1.7351     3.6064     62.620   -0.00096    5.75919    5.75580      8.101    -0.0613   10.47025   4.309173 4.9470e-14    26.7906    26.7842 1.0000e-12    204.652          1      13103    1508.42 2.0215e+03  54984.222    545.931 1570389666       0.70      0.717   39.69814  -71.76347    35.9922  1027.6962    26.7948    14.1533 0.0000e+00
    204.000    14.1596    35.8213  1027.7007     1.7287     3.5797     62.130   -0.00261    5.76153    5.75817      8.098    -0.0578   10.47413   4.306609 4.8956e-14    26.7946    26.7882 1.0000e-12    205.669          1      13177    1508.36 2.0427e+03  54985.879    548.985 1570389669       0.33      0.489   39.69815  -71.76346    35.9899  1027.7042    26.7982    14.1295 0.0000e+00
    205.000    14.1448    35.8201  1027.7074     1.7242     3.5671     61.904   -0.00261    5.76238    5.75903      8.098    -0.0641   10.47555   4.305081 4.8941e-14    26.7968    26.7904 1.0000e-12    206.671          1      13226    1508.33 2.0434e+03  54986.695    551.021 1570389671       0.16      0.702   39.69816  -71.76346    35.9891  1027.7112    26.8007    14.1145 0.0000e+00
    206.000    14.1244    35.8170  1027.7139     1.7216     3.5798     62.068   -0.00019    5.76751    5.76421      8.096    -0.0483   10.48410   4.302720 4.9339e-14    26.7988    26.7923 1.0000e-12    207.687          1      13320    1508.27 2.0268e+03  54985.717    554.949 1570389675       0.33      0.445   39.69817  -71.76346    35.9855  1027.7174    26.8023    14.0940 0.0000e+00
    207.000    14.1078    35.8149  1027.7204     1.7215     3.5809     62.075   -0.00008    5.76858    5.76530      8.097    -0.0625   10.48588   4.300885 4.8652e-14    26.8008    26.7943 1.0000e-12    208.698          1      13364    1508.24 2.0555e+03  54985.700    556.802 1570389677       0.01      0.565   39.69818  -71.76346    35.9835  1027.7239    26.8043    14.0772 0.0000e+00
    208.000    14.0868    35.8126  1027.7276     1.7235     3.5947     62.270    0.00065    5.77283    5.76959      8.097    -0.0574   10.49297   4.298654 4.8765e-14    26.8035    26.7970 1.0000e-12    209.707          1      13432    1508.18 2.0507e+03  54985.907    559.623 1570389679      -0.10      0.338   39.69819  -71.76346    35.9817  1027.7315    26.8074    14.0561 0.0000e+00
    209.000    14.0675    35.8076  1027.7324     1.7280     3.6202     62.669    0.00209    5.77671    5.77352 -9.990e-29    -0.0421   10.49939   4.296004 4.9146e-14    26.8037    26.7972 1.0000e-12    210.734          1      13507    1508.13 2.0348e+03  54982.098    562.737 1570389683       0.47      0.303   39.69820  -71.76346    35.9746  1027.7347    26.8060    14.0367 0.0000e+00
    210.000    14.0307    35.8026  1027.7409     1.7299     3.6251     62.786    0.00234    5.77370    5.77047      8.097    -0.0515   10.49441   4.291688 4.9120e-14    26.8077    26.8011 1.0000e-12    211.707          1      13523    1508.02 2.0359e+03  54980.794    563.407 1570389683       0.58      0.875   39.69820  -71.76346    35.9680  1027.7419    26.8088    13.9999 0.0000e+00
    211.000    13.9905    35.7980  1027.7505     1.7322     3.6254     62.705    0.00036    5.78161    5.77847      8.097    -0.0527   10.50762   4.287286 4.9216e-14    26.8127    26.8061 1.0000e-12    212.711          1      13610    1507.90 2.0319e+03  54980.475    567.050 1570389687       0.91      0.934   39.69822  -71.76346    35.9638  1027.7518    26.8141    13.9596 0.0000e+00
