CalculateIndicators/WaterTemperature/Data/CTD_NYOS/NYOS190726_5_5.cnv
* Sea-Bird SBE 9 Data File:
* FileName = C:\Seabird 9 CTD\Data\2019\201907_offshore\NYOS190726_5_5.hex
* Software Version Seasave V 7.23.2
* Temperature SN = 4590
* Conductivity SN = 3228
* Number of Bytes Per Scan = 44
* Number of Voltage Words = 5
* Number of Scans Averaged by the Deck Unit = 1
* NMEA Latitude = 39 19.84 N
* NMEA Longitude = 072 40.12 W
* NMEA UTC (Time) = Jul 27 2019  04:35:11
* NMEA baud rate = 4800
** Ship: Seawolf
** Station: 5-5
** Operator: lis
# nquan = 35
# nvalues = 215                         
# units = specified
# name 0 = depSM: Depth [salt water, m]
# name 1 = t090C: Temperature [ITS-90, deg C]
# name 2 = sal00: Salinity, Practical [PSU]
# name 3 = density00: Density [density, kg/m^3]
# name 4 = sbeox0V: Oxygen raw, SBE 43 [V]
# name 5 = sbeox0ML/L: Oxygen, SBE 43 [ml/l]
# name 6 = sbeox0PS: Oxygen, SBE 43 [% saturation]
# name 7 = sbox0dV/dT: Oxygen, SBE 43 [dov/dt]
# name 8 = oxsolML/L: Oxygen Saturation, Garcia & Gordon [ml/l]
# name 9 = oxsatML/L: Oxygen Saturation, Weiss [ml/l]
# name 10 = ph: pH
# name 11 = flECO-AFL: Fluorescence, WET Labs ECO-AFL/FL [mg/m^3]
# name 12 = n2satML/L: Nitrogen Saturation [ml/l]
# name 13 = c0S/m: Conductivity [S/m]
# name 14 = cpar: CPAR/Corrected Irradiance [%]
# name 15 = sigma-é00: Density [sigma-theta, kg/m^3]
# name 16 = sigma-t00: Density [sigma-t, kg/m^3 ]
# name 17 = par: PAR/Irradiance, Biospherical/Licor
# name 18 = prDM: Pressure, Digiquartz [db]
# name 19 = pumps: Pump Status
# name 20 = scan: Scan Count
# name 21 = svCM: Sound Velocity [Chen-Millero, m/s]
# name 22 = spar: SPAR, Biospherical/Licor
# name 23 = specc: Specific Conductance [uS/cm]
# name 24 = timeS: Time, Elapsed [seconds]
# name 25 = timeY: Time, System [seconds]
# name 26 = accM: Acceleration [m/s^2]
# name 27 = dz/dtM: Descent Rate [m/s]
# name 28 = latitude: Latitude [deg]
# name 29 = longitude: Longitude [deg]
# name 30 = gsw_saA0: Absolute Salinity [g/kg]
# name 31 = gsw_densityA0: density, TEOS-10 [density, kg/m^3]
# name 32 = gsw_sigma0A0: density, TEOS-10 [sigma-0, kg/m^3 ]
# name 33 = gsw_ptA0: potential temperature [ITS-90, deg C]
# name 34 = flag: flag
# span 0 =      2.000,    109.000       
# span 1 =     7.3167,    24.6014       
# span 2 =    31.5138,    35.3274       
# span 3 =  1020.8377,  1027.1162       
# span 4 =     1.7023,     2.7790       
# span 5 =     2.8497,     7.1611       
# span 6 =     57.843,    121.555       
# span 7 =   -0.04858,    0.25770       
# span 8 =    4.85314,    6.80377       
# span 9 =    4.84082,    6.81201       
# span 10 =      7.994,      8.207      
# span 11 =    -0.0266,     1.5863      
# span 12 =    9.01031,   12.23394      
# span 13 =   3.349813,   4.798335      
# span 14 = -1.092e+04, 1.0346e+05      
# span 15 =    20.8290,    26.6292      
# span 16 =    20.8289,    26.6261      
# span 17 = -5.753e-05, 1.6307e-01      
# span 18 =      2.016,    109.859      
# span 19 =          0,          1      
# span 20 =        375,      12516      
# span 21 =    1477.79,    1529.71      
# span 22 = -4.904e-01, 4.6552e+00      
# span 23 =  48335.923,  54397.863      
# span 24 =     15.586,    521.438      
# span 25 = 1564202127, 1564202633      
# span 26 =      -0.64,       0.39      
# span 27 =     -1.116,      0.952      
# span 28 =   39.33086,   39.33238      
# span 29 =  -72.67261,  -72.66890      
# span 30 =    31.6638,    35.4952      
# span 31 =  1020.8420,  1027.1208      
# span 32 =    20.8334,    26.6337      
# span 33 =     7.3121,    24.6010      
# span 34 = 0.0000e+00, 0.0000e+00      
# interval = meters: 1                  
# start_time = Jul 27 2019 04:35:12 [System UTC, first data scan.]
# bad_flag = -9.990e-29
*END*
[from data line 125]
     91.000    11.0466    34.1828  1026.5441     2.1074     5.0804     81.363    0.00408    6.24413    6.24572      8.076     0.0134   11.29216   3.827871 2.5320e-11    26.1328    26.1308 1.0000e-12     91.715          1       5874    1494.06 3.9495e+00  53130.668    244.688 1564202356      -0.08     -0.749   39.33122  -72.67034    34.3173  1026.5266    26.1153    11.0354 0.0000e+00
     90.000    10.9467    34.1528  1026.5343     2.1104     5.1051     81.409    0.00302    6.27098    6.27288      8.075     0.0198   11.33747   3.816106 4.9689e+04    26.1273    26.1253 1.0000e-12     90.714          1       5902    1493.66 1.9870e+00  53106.129    245.870 1564202357      -0.03     -0.842   39.33122  -72.67034    34.2934  1026.5216    26.1146    10.9357 0.0000e+00
     89.000    10.8154    34.0894  1026.5040     2.1134     5.1790     81.512    0.00195    6.35368    6.35655      8.069     0.0023   11.47636   3.796740 2.9517e+04    26.1012    26.0993 1.0000e-12     89.701          1       5942    1493.10 2.6986e+00  53040.093    247.562 1564202359       0.18     -0.628   39.33123  -72.67036    34.2224  1026.4856    26.0829    10.8046 0.0000e+00
     88.000    10.5022    33.9730  1026.4644     2.1152     5.2206     81.505    0.00080    6.40523    6.40873      8.062    -0.0032   11.56292   3.753659 8.1429e+03    26.0655    26.0637 1.0000e-12     88.693          1       5983    1491.84 3.5927e+00  52935.228    249.256 1564202361      -0.11     -0.585   39.33124  -72.67038    34.0812  1026.4271    26.0281    10.4918 0.0000e+00
     87.000     9.9669    33.7957  1026.4143     2.1251     5.3097     82.645    0.00546    6.42477    6.42851      8.058     0.0122   11.59558   3.686373 6.5685e+04    26.0187    26.0170 1.0000e-12     87.685          1       6022    1489.69 1.3373e+00  52788.292    250.864 1564202362       0.04     -0.637   39.33124  -72.67038    33.8988  1026.3733    25.9778     9.9569 0.0000e+00
     86.000     9.7099    33.7167  1026.3914     2.1376     5.3695     83.525    0.00734    6.42869    6.43247      8.057     0.0104   11.60217   3.656675 3.1999e+04    25.9999    25.9983 1.0000e-12     86.682          1       6062    1488.65 2.6154e+00  52728.338    252.522 1564202364       0.05     -0.625   39.33124  -72.67039    33.8358  1026.3631    25.9716     9.7002 0.0000e+00
     85.000     9.5388    33.6691  1026.3782     2.1384     5.3108     82.430   -0.00122    6.44291    6.44688      8.051     0.0049   11.62604   3.638156 -2.318e+03    25.9908    25.9893 1.0000e-12     85.670          1       6177    1487.95 4.0476e+00  52695.523    257.339 1564202369       0.01     -0.215   39.33127  -72.67043    33.8064  1026.3641    25.9767     9.5294 0.0000e+00
     84.000     9.3315    33.5957  1026.3503     2.1170     5.2565     81.264   -0.00206    6.46829    6.47256      8.043    -0.0145   11.66865   3.612993 4.5146e+04    25.9672    25.9657 1.0000e-12     84.663          1       6422    1487.09 2.1508e+00  52634.676    267.521 1564202379      -0.07     -0.331   39.33130  -72.67051    33.7416  1026.3431    25.9599     9.3223 0.0000e+00
     83.000     9.2830    33.5798  1026.3412     2.1174     5.2987     81.655    0.00065    6.48913    6.49365      8.039    -0.0062   11.70377   3.607722 -1.865e+03    25.9625    25.9610 1.0000e-12     83.654          1       6566    1486.87 3.9694e+00  52621.972    273.558 1564202385      -0.16     -0.334   39.33133  -72.67056    33.7330  1026.3397    25.9609     9.2739 0.0000e+00
     82.000     9.1985    33.5421  1026.3208     2.1193     5.3275     81.761    0.00069    6.51593    6.52077      8.036    -0.0076   11.74876   3.595798 -3.056e+01    25.9464    25.9450 1.0000e-12     82.641          1       6630    1486.50 3.9525e+00  52585.863    276.191 1564202388      -0.02     -0.522   39.33134  -72.67058    33.6891  1026.3146    25.9402     9.1896 0.0000e+00
     81.000     9.1306    33.5173  1026.3078     2.1198     5.3359     81.727    0.00023    6.52884    6.53385      8.036    -0.0014   11.77043   3.587396 2.5320e-11    25.9379    25.9365 1.0000e-12     81.627          1       6662    1486.20 3.9495e+00  52565.499    277.545 1564202389      -0.30     -0.633   39.33134  -72.67058    33.6660  1026.3029    25.9330     9.1219 0.0000e+00
     80.000     9.0668    33.4948  1026.2959     2.1205     5.3475     81.822    0.00062    6.53550    6.54059      8.036     0.0089   11.78157   3.578816 2.5320e-11    25.9304    25.9290 1.0000e-12     80.631          1       6682    1485.92 3.9495e+00  52546.224    278.396 1564202390      -0.38     -0.970   39.33134  -72.67058    33.6371  1026.2861    25.9206     9.0582 0.0000e+00
     79.000     9.0036    33.4798  1026.2896     2.1222     5.3614     82.001    0.00130    6.53816    6.54328      8.036    -0.0101   11.78603   3.572064 2.5320e-11    25.9286    25.9273 1.0000e-12     79.630          1       6706    1485.65 3.9495e+00  52538.380    279.362 1564202391       0.05     -1.116   39.33136  -72.67060    33.6267  1026.2834    25.9224     8.9952 0.0000e+00
     78.000     8.9105    33.4483  1026.2752     2.1248     5.3759     82.171    0.00159    6.54233    6.54750      8.035    -0.0056   11.79304   3.560529 -9.990e-29    25.9185    25.9172 1.0000e-12     78.614          1       6747    1485.25 3.9495e+00  52513.395    281.089 1564202393       0.26     -0.647   39.33136  -72.67061    33.5943  1026.2683    25.9116     8.9023 0.0000e+00
     77.000     8.8572    33.4318  1026.2661     2.1260     5.3669     82.042    0.00037    6.54167    6.54682      8.034    -0.0101   11.79200   3.554427 2.5320e-11    25.9139    25.9126 1.0000e-12     77.603          1       6802    1485.02 3.9495e+00  52501.167    283.359 1564202395      -0.01     -0.435   39.33138  -72.67064    33.5811  1026.2619    25.9097     8.8491 0.0000e+00
     76.000     8.8393    33.4237  1026.2580     2.1277     5.3843     82.199    0.00098    6.55022    6.55547      8.036    -0.0005   11.80649   3.552299 2.5320e-11    25.9103    25.9091 1.0000e-12     76.589          1       6845    1484.92 3.9495e+00  52493.034    285.152 1564202397      -0.18     -0.540   39.33138  -72.67064    33.5762  1026.2563    25.9086     8.8313 0.0000e+00
     75.000     8.8517    33.4244  1026.2520     2.1292     5.4184     82.357    0.00135    6.57911    6.58472      8.035    -0.0004   11.85489   3.553685 3.2059e+04    25.9090    25.9077 1.0000e-12     75.585          1       6870    1484.96 2.5928e+00  52490.695    286.196 1564202398      -0.30     -0.813   39.33138  -72.67064    33.5795  1026.2523    25.9092     8.8438 0.0000e+00
     74.000     8.8664    33.4209  1026.2423     2.1287     5.4308     82.241    0.00049    6.60347    6.60940      8.035    -0.0032   11.89566   3.554525 9.9272e+04    25.9039    25.9026 1.0000e-12     74.583          1       6891    1484.99 2.7758e-02  52481.719    287.094 1564202399      -0.18     -1.044   39.33138  -72.67066    33.5748  1026.2418    25.9033     8.8586 0.0000e+00
     73.000     8.7858    33.3896  1026.2259     2.1298     5.4388     82.273    0.00030    6.61071    6.61674      8.032    -0.0111   11.90774   3.542840 -9.990e-29    25.8918    25.8907 1.0000e-12     73.581          1       6917    1484.63 3.2973e+00  52454.783    288.174 1564202400       0.15     -1.031   39.33138  -72.67066    33.5287  1026.2139    25.8798     8.7781 0.0000e+00
     72.000     8.4825    33.3038  1026.2010     2.1336     5.4746     82.650    0.00158    6.62386    6.63006      8.027    -0.0039   11.92975   3.507420 2.5320e-11    25.8710    25.8698 1.0000e-12     72.565          1       6971    1483.38 3.7557e+00  52400.831    290.416 1564202402       0.19     -0.463   39.33140  -72.67069    33.4424  1026.1888    25.8588     8.4752 0.0000e+00
     71.000     8.3644    33.2743  1026.1914     2.1324     5.4690     82.219   -0.00110    6.65167    6.65822      8.023    -0.0036   11.97638   3.494533 2.5320e-11    25.8657    25.8646 1.0000e-12     71.547          1       7030    1482.89 3.9653e+00  52385.489    292.873 1564202405      -0.24     -0.399   39.33141  -72.67070    33.4183  1026.1833    25.8577     8.3572 0.0000e+00
     70.000     8.3237    33.2629  1026.1840     2.1307     5.4825     82.108   -0.00144    6.67715    6.68402      8.021    -0.0032   12.01907   3.489713 5.8017e+04    25.8629    25.8618 1.0000e-12     70.544          1       7055    1482.70 1.6581e+00  52378.276    293.906 1564202406      -0.35     -0.775   39.33142  -72.67070    33.4062  1026.1755    25.8544     8.3166 0.0000e+00
     69.000     8.2637    33.2415  1026.1717     2.1286     5.4865     81.958   -0.00188    6.69421    6.70131      8.021    -0.0032   12.04754   3.481844 9.8838e+04    25.8550    25.8540 1.0000e-12     69.543          1       7076    1482.43 3.3986e-02  52361.145    294.800 1564202406      -0.20     -1.028   39.33142  -72.67071    33.3799  1026.1594    25.8427     8.2567 0.0000e+00
     68.000     8.1656    33.2108  1026.1577     2.1272     5.4876     81.895   -0.00189    6.70069    6.70787      8.020     0.0053   12.05838   3.469959 1.3570e+04    25.8454    25.8444 1.0000e-12     68.541          1       7101    1482.01 3.5052e+00  52339.692    295.844 1564202407       0.12     -1.052   39.33142  -72.67072    33.3467  1026.1436    25.8313     8.1589 0.0000e+00
     67.000     7.8888    33.1328  1026.1328     2.1249     5.5044     81.917   -0.00100    6.71954    6.72697      8.012     0.0142   12.08998   3.437883 -1.651e+02    25.8247    25.8237 1.0000e-12     67.524          1       7163    1480.85 3.9539e+00  52294.733    298.429 1564202410       0.18     -0.375   39.33144  -72.67074    33.2670  1026.1175    25.8093     7.8823 0.0000e+00
     66.000     7.7656    33.0964  1026.1176     2.1207     5.4914     81.615   -0.00157    6.72849    6.73604      8.008     0.0057   12.10497   3.424247 2.5320e-11    25.8138    25.8129 1.0000e-12     66.511          1       7227    1480.32 3.9495e+00  52272.303    301.092 1564202413      -0.23     -0.427   39.33144  -72.67076    33.2381  1026.1082    25.8044     7.7593 0.0000e+00
     65.000     7.7245    33.0853  1026.1103     2.1198     5.4923     81.619   -0.00122    6.72919    6.73674      8.008     0.0052   12.10618   3.419545 3.8078e+04    25.8110    25.8101 1.0000e-12     65.509          1       7257    1480.13 2.4456e+00  52266.013    302.339 1564202414      -0.19     -0.716   39.33146  -72.67076    33.2271  1026.1009    25.8017     7.7183 0.0000e+00
     64.000     7.7043    33.0765  1026.1016     2.1227     5.5219     82.053    0.00076    6.72966    6.73721      8.009     0.0017   12.10699   3.417253 6.1175e+04    25.8070    25.8061 1.0000e-12     64.508          1       7308    1480.02 1.7915e+00  52257.778    304.462 1564202416       0.04     -0.706   39.33146  -72.67078    33.2221  1026.0953    25.8006     7.6982 0.0000e+00
     63.000     7.6959    33.0532  1026.0799     2.1493     5.6369     83.771    0.00343    6.72893    6.73645      8.017     0.0206   12.10600   3.415266 5.4377e+02    25.7898    25.7889 1.0000e-12     63.497          1       7567    1479.95 3.9304e+00  52225.918    315.250 1564202427      -0.13     -0.331   39.33151  -72.67087    33.2092  1026.0818    25.7917     7.6899 0.0000e+00
     62.000     7.7392    33.0499  1026.0664     2.1703     5.6865     84.509    0.00141    6.72892    6.73642      8.021     0.0352   12.10617   3.418741 2.5320e-11    25.7810    25.7802 1.0000e-12     62.484          1       7829    1480.09 3.9495e+00  52209.889    326.177 1564202438      -0.06     -0.321   39.33156  -72.67096    33.2058  1026.0683    25.7829     7.7332 0.0000e+00
     61.000     7.7045    33.0321  1026.0528     2.1758     5.7253     84.950    0.00260    6.73965    6.74728      8.021     0.0254   12.12423   3.413770 -9.990e-29    25.7720    25.7711 1.0000e-12     61.477          1       7922    1479.92 3.9495e+00  52192.433    330.046 1564202442      -0.12     -0.542   39.33158  -72.67100    33.1858  1026.0530    25.7721     7.6986 0.0000e+00
     60.000     7.6748    33.0201  1026.0430     2.1784     5.7328     84.951    0.00171    6.74843    6.75618      8.020     0.0269   12.13901   3.409984 -9.990e-29    25.7667    25.7659 1.0000e-12     60.468          1       7964    1479.77 3.9495e+00  52181.923    331.798 1564202443       0.00     -0.583   39.33158  -72.67101    33.1737  1026.0431    25.7668     7.6691 0.0000e+00
     59.000     7.6352    33.0042  1026.0316     2.1792     5.7271     84.794    0.00038    6.75418    6.76198      8.020     0.0457   12.14877   3.404736 2.5320e-11    25.7598    25.7590 1.0000e-12     59.460          1       8004    1479.59 3.9495e+00  52168.470    333.464 1564202445      -0.02     -0.601   39.33160  -72.67102    33.1552  1026.0298    25.7580     7.6295 0.0000e+00
     58.000     7.5903    32.9849  1026.0183     2.1807     5.7445     84.942    0.00087    6.76293    6.77081      8.022     0.0378   12.16383   3.398996 2.5320e-11    25.7511    25.7503 1.0000e-12     58.455          1       8044    1479.37 3.9495e+00  52151.547    335.128 1564202447       0.04     -0.613   39.33160  -72.67103    33.1364  1026.0168    25.7496     7.5848 0.0000e+00
     57.000     7.5474    32.9491  1025.9916     2.1864     5.7891     85.529    0.00296    6.76865    6.77656      8.023     0.0481   12.17379   3.391584 2.5320e-11    25.7289    25.7281 1.0000e-12     57.441          1       8092    1479.15 3.9495e+00  52110.521    337.107 1564202449      -0.01     -0.490   39.33160  -72.67105    33.0975  1025.9879    25.7252     7.5420 0.0000e+00
     56.000     7.5135    32.9027  1025.9553     2.1933     5.8258     86.066    0.00432    6.76897    6.77689      8.023     0.0576   12.17443   3.384384 -9.990e-29    25.6971    25.6964 1.0000e-12     56.440          1       8128    1478.94 3.9495e+00  52052.085    338.623 1564202450      -0.09     -0.645   39.33162  -72.67106    33.0522  1025.9527    25.6945     7.5082 0.0000e+00
     55.000     7.4960    32.8733  1025.9301     2.2019     5.8548     86.491    0.00436    6.76923    6.77713      8.023     0.0586   12.17505   3.380343 2.5320e-11    25.6765    25.6758 1.0000e-12     55.429          1       8176    1478.82 3.9495e+00  52014.025    340.630 1564202452       0.12     -0.505   39.33162  -72.67108    33.0256  1025.9297    25.6761     7.4908 0.0000e+00
     54.000     7.4968    32.8591  1025.9142     2.2077     5.8480     86.514    0.00274    6.75956    6.76731      8.024     0.0784   12.15910   3.379099 2.5320e-11    25.6652    25.6645 1.0000e-12     54.420          1       8223    1478.79 3.9495e+00  51992.856    342.584 1564202454      -0.13     -0.516   39.33163  -72.67109    33.0118  1025.9141    25.6651     7.4917 0.0000e+00
     53.000     7.5032    32.8482  1025.9001     2.2138     5.8794     86.954    0.00370    6.76151    6.76923      8.027     0.1312   12.16293   3.378781 2.5320e-11    25.6557    25.6550 1.0000e-12     53.413          1       8264    1478.79 3.9495e+00  51975.041    344.290 1564202456       0.04     -0.595   39.33164  -72.67110    33.0027  1025.9015    25.6571     7.4982 0.0000e+00
     52.000     7.6007    32.8406  1025.8757     2.2153     5.8813     86.668    0.00105    6.78597    6.79400      8.024     0.1323   12.20393   3.386719 2.5320e-11    25.6360    25.6353 1.0000e-12     52.409          1       8307    1479.13 3.9495e+00  51939.126    346.066 1564202458       0.00     -0.575   39.33165  -72.67112    32.9965  1025.8783    25.6386     7.5958 0.0000e+00
