CalculateIndicators/WaterTemperature/Data/CTD_NYOS/NYOS190725_4_4.cnv
* Sea-Bird SBE 9 Data File:
* FileName = C:\Seabird 9 CTD\Data\2019\201907_offshore\NYOS190725_4_4.hex
* Software Version Seasave V 7.23.2
* Temperature SN = 4590
* Conductivity SN = 3228
* Number of Bytes Per Scan = 44
* Number of Voltage Words = 5
* Number of Scans Averaged by the Deck Unit = 1
* NMEA Latitude = 39 48.78 N
* NMEA Longitude = 072 30.05 W
* NMEA UTC (Time) = Jul 26 2019  02:14:46
* NMEA baud rate = 4800
** Ship: seawolf
** Station: 4-4
** Operator: lissssss
# nquan = 35
# nvalues = 115                         
# units = specified
# name 0 = depSM: Depth [salt water, m]
# name 1 = t090C: Temperature [ITS-90, deg C]
# name 2 = sal00: Salinity, Practical [PSU]
# name 3 = density00: Density [density, kg/m^3]
# name 4 = sbeox0V: Oxygen raw, SBE 43 [V]
# name 5 = sbeox0ML/L: Oxygen, SBE 43 [ml/l]
# name 6 = sbeox0PS: Oxygen, SBE 43 [% saturation]
# name 7 = sbox0dV/dT: Oxygen, SBE 43 [dov/dt]
# name 8 = oxsolML/L: Oxygen Saturation, Garcia & Gordon [ml/l]
# name 9 = oxsatML/L: Oxygen Saturation, Weiss [ml/l]
# name 10 = ph: pH
# name 11 = flECO-AFL: Fluorescence, WET Labs ECO-AFL/FL [mg/m^3]
# name 12 = n2satML/L: Nitrogen Saturation [ml/l]
# name 13 = c0S/m: Conductivity [S/m]
# name 14 = cpar: CPAR/Corrected Irradiance [%]
# name 15 = sigma-é00: Density [sigma-theta, kg/m^3]
# name 16 = sigma-t00: Density [sigma-t, kg/m^3 ]
# name 17 = par: PAR/Irradiance, Biospherical/Licor
# name 18 = prDM: Pressure, Digiquartz [db]
# name 19 = pumps: Pump Status
# name 20 = scan: Scan Count
# name 21 = svCM: Sound Velocity [Chen-Millero, m/s]
# name 22 = spar: SPAR, Biospherical/Licor
# name 23 = specc: Specific Conductance [uS/cm]
# name 24 = timeS: Time, Elapsed [seconds]
# name 25 = timeY: Time, System [seconds]
# name 26 = accM: Acceleration [m/s^2]
# name 27 = dz/dtM: Descent Rate [m/s]
# name 28 = latitude: Latitude [deg]
# name 29 = longitude: Longitude [deg]
# name 30 = gsw_saA0: Absolute Salinity [g/kg]
# name 31 = gsw_densityA0: density, TEOS-10 [density, kg/m^3]
# name 32 = gsw_sigma0A0: density, TEOS-10 [sigma-0, kg/m^3 ]
# name 33 = gsw_ptA0: potential temperature [ITS-90, deg C]
# name 34 = flag: flag
# span 0 =      2.000,     59.000       
# span 1 =     6.6844,    24.2346       
# span 2 =    30.8600,    32.7742       
# span 3 =  1020.4934,  1025.9682       
# span 4 =     1.9922,     2.9841       
# span 5 =     3.7761,     7.5085       
# span 6 =     76.833,    124.634       
# span 7 =   -0.06395,    0.22697       
# span 8 =    4.90313,    6.90121       
# span 9 =    4.89094,    6.91101       
# span 10 =      7.922,      8.228      
# span 11 =     0.0903,     1.0179      
# span 12 =    9.09415,   12.39426      
# span 13 =   3.299199,   4.735956      
# span 14 = -3.277e+03, 1.2281e+05      
# span 15 =    20.4805,    25.6992      
# span 16 =    20.4803,    25.6987      
# span 17 = -1.724e-05, 4.9803e-02      
# span 18 =      2.020,     59.456      
# span 19 =          0,          1      
# span 20 =        469,      10605      
# span 21 =    1475.47,    1528.66      
# span 22 = -3.809e-03, 4.0807e+00      
# span 23 =  47446.398,  52065.096      
# span 24 =     19.512,    441.850      
# span 25 = 1564107307, 1564107729      
# span 26 =      -0.37,       0.48      
# span 27 =     -0.905,      0.920      
# span 28 =   39.81155,   39.81296      
# span 29 =  -72.50075,  -72.49957      
# span 30 =    31.0312,    32.9215      
# span 31 =  1020.4954,  1025.9703      
# span 32 =    20.4867,    25.6984      
# span 33 =     6.6794,    24.2336      
# span 34 = 0.0000e+00, 0.0000e+00      
# interval = meters: 1                  
# start_time = Jul 26 2019 02:14:47 [System UTC, first data scan.]
# bad_flag = -9.990e-29
*END*
      2.000    24.1919    30.9103  1020.5015     1.9922     3.7761     76.833    0.06202    4.91589    4.90369      8.179     0.1134    9.11770   4.673318 3.1058e+04    20.4928    20.4927 4.9803e-02      2.020          0        469    1528.04 2.6671e+00  47513.639     19.512 1564107307       0.22      0.149   39.81296  -72.50075    31.0432  1020.4954    20.4867    24.1914 0.0000e+00
      3.000    24.1042    30.8600  1020.4934     2.3990     5.2571    107.223    0.22697    4.90313    4.89094      8.177     0.0952    9.09415   4.663561 1.2170e+03    20.4805    20.4803 6.7300e-03      3.020          0        519    1527.79 3.8993e+00  47446.398     21.582 1564107309       0.09      0.515   39.81295  -72.50074    31.0312  1020.5162    20.5033    24.1036 0.0000e+00
      4.000    24.2329    31.3293  1020.8146     2.5591     5.1437    104.890    0.07026    4.90392    4.89174      8.178     0.1057    9.09539   4.735865 -5.971e-04    20.7974    20.7971 -1.724e-05      4.031          1        569    1528.63 3.9495e+00  48089.268     23.674 1564107311      -0.03      0.481   39.81294  -72.50074    31.4789  1020.8195    20.8023    24.2321 0.0000e+00
      5.000    24.2346    31.3289  1020.8182     2.5808     5.0118    101.967    0.00821    4.91513    4.90298      8.179     0.1238    9.11412   4.735956 2.5215e-11    20.7966    20.7963 1.0000e-12      5.045          1        614    1528.66 3.9495e+00  48089.078     25.522 1564107313       0.13      0.526   39.81294  -72.50073    31.4781  1020.8228    20.8012    24.2336 0.0000e+00
      6.000    24.2200    31.3274  1020.8257     2.5816     5.0732    101.860    0.00415    4.98057    4.96866      8.183     0.1263    9.22241   4.734187 2.5320e-11    20.7998    20.7994 1.0000e-12      6.046          1        641    1528.63 3.9495e+00  48087.635     26.674 1564107314       0.23      0.775   39.81293  -72.50072    31.4749  1020.8291    20.8032    24.2188 0.0000e+00
      7.000    24.1809    31.3250  1020.8397     2.5898     5.1333    102.170    0.00160    5.02426    5.01256      8.185     0.1279    9.29430   4.729712 2.5320e-11    20.8095    20.8091 1.0000e-12      7.052          1        670    1528.55 3.9495e+00  48085.507     27.857 1564107315      -0.05      0.883   39.81292  -72.50071    31.4688  1020.8403    20.8101    24.1794 0.0000e+00
      8.000    23.7601    31.3385  1020.9765     2.6368     5.3647    106.494    0.03041    5.03753    5.02590      8.184     0.1495    9.31618   4.686572 2.5320e-11    20.9418    20.9413 1.0000e-12      8.063          1        700    1527.52 3.9495e+00  48112.245     29.146 1564107317      -0.02      0.779   39.81292  -72.50070    31.4426  1020.9473    20.9128    23.7584 0.0000e+00
      9.000    22.9190    31.4681  1021.3196     2.6721     5.4697    108.270    0.03060    5.05189    5.04033      8.185     0.1419    9.33989   4.625409 2.5320e-11    21.2807    21.2802 1.0000e-12      9.064          1        732    1525.53 3.9495e+00  48310.459     30.478 1564107318      -0.08      0.783   39.81291  -72.50070    31.5787  1021.2952    21.2563    22.9172 0.0000e+00
     10.000    22.5712    31.5204  1021.4617     2.6861     5.4553    107.200    0.00448    5.08891    5.07755      8.185     0.1439    9.40103   4.600756 2.5392e-11    21.4184    21.4178 1.0000e-12     10.082          1        784    1524.71 3.9439e+00  48391.589     32.608 1564107320      -0.09      0.439   39.81290  -72.50070    31.6401  1021.4442    21.4008    22.5692 0.0000e+00
     11.000    22.3559    31.5465  1021.5460     2.6897     5.5245    107.330    0.00232    5.14716    5.13615      8.187     0.1466    9.49733   4.583536 9.3825e+04    21.4983    21.4977 1.0000e-12     11.088          1        820    1524.19 1.8218e-01  48434.084     34.121 1564107322       0.25      0.624   39.81290  -72.50068    31.6631  1021.5261    21.4783    22.3537 0.0000e+00
     12.000    22.1364    31.5744  1021.6324     2.6973     5.6182    108.041    0.00553    5.20004    5.18939      8.189     0.1586    9.58469   4.565985 2.3283e+04    21.5802    21.5796 1.0000e-12     12.093          1        846    1523.66 2.8783e+00  48479.360     35.226 1564107323       0.15      0.853   39.81290  -72.50068    31.6866  1021.6091    21.5570    22.1341 0.0000e+00
     13.000    21.7818    31.6127  1021.7633     2.7240     5.7694    110.239    0.01624    5.23339    5.22298      8.191     0.1498    9.63990   4.535822 6.8312e+02    21.7067    21.7060 1.0000e-12     13.097          1        873    1522.78 3.9180e+00  48543.871     36.341 1564107324      -0.02      0.920   39.81290  -72.50068    31.7107  1021.7292    21.6727    21.7793 0.0000e+00
     14.000    21.0214    31.7025  1022.0414     2.7539     5.9863    112.457    0.02322    5.32306    5.31333      8.195     0.1613    9.78857   4.474516 2.5320e-11    21.9805    21.9798 1.0000e-12     14.105          1        907    1520.84 3.9495e+00  48696.207     37.759 1564107325      -0.15      0.763   39.81288  -72.50067    31.7889  1021.9985    21.9374    21.0187 0.0000e+00
     15.000    20.2317    31.7694  1022.3053     2.7566     6.4421    111.327   -0.00070    5.78709    5.78192      8.217     0.2003   10.55491   4.407667 2.5320e-11    22.2395    22.2388 1.0000e-12     15.117          1        956    1518.76 3.9495e+00  48821.122     39.779 1564107327      -0.08      0.490   39.81287  -72.50066    31.8441  1022.2534    22.1878    20.2289 0.0000e+00
     16.000    17.9839    31.9368  1022.9967     2.8348     7.3682    120.923    0.04452    6.09251    6.09090      8.228     0.3586   11.05920   4.202469 2.5320e-11    22.9260    22.9253 1.0000e-12     16.126          1       1000    1512.48 3.9495e+00  49185.119     41.635 1564107329       0.11      0.538   39.81286  -72.50064    31.8679  1022.8348    22.7643    17.9812 0.0000e+00
     17.000    14.2306    32.4153  1024.2191     2.8726     7.5085    121.982    0.03573    6.15548    6.15467      8.226     0.5171   11.16311   3.908558 -9.990e-29    24.1435    24.1430 1.0000e-12     17.135          1       1034    1501.47 3.9495e+00  50175.034     43.055 1564107330       0.10      0.684   39.81286  -72.50064    32.3064  1024.0229    23.9468    14.2281 0.0000e+00
     18.000    12.7282    32.4889  1024.5820     2.8757     7.3166    118.706    0.00622    6.16366    6.16294      8.227     0.5586   11.17674   3.783030 -9.990e-29    24.5011    24.5006 1.0000e-12     18.137          1       1063    1496.60 3.9495e+00  50464.507     44.247 1564107332       0.09      0.809   39.81286  -72.50064    32.4040  1024.4026    24.3216    12.7258 0.0000e+00
     19.000    12.0445    32.5371  1024.7543     2.8722     7.2755    117.780   -0.00053    6.17728    6.17676      8.226     0.5733   11.19899   3.732834 -9.990e-29    24.6686    24.6681 1.0000e-12     19.143          1       1106    1494.35 3.9495e+00  50629.045     46.043 1564107333      -0.17      0.604   39.81284  -72.50063    32.5125  1024.6206    24.5349    12.0421 0.0000e+00
     20.000    11.7636    32.5325  1024.8079     2.8575     7.2513    116.523   -0.00591    6.22302    6.22316      8.219     0.6464   11.27335   3.713581 -9.990e-29    24.7175    24.7170 1.0000e-12     20.165          1       1178    1493.40 3.9495e+00  50664.493     49.032 1564107336       0.19      0.239   39.81284  -72.50062    32.5702  1024.7222    24.6317    11.7611 0.0000e+00
     21.000    11.6590    32.6382  1024.9137     2.8420     7.1934    115.079   -0.01182    6.25087    6.25137      8.220     0.6838   11.31956   3.716826 9.9999e+04    24.8188    24.8183 1.0000e-12     21.163          1       1205    1493.18 -3.809e-03  50829.230     50.168 1564107338       0.31      0.703   39.81284  -72.50062    32.6934  1024.8411    24.7461    11.6564 0.0000e+00
     22.000    11.4265    32.6740  1024.9884     2.8260     7.1842    114.396   -0.01132    6.28017    6.28106      8.218     0.7005   11.36781   3.699941 3.9005e+04    24.8888    24.8883 1.0000e-12     22.166          1       1240    1492.43 2.3735e+00  50916.651     51.606 1564107339      -0.14      0.741   39.81282  -72.50060    32.7328  1024.9182    24.8187    11.4238 0.0000e+00
     23.000    11.0113    32.7002  1025.0878     2.7933     7.1192    112.533   -0.01387    6.32652    6.32801      8.208     0.7063   11.44474   3.666742 3.0257e+03    24.9835    24.9830 1.0000e-12     23.180          1       1298    1491.02 3.7602e+00  51022.010     54.038 1564107341       0.00      0.378   39.81282  -72.50059    32.7731  1025.0282    24.9239    11.0085 0.0000e+00
     24.000    10.7743    32.7089  1025.1408     2.7557     7.0682    110.251   -0.01798    6.41094    6.41354      8.194     0.6774   11.58463   3.647999 -1.815e+02    25.0319    25.0314 1.0000e-12     24.190          1       1349    1490.21 3.9603e+00  51075.006     56.147 1564107344       0.08      0.474   39.81280  -72.50058    32.7978  1025.0935    24.9845    10.7715 0.0000e+00
     25.000    10.4636    32.6827  1025.1788     2.7329     7.0014    109.207   -0.01736    6.41114    6.41375      8.192     0.7315   11.58483   3.615994 2.5320e-11    25.0651    25.0646 1.0000e-12     25.194          1       1382    1489.09 3.9495e+00  51093.556     57.559 1564107345       0.15      0.672   39.81280  -72.50058    32.7552  1025.1185    25.0049    10.4607 0.0000e+00
     26.000    10.0457    32.6822  1025.2537     2.7174     7.0247    109.185   -0.01180    6.43374    6.43665      8.189     0.7186   11.62238   3.580381 2.5320e-11    25.1353    25.1348 1.0000e-12     26.197          1       1417    1487.61 3.9495e+00  51169.936     59.020 1564107346      -0.08      0.711   39.81280  -72.50057    32.7718  1025.2065    25.0881    10.0428 0.0000e+00
     27.000     9.8997    32.6846  1025.2846     2.6965     7.1351    108.884   -0.00761    6.55305    6.55760      8.176     0.7595   11.81991   3.568908 2.5320e-11    25.1615    25.1610 1.0000e-12     27.213          1       1480    1487.10 3.9495e+00  51201.428     61.610 1564107349      -0.07      0.335   39.81278  -72.50055    32.7869  1025.2471    25.1240     9.8967 0.0000e+00
     28.000     9.4119    32.6592  1025.3488     2.6755     7.0769    107.409   -0.01121    6.58877    6.59383      8.160     0.7435   11.87881   3.521315 -9.990e-29    25.2208    25.2204 1.0000e-12     28.221          1       1523    1485.30 3.9495e+00  51261.265     63.410 1564107351       0.29      0.553   39.81278  -72.50054    32.7424  1025.2964    25.1684     9.4089 0.0000e+00
     29.000     8.9501    32.6607  1025.4276     2.6481     6.9094    104.864   -0.01981    6.58893    6.59399      8.156     0.8215   11.87914   3.480778 -9.990e-29    25.2949    25.2944 1.0000e-12     29.221          1       1551    1483.62 3.5009e+00  51360.211     64.572 1564107352       0.11      0.819   39.81277  -72.50054    32.7449  1025.3756    25.2428     8.9471 0.0000e+00
     30.000     8.6891    32.6723  1025.4817     2.5945     6.7820    102.520   -0.01767    6.61547    6.62090      8.143     0.8410   11.92322   3.460795 9.9999e+04    25.3441    25.3436 1.0000e-12     30.231          1       1644    1482.68 3.1720e+00  51432.675     68.471 1564107356      -0.04      0.479   39.81275  -72.50053    32.7760  1025.4446    25.3070     8.6860 0.0000e+00
     31.000     8.2381    32.6425  1025.5307     2.5288     6.6881    100.157   -0.01160    6.67777    6.68407      8.119     0.9163   12.02646   3.420291 7.8952e+03    25.3882    25.3878 1.0000e-12     31.237          1       1815    1480.97 3.8897e+00  51491.973     75.567 1564107363      -0.06      0.385   39.81274  -72.50050    32.7665  1025.5094    25.3669     8.2350 0.0000e+00
     32.000     7.9258    32.6442  1025.5826     2.4316     6.3850     95.035   -0.01383    6.71863    6.72555      8.079     1.0179   12.09391   3.394882 2.5320e-11    25.4352    25.4348 1.0000e-12     32.246          1       2121    1479.80 3.9495e+00  51567.486     88.344 1564107376       0.07      0.264   39.81271  -72.50048    32.7871  1025.5758    25.4285     7.9227 0.0000e+00
     33.000     7.7643    32.6567  1025.6202     2.3446     6.1675     91.365   -0.00959    6.75030    6.75775      8.033     0.7059   12.14559   3.382478 2.5320e-11    25.4682    25.4677 1.0000e-12     33.260          1       2308    1479.22 3.9495e+00  51624.479     96.121 1564107384       0.48      0.460   39.81268  -72.50048    32.8052  1025.6177    25.4657     7.7611 0.0000e+00
     34.000     7.7252    32.6588  1025.6321     2.3353     6.1431     90.847   -0.01011    6.76208    6.76971      8.032     0.5771   12.16489   3.379006 2.5320e-11    25.4754    25.4750 1.0000e-12     34.263          1       2333    1479.09 3.9495e+00  51637.701     97.158 1564107385       0.14      0.808   39.81268  -72.50050    32.8041  1025.6271    25.4704     7.7219 0.0000e+00
     35.000     7.6804    32.6924  1025.6694     2.3225     6.1143     90.399   -0.00886    6.76370    6.77137      8.027     0.3098   12.16746   3.378522 2.5320e-11    25.5081    25.5077 1.0000e-12     35.269          1       2365    1478.97 3.9495e+00  51697.071     98.521 1564107386      -0.13      0.790   39.81268  -72.50050    32.8406  1025.6666    25.5053     7.6771 0.0000e+00
     36.000     7.5845    32.7183  1025.7080     2.2996     6.0007     88.651   -0.01313    6.76892    6.77670      8.021     0.2276   12.17574   3.372398 2.5320e-11    25.5420    25.5416 1.0000e-12     36.284          1       2409    1478.66 3.9495e+00  51758.226    100.329 1564107388      -0.03      0.540   39.81268  -72.50050    32.8646  1025.7036    25.5375     7.5811 0.0000e+00
     37.000     7.5702    32.7263  1025.7209     2.2868     6.0215     88.617   -0.00922    6.79501    6.80317      8.015     0.1427   12.21898   3.371963 -9.990e-29    25.5503    25.5498 1.0000e-12     37.289          1       2443    1478.63 3.9495e+00  51773.753    101.757 1564107389       0.14      0.670   39.81268  -72.50050    32.8730  1025.7167    25.5461     7.5667 0.0000e+00
     38.000     7.5348    32.7511  1025.7500     2.2705     5.9866     87.553   -0.01127    6.83778    6.84660      8.010     0.1141   12.28954   3.371443 -9.990e-29    25.5747    25.5742 1.0000e-12     38.293          1       2476    1478.54 3.9495e+00  51818.512    103.125 1564107391      -0.04      0.750   39.81268  -72.50050    32.9004  1025.7477    25.5724     7.5313 0.0000e+00
     39.000     7.3555    32.7442  1025.7742     2.2511     5.9411     86.610   -0.01130    6.85961    6.86879      7.998     0.1271   12.32539   3.353393 2.5092e-11    25.5942    25.5937 1.0000e-12     39.306          1       2517    1477.86 4.0003e+00  51854.525    104.817 1564107392      -0.06      0.597   39.81267  -72.50050    32.8741  1025.7567    25.5767     7.3519 0.0000e+00
     40.000     7.0574    32.7543  1025.8278     2.2237     5.8036     84.407   -0.01694    6.87583    6.88526      7.985     0.1571   12.35215   3.328581 2.2015e+04    25.6428    25.6423 1.0000e-12     40.313          1       2552    1476.73 3.0797e+00  51946.009    106.280 1564107394       0.11      0.664   39.81266  -72.50052    32.8866  1025.8119    25.6270     7.0538 0.0000e+00
     41.000     6.9543    32.7684  1025.8574     2.1883     5.6072     81.474   -0.02470    6.88222    6.89175      7.970     0.1206   12.36268   3.321197 9.4131e+04    25.6678    25.6673 1.0000e-12     41.319          1       2585    1476.36 1.1916e-01  51994.168    107.664 1564107395      -0.02      0.735   39.81266  -72.50052    32.9036  1025.8437    25.6541     6.9506 0.0000e+00
     42.000     6.8520    32.7726  1025.8790     2.1513     5.4724     79.500   -0.02551    6.88350    6.89305      7.961     0.1299   12.36482   3.312697 -1.911e+03    25.6847    25.6842 1.0000e-12     42.329          1       2620    1475.99 4.0273e+00  52028.055    109.133 1564107397      -0.01      0.684   39.81266  -72.50052    32.9075  1025.8651    25.6708     6.8483 0.0000e+00
