CalculateIndicators/WaterTemperature/Data/CTD_NYOS/NYOS2006_C02.cnv
* Sea-Bird SBE19plus Data File:
* FileName = C:\Users\radar\Desktop\NYOS2006.ctd\NYOS2006_C02.hex
* Software Version 1.59
* Temperature SN =  4675
* Conductivity SN =  4675
* System UpLoad Time = Sep 21 2009 07:02:17
* NMEA Latitude = 40 51.747 N
* NMEA Longitude = 072 11.854 W
# nquan = 15
# nvalues = 52                          
# units = specified
# name 0 = depSM: Depth [salt water, m]
# name 1 = tv290C: Temperature [ITS-90, deg C]
# name 2 = sal00: Salinity, Practical [PSU]
# name 3 = density00: Density [density, kg/m^3]
# name 4 = c0S/m: Conductivity [S/m]
# name 5 = sigma-�00: Density [sigma-theta, kg/m^3]
# name 6 = sigma-t00: Density [sigma-t, kg/m^3 ]
# name 7 = prdM: Pressure, Strain Gauge [db]
# name 8 = scan: Scan Count
# name 9 = svCM: Sound Velocity [Chen-Millero, m/s]
# name 10 = specc: Specific Conductance [uS/cm]
# name 11 = timeS: Time, Elapsed [seconds]
# name 12 = accM: Acceleration [m/s^2]
# name 13 = dz/dtM: Descent Rate [m/s]
# name 14 = flag: flag
# span 0 =      1.000,     27.000       
# span 1 =     9.3120,    12.9331       
# span 2 =    30.9663,    31.8380       
# span 3 =  1023.3127,  1024.7136       
# span 4 =   3.438195,   3.667178       
# span 5 =    23.3036,    24.5946       
# span 6 =    23.3036,    24.5942       
# span 7 =      0.995,     27.165       
# span 8 =        429,        833       
# span 9 =    1483.90,    1495.26       
# span 10 =  48334.398,  50117.299      
# span 11 =    106.967,    208.006      
# span 12 =      -0.48,       0.59      
# span 13 =     -0.770,      0.701      
# span 14 = 0.0000e+00, 0.0000e+00      
# interval = meters: 1                  
# start_time = Jun 02 2020 12:06:16 [Instrument's time stamp, header]
# bad_flag = -9.990e-29
*END*
      2.000    12.9331    30.9929  1023.3127   3.667178    23.3036    23.3036      1.997        429    1495.26  48334.398    106.967      -0.10      0.301 0.0000e+00
      3.000    12.9226    30.9927  1023.3189   3.666257    23.3055    23.3054      3.010        436    1495.24  48335.931    108.756       0.21      0.517 0.0000e+00
      4.000    12.9111    30.9935  1023.3264   3.665315    23.3083    23.3082      4.022        443    1495.21  48339.091    110.565      -0.06      0.521 0.0000e+00
      5.000    12.8940    30.9908  1023.3322   3.663466    23.3100    23.3099      5.025        451    1495.17  48338.825    112.601       0.42      0.417 0.0000e+00
      6.000    12.8439    30.9986  1023.3522   3.659960    23.3250    23.3248      6.035        459    1495.03  48355.322    114.411      -0.11      0.553 0.0000e+00
      7.000    12.8105    31.0041  1023.3676   3.657536    23.3365    23.3363      7.043        466    1494.94  48369.313    116.353       0.32      0.515 0.0000e+00
      8.000    12.7408    30.9718  1023.3619   3.646012    23.3272    23.3270      8.042        473    1494.65  48337.599    118.062      -0.16      0.644 0.0000e+00
      9.000    12.2277    30.9663  1023.4572   3.599625    23.4073    23.4071      9.058        480    1492.93  48377.481    119.668       0.18      0.596 0.0000e+00
     10.000    11.4158    31.2603  1023.8365   3.559455    23.7948    23.7946     10.048        487    1490.51  48930.875    121.477      -0.14      0.567 0.0000e+00
     11.000    10.9866    31.4493  1024.0634   3.541924    24.0152    24.0150     11.067        493    1489.24  49261.583    123.112       0.07      0.623 0.0000e+00
     12.000    10.8231    31.5553  1024.1795   3.539269    24.1262    24.1260     12.059        501    1488.80  49438.083    125.092      -0.08      0.497 0.0000e+00
     13.000    10.8120    31.5846  1024.2091   3.541628    24.1494    24.1491     13.071        507    1488.80  49478.922    126.616       0.25      0.613 0.0000e+00
     14.000    10.7923    31.6063  1024.2339   3.542608    24.1704    24.1701     14.080        514    1488.78  49514.651    128.220      -0.13      0.655 0.0000e+00
     15.000    10.7654    31.6181  1024.2521   3.541936    24.1842    24.1839     15.092        521    1488.71  49536.333    129.928       0.21      0.561 0.0000e+00
     16.000    10.7432    31.6356  1024.2742   3.542102    24.2019    24.2016     16.083        528    1488.67  49565.774    131.769      -0.14      0.573 0.0000e+00
     17.000    10.7207    31.6350  1024.2822   3.540226    24.2051    24.2047     17.095        535    1488.61  49568.879    133.493       0.07      0.590 0.0000e+00
     18.000    10.6790    31.6263  1024.2872   3.535694    24.2050    24.2046     18.106        541    1488.46  49563.238    135.073       0.05      0.627 0.0000e+00
     19.000    10.6043    31.6393  1024.3144   3.530968    24.2274    24.2270     19.103        549    1488.23  49593.693    137.074      -0.12      0.501 0.0000e+00
     20.000    10.5862    31.6630  1024.3408   3.531723    24.2526    24.2523     20.107        557    1488.21  49637.857    138.928       0.14      0.546 0.0000e+00
     21.000    10.5304    31.6162  1024.3189   3.521191    24.2226    24.2222     21.122        562    1487.96  49576.582    140.288       0.13      0.701 0.0000e+00
     22.000    10.3280    31.6339  1024.3715   3.505404    24.2663    24.2659     22.114        571    1487.27  49629.226    142.413      -0.12      0.440 0.0000e+00
     23.000    10.2127    31.6276  1024.3895   3.495253    24.2836    24.2831     23.132        576    1486.89  49646.773    143.874       0.59      0.629 0.0000e+00
     24.000    10.1057    31.6663  1024.4430   3.489204    24.3359    24.3355     24.130        584    1486.54  49729.626    145.830      -0.12      0.474 0.0000e+00
     25.000     9.8900    31.6490  1024.4684   3.469012    24.3533    24.3529     25.152        592    1485.77  49736.614    147.716       0.15      0.575 0.0000e+00
     26.000     9.6216    31.6883  1024.5490   3.448214    24.4226    24.4221     26.121        600    1484.82  49833.179    149.744       0.03      0.411 0.0000e+00
     27.000     9.3243    31.8238  1024.7045   3.438195    24.5843    24.5838     27.165        620    1483.96  50100.154    154.791      -0.08      0.274 0.0000e+00
     26.000     9.3120    31.8380  1024.7136   3.439166    24.5946    24.5942     26.135        651    1483.90  50117.299    162.532      -0.25     -0.364 0.0000e+00
     25.000     9.4057    31.8324  1024.6899   3.447416    24.5780    24.5776     25.136        662    1484.22  50095.182    165.284      -0.30     -0.430 0.0000e+00
     24.000     9.5699    31.7940  1024.6286   3.459004    24.5187    24.5183     24.141        670    1484.78  50002.246    167.305       0.12     -0.500 0.0000e+00
     23.000     9.8636    31.7615  1024.5523   3.481034    24.4460    24.4456     23.123        678    1485.76  49900.380    169.149      -0.04     -0.538 0.0000e+00
     22.000    10.0995    31.6828  1024.4471   3.493930    24.3413    24.3408     22.163        688    1486.51  49736.782    171.659      -0.33     -0.249 0.0000e+00
     21.000    10.1716    31.7092  1024.4508   3.503096    24.3569    24.3565     21.094        693    1486.80  49773.430    172.902      -0.41     -0.680 0.0000e+00
     20.000    10.3893    31.6844  1024.3907   3.519453    24.2962    24.2958     20.120        703    1487.53  49689.453    175.588      -0.48     -0.255 0.0000e+00
     19.000    10.4702    31.6933  1024.3794   3.527258    24.2955    24.2952     19.100        709    1487.82  49699.422    176.888      -0.06     -0.770 0.0000e+00
     18.000    10.5588    31.6588  1024.3331   3.531017    24.2502    24.2498     18.096        717    1488.07  49628.390    178.928       0.13     -0.502 0.0000e+00
     17.000    10.6070    31.6563  1024.3179   3.535169    24.2417    24.2414     17.112        726    1488.23  49619.363    181.371      -0.17     -0.367 0.0000e+00
     16.000    10.6668    31.6503  1024.2989   3.539317    24.2260    24.2257     16.075        732    1488.41  49598.402    182.678      -0.11     -0.699 0.0000e+00
     15.000    10.7117    31.6386  1024.2774   3.541857    24.2095    24.2092     15.096        740    1488.55  49574.486    184.797       0.13     -0.431 0.0000e+00
     14.000    10.7326    31.6279  1024.2609   3.542457    24.1971    24.1968     14.074        746    1488.59  49554.280    186.273      -0.21     -0.657 0.0000e+00
     13.000    10.7579    31.6137  1024.2410   3.543040    24.1822    24.1819     13.070        753    1488.64  49530.489    187.954       0.14     -0.626 0.0000e+00
     12.000    10.7769    31.5905  1024.2150   3.542159    24.1605    24.1603     12.072        761    1488.67  49493.477    189.963      -0.01     -0.494 0.0000e+00
     11.000    10.7897    31.5666  1024.1895   3.540821    24.1393    24.1391     11.066        767    1488.67  49456.321    191.404      -0.23     -0.614 0.0000e+00
     10.000    10.8498    31.5373  1024.1520   3.543388    24.1054    24.1052     10.058        774    1488.83  49402.807    193.145       0.19     -0.596 0.0000e+00
      9.000    10.9778    31.5577  1024.1372   3.560223    24.1094    24.1092      9.041        780    1489.37  49428.944    194.711      -0.48     -0.588 0.0000e+00
      8.000    11.5636    31.3727  1023.8901   3.590456    23.8505    23.8503      8.037        786    1491.09  49056.412    196.267       0.16     -0.722 0.0000e+00
      7.000    12.1528    31.2315  1023.6665   3.629479    23.6388    23.6386      7.040        794    1492.98  48782.744    198.252      -0.14     -0.479 0.0000e+00
      6.000    12.6041    31.0709  1023.4549   3.650673    23.4230    23.4229      6.044        800    1494.28  48480.837    199.858       0.01     -0.620 0.0000e+00
      5.000    12.7521    31.0296  1023.3897   3.658857    23.3658    23.3657      5.011        806    1494.73  48408.848    201.213      -0.09     -0.730 0.0000e+00
      4.000    12.8574    30.9985  1023.3406   3.664055    23.3231    23.3230      4.041        814    1495.04  48354.208    203.368       0.20     -0.412 0.0000e+00
      3.000    12.8720    30.9922  1023.3284   3.664113    23.3142    23.3141      3.005        820    1495.07  48340.419    204.782      -0.18     -0.687 0.0000e+00
      2.000    12.8886    30.9957  1023.3233   3.665566    23.3147    23.3146      2.020        827    1495.11  48344.726    206.514       0.09     -0.577 0.0000e+00
      1.000    12.9097    30.9959  1023.3149   3.667126    23.3102    23.3102      0.995        833    1495.17  48340.553    208.006      -0.05     -0.680 0.0000e+00
