CalculateIndicators/WaterTemperature/Data/CTD_NYOS/NYOS2006_C13.cnv
* Sea-Bird SBE19plus Data File:
* FileName = C:\Users\radar\Desktop\NYOS.2006\NYOS2006.ctd\NYOS2006_C13.hex
* Software Version 1.59
* Temperature SN =  4675
* Conductivity SN =  4675
* System UpLoad Time = Sep 27 2009 05:47:52
* NMEA Latitude = 40 16.1016 N
* NMEA Longitude = 073 00.7087 W
# nquan = 15
# nvalues = 78                          
# units = specified
# name 0 = depSM: Depth [salt water, m]
# name 1 = tv290C: Temperature [ITS-90, deg C]
# name 2 = sal00: Salinity, Practical [PSU]
# name 3 = density00: Density [density, kg/m^3]
# name 4 = c0S/m: Conductivity [S/m]
# name 5 = sigma-�00: Density [sigma-theta, kg/m^3]
# name 6 = sigma-t00: Density [sigma-t, kg/m^3 ]
# name 7 = prdM: Pressure, Strain Gauge [db]
# name 8 = scan: Scan Count
# name 9 = svCM: Sound Velocity [Chen-Millero, m/s]
# name 10 = specc: Specific Conductance [uS/cm]
# name 11 = timeS: Time, Elapsed [seconds]
# name 12 = accM: Acceleration [m/s^2]
# name 13 = dz/dtM: Descent Rate [m/s]
# name 14 = flag: flag
# span 0 =      1.000,     40.000       
# span 1 =     7.8973,    16.4442       
# span 2 =    31.3987,    32.5634       
# span 3 =  1022.8924,  1025.5594       
# span 4 =   3.385590,   4.037655       
# span 5 =    22.8835,    25.3760       
# span 6 =    22.8834,    25.3755       
# span 7 =      1.001,     40.236       
# span 8 =        503,       1071       
# span 9 =    1479.70,    1507.07       
# span 10 =  48547.423,  51464.548      
# span 11 =    125.531,    267.569      
# span 12 =      -0.23,       0.19      
# span 13 =     -0.733,      0.745      
# span 14 = 0.0000e+00, 0.0000e+00      
# interval = meters: 1                  
# start_time = Jun 08 2020 16:54:26 [Instrument's time stamp, header]
# bad_flag = -9.990e-29
*END*
      2.000    16.4442    31.4040  1022.8924   4.023173    22.8835    22.8834      2.004        503    1507.05  48547.423    125.531       0.08      0.348 0.0000e+00
      3.000    16.2944    31.4222  1022.9445   4.012084    22.9322    22.9321      3.018        511    1506.63  48587.359    127.513       0.06      0.495 0.0000e+00
      4.000    16.2322    31.4273  1022.9675   4.006845    22.9492    22.9491      4.014        518    1506.46  48598.178    129.355       0.05      0.522 0.0000e+00
      5.000    16.1773    31.4260  1022.9827   4.002107    22.9617    22.9616      5.029        524    1506.31  48603.851    130.857       0.02      0.681 0.0000e+00
      6.000    16.1122    31.3987  1022.9813   3.992686    22.9545    22.9542      6.037        531    1506.08  48570.339    132.527      -0.03      0.606 0.0000e+00
      7.000    16.0103    31.4153  1023.0215   3.985592    22.9872    22.9869      7.038        538    1505.80  48597.230    134.219       0.03      0.575 0.0000e+00
      8.000    15.8982    31.4877  1023.1068   3.982633    23.0835    23.0832      8.036        545    1505.54  48738.280    135.884      -0.05      0.612 0.0000e+00
      9.000    15.5073    31.4438  1023.1629   3.941225    23.1081    23.1078      9.061        550    1504.29  48660.745    137.298       0.13      0.691 0.0000e+00
     10.000    15.0677    31.5870  1023.3738   3.916985    23.3248    23.3245     10.056        557    1503.07  48924.138    138.962      -0.10      0.619 0.0000e+00
     11.000    14.5436    31.6559  1023.5416   3.876178    23.4945    23.4941     11.056        564    1501.49  49084.254    140.729      -0.00      0.564 0.0000e+00
     12.000    13.8846    31.6890  1023.7100   3.815970    23.6628    23.6625     12.066        570    1499.36  49218.018    142.206       0.11      0.663 0.0000e+00
     13.000    12.6166    31.7851  1024.0318   3.715631    23.9757    23.9754     13.074        576    1495.37  49489.853    143.792      -0.10      0.662 0.0000e+00
     14.000    11.8092    31.9906  1024.3520   3.663220    24.2837    24.2834     14.084        583    1492.79  49887.067    145.407       0.12      0.596 0.0000e+00
     15.000    11.0574    32.0887  1024.5665   3.607582    24.5079    24.5076     15.073        590    1490.33  50167.452    147.325      -0.18      0.532 0.0000e+00
     16.000    10.4670    32.1204  1024.6978   3.559375    24.6180    24.6177     16.103        596    1488.29  50280.889    148.874       0.15      0.649 0.0000e+00
     17.000    10.1293    32.3490  1024.9383   3.555289    24.8654    24.8651     17.085        605    1487.36  50686.220    150.892      -0.15      0.467 0.0000e+00
     18.000    10.1870    32.3511  1024.9354   3.561041    24.8532    24.8529     18.089        611    1487.57  50671.847    152.577       0.10      0.594 0.0000e+00
     19.000    10.1198    32.3452  1024.9465   3.555173    24.8604    24.8601     19.112        617    1487.34  50677.733    154.060      -0.02      0.671 0.0000e+00
     20.000     9.9881    32.3586  1024.9833   3.545927    24.8905    24.8901     20.111        625    1486.91  50717.261    156.103      -0.05      0.481 0.0000e+00
     21.000     9.8938    32.3660  1025.0097   3.538181    24.9147    24.9143     21.120        633    1486.58  50751.237    157.994       0.09      0.528 0.0000e+00
     22.000     9.6975    32.3976  1025.0705   3.524714    24.9701    24.9697     22.101        640    1485.94  50830.896    159.657      -0.00      0.582 0.0000e+00
     23.000     9.5956    32.4230  1025.1111   3.518739    25.0084    25.0080     23.144        645    1485.62  50891.337    160.966      -0.02      0.745 0.0000e+00
     24.000     9.5091    32.4367  1025.1416   3.512018    25.0317    25.0312     24.119        655    1485.31  50925.429    163.411      -0.04      0.330 0.0000e+00
     25.000     9.3048    32.3287  1025.0951   3.481321    24.9734    24.9730     25.150        661    1484.42  50802.879    164.947       0.19      0.624 0.0000e+00
     26.000     8.8077    32.4017  1025.2315   3.447542    25.1204    25.1200     26.133        668    1482.76  51032.798    166.727      -0.18      0.589 0.0000e+00
     27.000     8.6396    32.3723  1025.2402   3.428757    25.1124    25.1120     27.165        674    1482.07  51007.150    168.193       0.12      0.674 0.0000e+00
     28.000     8.3807    32.3860  1025.2944   3.407981    25.1683    25.1679     28.146        681    1481.14  51097.007    170.116      -0.11      0.495 0.0000e+00
     29.000     8.2495    32.4142  1025.3405   3.400095    25.2079    25.2075     29.163        690    1480.70  51163.700    172.225      -0.09      0.462 0.0000e+00
     30.000     8.1846    32.4215  1025.3605   3.395695    25.2230    25.2226     30.164        699    1480.48  51189.143    174.459       0.18      0.468 0.0000e+00
     31.000     8.1583    32.4310  1025.3766   3.394545    25.2343    25.2339     31.170        704    1480.40  51209.532    175.841       0.15      0.671 0.0000e+00
     32.000     8.1415    32.4347  1025.3866   3.393773    25.2398    25.2394     32.182        712    1480.36  51219.354    177.687      -0.18      0.555 0.0000e+00
     33.000     8.0855    32.4393  1025.4028   3.389635    25.2512    25.2508     33.189        721    1480.17  51238.858    179.941      -0.01      0.474 0.0000e+00
     34.000     8.0416    32.4619  1025.4317   3.388107    25.2748    25.2743     34.177        729    1480.05  51280.744    182.107       0.17      0.439 0.0000e+00
     35.000     7.9987    32.4899  1025.4644   3.387210    25.3038    25.3033     35.207        735    1479.94  51332.891    183.546       0.03      0.687 0.0000e+00
     36.000     7.9574    32.5337  1025.5094   3.387904    25.3442    25.3437     36.201        744    1479.85  51405.518    185.641      -0.05      0.448 0.0000e+00
     37.000     7.9317    32.5541  1025.5336   3.387680    25.3641    25.3636     37.206        752    1479.79  51441.901    187.783      -0.02      0.468 0.0000e+00
     38.000     7.9171    32.5539  1025.5403   3.386424    25.3652    25.3647     38.211        759    1479.75  51443.889    189.585       0.12      0.547 0.0000e+00
     39.000     7.8973    32.5606  1025.5530   3.385590    25.3740    25.3735     39.219        767    1479.70  51460.201    191.382      -0.11      0.572 0.0000e+00
     40.000     7.9000    32.5634  1025.5594   3.386313    25.3760    25.3755     40.236        784    1479.74  51464.548    195.793      -0.09      0.141 0.0000e+00
     39.000     7.9086    32.5587  1025.5499   3.386640    25.3705    25.3699     39.226        799    1479.74  51454.130    199.526      -0.09     -0.520 0.0000e+00
     38.000     7.9052    32.5594  1025.5463   3.386402    25.3717    25.3712     38.206        806    1479.72  51455.581    201.253       0.02     -0.586 0.0000e+00
     37.000     7.9091    32.5619  1025.5430   3.387038    25.3733    25.3728     37.207        815    1479.72  51457.903    203.379      -0.06     -0.458 0.0000e+00
     36.000     7.9230    32.5589  1025.5341   3.387952    25.3685    25.3680     36.213        823    1479.75  51448.800    205.560       0.07     -0.447 0.0000e+00
     35.000     7.9429    32.5414  1025.5129   3.387981    25.3528    25.3524     35.178        829    1479.79  51420.378    207.087      -0.19     -0.642 0.0000e+00
     34.000     7.9845    32.5010  1025.4706   3.387940    25.3147    25.3142     34.215        839    1479.88  51351.553    209.549      -0.01     -0.289 0.0000e+00
     33.000     8.0138    32.4767  1025.4427   3.388180    25.2906    25.2902     33.183        845    1479.94  51308.169    211.120       0.04     -0.620 0.0000e+00
     32.000     8.0577    32.4583  1025.4172   3.390395    25.2701    25.2696     32.176        854    1480.07  51271.474    213.170       0.02     -0.497 0.0000e+00
     31.000     8.1062    32.4432  1025.3937   3.393230    25.2517    25.2513     31.169        862    1480.22  51239.255    215.143      -0.15     -0.506 0.0000e+00
     30.000     8.1375    32.4333  1025.3767   3.394896    25.2387    25.2383     30.172        869    1480.31  51215.862    217.102       0.07     -0.510 0.0000e+00
     29.000     8.1583    32.4314  1025.3675   3.396563    25.2349    25.2345     29.157        877    1480.37  51209.093    219.039       0.04     -0.528 0.0000e+00
     28.000     8.1998    32.4294  1025.3553   3.400085    25.2262    25.2258     28.171        887    1480.51  51194.266    221.383      -0.07     -0.378 0.0000e+00
     27.000     8.2526    32.4439  1025.3542   3.406479    25.2275    25.2271     27.139        892    1480.71  51198.022    222.811      -0.11     -0.679 0.0000e+00
     26.000     8.4106    32.4725  1025.3487   3.423322    25.2299    25.2295     26.159        900    1481.33  51207.849    224.721       0.13     -0.504 0.0000e+00
     25.000     8.5987    32.5019  1025.3386   3.443339    25.2268    25.2263     25.135        907    1482.06  51212.579    226.381       0.02     -0.609 0.0000e+00
     24.000     8.8728    32.5631  1025.3394   3.474892    25.2318    25.2314     24.129        913    1483.15  51236.384    228.098      -0.17     -0.546 0.0000e+00
     23.000     9.3076    32.5135  1025.2294   3.506905    25.1223    25.1219     23.132        921    1484.64  51071.437    229.903       0.15     -0.574 0.0000e+00
     22.000     9.4690    32.4624  1025.1582   3.516324    25.0584    25.0580     22.124        928    1485.18  50969.159    231.773      -0.06     -0.545 0.0000e+00
     21.000     9.5800    32.4482  1025.1247   3.524540    25.0293    25.0289     21.114        935    1485.55  50926.227    233.559       0.02     -0.569 0.0000e+00
     20.000     9.7193    32.4455  1025.0951   3.536731    25.0057    25.0054     20.115        942    1486.04  50896.935    235.346      -0.10     -0.528 0.0000e+00
     19.000     9.8704    32.4041  1025.0339   3.545663    24.9457    24.9454     19.103        948    1486.52  50803.561    236.815      -0.01     -0.691 0.0000e+00
     18.000    10.0203    32.3740  1024.9810   3.555723    24.8988    24.8985     18.105        956    1487.00  50734.668    238.794       0.11     -0.498 0.0000e+00
     17.000    10.1037    32.3487  1024.9428   3.560215    24.8660    24.8657     17.089        964    1487.26  50684.482    240.650      -0.04     -0.571 0.0000e+00
     16.000    10.1383    32.2883  1024.8854   3.556602    24.8110    24.8107     16.093        971    1487.30  50588.555    242.419      -0.12     -0.525 0.0000e+00
     15.000    10.1984    32.3089  1024.8858   3.565853    24.8164    24.8161     15.085        977    1487.54  50604.598    243.929       0.05     -0.673 0.0000e+00
     14.000    10.6825    32.3668  1024.8434   3.616572    24.7871    24.7868     14.070        984    1489.32  50617.028    245.641       0.04     -0.609 0.0000e+00
     13.000    11.4115    32.2359  1024.6098   3.668371    24.5392    24.5389     13.091        992    1491.70  50278.461    247.698      -0.04     -0.414 0.0000e+00
     12.000    11.9477    32.3401  1024.5841   3.732110    24.5452    24.5449     12.059        997    1493.72  50386.804    249.004      -0.11     -0.733 0.0000e+00
     11.000    13.1588    32.1268  1024.1902   3.815179    24.1257    24.1254     11.064       1004    1497.43  49876.564    250.656       0.10     -0.603 0.0000e+00
     10.000    13.9615    31.9873  1023.9124   3.875107    23.8690    23.8687     10.053       1010    1499.97  49607.097    252.314       0.02     -0.612 0.0000e+00
      9.000    14.7228    31.7494  1023.5673   3.916683    23.5245    23.5243      9.061       1017    1502.14  49186.268    254.063      -0.02     -0.540 0.0000e+00
      8.000    15.1122    31.6851  1023.4291   3.945135    23.3953    23.3950      8.043       1023    1503.31  49063.544    255.563      -0.00     -0.674 0.0000e+00
      7.000    15.5497    31.6022  1023.2675   3.973582    23.2357    23.2354      7.032       1029    1504.56  48904.540    257.065      -0.09     -0.655 0.0000e+00
      6.000    15.8479    31.4612  1023.0883   3.983387    23.0602    23.0600      6.039       1037    1505.33  48677.738    258.901       0.15     -0.559 0.0000e+00
      5.000    15.9466    31.4424  1023.0464   3.990102    23.0263    23.0261      5.026       1043    1505.61  48647.482    260.493      -0.23     -0.591 0.0000e+00
      4.000    16.0713    31.4368  1023.0111   3.999091    22.9919    22.9918      4.018       1049    1505.96  48624.054    262.017       0.11     -0.700 0.0000e+00
      3.000    16.1401    31.4331  1022.9880   4.004187    22.9741    22.9740      3.013       1056    1506.16  48613.500    263.753      -0.06     -0.570 0.0000e+00
      2.000    16.2143    31.4474  1022.9778   4.011957    22.9681    22.9680      2.022       1064    1506.39  48625.548    265.684       0.14     -0.519 0.0000e+00
      1.000    16.4187    31.5011  1022.9677   4.037655    22.9633    22.9633      1.001       1071    1507.07  48682.799    267.569       0.05     -0.524 0.0000e+00
