CalculateIndicators/WaterTemperature/Data/CTD_NYOS/NYOS190727_5_4.cnv
* Sea-Bird SBE 9 Data File:
* FileName = C:\Seabird 9 CTD\Data\2019\201907_offshore\NYOS190727_5_4.hex
* Software Version Seasave V 7.23.2
* Temperature SN = 4590
* Conductivity SN = 3228
* Number of Bytes Per Scan = 44
* Number of Voltage Words = 5
* Number of Scans Averaged by the Deck Unit = 1
* NMEA Latitude = 39 38.60 N
* NMEA Longitude = 072 47.00 W
* NMEA UTC (Time) = Jul 27 2019  07:20:06
* NMEA baud rate = 4800
** Ship: Seawolf
** Station: 5-4
** Operator: lis
# nquan = 35
# nvalues = 127                         
# units = specified
# name 0 = depSM: Depth [salt water, m]
# name 1 = t090C: Temperature [ITS-90, deg C]
# name 2 = sal00: Salinity, Practical [PSU]
# name 3 = density00: Density [density, kg/m^3]
# name 4 = sbeox0V: Oxygen raw, SBE 43 [V]
# name 5 = sbeox0ML/L: Oxygen, SBE 43 [ml/l]
# name 6 = sbeox0PS: Oxygen, SBE 43 [% saturation]
# name 7 = sbox0dV/dT: Oxygen, SBE 43 [dov/dt]
# name 8 = oxsolML/L: Oxygen Saturation, Garcia & Gordon [ml/l]
# name 9 = oxsatML/L: Oxygen Saturation, Weiss [ml/l]
# name 10 = ph: pH
# name 11 = flECO-AFL: Fluorescence, WET Labs ECO-AFL/FL [mg/m^3]
# name 12 = n2satML/L: Nitrogen Saturation [ml/l]
# name 13 = c0S/m: Conductivity [S/m]
# name 14 = cpar: CPAR/Corrected Irradiance [%]
# name 15 = sigma-é00: Density [sigma-theta, kg/m^3]
# name 16 = sigma-t00: Density [sigma-t, kg/m^3 ]
# name 17 = par: PAR/Irradiance, Biospherical/Licor
# name 18 = prDM: Pressure, Digiquartz [db]
# name 19 = pumps: Pump Status
# name 20 = scan: Scan Count
# name 21 = svCM: Sound Velocity [Chen-Millero, m/s]
# name 22 = spar: SPAR, Biospherical/Licor
# name 23 = specc: Specific Conductance [uS/cm]
# name 24 = timeS: Time, Elapsed [seconds]
# name 25 = timeY: Time, System [seconds]
# name 26 = accM: Acceleration [m/s^2]
# name 27 = dz/dtM: Descent Rate [m/s]
# name 28 = latitude: Latitude [deg]
# name 29 = longitude: Longitude [deg]
# name 30 = gsw_saA0: Absolute Salinity [g/kg]
# name 31 = gsw_densityA0: density, TEOS-10 [density, kg/m^3]
# name 32 = gsw_sigma0A0: density, TEOS-10 [sigma-0, kg/m^3 ]
# name 33 = gsw_ptA0: potential temperature [ITS-90, deg C]
# name 34 = flag: flag
# span 0 =      2.000,     65.000       
# span 1 =     6.6716,    24.7979       
# span 2 =    31.2306,    34.7261       
# span 3 =  1020.5797,  1026.0532       
# span 4 =     1.7623,     2.8167       
# span 5 =     2.9343,     7.0502       
# span 6 =     60.398,    118.740       
# span 7 =   -0.05033,    0.18247       
# span 8 =    4.85277,    6.90031       
# span 9 =    4.84047,    6.91017       
# span 10 =      7.941,      8.223      
# span 11 =     0.0043,     1.1412      
# span 12 =    9.00937,   12.39208      
# span 13 =   3.302468,   4.799827      
# span 14 = -7.686e+03, 1.0070e+05      
# span 15 =    20.5582,    25.7597      
# span 16 =    20.5578,    25.7591      
# span 17 = -5.736e-03, 1.8370e-01      
# span 18 =      2.016,     65.499      
# span 19 =          0,          1      
# span 20 =         46,       8891      
# span 21 =    1475.36,    1530.03      
# span 22 = 3.2974e-01, 4.2720e+00      
# span 23 =  47945.310,  53185.817      
# span 24 =      1.879,    370.406      
# span 25 = 1564212008, 1564212376      
# span 26 =      -0.36,       0.45      
# span 27 =     -0.872,      1.082      
# span 28 =   39.64349,   39.64428      
# span 29 =  -72.78345,  -72.78262      
# span 30 =    31.3782,    34.6748      
# span 31 =  1020.5832,  1026.0555      
# span 32 =    20.5617,    25.7582      
# span 33 =     6.6671,    24.7970      
# span 34 = 0.0000e+00, 0.0000e+00      
# interval = meters: 1                  
# start_time = Jul 27 2019 07:20:06 [System UTC, first data scan.]
# bad_flag = -9.990e-29
*END*
[from data line 83]
     45.000     6.6779    32.8226  1025.9554     2.0097     5.2657     76.311    0.00026    6.90031    6.91017      7.945     0.1117   12.39208   3.304081 7.5507e+04    25.7469    25.7464 1.0000e-12     45.354          1       5827    1475.42 8.1305e-01  52148.723    242.739 1564212249       0.04     -0.747   39.64390  -72.78306    32.9782  1025.9574    25.7490     6.6739 0.0000e+00
     44.000     6.6786    32.8202  1025.9488     2.0127     5.2874     76.634    0.00146    6.89959    6.90943      7.949     0.1946   12.39101   3.303876 5.3394e+03    25.7450    25.7445 1.0000e-12     44.341          1       5869    1475.40 3.6953e+00  52144.418    244.497 1564212251       0.08     -0.577   39.64390  -72.78305    32.9757  1025.9507    25.7469     6.6748 0.0000e+00
     43.000     6.6754    32.8113  1025.9375     2.0220     5.3549     77.667    0.00531    6.89468    6.90443      7.954     0.2313   12.38296   3.302708 2.9957e+01    25.7383    25.7378 1.0000e-12     43.335          1       5908    1475.36 3.9481e+00  52131.819    246.118 1564212252      -0.08     -0.610   39.64390  -72.78304    32.9664  1025.9392    25.7400     6.6716 0.0000e+00
     42.000     6.6844    32.8031  1025.9253     2.0339     5.4093     78.588    0.00764    6.88318    6.89274      7.960     0.3410   12.36413   3.302829 2.5320e-11    25.7307    25.7302 1.0000e-12     42.325          1       5945    1475.37 3.9495e+00  52116.946    247.664 1564212254       0.01     -0.653   39.64390  -72.78303    32.9595  1025.9279    25.7334     6.6808 0.0000e+00
     41.000     6.7094    32.7991  1025.9142     2.0459     5.4493     79.287    0.00845    6.87297    6.88236      7.963     0.4102   12.34739   3.304797 2.5320e-11    25.7243    25.7238 1.0000e-12     41.319          1       5977    1475.45 3.9495e+00  52103.665    248.999 1564212255      -0.12     -0.717   39.64390  -72.78302    32.9577  1025.9186    25.7288     6.7058 0.0000e+00
     40.000     6.7734    32.7890  1025.8931     2.0619     5.5214     80.476    0.01124    6.86098    6.87018      7.969     0.4352   12.32760   3.309622 6.9850e+04    25.7079    25.7075 1.0000e-12     40.316          1       6009    1475.67 1.1396e+00  52071.315    250.316 1564212256       0.05     -0.786   39.64392  -72.78302    32.9500  1025.8995    25.7143     6.7699 0.0000e+00
     39.000     6.8638    32.7759  1025.8661     2.0890     5.6292     82.345    0.01506    6.83613    6.84493      7.982     0.6090   12.28682   3.316488 1.1430e+04    25.6857    25.6852 1.0000e-12     39.300          1       6051    1475.99 3.3994e+00  52027.502    252.089 1564212258       0.08     -0.562   39.64392  -72.78302    32.9394  1025.8746    25.6941     6.8604 0.0000e+00
     38.000     6.9488    32.7723  1025.8473     2.1199     5.7752     84.632    0.02022    6.82388    6.83247      7.997     0.5719   12.26672   3.323676 8.4874e+04    25.6715    25.6710 1.0000e-12     38.296          1       6086    1476.30 5.3754e-01  51998.923    253.542 1564212260      -0.13     -0.663   39.64392  -72.78301    32.9375  1025.8572    25.6814     6.9454 0.0000e+00
     37.000     7.1722    32.7435  1025.7897     2.2110     6.0096     88.119    0.01303    6.81991    6.82844      8.026     0.7297   12.26015   3.340460 4.6930e+02    25.6188    25.6183 1.0000e-12     37.291          1       6248    1477.11 3.2257e+00  51898.952    260.312 1564212266      -0.07     -0.272   39.64393  -72.78298    32.9085  1025.7996    25.6286     7.1688 0.0000e+00
     36.000     7.2458    32.7321  1025.7660     2.2747     6.1769     91.166    0.01290    6.77560    6.78346      8.051     0.8683   12.18698   3.345259 7.8963e+03    25.5998    25.5993 1.0000e-12     36.281          1       6587    1477.37 3.5858e+00  51862.951    274.399 1564212280      -0.26     -0.527   39.64396  -72.78293    32.8912  1025.7713    25.6051     7.2425 0.0000e+00
     35.000     7.3302    32.7284  1025.7469     2.3015     6.2531     92.994    0.01714    6.72426    6.73138      8.050     0.9820   12.10195   3.352645 2.8835e+01    25.5853    25.5849 1.0000e-12     35.273          1       6625    1477.67 3.9482e+00  51835.544    275.994 1564212282       0.02     -0.634   39.64396  -72.78292    32.8919  1025.7557    25.5941     7.3269 0.0000e+00
     34.000     7.5463    32.7403  1025.7213     2.3129     6.1567     92.148    0.00791    6.68125    6.68773      8.056     1.1412   12.03093   3.374214 2.5320e-11    25.5645    25.5641 1.0000e-12     34.262          1       6665    1478.50 3.9495e+00  51797.684    277.665 1564212284       0.01     -0.602   39.64396  -72.78292    32.9213  1025.7439    25.5871     7.5431 0.0000e+00
     33.000     7.8355    32.7544  1025.6867     2.3253     6.1413     92.400    0.00587    6.64646    6.65244      8.073     0.9617   11.97321   3.400978 2.5320e-11    25.5347    25.5342 1.0000e-12     33.256          1       6699    1479.61 3.9495e+00  51746.454    279.091 1564212285      -0.11     -0.678   39.64396  -72.78292    32.9370  1025.7105    25.5586     7.8323 0.0000e+00
     32.000     8.0647    32.7441  1025.6407     2.3653     6.4086     96.953    0.02492    6.61024    6.61568      8.094     0.7473   11.91345   3.420440 -9.990e-29    25.4934    25.4929 1.0000e-12     32.250          1       6732    1480.45 3.9495e+00  51676.661    280.442 1564212286       0.02     -0.754   39.64397  -72.78292    32.9301  1025.6673    25.5201     8.0616 0.0000e+00
     31.000     8.3218    32.7619  1025.6120     2.4236     6.6649    101.448    0.03741    6.56981    6.57470      8.108     0.6065   11.84636   3.444947 -9.990e-29    25.4699    25.4695 1.0000e-12     31.241          1       6768    1481.43 3.8618e+00  51643.563    281.967 1564212288       0.05     -0.670   39.64398  -72.78291    32.9504  1025.6406    25.4983     8.3187 0.0000e+00
     30.000     8.6226    32.7550  1025.5566     2.4878     6.8047    104.546    0.03826    6.50894    6.51297      8.124     0.3967   11.74578   3.471149 8.7499e+04    25.4190    25.4185 1.0000e-12     30.232          1       6809    1482.53 3.2974e-01  51564.283    283.666 1564212290       0.06     -0.603   39.64398  -72.78290    32.9469  1025.5880    25.4504     8.6195 0.0000e+00
     29.000     8.8961    32.7727  1025.5238     2.5389     6.8518    106.202    0.03306    6.45162    6.45486      8.133     0.3778   11.65087   3.497268 -4.345e+03    25.3910    25.3905 1.0000e-12     29.219          1       6847    1483.56 4.1293e+00  51529.371    285.241 1564212291      -0.15     -0.598   39.64398  -72.78290    32.9673  1025.5573    25.4246     8.8931 0.0000e+00
     28.000     9.1696    32.7692  1025.4735     2.5686     6.8972    107.168    0.02953    6.43582    6.43888      8.136     0.3763   11.62442   3.522402 2.5320e-11    25.3456    25.3451 1.0000e-12     28.222          1       6872    1484.55 3.9495e+00  51467.540    286.303 1564212292      -0.21     -0.847   39.64398  -72.78290    32.9766  1025.5171    25.3890     9.1666 0.0000e+00
     27.000     9.5848    32.7695  1025.4025     2.6010     6.8014    107.406    0.02102    6.33261    6.33437      8.140     0.3390   11.45240   3.558983 2.5320e-11    25.2792    25.2787 1.0000e-12     27.211          1       6912    1486.06 3.9495e+00  51382.400    287.959 1564212294       0.23     -0.670   39.64399  -72.78290    32.9727  1025.4430    25.3197     9.5818 0.0000e+00
     26.000     9.8745    32.8235  1025.3925     2.6415     6.7329    109.055    0.02160    6.17379    6.17353      8.145     0.3266   11.18857   3.590664 2.5320e-11    25.2742    25.2737 1.0000e-12     26.196          1       6960    1487.16 3.9495e+00  51401.735    289.973 1564212296      -0.22     -0.451   39.64400  -72.78290    33.0326  1025.4375    25.3190     9.8716 0.0000e+00
     25.000    10.6056    32.9285  1025.3453     2.6480     6.6488    108.023    0.01061    6.15482    6.15432      8.150     0.2015   11.15733   3.672064 2.5320e-11    25.2316    25.2310 1.0000e-12     25.194          1       6988    1489.89 3.9495e+00  51412.954    291.135 1564212297      -0.20     -0.775   39.64400  -72.78290    33.1907  1025.4314    25.3179    10.6026 0.0000e+00
     24.000    11.3963    32.9551  1025.2212     2.6541     6.5761    107.463    0.00381    6.11944    6.11850      8.160     0.1869   11.09848   3.745030 8.8484e+04    25.1125    25.1120 1.0000e-12     24.188          1       7017    1492.69 3.9007e-01  51315.825    292.334 1564212298       0.03     -0.859   39.64400  -72.78290    33.2031  1025.2964    25.1879    11.3933 0.0000e+00
     23.000    11.8979    32.9548  1025.1242     2.6885     6.6825    109.281    0.00502    6.11497    6.11392      8.176     0.1352   11.09185   3.784606 1.6787e+04    25.0203    25.0198 1.0000e-12     23.186          1       7285    1494.41 3.2107e+00  51236.271    303.497 1564212310      -0.08     -0.527   39.64404  -72.78287    33.1432  1025.1534    25.0496    11.8950 0.0000e+00
     22.000    11.9880    32.8892  1025.0520     2.7358     6.7921    112.205    0.01169    6.05353    6.05162      8.189     0.1063   10.99193   3.781348 -4.175e+02    24.9528    24.9523 1.0000e-12     22.167          1       7662    1494.63 3.9681e+00  51130.233    319.201 1564212325      -0.07     -0.559   39.64408  -72.78282    33.0318  1025.0462    24.9469    11.9852 0.0000e+00
     21.000    12.1012    32.8060  1024.9617     2.7607     6.7904    113.920    0.01800    5.96067    5.95767      8.187     0.0964   10.83758   3.785847 2.5320e-11    24.8669    24.8664 1.0000e-12     21.161          1       7686    1494.90 3.9495e+00  50996.653    320.214 1564212326      -0.15     -0.690   39.64410  -72.78282    32.9758  1024.9772    24.8825    12.0985 0.0000e+00
     20.000    12.4802    32.7415  1024.8349     2.7746     6.6759    113.922    0.01373    5.86000    5.85589      8.184     0.0830   10.66995   3.816626 2.5320e-11    24.7449    24.7444 1.0000e-12     20.157          1       7717    1496.10 3.9495e+00  50851.192    321.481 1564212328      -0.00     -0.799   39.64410  -72.78280    32.9399  1024.8729    24.7828    12.4776 0.0000e+00
     19.000    13.3084    32.7834  1024.7005     2.7883     6.5537    113.926    0.00949    5.75254    5.74726      8.183     0.0973   10.49150   3.898941 2.5320e-11    24.6155    24.6150 1.0000e-12     19.148          1       7753    1498.91 3.9495e+00  50798.563    323.019 1564212329       0.10     -0.681   39.64410  -72.78280    33.0018  1024.7540    24.6688    13.3058 0.0000e+00
     18.000    14.3743    32.8396  1024.5207     2.7977     6.3642    113.649    0.00508    5.59993    5.59299      8.179     0.0944   10.24021   4.006243 5.3670e+03    24.4401    24.4396 1.0000e-12     18.138          1       7794    1502.45 3.6315e+00  50745.708    324.720 1564212331      -0.01     -0.586   39.64410  -72.78280    33.0847  1024.5946    24.5143    14.3717 0.0000e+00
     17.000    15.2405    32.8563  1024.3432     2.8167     6.2349    114.755    0.01093    5.43345    5.42475      8.171     0.0941    9.96855   4.090932 5.1595e+00    24.2676    24.2670 1.0000e-12     17.132          1       7829    1505.22 3.9492e+00  50676.824    326.186 1564212332      -0.08     -0.668   39.64410  -72.78278    33.1207  1024.4319    24.3563    15.2379 0.0000e+00
     16.000    16.5542    32.6520  1023.8864     2.8123     6.0138    113.583    0.00230    5.29398    5.28410      8.162     0.0778    9.73830   4.191826 7.3492e+04    23.8155    23.8149 1.0000e-12     16.124          1       7866    1509.04 1.0469e+00  50274.002    327.691 1564212334       0.06     -0.685   39.64412  -72.78278    32.9249  1023.9824    23.9116    16.5517 0.0000e+00
     15.000    18.3671    32.1572  1023.0732     2.7774     5.7011    109.913   -0.02071    5.18695    5.17623      8.157     0.0613    9.56241   4.305733 1.0070e+05    23.0074    23.0067 1.0000e-12     15.113          1       7904    1513.89 1.0464e+00  49457.139    329.271 1564212335      -0.03     -0.625   39.64412  -72.78278    32.4419  1023.1796    23.1137    18.3646 0.0000e+00
     14.000    19.6651    32.0201  1022.6375     2.7272     5.4811    106.383   -0.03487    5.15213    5.14118      8.156     0.0743    9.50478   4.414500 -9.990e-29    22.5760    22.5754 1.0000e-12     14.110          1       7936    1517.43 3.9025e+00  49194.154    330.623 1564212337      -0.06     -0.727   39.64412  -72.78276    32.3327  1022.7652    22.7039    19.6626 0.0000e+00
     13.000    20.8719    31.7870  1022.1410     2.6821     5.3332    104.588   -0.02894    5.09916    5.08789      8.153     0.0534    9.41722   4.494924 2.5320e-11    22.0844    22.0837 1.0000e-12     13.101          1       7976    1520.51 3.9495e+00  48817.566    332.295 1564212338       0.12     -0.627   39.64412  -72.78276    32.0634  1022.2417    22.1850    20.8695 0.0000e+00
     12.000    21.4920    31.7164  1021.9166     2.6505     5.2339    103.999   -0.01499    5.03267    5.02103      8.151     0.0517    9.30748   4.542299 8.8083e+04    21.8644    21.8638 1.0000e-12     12.090          1       8023    1522.10 4.7064e-01  48696.269    334.239 1564212340      -0.03     -0.508   39.64414  -72.78276    31.9757  1022.0042    21.9520    21.4897 0.0000e+00
     11.000    22.2336    31.6400  1021.6502     2.6171     5.1331    102.156   -0.01792    5.02486    5.01319      8.167     0.0461    9.29447   4.600990 2.9348e+04    21.6024    21.6018 1.0000e-12     11.090          1       8102    1523.97 2.7283e+00  48566.390    337.539 1564212344       0.04     -0.541   39.64414  -72.78274    31.8876  1021.7289    21.6811    22.2315 0.0000e+00
     10.000    22.8239    31.6023  1021.4526     2.6012     5.0125    101.910   -0.00813    4.91847    4.90634      8.167     0.0257    9.11867   4.641601 -6.784e+02    21.4095    21.4089 1.0000e-12     10.075          1       8590    1525.45 3.9784e+00  48497.558    357.889 1564212364      -0.35     -0.421   39.64422  -72.78266    31.7707  1021.4714    21.4281    22.8219 0.0000e+00
      9.000    23.5452    31.4828  1021.1520     2.5696     4.8706     99.399   -0.02267    4.90002    4.88784      8.167     0.0106    9.08804   4.696876 2.5320e-11    21.1130    21.1124 1.0000e-12      9.071          1       8612    1527.15 3.9495e+00  48314.495    358.790 1564212365      -0.04     -0.692   39.64422  -72.78266    31.6727  1021.1871    21.1482    23.5433 0.0000e+00
      8.000    23.9885    31.4307  1020.9801     2.5493     4.8398     98.959   -0.01389    4.89064    4.87844      8.169 -9.990e-29    9.07246   4.731685 2.5320e-11    20.9456    20.9451 1.0000e-12      8.061          1       8649    1528.20 3.9495e+00  48234.547    360.353 1564212366       0.03     -0.651   39.64422  -72.78266    31.6190  1021.0139    20.9793    23.9868 0.0000e+00
      7.000    24.2454    31.4140  1020.8880     2.5385     4.8124     98.786   -0.00787    4.87153    4.85927      8.170 -9.990e-29    9.04081   4.752589 2.5320e-11    20.8580    20.8576 1.0000e-12      7.053          1       8686    1528.81 3.9495e+00  48206.943    361.857 1564212368      -0.04     -0.661   39.64424  -72.78264    31.5937  1020.9152    20.8850    24.2440 0.0000e+00
      6.000    24.3420    31.4115  1020.8534     2.5357     4.8054     98.941   -0.00280    4.85684    4.84454      8.169     0.0212    9.01626   4.760840 2.5320e-11    20.8275    20.8271 1.0000e-12      6.046          1       8719    1529.03 3.9495e+00  48200.720    363.256 1564212369      -0.03     -0.711   39.64424  -72.78264    31.5872  1020.8776    20.8517    24.3407 0.0000e+00
      5.000    24.5511    31.3939  1020.7740     2.5276     4.7795     98.412   -0.00484    4.85660    4.84430      8.171     0.0043    9.01583   4.779100 5.4769e+04    20.7524    20.7521 1.0000e-12      5.040          1       8754    1529.51 1.7864e+00  48172.866    364.716 1564212371       0.05     -0.706   39.64424  -72.78264    31.5759  1020.8028    20.7813    24.5500 0.0000e+00
