CalculateIndicators/WaterTemperature/Data/CTD_NYOS/NYOS2006_C04.cnv
* Sea-Bird SBE19plus Data File:
* FileName = C:\Users\radar\Desktop\NYOS2006.ctd\NYOS2006_C04.hex
* Software Version 1.59
* Temperature SN =  4675
* Conductivity SN =  4675
* System UpLoad Time = Sep 21 2009 07:10:47
* NMEA Latitude = 40 34.240 N
* NMEA Longitude = 72 5.220 W
# nquan = 15
# nvalues = 100                         
# units = specified
# name 0 = depSM: Depth [salt water, m]
# name 1 = tv290C: Temperature [ITS-90, deg C]
# name 2 = sal00: Salinity, Practical [PSU]
# name 3 = density00: Density [density, kg/m^3]
# name 4 = c0S/m: Conductivity [S/m]
# name 5 = sigma-�00: Density [sigma-theta, kg/m^3]
# name 6 = sigma-t00: Density [sigma-t, kg/m^3 ]
# name 7 = prdM: Pressure, Strain Gauge [db]
# name 8 = scan: Scan Count
# name 9 = svCM: Sound Velocity [Chen-Millero, m/s]
# name 10 = specc: Specific Conductance [uS/cm]
# name 11 = timeS: Time, Elapsed [seconds]
# name 12 = accM: Acceleration [m/s^2]
# name 13 = dz/dtM: Descent Rate [m/s]
# name 14 = flag: flag
# span 0 =      1.000,     51.000       
# span 1 =     7.1759,    14.1247       
# span 2 =    31.4143,    32.6424       
# span 3 =  1023.4330,  1025.7451       
# span 4 =   3.324232,   3.824573       
# span 5 =    23.3957,    25.5096       
# span 6 =    23.3957,    25.5089       
# span 7 =      1.019,     51.403       
# span 8 =        254,        999       
# span 9 =    1476.94,    1499.78       
# span 10 =  48787.673,  51709.566      
# span 11 =     63.254,    249.623      
# span 12 =      -1.12,       1.47      
# span 13 =     -0.890,      1.590      
# span 14 = 0.0000e+00, 0.0000e+00      
# interval = meters: 1                  
# start_time = Jun 02 2020 16:46:21 [Instrument's time stamp, header]
# bad_flag = -9.990e-29
*END*
      2.000    14.1247    31.4834  1023.4549   3.824573    23.4557    23.4557      1.983        254    1499.78  48901.053     63.254       0.19      0.434 0.0000e+00
      3.000    13.9960    31.4143  1023.4330   3.804500    23.4133    23.4132      3.038        259    1499.29  48787.673     64.497       0.16      0.756 0.0000e+00
      4.000    13.6635    31.4791  1023.5547   3.781925    23.5364    23.5363      3.951        269    1498.29  48930.827     67.052      -0.29      0.150 0.0000e+00
      5.000    13.6061    31.4910  1023.5793   3.778277    23.5594    23.5593      5.061        272    1498.14  48955.867     67.647       0.77      0.781 0.0000e+00
      6.000    13.4113    31.5253  1023.6531   3.761025    23.6260    23.6258      6.009        280    1497.48  49032.053     69.727      -0.25      0.391 0.0000e+00
      7.000    12.8469    31.5742  1023.8001   3.718513    23.7544    23.7542      7.057        286    1495.76  49133.670     71.294       0.39      0.583 0.0000e+00
      8.000    12.5055    31.7528  1024.0109   3.706446    23.9716    23.9714      7.981        294    1494.79  49452.550     73.203       0.25      0.304 0.0000e+00
      9.000    12.4371    31.7383  1024.0170   3.698825    23.9715    23.9713      9.136        296    1494.56  49441.911     73.796       1.01      1.012 0.0000e+00
     10.000    12.2662    31.7640  1024.0739   3.686521    24.0258    24.0256     10.027        308    1494.02  49506.216     76.628       0.86      0.174 0.0000e+00
     11.000    12.1225    31.7860  1024.1208   3.677202    24.0693    24.0691     11.098        311    1493.59  49556.379     77.388       0.60      1.020 0.0000e+00
     12.000    11.8606    31.8435  1024.2207   3.658014    24.1707    24.1704     11.996        320    1492.73  49690.406     79.801      -0.49      0.295 0.0000e+00
     13.000    11.6392    31.7969  1024.2287   3.633392    24.1614    24.1611     13.119        324    1491.95  49637.772     80.762       0.99      0.647 0.0000e+00
     14.000    11.2468    31.9000  1024.3869   3.606957    24.3088    24.3085     14.066        332    1490.65  49828.257     82.751      -0.07      0.371 0.0000e+00
     15.000    10.6280    31.9844  1024.5593   3.563344    24.4904    24.4901     15.102        338    1488.68  50073.959     84.180       0.17      0.699 0.0000e+00
     16.000     9.9931    32.1147  1024.7764   3.517775    24.6996    24.6993     16.050        346    1486.51  50370.439     86.293      -0.16      0.319 0.0000e+00
     17.000     9.6604    32.1966  1024.8956   3.500200    24.8168    24.8165     17.115        350    1485.49  50546.714     87.374       0.18      0.766 0.0000e+00
     18.000     9.6128    32.4299  1025.0913   3.520776    25.0181    25.0178     18.056        360    1485.59  50908.438     89.855      -0.36      0.249 0.0000e+00
     19.000     9.7464    32.2133  1024.9124   3.504769    24.7725    24.7721     19.132        364    1485.67  50469.361     90.770       0.75      0.673 0.0000e+00
     20.000     9.4206    32.3938  1025.1014   3.503462    24.9830    24.9826     20.120        372    1484.92  50830.256     92.831       0.27      0.327 0.0000e+00
     21.000     9.6711    32.6016  1025.2275   3.546302    25.1661    25.1657     21.121        380    1486.11  51183.985     94.786       0.24      0.441 0.0000e+00
     22.000     9.8607    32.4832  1025.1132   3.547018    25.0102    25.0097     22.112        387    1486.57  50922.469     96.550       0.65      0.415 0.0000e+00
     23.000     9.6609    32.4580  1025.1284   3.528569    25.0244    25.0240     23.147        392    1485.88  50926.631     97.866       0.09      0.775 0.0000e+00
     24.000     9.4224    32.3958  1025.1241   3.499730    25.0051    25.0047     24.137        401    1484.93  50868.540     99.988       0.20      0.450 0.0000e+00
     25.000     9.0453    32.4286  1025.2105   3.472913    25.1033    25.1029     25.124        408    1483.68  51017.138    101.728      -0.09      0.583 0.0000e+00
     26.000     9.0439    32.4982  1025.2723   3.478277    25.1530    25.1526     26.171        413    1483.71  51107.564    103.052       0.21      0.723 0.0000e+00
     27.000     9.0484    32.4685  1025.2529   3.475888    25.1316    25.1312     27.050        425    1483.71  51068.574    106.100       0.23     -0.018 0.0000e+00
     28.000     9.0070    32.4570  1025.2548   3.471517    25.1222    25.1217     28.219        426    1483.56  51051.030    106.363       1.02      0.905 0.0000e+00
     29.000     8.9614    32.4950  1025.2962   3.471623    25.1643    25.1638     29.185        436    1483.46  51124.234    108.639       0.42      0.309 0.0000e+00
     30.000     8.9195    32.4859  1025.3010   3.465951    25.1631    25.1626     30.147        445    1483.29  51119.078    110.959      -0.05      0.379 0.0000e+00
     31.000     8.7141    32.4424  1025.3030   3.443326    25.1548    25.1543     31.169        452    1482.49  51092.391    112.755       0.00      0.506 0.0000e+00
     32.000     8.4911    32.4258  1025.3276   3.422526    25.1771    25.1767     32.203        458    1481.67  51120.729    114.298       0.39      0.617 0.0000e+00
     33.000     8.3140    32.4211  1025.3566   3.404492    25.2191    25.2186     33.145        467    1480.97  51184.703    116.612       0.35      0.253 0.0000e+00
     34.000     8.1139    32.3298  1025.3200   3.377492    25.1282    25.1277     34.255        472    1480.08  51018.969    117.650       0.93      0.788 0.0000e+00
     35.000     7.6197    32.4564  1025.4919   3.348913    25.3288    25.3283     35.199        484    1478.46  51370.912    120.805       0.55      0.364 0.0000e+00
     36.000     7.3881    32.5288  1025.5859   3.335877    25.4242    25.4238     36.201        490    1477.67  51542.957    122.300       0.02      0.680 0.0000e+00
     37.000     7.2436    32.5567  1025.6325   3.326441    25.4612    25.4608     37.207        497    1477.16  51612.456    124.098      -0.13      0.566 0.0000e+00
     38.000     7.1843    32.5836  1025.6666   3.324332    25.4918    25.4914     38.203        507    1476.98  51668.668    126.521      -0.08      0.380 0.0000e+00
     39.000     7.1836    32.5793  1025.6679   3.324232    25.4881    25.4876     39.223        513    1476.99  51662.609    127.876       0.62      0.576 0.0000e+00
     40.000     7.1825    32.5809  1025.6740   3.324596    25.4892    25.4887     40.251        520    1477.00  51665.056    129.728       0.20      0.497 0.0000e+00
     41.000     7.1806    32.5806  1025.6786   3.324757    25.4890    25.4886     41.224        531    1477.01  51665.710    132.408       0.13      0.282 0.0000e+00
     42.000     7.1785    32.5811  1025.6839   3.324821    25.4901    25.4896     42.248        537    1477.02  51668.266    133.922       0.29      0.656 0.0000e+00
     43.000     7.1788    32.5804  1025.6879   3.324957    25.4894    25.4889     43.243        544    1477.03  51667.844    135.834       0.00      0.490 0.0000e+00
     44.000     7.1794    32.5778  1025.6904   3.324978    25.4874    25.4869     44.242        554    1477.05  51664.574    138.177       1.09      0.308 0.0000e+00
     45.000     7.1781    32.5793  1025.6964   3.325114    25.4889    25.4884     45.328        560    1477.06  51668.038    139.747       1.47      0.725 0.0000e+00
     46.000     7.1773    32.5803  1025.7018   3.325235    25.4897    25.4892     46.337        569    1477.08  51670.310    141.963       1.39      0.900 0.0000e+00
     47.000     7.1773    32.5822  1025.7080   3.325532    25.4914    25.4908     47.291        581    1477.10  51673.811    144.905       0.76      0.409 0.0000e+00
     48.000     7.1781    32.5892  1025.7180   3.326324    25.4966    25.4960     48.243        589    1477.12  51683.983    146.980      -0.32      0.599 0.0000e+00
     49.000     7.1796    32.5988  1025.7300   3.327440    25.5038    25.5032     49.311        596    1477.16  51697.384    148.804       0.67      0.475 0.0000e+00
     50.000     7.1817    32.6032  1025.7378   3.328070    25.5080    25.5074     50.334        606    1477.19  51706.109    151.180       1.33      0.686 0.0000e+00
     51.000     7.1835    32.6070  1025.7451   3.328597    25.5096    25.5089     51.403        611    1477.22  51709.566    152.513      -0.61      1.590 0.0000e+00
     50.000     7.1861    32.6055  1025.7390   3.328627    25.5088    25.5081     50.272        622    1477.21  51707.293    155.285      -0.84      0.144 0.0000e+00
     49.000     7.1874    32.6031  1025.7323   3.328481    25.5063    25.5057     49.269        640    1477.19  51702.247    159.846      -0.14     -0.462 0.0000e+00
     48.000     7.1845    32.6025  1025.7276   3.328106    25.5074    25.5068     48.301        652    1477.17  51703.573    162.795      -0.56     -0.193 0.0000e+00
     47.000     7.1835    32.5906  1025.7138   3.326790    25.4972    25.4967     47.227        657    1477.13  51684.366    164.085      -0.73     -0.597 0.0000e+00
     46.000     7.1796    32.5831  1025.7038   3.325760    25.4919    25.4913     46.210        665    1477.09  51673.929    165.887      -1.12     -0.534 0.0000e+00
     45.000     7.1783    32.5796  1025.6966   3.325321    25.4891    25.4886     45.216        675    1477.06  51668.438    168.602      -1.04     -0.420 0.0000e+00
     44.000     7.1777    32.5785  1025.6912   3.325177    25.4885    25.4880     44.235        684    1477.04  51666.624    170.780      -0.32     -0.651 0.0000e+00
     43.000     7.1785    32.5788  1025.6867   3.325189    25.4883    25.4878     43.218        693    1477.03  51665.569    172.907      -0.69     -0.610 0.0000e+00
     42.000     7.1759    32.5785  1025.6822   3.324948    25.4886    25.4881     42.248        703    1477.00  51665.593    175.452      -0.10     -0.316 0.0000e+00
     41.000     7.1771    32.5773  1025.6765   3.324874    25.4874    25.4869     41.228        710    1476.99  51662.613    177.332      -0.00     -0.555 0.0000e+00
     40.000     7.1780    32.5772  1025.6717   3.324893    25.4872    25.4867     40.213        718    1476.98  51661.644    179.299      -0.15     -0.516 0.0000e+00
     39.000     7.1774    32.5764  1025.6664   3.324753    25.4866    25.4861     39.235        728    1476.96  51659.885    181.696       0.14     -0.377 0.0000e+00
     38.000     7.1797    32.5759  1025.6611   3.324845    25.4859    25.4854     38.214        734    1476.95  51657.905    183.358      -0.05     -0.609 0.0000e+00
     37.000     7.1829    32.5762  1025.6563   3.325189    25.4856    25.4851     37.211        743    1476.94  51656.617    185.394       0.08     -0.481 0.0000e+00
     36.000     7.1990    32.5855  1025.6567   3.327752    25.4899    25.4894     36.192        749    1477.01  51663.421    187.055      -0.38     -0.558 0.0000e+00
     35.000     7.3146    32.5833  1025.6346   3.337720    25.4732    25.4727     35.197        759    1477.43  51632.425    189.450       0.05     -0.399 0.0000e+00
     34.000     7.4068    32.5946  1025.6255   3.347666    25.4685    25.4681     34.192        767    1477.80  51622.284    191.428      -0.25     -0.575 0.0000e+00
     33.000     7.5785    32.6424  1025.6345   3.368245    25.4845    25.4840     33.181        772    1478.50  51652.768    192.762      -0.09     -0.713 0.0000e+00
     32.000     8.0906    32.5644  1025.4948   3.406193    25.3426    25.3422     32.172        782    1480.34  51402.280    195.334      -0.41     -0.290 0.0000e+00
     31.000     8.3025    32.5584  1025.4547   3.423811    25.3140    25.3135     31.157        789    1481.11  51360.195    197.063      -0.08     -0.650 0.0000e+00
     30.000     8.6612    32.5461  1025.3876   3.453405    25.2452    25.2448     30.212        800    1482.41  51250.308    199.687       0.01     -0.221 0.0000e+00
     29.000     8.7200    32.5798  1025.3988   3.463087    25.2728    25.2723     29.112        803    1482.68  51304.532    200.519      -0.57     -0.810 0.0000e+00
     28.000     8.9408    32.4956  1025.2951   3.472673    25.1674    25.1669     28.165        814    1483.37  51127.416    203.299      -0.40     -0.245 0.0000e+00
     27.000     8.9567    32.4944  1025.2871   3.473747    25.1635    25.1631     27.144        820    1483.41  51120.876    204.716      -0.02     -0.707 0.0000e+00
     26.000     9.0001    32.4976  1025.2783   3.477623    25.1599    25.1594     26.144        827    1483.56  51116.680    206.416      -0.06     -0.552 0.0000e+00
     25.000     9.0405    32.4773  1025.2516   3.478579    25.1373    25.1369     25.153        835    1483.66  51078.352    208.619       0.21     -0.443 0.0000e+00
     24.000     9.0315    32.4834  1025.2527   3.479126    25.1416    25.1412     24.124        841    1483.63  51084.608    209.971      -0.48     -0.667 0.0000e+00
     23.000     9.3169    32.5647  1025.2665   3.513323    25.1557    25.1553     23.144        849    1484.76  51134.072    211.931       0.09     -0.524 0.0000e+00
     22.000     9.5343    32.5524  1025.2175   3.531414    25.1142    25.1138     22.101        855    1485.54  51076.183    213.409      -0.80     -0.581 0.0000e+00
     21.000     9.7740    32.5605  1025.1800   3.553088    25.0889    25.0885     21.094        863    1486.41  51054.273    215.447      -0.33     -0.499 0.0000e+00
     20.000     9.8599    32.4672  1025.0899   3.548929    25.0005    25.0002     20.116        871    1486.56  50902.561    217.413      -0.44     -0.603 0.0000e+00
     19.000     9.6800    32.3634  1025.0328   3.522621    24.9408    24.9405     19.093        876    1485.78  50774.206    218.697       0.00     -0.763 0.0000e+00
     18.000     9.5780    32.3965  1025.0708   3.517649    24.9960    24.9957     18.114        885    1485.43  50864.562    221.102       0.20     -0.333 0.0000e+00
     17.000     9.6334    32.2749  1024.9630   3.509169    24.8779    24.8776     17.094        891    1485.45  50655.611    222.601      -0.40     -0.627 0.0000e+00
     16.000     9.5648    32.2849  1024.9761   3.505594    24.9050    24.9047     16.077        897    1485.22  50697.038    223.944       0.06     -0.771 0.0000e+00
     15.000    10.0150    32.2711  1024.8869   3.546585    24.7961    24.7958     15.111        908    1486.83  50543.286    226.747      -0.12     -0.156 0.0000e+00
     14.000    10.3066    32.2779  1024.8393   3.573053    24.7771    24.7768     14.054        912    1487.85  50547.580    227.706      -0.56     -0.828 0.0000e+00
     13.000    10.8543    32.1392  1024.6341   3.607165    24.5745    24.5742     13.072        918    1489.60  50254.319    229.346       0.28     -0.701 0.0000e+00
     12.000    11.1741    32.0615  1024.5109   3.629158    24.4557    24.4555     12.054        925    1490.66  50087.942    231.080      -0.08     -0.598 0.0000e+00
     11.000    11.8092    31.9418  1024.3019   3.671608    24.2498    24.2496     11.114        934    1492.66  49824.786    233.354       0.08     -0.317 0.0000e+00
     10.000    11.9187    31.8885  1024.2338   3.676874    24.1859    24.1856     10.041        938    1492.99  49728.053    234.173      -0.73     -0.772 0.0000e+00
      9.000    12.1147    31.8589  1024.1697   3.690965    24.1322    24.1320      9.028        943    1493.62  49668.076    235.606      -0.19     -0.890 0.0000e+00
      8.000    12.3581    31.7894  1024.0656   3.704579    24.0300    24.0298      8.028        952    1494.36  49530.908    237.860      -0.82     -0.466 0.0000e+00
      7.000    12.4656    31.8048  1024.0522   3.716260    24.0227    24.0225      7.036        958    1494.74  49538.533    239.303       0.13     -0.766 0.0000e+00
      6.000    12.7636    31.8060  1023.9919   3.743590    23.9652    23.9651      6.044        965    1495.72  49497.997    240.898      -0.21     -0.529 0.0000e+00
      5.000    13.2776    31.6583  1023.7736   3.773063    23.7527    23.7526      5.019        972    1497.24  49226.307    242.681      -0.11     -0.539 0.0000e+00
