CalculateIndicators/WaterTemperature/Data/CTD_NYOS/NYOS2006_C24.cnv
* Sea-Bird SBE19plus Data File:
* FileName = C:\Users\radar\Desktop\NYOS.2006\NYOS2006.ctd\NYOS2006_C24.hex
* Software Version 1.59
* Temperature SN =  4675
* Conductivity SN =  4675
* System UpLoad Time = Jun 10 2020 07:26:21
* NMEA Latitude = 40 30.5560 N
* NMEA Longitude = 073 26.6530 W
# nquan = 15
# nvalues = 29                          
# units = specified
# name 0 = depSM: Depth [salt water, m]
# name 1 = tv290C: Temperature [ITS-90, deg C]
# name 2 = sal00: Salinity, Practical [PSU]
# name 3 = density00: Density [density, kg/m^3]
# name 4 = c0S/m: Conductivity [S/m]
# name 5 = sigma-�00: Density [sigma-theta, kg/m^3]
# name 6 = sigma-t00: Density [sigma-t, kg/m^3 ]
# name 7 = prdM: Pressure, Strain Gauge [db]
# name 8 = scan: Scan Count
# name 9 = svCM: Sound Velocity [Chen-Millero, m/s]
# name 10 = specc: Specific Conductance [uS/cm]
# name 11 = timeS: Time, Elapsed [seconds]
# name 12 = accM: Acceleration [m/s^2]
# name 13 = dz/dtM: Descent Rate [m/s]
# name 14 = flag: flag
# span 0 =      1.000,     15.000       
# span 1 =    11.5492,    17.9763       
# span 2 =    29.8971,    31.7588       
# span 3 =  1021.3848,  1024.2234       
# span 4 =   3.623623,   3.985921       
# span 5 =    21.3805,    24.1542       
# span 6 =    21.3803,    24.1539       
# span 7 =      0.787,     15.128       
# span 8 =        173,        417       
# span 9 =    1491.64,    1509.97       
# span 10 =  46344.546,  49607.039      
# span 11 =     43.053,    103.967      
# span 12 =      -1.38,       1.23      
# span 13 =     -1.093,      0.895      
# span 14 = 0.0000e+00, 0.0000e+00      
# interval = meters: 1                  
# start_time = Jun 09 2020 21:26:36 [Instrument's time stamp, header]
# bad_flag = -9.990e-29
*END*
      1.000    17.9419    29.9258  1021.4085   3.984759    21.4051    21.4051      0.787        173    1509.88  46388.034     43.053      -1.21     -1.093 0.0000e+00
      2.000    17.9671    29.9133  1021.3979   3.985216    21.3881    21.3881      2.023        177    1509.95  46367.489     44.108       1.05     -0.138 0.0000e+00
      3.000    17.9763    29.9018  1021.3921   3.983818    21.3805    21.3803      2.952        214    1509.97  46358.931     53.243       0.57      0.274 0.0000e+00
      4.000    17.9248    29.9036  1021.4093   3.979894    21.3861    21.3859      4.086        218    1509.85  46346.909     54.195       0.91      0.895 0.0000e+00
      5.000    17.8923    29.8971  1021.4195   3.974312    21.3901    21.3899      5.080        242    1509.72  46344.546     60.144       1.23      0.609 0.0000e+00
      6.000    17.5871    29.9402  1021.5305   3.950023    21.4918    21.4915      6.056        252    1508.85  46418.384     62.814       0.30      0.892 0.0000e+00
      7.000    16.5595    30.1576  1021.9585   3.870258    21.8515    21.8512      7.029        262    1505.69  46709.974     65.146       0.32      0.344 0.0000e+00
      8.000    14.8043    30.5700  1022.6243   3.776228    22.5894    22.5891      8.095        267    1501.12  47522.653     66.383       0.74      0.861 0.0000e+00
      9.000    13.1776    31.2253  1023.4814   3.699751    23.4298    23.4296      9.024        276    1496.40  48620.925     68.652      -0.20      0.283 0.0000e+00
     10.000    12.3461    31.4559  1023.8162   3.655898    23.7795    23.7793     10.055        282    1493.99  49075.562     70.239       0.02      0.626 0.0000e+00
     11.000    11.9795    31.6014  1024.0042   3.639113    23.9533    23.9531     11.075        288    1492.89  49319.236     71.835       0.20      0.620 0.0000e+00
     12.000    11.7621    31.6874  1024.1153   3.630730    24.0634    24.0631     12.059        295    1492.25  49478.866     73.594      -0.12      0.577 0.0000e+00
     13.000    11.6502    31.7131  1024.1603   3.625025    24.1016    24.1013     13.065        303    1491.91  49528.528     75.585      -0.11      0.495 0.0000e+00
     14.000    11.5991    31.7324  1024.1892   3.623623    24.1257    24.1254     14.103        310    1491.77  49563.391     77.142       0.38      0.620 0.0000e+00
     15.000    11.5492    31.7588  1024.2234   3.624488    24.1542    24.1539     15.128        327    1491.64  49607.039     81.568      -1.11     -0.399 0.0000e+00
     14.000    11.5733    31.7520  1024.2090   3.625271    24.1477    24.1474     14.142        323    1491.70  49599.030     80.484      -0.34     -0.137 0.0000e+00
     13.000    11.5880    31.7451  1024.1965   3.626136    24.1372    24.1370     13.027        326    1491.73  49581.898     81.190      -0.76     -0.839 0.0000e+00
     12.000    11.6380    31.7311  1024.1711   3.630663    24.1209    24.1206     12.090        336    1491.89  49560.978     83.769      -0.43     -0.120 0.0000e+00
     11.000    11.7092    31.7240  1024.1488   3.636373    24.0993    24.0990     11.031        340    1492.09  49533.381     84.715      -0.60     -0.879 0.0000e+00
     10.000    11.9550    31.6615  1024.0513   3.652157    24.0056    24.0054     10.073        348    1492.85  49408.718     86.842       0.50     -0.450 0.0000e+00
      9.000    12.1552    31.6531  1024.0002   3.672413    23.9620    23.9618      9.039        354    1493.56  49367.972     88.328      -0.29     -0.658 0.0000e+00
      8.000    13.1089    31.4378  1023.6499   3.734622    23.6069    23.6067      8.070        363    1496.46  48927.725     90.447       0.10     -0.428 0.0000e+00
      7.000    13.5744    31.4686  1023.5646   3.789328    23.5605    23.5603      6.994        368    1498.23  48955.165     91.654      -0.57     -0.740 0.0000e+00
      6.000    15.4934    30.8022  1022.6456   3.885821    22.6396    22.6394      6.023        376    1503.59  47817.498     93.845      -0.53     -0.325 0.0000e+00
      5.000    16.9121    30.3264  1021.9698   3.952573    21.9572    21.9570      5.023        384    1507.31  47031.583     95.767      -0.25     -0.462 0.0000e+00
      4.000    17.6731    29.9763  1021.5220   3.977625    21.5079    21.5077      4.048        391    1509.22  46476.708     97.490      -0.71     -0.360 0.0000e+00
      3.000    17.8167    29.9501  1021.4655   3.984168    21.4551    21.4551      2.966        398    1509.57  46434.473     99.196      -1.12     -0.503 0.0000e+00
      2.000    17.9220    29.9054  1021.4020   3.985921    21.3942    21.3941      1.950        407    1509.81  46361.885    101.428      -1.38     -0.564 0.0000e+00
      1.000    17.9501    29.8974  1021.3848   3.985596    21.3805    21.3804      0.962        417    1509.87  46346.784    103.967      -0.93     -0.641 0.0000e+00
