CalculateIndicators/WaterTemperature/Data/CTD_NYOS/NYOS190727_5_2.cnv
* Sea-Bird SBE 9 Data File:
* FileName = C:\Seabird 9 CTD\Data\2019\201907_offshore\NYOS190727_5_2.hex
* Software Version Seasave V 7.23.2
* Temperature SN = 4590
* Conductivity SN = 3228
* Number of Bytes Per Scan = 44
* Number of Voltage Words = 5
* Number of Scans Averaged by the Deck Unit = 1
* NMEA Latitude = 40 16.04 N
* NMEA Longitude = 073 00.76 W
* NMEA UTC (Time) = Jul 27 2019  13:05:07
* NMEA baud rate = 4800
** Ship: Seawolf
** Station: 5-3
** Operator: eih
# nquan = 35
# nvalues = 74                          
# units = specified
# name 0 = depSM: Depth [salt water, m]
# name 1 = t090C: Temperature [ITS-90, deg C]
# name 2 = sal00: Salinity, Practical [PSU]
# name 3 = density00: Density [density, kg/m^3]
# name 4 = sbeox0V: Oxygen raw, SBE 43 [V]
# name 5 = sbeox0ML/L: Oxygen, SBE 43 [ml/l]
# name 6 = sbeox0PS: Oxygen, SBE 43 [% saturation]
# name 7 = sbox0dV/dT: Oxygen, SBE 43 [dov/dt]
# name 8 = oxsolML/L: Oxygen Saturation, Garcia & Gordon [ml/l]
# name 9 = oxsatML/L: Oxygen Saturation, Weiss [ml/l]
# name 10 = ph: pH
# name 11 = flECO-AFL: Fluorescence, WET Labs ECO-AFL/FL [mg/m^3]
# name 12 = n2satML/L: Nitrogen Saturation [ml/l]
# name 13 = c0S/m: Conductivity [S/m]
# name 14 = cpar: CPAR/Corrected Irradiance [%]
# name 15 = sigma-é00: Density [sigma-theta, kg/m^3]
# name 16 = sigma-t00: Density [sigma-t, kg/m^3 ]
# name 17 = par: PAR/Irradiance, Biospherical/Licor
# name 18 = prDM: Pressure, Digiquartz [db]
# name 19 = pumps: Pump Status
# name 20 = scan: Scan Count
# name 21 = svCM: Sound Velocity [Chen-Millero, m/s]
# name 22 = spar: SPAR, Biospherical/Licor
# name 23 = specc: Specific Conductance [uS/cm]
# name 24 = timeS: Time, Elapsed [seconds]
# name 25 = timeY: Time, System [seconds]
# name 26 = accM: Acceleration [m/s^2]
# name 27 = dz/dtM: Descent Rate [m/s]
# name 28 = latitude: Latitude [deg]
# name 29 = longitude: Longitude [deg]
# name 30 = gsw_saA0: Absolute Salinity [g/kg]
# name 31 = gsw_densityA0: density, TEOS-10 [density, kg/m^3]
# name 32 = gsw_sigma0A0: density, TEOS-10 [sigma-0, kg/m^3 ]
# name 33 = gsw_ptA0: potential temperature [ITS-90, deg C]
# name 34 = flag: flag
# span 0 =      1.000,     38.000       
# span 1 =     8.3288,    23.6430       
# span 2 =    31.1813,    32.4922       
# span 3 =  1020.8655,  1025.4291       
# span 4 =     1.8576,     2.9040       
# span 5 =     4.3726,     7.2609       
# span 6 =     65.929,    121.895       
# span 7 =   -0.08628,    0.36730       
# span 8 =    4.95951,    6.65895       
# span 9 =    4.94749,    6.66482       
# span 10 =      7.879,      8.248      
# span 11 =     0.0146,     1.3524      
# span 12 =    9.18849,   11.99720      
# span 13 =   3.416869,   4.666698      
# span 14 = 1.0743e-01, 5.2276e+01      
# span 15 =    20.8567,    25.2564      
# span 16 =    20.8566,    25.2559      
# span 17 = 1.9862e+00, 9.9049e+02      
# span 18 =      1.042,     38.295      
# span 19 =         -0,          1      
# span 20 =        559,      10361      
# span 21 =    1481.21,    1526.96      
# span 22 = 1.8550e+03, 1.9352e+03      
# span 23 =  47895.862,  51259.511      
# span 24 =     23.242,    431.670      
# span 25 = 1564232731, 1564233139      
# span 26 =      -0.40,       0.33      
# span 27 =     -0.888,      0.876      
# span 28 =   40.26700,   40.26732      
# span 29 =  -73.01264,  -73.01243      
# span 30 =    31.3346,    32.6449      
# span 31 =  1020.8740,  1025.4318      
# span 32 =    20.8654,    25.2584      
# span 33 =     8.3250,    23.6426      
# span 34 = 0.0000e+00, 0.0000e+00      
# interval = meters: 1                  
# start_time = Jul 27 2019 13:05:08 [System UTC, first data scan.]
# bad_flag = -9.990e-29
*END*
      2.000    23.6430    31.1813  1020.8655     2.2409     5.4917    109.974    0.36730    4.99176    4.97987      8.170     0.0164    9.24252   4.660935 5.2276e+01    20.8567    20.8566 9.9049e+02      2.022         -0        559    1526.96 1.8947e+03  47895.862     23.242 1564232731       0.33      0.039   40.26732  -73.01264    31.3346  1020.8740    20.8654    23.6426 0.0000e+00
      3.000    23.5611    31.2734  1020.9631     2.4944     5.4596    108.718    0.16505    5.02182    5.01006      8.173     0.0584    9.29229   4.663931 4.5859e+01    20.9502    20.9500 8.6504e+02      3.023          1        607    1526.87 1.8862e+03  48025.466     25.255 1564232733       0.09      0.466   40.26732  -73.01264    31.4147  1020.9623    20.9493    23.5605 0.0000e+00
      4.000    22.9894    31.2602  1021.1205     2.5778     5.2437    104.253    0.04069    5.02983    5.01810      8.175     0.0863    9.30554   4.605837 3.5688e+01    21.1032    21.1030 6.7399e+02      4.036          1        651    1525.41 1.8885e+03  48020.568     27.103 1564232735       0.09      0.528   40.26732  -73.01264    31.3806  1021.1044    21.0870    22.9886 0.0000e+00
      5.000    22.8623    31.2801  1021.1760     2.5891     5.2043    103.000    0.01394    5.05275    5.04114      8.176     0.1081    9.34369   4.598195 2.9415e+01    21.1543    21.1540 5.5532e+02      5.036          1        683    1525.12 1.8878e+03  48051.632     28.431 1564232736       0.10      0.722   40.26731  -73.01264    31.4127  1021.1688    21.1472    22.8613 0.0000e+00
      6.000    22.7875    31.2883  1021.2077     2.5866     5.2465    101.954   -0.00128    5.14586    5.13477      8.182     0.1626    9.49810   4.592452 2.5688e+01    21.1817    21.1813 4.8482e+02      6.048          1        722    1524.95 1.8872e+03  48065.321     30.040 1564232738      -0.11      0.650   40.26730  -73.01264    31.4220  1021.2014    21.1754    22.7863 0.0000e+00
      7.000    22.5008    31.2945  1021.2969     2.6133     5.5573    104.752    0.01436    5.30449    5.29452      8.193     0.2526    9.76094   4.563224 2.4173e+01    21.2665    21.2661 4.5595e+02      7.055          1        758    1524.22 1.8862e+03  48081.856     31.524 1564232739       0.13      0.645   40.26730  -73.01264    31.4030  1021.2718    21.2414    22.4995 0.0000e+00
      8.000    21.5954    31.3593  1021.5994     2.6616     6.1035    109.317    0.03213    5.58236    5.57490      8.215     0.3784   10.21877   4.483286 1.5827e+01    21.5646    21.5642 2.9955e+02      8.061          1        791    1521.91 1.8927e+03  48200.474     32.904 1564232741      -0.04      0.745   40.26730  -73.01264    31.4373  1021.5513    21.5165    21.5938 0.0000e+00
      9.000    20.0837    31.4706  1022.0888     2.7548     6.6954    116.667    0.05558    5.73821    5.73240      8.240     0.3311   10.47500   4.348666 1.2224e+01    22.0492    22.0488 2.3108e+02      9.073          1        825    1517.91 1.8904e+03  48415.304     34.349 1564232742       0.04      0.676   40.26730  -73.01264    31.4802  1021.9887    21.9493    20.0821 0.0000e+00
     10.000    17.4370    31.8411  1023.0288     2.8296     7.1141    121.895    0.06709    5.83610    5.83137      8.248     0.3236   10.63685   4.143454 1.2593e+01    22.9847    22.9844 2.3767e+02     10.072          1        856    1510.65 1.8872e+03  49087.277     35.628 1564232743       0.01      0.784   40.26730  -73.01264    31.8000  1022.8884    22.8442    17.4353 0.0000e+00
     11.000    15.3323    32.2135  1023.8030     2.8415     7.0251    116.401    0.00397    6.03547    6.03301      8.248     0.3141   10.96733   3.996178 1.0357e+01    23.7541    23.7537 1.9461e+02     11.091          1        902    1504.68 1.8792e+03  49773.333     37.530 1564232745      -0.15      0.519   40.26730  -73.01264    32.1933  1023.6763    23.6273    15.3306 0.0000e+00
     12.000    14.3799    32.2412  1024.0307     2.8406     7.1161    115.760   -0.00313    6.14718    6.14608      8.241     0.3513   11.15218   3.909864 9.2467e+00    23.9770    23.9766 1.7390e+02     12.093          1        935    1501.67 1.8807e+03  49912.369     38.908 1564232747       0.26      0.667   40.26730  -73.01264    32.1962  1023.8842    23.8306    14.3782 0.0000e+00
     13.000    13.2515    32.2675  1024.2855     2.8449     7.2609    117.175    0.00634    6.19667    6.19617      8.229     0.4156   11.23435   3.810041 8.1440e+00    24.2270    24.2267 1.5376e+02     13.101          1        966    1498.01 1.8881e+03  50083.231     40.205 1564232748      -0.05      0.805   40.26730  -73.01264    32.2151  1024.1323    24.0739    13.2497 0.0000e+00
     14.000    12.2254    32.2998  1024.5139     2.8150     7.0924    113.111   -0.01618    6.27064    6.27107      8.223     0.4768   11.35695   3.724190 6.6619e+00    24.4509    24.4506 1.2634e+02     14.107          1        997    1494.60 1.8966e+03  50267.997     41.519 1564232749       0.04      0.746   40.26728  -73.01264    32.2742  1024.3805    24.3173    12.2236 0.0000e+00
     15.000    11.6783    32.2888  1024.6114     2.7640     6.9610    108.971   -0.03005    6.38819    6.39020      8.194     0.6253   11.55093   3.676701 5.5286e+00    24.5436    24.5432 1.0454e+02     15.117          1       1037    1492.72 1.8907e+03  50333.566     43.164 1564232751      -0.16      0.646   40.26728  -73.01264    32.2867  1024.4959    24.4280    11.6764 0.0000e+00
     16.000    10.9752    32.2906  1024.7435     2.6790     6.6031    102.309   -0.04911    6.45436    6.45729      8.149     0.8455   11.65983   3.613558 4.7614e+00    24.6708    24.6705 8.9584e+01     16.127          1       1076    1490.28 1.8814e+03  50448.771     44.807 1564232752       0.22      0.570   40.26728  -73.01262    32.2795  1024.6203    24.5477    10.9733 0.0000e+00
     17.000    10.2541    32.3461  1024.9153     2.5851     6.1650     95.047   -0.06883    6.48661    6.49000      8.124     0.9924   11.71283   3.557016 3.9284e+00    24.8379    24.8376 7.3950e+01     17.128          1       1108    1487.80 1.8825e+03  50653.083     46.125 1564232754      -0.01      0.766   40.26728  -73.01262    32.3514  1024.8040    24.7266    10.2522 0.0000e+00
     18.000     9.7607    32.3991  1025.0434     2.4843     5.9256     90.957   -0.06169    6.51469    6.51849      8.109     1.1157   11.75905   3.521077 3.2534e+00    24.9613    24.9610 6.1306e+01     18.145          1       1148    1486.10 1.8844e+03  50819.780     47.804 1564232755      -0.05      0.586   40.26728  -73.01262    32.4278  1024.9498    24.8676     9.7587 0.0000e+00
     19.000     9.5347    32.4282  1025.1074     2.4352     5.9235     90.703   -0.04520    6.53073    6.53476      8.108     1.1313   11.78552   3.505688 2.6089e+00    25.0206    25.0203 4.9350e+01     19.149          1       1178    1485.32 1.8918e+03  50905.037     49.044 1564232757       0.20      0.738   40.26727  -73.01262    32.4736  1025.0265    24.9396     9.5326 0.0000e+00
     20.000     9.3902    32.4426  1025.1465     2.4115     6.0094     91.820   -0.02811    6.54473    6.54895      8.114     1.1599   11.80870   3.495564 2.0691e+00    25.0550    25.0547 3.9212e+01     20.151          1       1206    1484.83 1.8951e+03  50954.762     50.199 1564232758       0.01      0.876   40.26726  -73.01262    32.4998  1025.0745    24.9831     9.3881 0.0000e+00
     21.000     9.2217    32.4557  1025.1881     2.3938     6.1610     93.512   -0.00940    6.58856    6.59341      8.076     1.3017   11.88101   3.483780 1.7197e+00    25.0920    25.0916 3.2390e+01     21.165          1       1249    1484.24 1.8833e+03  51007.942     51.980 1564232760      -0.19      0.594   40.26726  -73.01262    32.5308  1025.1299    25.0338     9.2195 0.0000e+00
     22.000     9.0477    32.4527  1025.2176     2.3190     5.6378     85.206   -0.04297    6.61666    6.62193      8.018     1.2286   11.92729   3.468640 1.4067e+00    25.1169    25.1165 2.6438e+01     22.175          1       1290    1483.61 1.8795e+03  51039.904     53.693 1564232761       0.22      0.552   40.26726  -73.01262    32.5318  1025.1625    25.0617     9.0454 0.0000e+00
     23.000     8.8099    32.4709  1025.2733     2.2246     5.1050     77.077   -0.06780    6.62338    6.62874      7.974     1.0017   11.93838   3.450194 1.1145e+00    25.1678    25.1675 2.0936e+01     23.177          1       1319    1482.77 1.8786e+03  51116.393     54.935 1564232763       0.05      0.786   40.26726  -73.01262    32.5566  1025.2231    25.1177     8.8075 0.0000e+00
     24.000     8.6359    32.4858  1025.3162     2.1020     4.5336     68.401   -0.08628    6.62794    6.63337      7.949     0.7328   11.94591   3.437494 9.4838e-01    25.2062    25.2058 1.7889e+01     24.193          1       1354    1482.15 1.8865e+03  51176.315     56.369 1564232764      -0.05      0.703   40.26726  -73.01262    32.5829  1025.2747    25.1645     8.6335 0.0000e+00
     25.000     8.5842    32.4860  1025.3288     2.0267     4.3726     65.929   -0.07696    6.63230    6.63779      7.941     0.7008   11.95310   3.433732 7.3794e-01    25.2141    25.2137 1.3994e+01     25.194          1       1380    1481.98 1.8965e+03  51188.031     57.464 1564232765       0.21      0.823   40.26726  -73.01262    32.5905  1025.2930    25.1783     8.5817 0.0000e+00
     26.000     8.5496    32.4889  1025.3409     1.9667     4.4064     66.418   -0.05186    6.63442    6.63994      7.936     0.5650   11.95662   3.431844 6.0965e-01    25.2216    25.2212 1.1570e+01     26.198          1       1413    1481.87 1.8978e+03  51200.487     58.825 1564232766      -0.17      0.807   40.26726  -73.01262    32.6021  1025.3119    25.1925     8.5470 0.0000e+00
     27.000     8.4987    32.4901  1025.3541     1.9057     4.4875     67.607   -0.02140    6.63766    6.64323      7.927     0.3866   11.96198   3.428586 5.2932e-01    25.2301    25.2297 9.9546e+00     27.212          1       1474    1481.69 1.8805e+03  51213.980     61.358 1564232769      -0.06      0.352   40.26725  -73.01262    32.6143  1025.3337    25.2097     8.4960 0.0000e+00
     28.000     8.4755    32.4901  1025.3622     1.8820     4.5232     68.136   -0.00916    6.63839    6.64396      7.924     0.3439   11.96319   3.427387 4.6121e-01    25.2337    25.2332 8.6537e+00     28.220          1       1530    1481.62 1.8765e+03  51219.824     63.707 1564232771       0.09      0.458   40.26724  -73.01262    32.6227  1025.3482    25.2196     8.4727 0.0000e+00
     29.000     8.4692    32.4896  1025.3674     1.8726     4.5252     68.168   -0.00558    6.63837    6.64394 -9.990e-29     0.3353   11.96317   3.427285 3.8805e-01    25.2342    25.2338 7.3463e+00     29.224          1       1572    1481.62 1.8934e+03  51221.113     65.465 1564232773       0.05      0.566   40.26724  -73.01262    32.6270  1025.3571    25.2240     8.4663 0.0000e+00
     30.000     8.4663    32.4851  1025.3689     1.8633     4.5325     68.240   -0.00181    6.64200    6.64763 -9.990e-29     0.3282   11.96920   3.427290 3.3965e-01    25.2311    25.2307 6.3821e+00     30.234          1       1669    1481.62 1.8788e+03  51216.021     69.482 1564232777       0.01      0.235   40.26723  -73.01261    32.6293  1025.3640    25.2262     8.4633 0.0000e+00
     31.000     8.4345    32.4864  1025.3793     1.8643     4.5667     68.713    0.00114    6.64606    6.65175 -9.990e-29     0.3984   11.97588   3.425025 2.9293e-01    25.2369    25.2364 5.5273e+00     31.244          1       1771    1481.51 1.8874e+03  51225.542     73.758 1564232781       0.00      0.269   40.26722  -73.01261    32.6343  1025.3773    25.2349     8.4314 0.0000e+00
     32.000     8.4172    32.4867  1025.3868     1.8742     4.6220     69.524    0.00336    6.64806    6.65378      7.916     0.4589   11.97919   3.423713 2.5501e-01    25.2398    25.2393 4.8221e+00     32.248          1       1848    1481.47 1.8907e+03  51230.604     76.942 1564232785       0.14      0.358   40.26722  -73.01260    32.6361  1025.3858    25.2388     8.4140 0.0000e+00
     33.000     8.3917    32.4882  1025.3963     1.8904     4.6836     70.402    0.00372    6.65273    6.65851 -9.990e-29     0.5914   11.98687   3.421805 2.1727e-01    25.2447    25.2442 4.0925e+00     33.256          1       1959    1481.39 1.8839e+03  51238.963     81.574 1564232789       0.03      0.392   40.26722  -73.01260    32.6390  1025.3965    25.2449     8.3884 0.0000e+00
     34.000     8.3644    32.4914  1025.4075     1.8927     4.6545     69.933   -0.00052    6.65565    6.66148 -9.990e-29     0.5451   11.99170   3.419849 1.8753e-01    25.2513    25.2508 3.5452e+00     34.267          1       2061    1481.30 1.8903e+03  51250.303     85.850 1564232793       0.03      0.195   40.26721  -73.01260    32.6431  1025.4084    25.2522     8.3610 0.0000e+00
     35.000     8.3451    32.4922  1025.4156     1.8862     4.6227     69.434   -0.00186    6.65775    6.66361      7.910     0.4642   11.99517   3.418322 1.6106e-01    25.2548    25.2543 3.0388e+00     35.274          1       2157    1481.25 1.8869e+03  51256.415     89.827 1564232797       0.02      0.279   40.26720  -73.01260    32.6444  1025.4169    25.2560     8.3416 0.0000e+00
     36.000     8.3329    32.4920  1025.4219     1.8780     4.6017     69.110   -0.00133    6.65854    6.66441      7.905     0.3845   11.99648   3.417347 1.3787e-01    25.2564    25.2559 2.6035e+00     36.282          1       2274    1481.22 1.8882e+03  51259.511     94.701 1564232802       0.14      0.180   40.26720  -73.01260    32.6449  1025.4237    25.2583     8.3293 0.0000e+00
     37.000     8.3304    32.4910  1025.4261     1.8761     4.6062     69.173   -0.00029    6.65894    6.66481      7.901     0.3884   11.99715   3.417138 1.1964e-01    25.2561    25.2555 2.2608e+00     37.288          1       2399    1481.23 1.8899e+03  51259.387     99.922 1564232808       0.17      0.278   40.26718  -73.01258    32.6446  1025.4284    25.2584     8.3267 0.0000e+00
     38.000     8.3288    32.4887  1025.4291     1.8739     4.5987     69.060   -0.00017    6.65895    6.66482      7.886     0.3496   11.99720   3.416869 1.0743e-01    25.2545    25.2539 1.9862e+00     38.295          1       2986    1481.24 1.8550e+03  51257.083    124.390 1564232832      -0.09      0.080   40.26716  -73.01258    32.6427  1025.4318    25.2572     8.3250 0.0000e+00
     37.000     8.3308    32.4872  1025.4230     1.8744     4.6028     69.128    0.00017    6.65848    6.66434      7.887     0.3686   11.99644   3.416872 1.2233e-01    25.2530    25.2524 2.2979e+00     37.290          1       3571    1481.23 1.8781e+03  51253.841    148.729 1564232856      -0.11     -0.333   40.26712  -73.01256    32.6413  1025.4258    25.2558     8.3272 0.0000e+00
     36.000     8.3326    32.4870  1025.4180     1.8753     4.6099     69.238    0.00068    6.65807    6.66392      7.887     0.3740   11.99577   3.416975 1.3865e-01    25.2526    25.2520 2.6221e+00     36.276          1       3628    1481.21 1.8911e+03  51252.480    151.105 1564232859      -0.20     -0.473   40.26712  -73.01256    32.6413  1025.4209    25.2555     8.3290 0.0000e+00
     35.000     8.3354    32.4865  1025.4126     1.8765     4.6123     69.288    0.00067    6.65665    6.66249 -9.990e-29     0.4104   11.99344   3.417126 1.6415e-01    25.2518    25.2513 3.1153e+00     35.277          1       3670    1481.21 1.8975e+03  51250.532    152.894 1564232861       0.03     -0.508   40.26712  -73.01256    32.6407  1025.4155    25.2547     8.3319 0.0000e+00
     34.000     8.3442    32.4850  1025.4055     1.8813     4.6360     69.692    0.00197    6.65211    6.65787      7.890     0.5527   11.98597   3.417796 1.9018e-01    25.2493    25.2488 3.6360e+00     34.260          1       3751    1481.22 1.9121e+03  51245.855    156.232 1564232864      -0.27     -0.265   40.26712  -73.01256    32.6402  1025.4091    25.2529     8.3408 0.0000e+00
