CalculateIndicators/WaterTemperature/Data/CTD_NYOS/NYOS190726_4_6.cnv
* Sea-Bird SBE 9 Data File:
* FileName = C:\Seabird 9 CTD\Data\2019\201907_offshore\NYOS190726_4_6.hex
* Software Version Seasave V 7.23.2
* Temperature SN = 4590
* Conductivity SN = 3228
* Number of Bytes Per Scan = 44
* Number of Voltage Words = 5
* Number of Scans Averaged by the Deck Unit = 1
* NMEA Latitude = 39 14.39 N
* NMEA Longitude = 072 17.77 W
* NMEA UTC (Time) = Jul 26 2019  11:37:24
* NMEA baud rate = 4800
** Ship: seawolf
** Station: 4-6
** Operator: kal
** Redo from previous cast.
# nquan = 35
# nvalues = 998                         
# units = specified
# name 0 = depSM: Depth [salt water, m]
# name 1 = t090C: Temperature [ITS-90, deg C]
# name 2 = sal00: Salinity, Practical [PSU]
# name 3 = density00: Density [density, kg/m^3]
# name 4 = sbeox0V: Oxygen raw, SBE 43 [V]
# name 5 = sbeox0ML/L: Oxygen, SBE 43 [ml/l]
# name 6 = sbeox0PS: Oxygen, SBE 43 [% saturation]
# name 7 = sbox0dV/dT: Oxygen, SBE 43 [dov/dt]
# name 8 = oxsolML/L: Oxygen Saturation, Garcia & Gordon [ml/l]
# name 9 = oxsatML/L: Oxygen Saturation, Weiss [ml/l]
# name 10 = ph: pH
# name 11 = flECO-AFL: Fluorescence, WET Labs ECO-AFL/FL [mg/m^3]
# name 12 = n2satML/L: Nitrogen Saturation [ml/l]
# name 13 = c0S/m: Conductivity [S/m]
# name 14 = cpar: CPAR/Corrected Irradiance [%]
# name 15 = sigma-é00: Density [sigma-theta, kg/m^3]
# name 16 = sigma-t00: Density [sigma-t, kg/m^3 ]
# name 17 = par: PAR/Irradiance, Biospherical/Licor
# name 18 = prDM: Pressure, Digiquartz [db]
# name 19 = pumps: Pump Status
# name 20 = scan: Scan Count
# name 21 = svCM: Sound Velocity [Chen-Millero, m/s]
# name 22 = spar: SPAR, Biospherical/Licor
# name 23 = specc: Specific Conductance [uS/cm]
# name 24 = timeS: Time, Elapsed [seconds]
# name 25 = timeY: Time, System [seconds]
# name 26 = accM: Acceleration [m/s^2]
# name 27 = dz/dtM: Descent Rate [m/s]
# name 28 = latitude: Latitude [deg]
# name 29 = longitude: Longitude [deg]
# name 30 = gsw_saA0: Absolute Salinity [g/kg]
# name 31 = gsw_densityA0: density, TEOS-10 [density, kg/m^3]
# name 32 = gsw_sigma0A0: density, TEOS-10 [sigma-0, kg/m^3 ]
# name 33 = gsw_ptA0: potential temperature [ITS-90, deg C]
# name 34 = flag: flag
# span 0 =      1.000,    500.000       
# span 1 =     7.1378,    24.7922       
# span 2 =    32.1083,    35.6653       
# span 3 =  1021.2328,  1029.7827       
# span 4 =     1.4033,     2.8448       
# span 5 =     2.9150,     6.6339       
# span 6 =     46.784,    118.427       
# span 7 =   -0.07244,    0.07575       
# span 8 =    4.82976,    6.72140       
# span 9 =    4.81757,    6.73125       
# span 10 =      7.960,      8.268      
# span 11 =    -0.0653,     1.0739      
# span 12 =    8.96293,   12.06852      
# span 13 =   3.573656,   4.915405      
# span 14 = -2.756e-06, 7.9013e+01      
# span 15 =    21.2242,    27.4902      
# span 16 =    21.2241,    27.4833      
# span 17 = -4.345e-05, 6.6742e+02      
# span 18 =      1.009,    504.435      
# span 19 =          0,          1      
# span 20 =        176,      48659      
# span 21 =    1487.62,    1531.07      
# span 22 = 4.3707e+02, 1.7537e+03      
# span 23 =  49146.092,  55596.086      
# span 24 =      7.300,   2027.421      
# span 25 = 1564141053, 1564143073      
# span 26 =      -0.51,       0.50      
# span 27 =     -1.059,      1.090      
# span 28 =   39.23962,   39.24020      
# span 29 =  -72.29999,  -72.29623      
# span 30 =    32.2575,    35.8321      
# span 31 =  1021.2343,  1029.7861      
# span 32 =    21.2257,    27.4936      
# span 33 =     7.0888,    24.7912      
# span 34 = 0.0000e+00, 0.0000e+00      
# interval = meters: 1                  
# start_time = Jul 26 2019 11:37:25 [System UTC, first data scan.]
# bad_flag = -9.990e-29
*END*
[from data line 83]
     85.000    13.2511    34.9424  1026.6798     2.0410     4.3753     75.060   -0.01832    5.82911    5.82612      8.102     0.0048   10.59327   4.123187 6.3150e-14    26.2999    26.2975 1.0000e-12     85.670          1       3514    1502.37 1.5836e+03  53832.081    146.383 1564141192      -0.04      0.654   39.24000  -72.29666    35.1518  1026.7180    26.3381    13.2392 0.0000e+00
     86.000    13.6795    35.1222  1026.7347     2.0098     4.2533     72.993   -0.02311    5.82703    5.82403      8.102    -0.0028   10.58971   4.183020 6.3357e-14    26.3513    26.3487 1.0000e-12     86.676          1       3548    1504.01 1.5784e+03  54021.551    147.812 1564141193       0.07      0.686   39.24000  -72.29666    35.3232  1026.7659    26.3824    13.6672 0.0000e+00
     87.000    13.7687    35.1529  1026.7442     1.9930     4.2669     73.274   -0.01298    5.82321    5.82017      8.102     0.0114   10.58319   4.193621 6.3379e-14    26.3564    26.3538 1.0000e-12     87.683          1       3585    1504.35 1.5778e+03  54051.961    149.335 1564141195      -0.08      0.683   39.24000  -72.29666    35.3405  1026.7650    26.3772    13.7562 0.0000e+00
     88.000    13.7875    35.1676  1026.7562     1.9844     4.2918     73.726   -0.00502    5.82133    5.81828      8.102    -0.0032   10.57999   4.196695 6.3225e-14    26.3639    26.3613 1.0000e-12     88.695          1       3625    1504.45 1.5817e+03  54070.296    151.010 1564141196       0.04      0.585   39.24000  -72.29666    35.3517  1026.7742    26.3819    13.7748 0.0000e+00
     89.000    13.8120    35.1827  1026.7672     1.9799     4.2858     73.626   -0.00395    5.82108    5.81802      8.102 -9.990e-29   10.57952   4.200544 6.2840e-14    26.3705    26.3679 1.0000e-12     89.703          1       3656    1504.56 1.5914e+03  54088.477    152.296 1564141198       0.15      0.732   39.24000  -72.29666    35.3649  1026.7837    26.3870    13.7991 0.0000e+00
     90.000    13.8239    35.1895  1026.7744     1.9774     4.2869     73.669   -0.00249    5.81909    5.81602      8.102 -9.990e-29   10.57614   4.202154 6.2592e-14    26.3733    26.3706 1.0000e-12     90.704          1       3684    1504.63 1.5977e+03  54096.825    153.461 1564141199       0.03      0.857   39.24000  -72.29666    35.3686  1026.7885    26.3874    13.8110 0.0000e+00
     91.000    13.8263    35.1947  1026.7824     1.9750     4.2813     73.647   -0.00163    5.81323    5.81010      8.102 -9.990e-29   10.56613   4.202741 6.3096e-14    26.3769    26.3741 1.0000e-12     91.717          1       3723    1504.66 1.5849e+03  54104.217    155.065 1564141200      -0.17      0.666   39.24000  -72.29667    35.3716  1026.7947    26.3892    13.8131 0.0000e+00
     92.000    13.8431    35.2058  1026.7918     1.9720     4.2716     73.508   -0.00160    5.81106    5.80791      8.102 -9.990e-29   10.56239   4.205609 6.3699e-14    26.3819    26.3791 1.0000e-12     92.727          1       3761    1504.74 1.5699e+03  54117.654    156.675 1564141202       0.12      0.601   39.24000  -72.29668    35.3826  1026.8041    26.3942    13.8299 0.0000e+00
     93.000    13.8833    35.2326  1026.8086     1.9687     4.2576     73.262   -0.00244    5.81146    5.80833      8.101 -9.990e-29   10.56287   4.212526 6.3407e-14    26.3943    26.3915 1.0000e-12     93.729          1       3795    1504.92 1.5771e+03  54150.058    158.078 1564141203      -0.01      0.720   39.24000  -72.29668    35.4102  1026.8213    26.4071    13.8698 0.0000e+00
     94.000    13.8951    35.2471  1026.8218     1.9632     4.2383     72.952   -0.00286    5.80962    5.80650      8.097    -0.0070   10.55943   4.214834 6.2931e-14    26.4030    26.4002 1.0000e-12     94.744          1       3838    1504.99 1.5891e+03  54168.810    159.879 1564141205      -0.07      0.559   39.24000  -72.29669    35.4205  1026.8313    26.4126    13.8815 0.0000e+00
     95.000    13.8857    35.2654  1026.8424     1.9546     4.1939     72.243   -0.00550    5.80535    5.80220      8.097    -0.0074   10.55194   4.215796 6.2863e-14    26.4192    26.4164 1.0000e-12     95.751          1       3874    1505.00 1.5907e+03  54195.877    161.373 1564141207       0.16      0.639   39.24000  -72.29670    35.4379  1026.8511    26.4279    13.8720 0.0000e+00
     96.000    13.8887    35.2917  1026.8666     1.9460     4.1642     71.713   -0.00651    5.80672    5.80360      8.095    -0.0096   10.55410   4.219123 6.3026e-14    26.4390    26.4361 1.0000e-12     96.754          1       3904    1505.06 1.5866e+03  54232.258    162.626 1564141208       0.04      0.793   39.24000  -72.29670    35.4660  1026.8765    26.4490    13.8748 0.0000e+00
     97.000    13.9127    35.3306  1026.8961     1.9363     4.1350     71.210   -0.00679    5.80677    5.80364      8.094    -0.0115   10.55409   4.225572 6.3141e-14    26.4641    26.4611 1.0000e-12     97.765          1       3940    1505.20 1.5837e+03  54282.998    164.115 1564141209      -0.09      0.702   39.24000  -72.29670    35.5040  1026.9052    26.4732    13.8986 0.0000e+00
     98.000    13.9015    35.3465  1026.9152     1.9299     4.1322     71.175   -0.00428    5.80570    5.80257 -9.990e-29    -0.0091   10.55216   4.225846 6.3178e-14    26.4788    26.4758 1.0000e-12     98.775          1       3978    1505.20 1.5828e+03  54306.974    165.708 1564141211       0.00      0.630   39.24000  -72.29670    35.5165  1026.9216    26.4852    13.8873 0.0000e+00
     99.000    13.8987    35.3545  1026.9264     1.9263     4.1330     71.177   -0.00272    5.80667    5.80357 -9.990e-29    -0.0097   10.55352   4.226568 6.3274e-14    26.4855    26.4825 1.0000e-12     99.782          1       4012    1505.22 1.5805e+03  54318.779    167.126 1564141212       0.07      0.691   39.24000  -72.29670    35.5254  1026.9336    26.4927    13.8844 0.0000e+00
    100.000    13.9039    35.3666  1026.9391     1.9227     4.1260     71.023   -0.00260    5.80943    5.80637 -9.990e-29    -0.0053   10.55794   4.228359 6.3162e-14    26.4938    26.4908 1.0000e-12    100.791          1       4044    1505.26 1.5833e+03  54335.368    168.468 1564141214       0.01      0.749   39.24000  -72.29672    35.5370  1026.9459    26.5005    13.8894 0.0000e+00
    101.000    13.8947    35.3842  1026.9592     1.9185     4.1186     70.774   -0.00308    5.81940    5.81646 -9.990e-29    -0.0086   10.57450   4.229296 6.3013e-14    26.5094    26.5063 1.0000e-12    101.797          1       4074    1505.27 1.5870e+03  54361.317    169.689 1564141215       0.08      0.794   39.24000  -72.29672    35.5540  1026.9653    26.5155    13.8801 0.0000e+00
    102.000    13.8620    35.4017  1026.9841     1.9116     4.0971     70.309   -0.00429    5.82731    5.82446      8.089    -0.0239   10.58769   4.227537 6.2735e-14    26.5298    26.5267 1.0000e-12    102.802          1       4110    1505.20 1.5940e+03  54390.214    171.229 1564141216      -0.17      0.702   39.24000  -72.29672    35.5673  1026.9869    26.5327    13.8472 0.0000e+00
    103.000    13.7389    35.3981  1027.0118     1.9022     4.0817     69.919   -0.00383    5.83769    5.83497      8.086    -0.0165   10.60495   4.214760 6.3583e-14    26.5528    26.5497 1.0000e-12    103.821          1       4167    1504.81 1.5727e+03  54402.380    173.580 1564141219       0.07      0.363   39.24000  -72.29672    35.5607  1027.0123    26.5533    13.7241 0.0000e+00
    104.000    13.6777    35.3844  1027.0185     1.8967     4.0627     69.608   -0.00423    5.83650    5.83377      8.084    -0.0105   10.60287   4.206969 6.3697e-14    26.5550    26.5519 1.0000e-12    104.824          1       4198    1504.61 1.5699e+03  54392.253    174.896 1564141220       0.27      0.676   39.24000  -72.29673    35.5435  1027.0164    26.5529    13.6628 0.0000e+00
    105.000    13.6386    35.3836  1027.0306     1.8938     4.0607     69.576   -0.00326    5.83630    5.83357      8.084    -0.0289   10.60246   4.203464 6.3111e-14    26.5625    26.5594 1.0000e-12    105.827          1       4225    1504.50 1.5845e+03  54397.170    176.019 1564141221       0.07      0.875   39.24000  -72.29674    35.5463  1027.0312    26.5631    13.6236 0.0000e+00
    106.000    13.6333    35.3910  1027.0420     1.8903     4.0604     69.522   -0.00230    5.84044    5.83777      8.084    -0.0299   10.60929   4.204025 6.2504e-14    26.5694    26.5663 1.0000e-12    106.837          1       4260    1504.51 1.5999e+03  54408.686    177.476 1564141223      -0.16      0.745   39.23999  -72.29674    35.5562  1027.0444    26.5719    13.6181 0.0000e+00
    107.000    13.6343    35.4013  1027.0541     1.8834     4.0313     68.991   -0.00408    5.84317    5.84053      8.085    -0.0163   10.61378   4.205269 6.2682e-14    26.5771    26.5740 1.0000e-12    107.850          1       4300    1504.54 1.5954e+03  54423.192    179.144 1564141224       0.04      0.585   39.24000  -72.29674    35.5665  1027.0567    26.5797    13.6190 0.0000e+00
    108.000    13.5984    35.4036  1027.0680     1.8781     4.0152     68.703   -0.00437    5.84423    5.84160      8.083    -0.0387   10.61553   4.201729 6.3042e-14    26.5864    26.5832 1.0000e-12    108.855          1       4331    1504.44 1.5862e+03  54431.914    180.428 1564141226       0.14      0.737   39.23998  -72.29674    35.5660  1027.0682    26.5867    13.5830 0.0000e+00
    109.000    13.5771    35.4061  1027.0788     1.8752     4.0196     68.774   -0.00251    5.84467    5.84205      8.082    -0.0384   10.61625   4.200173 6.3178e-14    26.5928    26.5896 1.0000e-12    109.860          1       4365    1504.39 1.5828e+03  54438.827    181.843 1564141227      -0.11      0.749   39.23998  -72.29674    35.5706  1027.0807    26.5947    13.5616 0.0000e+00
    110.000    13.5652    35.4068  1027.0863     1.8715     4.0136     68.659   -0.00200    5.84577    5.84316      8.082    -0.0309   10.61806   4.199179 6.3302e-14    26.5958    26.5926 1.0000e-12    110.875          1       4409    1504.37 1.5797e+03  54442.001    183.675 1564141229      -0.01      0.532   39.23998  -72.29674    35.5719  1027.0887    26.5982    13.5495 0.0000e+00
    111.000    13.5616    35.4070  1027.0917     1.8696     4.0136     68.622   -0.00161    5.84894    5.84638      8.080    -0.0282   10.62320   4.198925 6.3143e-14    26.5967    26.5935 1.0000e-12    111.882          1       4443    1504.38 1.5837e+03  54443.306    185.081 1564141230       0.15      0.676   39.23998  -72.29674    35.5724  1027.0943    26.5994    13.5457 0.0000e+00
    112.000    13.5559    35.4077  1027.0980     1.8682     4.0129     68.618   -0.00105    5.84817    5.84562 -9.990e-29    -0.0379   10.62181   4.198526 6.2913e-14    26.5986    26.5953 1.0000e-12    112.886          1       4472    1504.37 1.5895e+03  54445.767    186.305 1564141232       0.05      0.808   39.23998  -72.29676    35.5735  1027.1009    26.6015    13.5399 0.0000e+00
    113.000    13.5330    35.4128  1027.1112     1.8647     3.9951     68.324   -0.00215    5.84722    5.84466 -9.990e-29    -0.0382   10.62019   4.196745 6.2810e-14    26.6073    26.6039 1.0000e-12    113.893          1       4504    1504.32 1.5921e+03  54456.504    187.644 1564141233      -0.06      0.778   39.23998  -72.29676    35.5776  1027.1132    26.6093    13.5169 0.0000e+00
    114.000    13.5251    35.4293  1027.1301     1.8613     3.9856     68.179   -0.00203    5.84583    5.84325      8.080    -0.0317   10.61785   4.197995 6.2865e-14    26.6217    26.6183 1.0000e-12    114.903          1       4547    1504.33 1.5907e+03  54480.885    189.412 1564141235      -0.13      0.589   39.23998  -72.29676    35.5964  1027.1338    26.6254    13.5088 0.0000e+00
    115.000    13.5382    35.4356  1027.1367     1.8591     3.9858     68.180   -0.00115    5.84606    5.84349      8.080 -9.990e-29   10.61815   4.200067 6.3364e-14    26.6238    26.6204 1.0000e-12    115.916          1       4593    1504.40 1.5782e+03  54488.154    191.331 1564141237       0.10      0.507   39.23998  -72.29676    35.6033  1027.1409    26.6281    13.5218 0.0000e+00
    116.000    13.5440    35.4378  1027.1417     1.8579     3.9852     68.154   -0.00095    5.84733    5.84477      8.080    -0.0369   10.62020   4.200913 6.3851e-14    26.6244    26.6210 1.0000e-12    116.921          1       4625    1504.44 1.5662e+03  54491.061    192.680 1564141238       0.13      0.706   39.23998  -72.29676    35.6056  1027.1459    26.6287    13.5275 0.0000e+00
    117.000    13.5418    35.4426  1027.1503     1.8557     3.9776     68.012   -0.00133    5.84838    5.84584      8.080    -0.0370   10.62191   4.201212 6.4104e-14    26.6286    26.6252 1.0000e-12    117.929          1       4656    1504.46 1.5599e+03  54498.571    193.948 1564141239       0.02      0.792   39.23998  -72.29676    35.6100  1027.1543    26.6326    13.5251 0.0000e+00
    118.000    13.5322    35.4468  1027.1600     1.8517     3.9573     67.641   -0.00292    5.85039    5.84788      8.079    -0.0324   10.62503   4.200715 6.3909e-14    26.6338    26.6303 1.0000e-12    118.938          1       4685    1504.44 1.5647e+03  54506.153    195.177 1564141240       0.03      0.805   39.23998  -72.29676    35.6139  1027.1638    26.6376    13.5153 0.0000e+00
    119.000    13.5208    35.4505  1027.1698     1.8489     3.9525     67.541   -0.00262    5.85206    5.84960      8.077    -0.0071   10.62751   4.200021 6.3475e-14    26.6392    26.6356 1.0000e-12    119.940          1       4714    1504.43 1.5754e+03  54513.556    196.393 1564141242      -0.02      0.841   39.23998  -72.29676    35.6175  1027.1734    26.6428    13.5038 0.0000e+00
    120.000    13.4971    35.4682  1027.1929     1.8395     3.9132     66.846   -0.00478    5.85402    5.85160      8.073    -0.0262   10.63049   4.199630 6.4277e-14    26.6577    26.6542 1.0000e-12    120.956          1       4757    1504.39 1.5559e+03  54541.536    198.183 1564141243      -0.16      0.577   39.23998  -72.29676    35.6355  1027.1967    26.6615    13.4800 0.0000e+00
    121.000    13.4641    35.5061  1027.2336     1.8247     3.8380     65.561   -0.00971    5.85408    5.85166      8.071    -0.0488   10.63055   4.200340 6.5843e-14    26.6939    26.6904 1.0000e-12    121.965          1       4794    1504.34 1.5188e+03  54599.145    199.716 1564141245       0.23      0.614   39.23998  -72.29677    35.6726  1027.2366    26.6969    13.4469 0.0000e+00
    122.000    13.4502    35.5187  1027.2507     1.8168     3.8259     65.354   -0.00810    5.85409    5.85167      8.071    -0.0494   10.63056   4.200368 6.6933e-14    26.7065    26.7030 1.0000e-12    122.968          1       4822    1504.33 1.4941e+03  54618.795    200.878 1564141246       0.09      0.833   39.23998  -72.29678    35.6855  1027.2538    26.7097    13.4329 0.0000e+00
    123.000    13.4481    35.5221  1027.2583     1.8114     3.8324     65.464   -0.00477    5.85414    5.85172      8.071    -0.0370   10.63063   4.200591 6.7629e-14    26.7097    26.7061 1.0000e-12    123.977          1       4854    1504.34 1.4787e+03  54624.393    202.205 1564141247      -0.09      0.793   39.23996  -72.29678    35.6892  1027.2616    26.7131    13.4306 0.0000e+00
    124.000    13.4473    35.5238  1027.2642     1.8076     3.8354     65.515   -0.00271    5.85426    5.85185      8.071    -0.0297   10.63080   4.200763 6.7855e-14    26.7111    26.7075 1.0000e-12    124.986          1       4890    1504.36 1.4738e+03  54627.381    203.689 1564141249      -0.05      0.692   39.23996  -72.29678    35.6911  1027.2678    26.7147    13.4297 0.0000e+00
    125.000    13.4465    35.5249  1027.2698     1.8038     3.8268     65.363   -0.00245    5.85465    5.85225      8.071    -0.0301   10.63132   4.200876 6.8191e-14    26.7123    26.7086 1.0000e-12    125.996          1       4926    1504.37 1.4665e+03  54629.687    205.226 1564141250       0.01      0.650   39.23996  -72.29678    35.6925  1027.2735    26.7160    13.4287 0.0000e+00
