CalculateIndicators/WaterTemperature/Data/CTD_NYOS/NYOS190724_1.4.cnv
* Sea-Bird SBE 9 Data File:
* FileName = C:\Seabird 9 CTD\Data\2019\201907_offshore\NYOS190724_1.4.hex
* Software Version Seasave V 7.23.2
* Temperature SN = 4590
* Conductivity SN = 3228
* Number of Bytes Per Scan = 44
* Number of Voltage Words = 5
* Number of Scans Averaged by the Deck Unit = 1
* NMEA Latitude = 40 05.80 N
* NMEA Longitude = 071 34.13 W
* NMEA UTC (Time) = Jul 24 2019  12:12:39
* NMEA baud rate = 4800
** Ship: Seawolf
** Station: 1.4
** Operator: EIH
** rough
# nquan = 35
# nvalues = 170                         
# units = specified
# name 0 = depSM: Depth [salt water, m]
# name 1 = t090C: Temperature [ITS-90, deg C]
# name 2 = sal00: Salinity, Practical [PSU]
# name 3 = density00: Density [density, kg/m^3]
# name 4 = sbeox0V: Oxygen raw, SBE 43 [V]
# name 5 = sbeox0ML/L: Oxygen, SBE 43 [ml/l]
# name 6 = sbeox0PS: Oxygen, SBE 43 [% saturation]
# name 7 = sbox0dV/dT: Oxygen, SBE 43 [dov/dt]
# name 8 = oxsolML/L: Oxygen Saturation, Garcia & Gordon [ml/l]
# name 9 = oxsatML/L: Oxygen Saturation, Weiss [ml/l]
# name 10 = ph: pH
# name 11 = flECO-AFL: Fluorescence, WET Labs ECO-AFL/FL [mg/m^3]
# name 12 = n2satML/L: Nitrogen Saturation [ml/l]
# name 13 = c0S/m: Conductivity [S/m]
# name 14 = cpar: CPAR/Corrected Irradiance [%]
# name 15 = sigma-é00: Density [sigma-theta, kg/m^3]
# name 16 = sigma-t00: Density [sigma-t, kg/m^3 ]
# name 17 = par: PAR/Irradiance, Biospherical/Licor
# name 18 = prDM: Pressure, Digiquartz [db]
# name 19 = pumps: Pump Status
# name 20 = scan: Scan Count
# name 21 = svCM: Sound Velocity [Chen-Millero, m/s]
# name 22 = spar: SPAR, Biospherical/Licor
# name 23 = specc: Specific Conductance [uS/cm]
# name 24 = timeS: Time, Elapsed [seconds]
# name 25 = timeY: Time, System [seconds]
# name 26 = accM: Acceleration [m/s^2]
# name 27 = dz/dtM: Descent Rate [m/s]
# name 28 = latitude: Latitude [deg]
# name 29 = longitude: Longitude [deg]
# name 30 = gsw_saA0: Absolute Salinity [g/kg]
# name 31 = gsw_densityA0: density, TEOS-10 [density, kg/m^3]
# name 32 = gsw_sigma0A0: density, TEOS-10 [sigma-0, kg/m^3 ]
# name 33 = gsw_ptA0: potential temperature [ITS-90, deg C]
# name 34 = flag: flag
# span 0 =      1.000,     86.000       
# span 1 =     7.4723,    21.8290       
# span 2 =    32.4148,    34.1944       
# span 3 =  1022.3310,  1026.5568       
# span 4 =     2.0946,     2.8800       
# span 5 =     4.9862,     7.9112       
# span 6 =     80.015,    126.532       
# span 7 =   -0.04549,    0.06735       
# span 8 =    5.08130,    6.76905       
# span 9 =    5.07014,    6.77700       
# span 10 =      8.005,      8.268      
# span 11 =    -0.0260,     2.0480      
# span 12 =    9.37984,   12.17412      
# span 13 =   3.377509,   4.657908      
# span 14 = -3.362e-05, 5.4903e+01      
# span 15 =    22.3216,    26.1677      
# span 16 =    22.3212,    26.1659      
# span 17 = -1.087e-04, 1.3876e+02      
# span 18 =      1.021,     86.665      
# span 19 =          1,          1      
# span 20 =        306,      17465      
# span 21 =    1478.71,    1523.77      
# span 22 = 2.1281e+02, 3.5088e+02      
# span 23 =  49639.551,  53169.324      
# span 24 =     12.711,    727.678      
# span 25 = 1563970374, 1563971090      
# span 26 =      -0.99,       0.75      
# span 27 =     -1.199,      1.040      
# span 28 =   40.09491,   40.09678      
# span 29 =  -71.56957,  -71.56888      
# span 30 =    32.3881,    34.3588      
# span 31 =  1022.3362,  1026.5623      
# span 32 =    22.3266,    26.1734      
# span 33 =     7.4668,    21.8288      
# span 34 = 0.0000e+00, 0.0000e+00      
# interval = meters: 1                  
# start_time = Jul 24 2019 12:12:42 [System UTC, first data scan.]
# bad_flag = -9.990e-29
*END*
      2.000    21.7553    32.4149  1022.3310     2.6361     5.2996    104.122   -0.00325    5.08980    5.07868      8.226     0.2047    9.39434   4.642355 3.3072e+01    22.3223    22.3222 1.1581e+02      2.026          1        306    1523.40 3.5025e+02  49639.551     12.711 1563970374       0.06      0.237   40.09678  -71.56888    32.5685  1022.3362    22.3275    21.7550 0.0000e+00
      3.000    21.7557    32.4148  1022.3354     2.6424     5.3390    104.920    0.00310    5.08861    5.07749      8.224     0.2058    9.39229   4.642423 2.9619e+01    22.3223    22.3222 1.0331e+02      3.026          1        372    1523.42 3.4887e+02  49640.038     15.469 1563970377       0.02      0.320   40.09678  -71.56889    32.5685  1022.3404    22.3274    21.7551 0.0000e+00
      4.000    21.7574    32.4172  1022.3411     2.6401     5.3105    104.361   -0.00315    5.08853    5.07740      8.224     0.2128    9.39215   4.643031 2.1567e+01    22.3237    22.3235 7.4603e+01      4.030          1        405    1523.45 3.4592e+02  49643.646     16.854 1563970379       0.68      0.632   40.09677  -71.56890    32.5717  1022.3468    22.3294    21.7566 0.0000e+00
      5.000    21.7632    32.4194  1022.3455     2.6418     5.3293    104.727    0.00060    5.08882    5.07770      8.224     0.2189    9.39267   4.643875 1.5975e+01    22.3238    22.3235 5.5812e+01      5.031          1        435    1523.48 3.4945e+02  49646.831     18.079 1563970380      -0.07      0.882   40.09676  -71.56890    32.5735  1022.3509    22.3292    21.7623 0.0000e+00
      6.000    21.7659    32.4198  1022.3495     2.6425     5.3307    104.764    0.00037    5.08831    5.07719      8.224     0.2147    9.39178   4.644152 1.6135e+01    22.3234    22.3231 5.6613e+01      6.051          1        486    1523.50 3.5088e+02  49647.766     20.195 1563970382       0.04      0.381   40.09676  -71.56890    32.5734  1022.3545    22.3284    21.7647 0.0000e+00
      7.000    21.7608    32.4155  1022.3520     2.6408     5.3207    104.579   -0.00110    5.08776    5.07663      8.225     0.2099    9.39082   4.643144 1.3696e+01    22.3216    22.3212 4.7865e+01      7.058          1        520    1523.50 3.4948e+02  49642.442     21.616 1563970383       0.16      0.667   40.09676  -71.56890    32.5690  1022.3570    22.3266    21.7594 0.0000e+00
      8.000    21.7682    32.4224  1022.3596     2.6409     5.3264    104.677    0.00002    5.08844    5.07732      8.225     0.2121    9.39162   4.644900 1.1522e+01    22.3249    22.3244 4.0379e+01      8.060          1        562    1523.55 3.5045e+02  49652.037     23.372 1563970385      -0.07      0.570   40.09676  -71.56890    32.5769  1022.3653    22.3306    21.7666 0.0000e+00
      9.000    21.7816    32.4338  1022.3690     2.6467     5.3545    105.094    0.00143    5.09500    5.08394      8.226     0.2144    9.40188   4.647794 9.0605e+00    22.3299    22.3295 3.1560e+01      9.080          1        623    1523.61 3.4823e+02  49667.765     25.905 1563970388       0.53      0.301   40.09674  -71.56890    32.5892  1022.3753    22.3362    21.7798 0.0000e+00
     10.000    21.7740    32.4500  1022.3878     2.6646     5.4490    106.683    0.01079    5.10758    5.09659      8.226     0.2421    9.42293   4.649053 5.1067e+00    22.3443    22.3438 1.7730e+01     10.067          1        645    1523.63 3.4714e+02  49690.260     26.847 1563970389       0.34      0.864   40.09674  -71.56890    32.6044  1022.3933    22.3499    21.7720 0.0000e+00
     11.000    21.6232    32.5331  1022.4965     2.6863     5.5956    107.866    0.01029    5.18766    5.17717      8.234     0.2658    9.55667   4.644118 9.6180e+00    22.4488    22.4483 3.3601e+01     11.092          1        700    1523.33 3.4949e+02  49810.253     29.118 1563970391      -0.34      0.415   40.09674  -71.56890    32.6793  1022.4957    22.4479    21.6211 0.0000e+00
     12.000    21.3655    32.5013  1022.5470     2.7176     5.7743    110.221    0.01942    5.23880    5.22868      8.238     0.3215    9.64136   4.612784 5.9340e+00    22.4949    22.4943 2.0696e+01     12.092          1        732    1522.62 3.4873e+02  49777.176     30.477 1563970392       0.33      0.702   40.09674  -71.56890    32.6271  1022.5309    22.4787    21.3632 0.0000e+00
     13.000    20.7987    32.4738  1022.6829     2.7524     5.9231    112.635    0.02783    5.25861    5.24863      8.236     0.3223    9.67453   4.552688 6.3703e+00    22.6263    22.6256 2.2229e+01     13.098          1        764    1521.07 3.4897e+02  49762.640     31.781 1563970394      -0.08      0.815   40.09674  -71.56890    32.5803  1022.6524    22.5957    20.7962 0.0000e+00
     14.000    19.9688    32.4738  1022.9059     2.7624     6.3887    111.492   -0.00012    5.73326    5.72793      8.260     0.4972   10.46044   4.472494 6.5633e+00    22.8446    22.8439 2.2623e+01     14.113          1        825    1518.80 3.4465e+02  49800.497     34.347 1563970396      -0.05      0.318   40.09672  -71.56891    32.5708  1022.8684    22.8072    19.9663 0.0000e+00
     15.000    18.6288    32.4362  1023.2205     2.8457     7.3507    121.673    0.04743    6.03847    6.03642      8.268     0.7890   10.96645   4.324131 4.0786e+00    23.1540    23.1534 1.4058e+01     15.118          1        868    1514.95 3.4484e+02  49824.702     36.133 1563970398       0.58      0.594   40.09672  -71.56892    32.3881  1023.0729    23.0070    18.6262 0.0000e+00
     16.000    15.0847    32.5928  1024.1637     2.8800     7.9112    126.532    0.06735    6.25273    6.25338      8.260     1.0105   11.32096   4.002318 2.8459e+00    24.0926    24.0921 9.8339e+00     16.119          1        893    1504.35 3.4556e+02  50336.219     37.161 1563970399       0.12      0.959   40.09672  -71.56892    32.4527  1023.9436    23.8723    15.0823 0.0000e+00
     17.000    13.0673    32.9160  1024.8425     2.8327     7.1586    113.247   -0.02324    6.32110    6.32269      8.233     1.5545   11.43342   3.860658 4.7302e+00    24.7663    24.7658 1.6382e+01     17.133          1        928    1498.23 3.4632e+02  51012.208     38.612 1563970400      -0.24      0.766   40.09672  -71.56892    32.8490  1024.6756    24.5992    13.0650 0.0000e+00
     18.000    11.2774    32.8000  1025.0943     2.7748     6.9051    108.406   -0.03900    6.36981    6.37201      8.221     1.6744   11.51468   3.682737 3.5263e+00    25.0129    25.0125 1.2187e+01     18.141          1        961    1491.98 3.4561e+02  51116.709     40.011 1563970402       0.16      0.678   40.09672  -71.56892    32.6972  1024.8986    24.8171    11.2752 0.0000e+00
     19.000    10.6438    32.8941  1025.2848     2.7179     6.7124    104.758   -0.04549    6.40769    6.41040      8.217     1.7283   11.57723   3.642648 2.9625e+00    25.1986    25.1982 1.0165e+01     19.143          1        992    1489.89 3.4309e+02  51355.114     41.280 1563970403      -0.01      0.801   40.09670  -71.56892    32.8636  1025.1442    25.0579    10.6416 0.0000e+00
     20.000    10.1900    32.8483  1025.3315     2.6578     6.6771    103.714   -0.03067    6.43801    6.44114      8.201     1.8196   11.62749   3.599589 2.7324e+00    25.2404    25.2400 9.3516e+00     20.157          1       1039    1488.23 3.4229e+02  51373.132     43.260 1563970405      -0.15      0.510   40.09670  -71.56892    32.8387  1025.2068    25.1157    10.1877 0.0000e+00
     21.000     9.8712    32.8417  1025.3845     2.6195     6.6963    103.074   -0.02143    6.49659    6.50055      8.186     1.9576   11.72410   3.574125 2.0738e+00    25.2888    25.2884 7.0843e+00     21.170          1       1081    1487.09 3.4161e+02  51424.495     45.002 1563970407       0.27      0.547   40.09670  -71.56893    32.8688  1025.2880    25.1923     9.8688 0.0000e+00
     22.000     9.8114    32.8315  1025.3909     2.5905     6.5626    101.233   -0.02441    6.48254    6.48635      8.175     2.0373   11.70030   3.569082 1.4720e+00    25.2906    25.2902 5.0572e+00     22.174          1       1106    1486.87 3.4355e+02  51422.123     46.024 1563970408       0.27      0.855   40.09670  -71.56894    32.8712  1025.3043    25.2040     9.8090 0.0000e+00
     23.000     9.6328    32.8597  1025.4469     2.5643     6.4916     99.335   -0.02906    6.53515    6.53959      8.175     2.0480   11.78870   3.556619 1.0809e+00    25.3419    25.3415 3.7142e+00     23.175          1       1128    1486.27 3.4360e+02  51497.499     46.954 1563970409       0.12      1.033   40.09670  -71.56894    32.9063  1025.3653    25.2604     9.6303 0.0000e+00
     24.000     9.3819    32.8741  1025.5033     2.5188     6.4023     97.056   -0.02938    6.59667    6.60201      8.157     2.0148   11.89008   3.536700 1.1760e+00    25.3935    25.3931 4.0371e+00     24.183          1       1164    1485.39 3.4360e+02  51568.191     48.471 1563970410      -0.30      0.763   40.09670  -71.56894    32.9309  1025.4294    25.3198     9.3793 0.0000e+00
     25.000     8.8607    32.8285  1025.5544     2.4668     6.3038     95.019   -0.02556    6.63441    6.64027      8.130     1.9101   11.95269   3.485969 9.5083e-01    25.4400    25.4396 3.2531e+00     25.192          1       1213    1483.43 3.4221e+02  51614.599     50.502 1563970412       0.09      0.512   40.09668  -71.56894    32.8835  1025.4789    25.3644     8.8581 0.0000e+00
     26.000     8.4854    32.8298  1025.6177     2.4173     6.1812     92.747   -0.02441    6.66451    6.67081      8.109     1.3183   12.00238   3.455454 7.9624e-01    25.4984    25.4980 2.7373e+00     26.214          1       1262    1482.05 3.4372e+02  51698.144     52.522 1563970414      -0.01      0.476   40.09668  -71.56894    32.9111  1025.5626    25.4432     8.4828 0.0000e+00
     27.000     8.4162    32.8090  1025.6165     2.3930     6.0911     91.604   -0.02384    6.64934    6.65543      8.105     1.2974   11.97725   3.447415 5.2459e-01    25.4924    25.4920 1.7932e+00     27.211          1       1286    1481.78 3.4179e+02  51685.011     53.534 1563970415       0.43      0.765   40.09668  -71.56894    32.8901  1025.5611    25.4371     8.4135 0.0000e+00
     28.000     8.2537    32.8078  1025.6444     2.3749     6.0465     90.902   -0.02245    6.65165    6.65773      8.102     1.3830   11.98156   3.433908 3.1036e-01    25.5158    25.5154 1.0603e+00     28.211          1       1309    1481.18 3.4163e+02  51721.250     54.485 1563970416       0.11      1.040   40.09668  -71.56894    32.8982  1025.5962    25.4676     8.2509 0.0000e+00
     29.000     8.2865    32.8111  1025.6466     2.3481     6.0885     91.035   -0.01237    6.68816    6.69479      8.094     0.9699   12.04172   3.439238 4.6434e-01    25.5133    25.5129 1.5952e+00     29.228          1       1359    1481.33 3.4355e+02  51718.456     56.564 1563970418      -0.30      0.480   40.09668  -71.56894    32.9237  1025.6158    25.4826     8.2836 0.0000e+00
     30.000     8.1492    32.7901  1025.6552     2.3311     6.0552     90.472   -0.01047    6.69296    6.69966      8.087     0.7569   12.04965   3.425107 3.3993e-01    25.5174    25.5170 1.1680e+00     30.238          1       1398    1480.80 3.4360e+02  51721.951     58.193 1563970420       0.37      0.621   40.09668  -71.56894    32.9015  1025.6234    25.4855     8.1463 0.0000e+00
     31.000     8.0745    32.7969  1025.6761     2.3201     6.0160     89.885   -0.01071    6.69302    6.69972      8.085     0.7873   12.04980   3.419821 2.7787e-01    25.5336    25.5331 9.5476e-01     31.238          1       1423    1480.54 3.4360e+02  51749.096     59.267 1563970421       0.11      0.895   40.09668  -71.56894    32.9148  1025.6493    25.5068     8.0715 0.0000e+00
     32.000     8.0218    32.7954  1025.6872     2.3066     6.0162     89.727   -0.00734    6.70502    6.71190      8.080     0.6698   12.06961   3.415829 2.7845e-01    25.5400    25.5395 9.5019e-01     32.250          1       1470    1480.35 3.4125e+02  51759.770     61.218 1563970423      -0.20      0.555   40.09666  -71.56895    32.9213  1025.6667    25.5195     8.0186 0.0000e+00
     33.000     7.9800    32.7908  1025.6944     2.2937     6.0010     89.405   -0.00526    6.71217    6.71917      8.073     0.4332   12.08129   3.412228 2.1932e-01    25.5425    25.5421 7.4589e-01     33.266          1       1524    1480.21 3.4020e+02  51763.899     63.463 1563970425       0.59      0.382   40.09666  -71.56896    32.9215  1025.6776    25.5257     7.9768 0.0000e+00
     34.000     7.9132    32.7954  1025.7123     2.2856     5.9499     88.631   -0.00784    6.71314    6.72013      8.073     0.4566   12.08298   3.406941 1.0295e-01    25.5558    25.5553 3.5169e-01     34.264          1       1546    1479.97 3.4162e+02  51786.964     64.366 1563970426       0.37      0.935   40.09666  -71.56896    32.9274  1025.6964    25.5400     7.9099 0.0000e+00
     35.000     7.8893    32.8036  1025.7268     2.2779     5.9559     88.439   -0.00677    6.73450    6.74180      8.069     0.4024   12.11841   3.406098 1.2561e-01    25.5656    25.5652 4.3029e-01     35.266          1       1577    1479.91 3.4227e+02  51804.961     65.668 1563970428      -0.20      0.867   40.09666  -71.56896    32.9404  1025.7146    25.5535     7.8859 0.0000e+00
     36.000     7.8432    32.7891  1025.7267     2.2633     5.9404     87.895   -0.00583    6.75850    6.76618      8.055     0.1335   12.15794   3.400463 1.4961e-01    25.5609    25.5604 5.1108e-01     36.297          1       1637    1479.73 3.4161e+02  51795.858     68.170 1563970430       0.18      0.184   40.09665  -71.56896    32.9228  1025.7123    25.5464     7.8397 0.0000e+00
     37.000     7.6820    32.7865  1025.7524     2.2579     5.9196     87.628   -0.00577    6.75531    6.76293      8.054     0.1581   12.15272   3.385906 9.1470e-02    25.5819    25.5814 3.1249e-01     37.288          1       1658    1479.13 3.4163e+02  51832.259     69.054 1563970431       0.49      0.770   40.09664  -71.56896    32.9179  1025.7360    25.5655     7.6785 0.0000e+00
     38.000     7.6190    32.7961  1025.7735     2.2530     5.9151     87.535   -0.00481    6.75744    6.76510      8.052     0.1409   12.15623   3.381956 8.9369e-02    25.5984    25.5978 3.0456e-01     38.290          1       1688    1478.92 3.4072e+02  51862.013     70.293 1563970432      -0.13      0.879   40.09664  -71.56896    32.9344  1025.7624    25.5873     7.6154 0.0000e+00
     39.000     7.5998    32.7951  1025.7800     2.2463     5.9149     87.549   -0.00251    6.75616    6.76381      8.049     0.1219   12.15402   3.380669 9.7386e-02    25.6003    25.5998 3.3053e-01     39.317          1       1742    1478.86 3.3942e+02  51865.896     72.552 1563970434       0.05      0.287   40.09664  -71.56896    32.9382  1025.7728    25.5930     7.5961 0.0000e+00
     40.000     7.5878    32.7979  1025.7886     2.2425     5.8900     87.220   -0.00351    6.75298    6.76058 -9.990e-29     0.1297   12.14865   3.380207 6.5062e-02    25.6042    25.6036 2.2073e-01     40.307          1       1769    1478.83 3.3923e+02  51873.546     73.662 1563970436       0.29      0.744   40.09664  -71.56896    32.9441  1025.7837    25.5993     7.5840 0.0000e+00
     41.000     7.5979    32.8047  1025.7971     2.2404     5.9054     87.455   -0.00127    6.75242    6.76002 -9.990e-29     0.1480   12.14775   3.381969 7.5383e-02    25.6081    25.6076 2.5446e-01     41.325          1       1811    1478.90 3.3754e+02  51881.484     75.436 1563970437      -0.26      0.609   40.09663  -71.56896    32.9531  1025.7939    25.6049     7.5940 0.0000e+00
     42.000     7.6203    32.8148  1025.8065     2.2380     5.8932     87.280   -0.00168    6.75200    6.75959 -9.990e-29     0.1453   12.14704   3.385215 4.7733e-02    25.6129    25.6123 1.6171e-01     42.329          1       1844    1479.01 -9.990e-29  51890.869     76.809 1563970439       0.39      0.651   40.09662  -71.56896    32.9665  1025.8058    25.6122     7.6163 0.0000e+00
