CalculateIndicators/WaterTemperature/Data/CTD_NYOS/NYOS190726_4_6.cnv
* Sea-Bird SBE 9 Data File:
* FileName = C:\Seabird 9 CTD\Data\2019\201907_offshore\NYOS190726_4_6.hex
* Software Version Seasave V 7.23.2
* Temperature SN = 4590
* Conductivity SN = 3228
* Number of Bytes Per Scan = 44
* Number of Voltage Words = 5
* Number of Scans Averaged by the Deck Unit = 1
* NMEA Latitude = 39 14.39 N
* NMEA Longitude = 072 17.77 W
* NMEA UTC (Time) = Jul 26 2019  11:37:24
* NMEA baud rate = 4800
** Ship: seawolf
** Station: 4-6
** Operator: kal
** Redo from previous cast.
# nquan = 35
# nvalues = 998                         
# units = specified
# name 0 = depSM: Depth [salt water, m]
# name 1 = t090C: Temperature [ITS-90, deg C]
# name 2 = sal00: Salinity, Practical [PSU]
# name 3 = density00: Density [density, kg/m^3]
# name 4 = sbeox0V: Oxygen raw, SBE 43 [V]
# name 5 = sbeox0ML/L: Oxygen, SBE 43 [ml/l]
# name 6 = sbeox0PS: Oxygen, SBE 43 [% saturation]
# name 7 = sbox0dV/dT: Oxygen, SBE 43 [dov/dt]
# name 8 = oxsolML/L: Oxygen Saturation, Garcia & Gordon [ml/l]
# name 9 = oxsatML/L: Oxygen Saturation, Weiss [ml/l]
# name 10 = ph: pH
# name 11 = flECO-AFL: Fluorescence, WET Labs ECO-AFL/FL [mg/m^3]
# name 12 = n2satML/L: Nitrogen Saturation [ml/l]
# name 13 = c0S/m: Conductivity [S/m]
# name 14 = cpar: CPAR/Corrected Irradiance [%]
# name 15 = sigma-é00: Density [sigma-theta, kg/m^3]
# name 16 = sigma-t00: Density [sigma-t, kg/m^3 ]
# name 17 = par: PAR/Irradiance, Biospherical/Licor
# name 18 = prDM: Pressure, Digiquartz [db]
# name 19 = pumps: Pump Status
# name 20 = scan: Scan Count
# name 21 = svCM: Sound Velocity [Chen-Millero, m/s]
# name 22 = spar: SPAR, Biospherical/Licor
# name 23 = specc: Specific Conductance [uS/cm]
# name 24 = timeS: Time, Elapsed [seconds]
# name 25 = timeY: Time, System [seconds]
# name 26 = accM: Acceleration [m/s^2]
# name 27 = dz/dtM: Descent Rate [m/s]
# name 28 = latitude: Latitude [deg]
# name 29 = longitude: Longitude [deg]
# name 30 = gsw_saA0: Absolute Salinity [g/kg]
# name 31 = gsw_densityA0: density, TEOS-10 [density, kg/m^3]
# name 32 = gsw_sigma0A0: density, TEOS-10 [sigma-0, kg/m^3 ]
# name 33 = gsw_ptA0: potential temperature [ITS-90, deg C]
# name 34 = flag: flag
# span 0 =      1.000,    500.000       
# span 1 =     7.1378,    24.7922       
# span 2 =    32.1083,    35.6653       
# span 3 =  1021.2328,  1029.7827       
# span 4 =     1.4033,     2.8448       
# span 5 =     2.9150,     6.6339       
# span 6 =     46.784,    118.427       
# span 7 =   -0.07244,    0.07575       
# span 8 =    4.82976,    6.72140       
# span 9 =    4.81757,    6.73125       
# span 10 =      7.960,      8.268      
# span 11 =    -0.0653,     1.0739      
# span 12 =    8.96293,   12.06852      
# span 13 =   3.573656,   4.915405      
# span 14 = -2.756e-06, 7.9013e+01      
# span 15 =    21.2242,    27.4902      
# span 16 =    21.2241,    27.4833      
# span 17 = -4.345e-05, 6.6742e+02      
# span 18 =      1.009,    504.435      
# span 19 =          0,          1      
# span 20 =        176,      48659      
# span 21 =    1487.62,    1531.07      
# span 22 = 4.3707e+02, 1.7537e+03      
# span 23 =  49146.092,  55596.086      
# span 24 =      7.300,   2027.421      
# span 25 = 1564141053, 1564143073      
# span 26 =      -0.51,       0.50      
# span 27 =     -1.059,      1.090      
# span 28 =   39.23962,   39.24020      
# span 29 =  -72.29999,  -72.29623      
# span 30 =    32.2575,    35.8321      
# span 31 =  1021.2343,  1029.7861      
# span 32 =    21.2257,    27.4936      
# span 33 =     7.0888,    24.7912      
# span 34 = 0.0000e+00, 0.0000e+00      
# interval = meters: 1                  
# start_time = Jul 26 2019 11:37:25 [System UTC, first data scan.]
# bad_flag = -9.990e-29
*END*
[from data line 747]
    251.000    10.5652    35.3458  1028.2621 -9.990e-29     2.9193     46.906   -0.00012    6.22360    6.22602 -9.990e-29    -0.0399   11.24367   3.908332 6.1621e-14    27.1287    27.1233 1.0000e-12    253.079          1      34095    1496.43 1.6229e+03  54941.356   1420.566 1564142466       0.00     -0.818   39.23992  -72.29864    35.5152  1028.2668    27.1335    10.5346 0.0000e+00
    250.000    10.5681    35.3459  1028.2571     1.4101     2.9209     46.941    0.00010    6.22245    6.22485      8.008    -0.0340   11.24176   3.908567 6.0829e-14    27.1282    27.1228 1.0000e-12    252.068          1      34135    1496.43 1.6440e+03  54940.261   1422.254 1564142467       0.12     -0.620   39.23992  -72.29866    35.5152  1028.2618    27.1330    10.5376 0.0000e+00
    249.000    10.5756    35.3462  1028.2514     1.4109     2.9251     47.017    0.00043    6.22145    6.22384      8.010    -0.0245   11.24011   3.909298 6.0732e-14    27.1270    27.1217 1.0000e-12    251.053          1      34181    1496.44 1.6466e+03  54938.430   1424.180 1564142469      -0.02     -0.511   39.23992  -72.29866    35.5158  1028.2563    27.1321    10.5452 0.0000e+00
    248.000    10.5803    35.3470  1028.2466     1.4116     2.9280     47.067    0.00058    6.22089    6.22327      8.009    -0.0290   11.23918   3.909804 6.1179e-14    27.1268    27.1214 1.0000e-12    250.046          1      34213    1496.44 1.6345e+03  54938.063   1425.509 1564142471      -0.24     -0.681   39.23992  -72.29866    35.5167  1028.2517    27.1320    10.5500 0.0000e+00
    247.000    10.5867    35.3471  1028.2410     1.4113     2.9217     46.975    0.00002    6.21968    6.22205      8.010    -0.0307   11.23719   3.910348 6.0498e-14    27.1257    27.1204 1.0000e-12    249.048          1      34241    1496.45 1.6530e+03  54936.249   1426.655 1564142472      -0.02     -0.874   39.23992  -72.29866    35.5166  1028.2459    27.1307    10.5565 0.0000e+00
    246.000    10.5951    35.3474  1028.2352     1.4105     2.9150     46.876   -0.00034    6.21846    6.22081      8.010    -0.0409   11.23515   3.911188 6.0193e-14    27.1245    27.1192 1.0000e-12    248.028          1      34295    1496.46 1.6614e+03  54934.506   1428.929 1564142474       0.19     -0.407   39.23992  -72.29866    35.5173  1028.2404    27.1298    10.5650 0.0000e+00
    245.000    10.6054    35.3486  1028.2297     1.4118     2.9277     47.091    0.00085    6.21723    6.21956      8.011    -0.0308   11.23311   3.912241 6.0947e-14    27.1235    27.1182 1.0000e-12    247.021          1      34337    1496.48 1.6408e+03  54933.400   1430.672 1564142476      -0.30     -0.574   39.23992  -72.29867    35.5184  1028.2348    27.1287    10.5754 0.0000e+00
    244.000    10.6091    35.3489  1028.2247     1.4123     2.9250     47.052    0.00039    6.21664    6.21897 -9.990e-29    -0.0338   11.23213   3.912566 6.0814e-14    27.1231    27.1178 1.0000e-12    246.015          1      34367    1496.48 1.6444e+03  54932.551   1431.927 1564142477      -0.03     -0.793   39.23992  -72.29868    35.5185  1028.2297    27.1281    10.5793 0.0000e+00
    243.000    10.6176    35.3493  1028.2190     1.4128     2.9263     47.075    0.00039    6.21628    6.21860      8.011    -0.0376   11.23152   3.913408 6.0568e-14    27.1219    27.1166 1.0000e-12    245.006          1      34404    1496.49 1.6511e+03  54930.758   1433.464 1564142479       0.11     -0.684   39.23992  -72.29868    35.5193  1028.2243    27.1273    10.5878 0.0000e+00
    242.000    10.6235    35.3506  1028.2144     1.4128     2.9281     47.108    0.00041    6.21578    6.21809      8.011    -0.0398   11.23068   3.914011 6.0331e-14    27.1218    27.1166 1.0000e-12    243.995          1      34447    1496.50 1.6575e+03  54930.762   1435.236 1564142480       0.00     -0.564   39.23992  -72.29868    35.5202  1028.2193    27.1268    10.5938 0.0000e+00
    241.000    10.6264    35.3512  1028.2098 -9.990e-29     2.9249     47.080    0.00016    6.21276    6.21504      8.011    -0.0334   11.22568   3.914303 6.0150e-14    27.1218    27.1165 1.0000e-12    242.987          1      34491    1496.49 1.6625e+03  54930.439   1437.063 1564142482       0.05     -0.556   39.23992  -72.29868    35.5207  1028.2147    27.1267    10.5968 0.0000e+00
    240.000    10.6326    35.3521  1028.2048     1.4138     2.9225     47.060    0.00006    6.21012    6.21235      8.011    -0.0275   11.22128   3.915007 6.0804e-14    27.1214    27.1161 1.0000e-12    241.975          1      34533    1496.50 1.6446e+03  54929.895   1438.836 1564142484      -0.14     -0.541   39.23992  -72.29868    35.5223  1028.2102    27.1268    10.6032 0.0000e+00
    239.000    10.6535    35.3537  1028.1977     1.4144     2.9248     47.108    0.00026    6.20866    6.21088      8.011    -0.0352   11.21887   3.917203 6.0435e-14    27.1189    27.1136 1.0000e-12    240.972          1      34566    1496.56 1.6548e+03  54927.340   1440.198 1564142485      -0.02     -0.728   39.23992  -72.29870    35.5247  1028.2037    27.1249    10.6241 0.0000e+00
    238.000    10.6704    35.3550  1028.1911     1.4149     2.9261     47.147    0.00040    6.20643    6.20861      8.011    -0.0409   11.21518   3.918861 6.2007e-14    27.1168    27.1116 1.0000e-12    239.959          1      34605    1496.60 1.6141e+03  54925.197   1441.826 1564142487       0.04     -0.618   39.23992  -72.29870    35.5254  1028.1967    27.1225    10.6412 0.0000e+00
    237.000    10.6842    35.3558  1028.1846     1.4151     2.9228     47.106    0.00010    6.20481    6.20697      8.012    -0.0333   11.21247   3.920275 5.9602e-14    27.1150    27.1098 1.0000e-12    238.953          1      34643    1496.63 1.6779e+03  54922.960   1443.401 1564142489       0.02     -0.644   39.23992  -72.29870    35.5267  1028.1907    27.1210    10.6551 0.0000e+00
    236.000    10.7000    35.3564  1028.1778     1.4163     2.9295     47.228    0.00061    6.20292    6.20505      8.012    -0.0399   11.20933   3.921775 5.9676e-14    27.1127    27.1075 1.0000e-12    237.940          1      34685    1496.67 1.6757e+03  54920.232   1445.161 1564142490      -0.00     -0.564   39.23992  -72.29870    35.5271  1028.1835    27.1185    10.6709 0.0000e+00
    235.000    10.7118    35.3585  1028.1726     1.4178     2.9364     47.347    0.00099    6.20183    6.20396      8.014    -0.0373   11.20752   3.923096 6.5400e-14    27.1121    27.1069 1.0000e-12    236.936          1      34721    1496.70 1.5486e+03  54920.123   1446.673 1564142492      -0.03     -0.660   39.23992  -72.29870    35.5293  1028.1786    27.1181    10.6829 0.0000e+00
    234.000    10.7253    35.3596  1028.1665     1.4195     2.9402     47.429    0.00099    6.19923    6.20132      8.015    -0.0292   11.20321   3.924434 6.6244e-14    27.1106    27.1054 1.0000e-12    235.924          1      34766    1496.73 1.5341e+03  54918.473   1448.546 1564142494       0.08     -0.540   39.23992  -72.29870    35.5302  1028.1722    27.1163    10.6965 0.0000e+00
    233.000    10.7350    35.3618  1028.1619     1.4197     2.9319     47.311    0.00010    6.19704    6.19910      8.015    -0.0337   11.19958   3.925545 6.0068e-14    27.1105    27.1054 1.0000e-12    234.916          1      34806    1496.75 1.6652e+03  54919.024   1450.216 1564142495      -0.10     -0.592   39.23992  -72.29870    35.5325  1028.1677    27.1164    10.7063 0.0000e+00
    232.000    10.7543    35.3628  1028.1546     1.4196     2.9291     47.280   -0.00005    6.19516    6.19719      8.015    -0.0409   11.19643   3.927489 7.0410e-14    27.1078    27.1027 1.0000e-12    233.909          1      34846    1496.81 1.4410e+03  54916.083   1451.885 1564142497       0.07     -0.617   39.23992  -72.29872    35.5339  1028.1607    27.1140    10.7257 0.0000e+00
    231.000    10.7709    35.3647  1028.1485     1.4199     2.9291     47.311    0.00016    6.19116    6.19314      8.015    -0.0271   11.18979   3.929209 7.0926e-14    27.1063    27.1012 1.0000e-12    232.896          1      34892    1496.85 1.4335e+03  54914.859   1453.800 1564142499      -0.04     -0.510   39.23992  -72.29872    35.5356  1028.1545    27.1123    10.7423 0.0000e+00
    230.000    10.7839    35.3668  1028.1432     1.4213     2.9371     47.450    0.00073    6.18993    6.19189      8.015    -0.0276   11.18774   3.930690 6.1638e-14    27.1056    27.1005 1.0000e-12    231.890          1      34927    1496.88 1.6251e+03  54914.670   1455.259 1564142500      -0.11     -0.664   39.23992  -72.29872    35.5383  1028.1496    27.1121    10.7555 0.0000e+00
    229.000    10.8080    35.3687  1028.1357     1.4227     2.9419     47.565    0.00113    6.18497    6.18686      8.015    -0.0279   11.17953   3.933143 6.0377e-14    27.1027    27.0976 1.0000e-12    230.883          1      34960    1496.95 1.6564e+03  54911.931   1456.634 1564142502      -0.00     -0.735   39.23992  -72.29872    35.5401  1028.1421    27.1091    10.7797 0.0000e+00
    228.000    10.8187    35.3710  1028.1310     1.4244     2.9422     47.627    0.00102    6.17769    6.17948      8.018    -0.0333   11.16745   3.934380 5.9814e-14    27.1025    27.0974 1.0000e-12    229.873          1      34998    1496.98 1.6718e+03  54912.547   1458.199 1564142503       0.07     -0.661   39.23992  -72.29872    35.5427  1028.1376    27.1092    10.7905 0.0000e+00
    227.000    10.8678    35.3715  1028.1178     1.4277     2.9554     47.886    0.00180    6.17181    6.17352      8.019    -0.0400   11.15762   3.939344 5.9682e-14    27.0940    27.0889 1.0000e-12    228.864          1      35040    1497.13 1.6756e+03  54903.117   1459.939 1564142505       0.02     -0.584   39.23992  -72.29872    35.5456  1028.1262    27.1026    10.8396 0.0000e+00
    226.000    10.9238    35.3787  1028.1084     1.4312     2.9663     48.090    0.00206    6.16820    6.16987      8.019    -0.0460   11.15160   3.945425 6.0637e-14    27.0895    27.0844 1.0000e-12    227.855          1      35083    1497.32 1.6498e+03  54902.125   1461.758 1564142507      -0.01     -0.550   39.23992  -72.29873    35.5530  1028.1170    27.0982    10.8957 0.0000e+00
    225.000    10.9622    35.3871  1028.1034     1.4328     2.9586     47.998    0.00086    6.16393    6.16555      8.020    -0.0282   11.14451   3.949855 5.9641e-14    27.0891    27.0840 1.0000e-12    226.845          1      35125    1497.45 1.6767e+03  54905.731   1463.490 1564142509      -0.01     -0.582   39.23992  -72.29874    35.5608  1028.1115    27.0973    10.9341 0.0000e+00
    224.000    10.9793    35.3905  1028.0983     1.4351     2.9639     48.180    0.00142    6.15185    6.15330      8.023    -0.0398   11.12450   3.951672 5.9911e-14    27.0886    27.0835 1.0000e-12    225.837          1      35162    1497.50 1.6692e+03  54906.691   1465.055 1564142510      -0.05     -0.634   39.23992  -72.29874    35.5630  1028.1054    27.0958    10.9513 0.0000e+00
    223.000    11.0195    35.3936  1028.0887     1.4370     2.9680     48.263    0.00136    6.14958    6.15100      8.024    -0.0329   11.12067   3.956214 5.9872e-14    27.0837    27.0786 1.0000e-12    224.831          1      35200    1497.62 1.6702e+03  54902.878   1466.622 1564142512       0.03     -0.652   39.23992  -72.29874    35.5702  1028.0990    27.0941    10.9916 0.0000e+00
    222.000    11.1124    35.3993  1028.0712     1.4408     2.9809     48.485    0.00168    6.14809    6.14949      8.025    -0.0370   11.11811   3.965526 5.9432e-14    27.0712    27.0660 1.0000e-12    223.818          1      35254    1497.94 1.6826e+03  54892.806   1468.879 1564142514       0.10     -0.429   39.23993  -72.29874    35.5741  1028.0802    27.0803    11.0844 0.0000e+00
    221.000    11.1210    35.4107  1028.0739     1.4441     2.9908     48.652    0.00178    6.14730    6.14870      8.027    -0.0361   11.11681   3.967301 5.9764e-14    27.0785    27.0734 1.0000e-12    222.806          1      35299    1497.97 1.6733e+03  54906.497   1470.746 1564142516      -0.27     -0.529   39.23994  -72.29874    35.5841  1028.0818    27.0864    11.0931 0.0000e+00
    220.000    11.1246    35.4112  1028.0691     1.4453     2.9894     48.634    0.00117    6.14678    6.14817      8.026    -0.0400   11.11594   3.967572 5.9997e-14    27.0782    27.0731 1.0000e-12    221.804          1      35326    1497.96 1.6668e+03  54905.830   1471.879 1564142517      -0.16     -0.816   39.23994  -72.29875    35.5838  1028.0764    27.0855    11.0968 0.0000e+00
    219.000    11.1294    35.4117  1028.0641     1.4466     2.9923     48.693    0.00115    6.14536    6.14673 -9.990e-29    -0.0323   11.11357   3.967979 5.9662e-14    27.0777    27.0726 1.0000e-12    220.798          1      35357    1497.96 1.6761e+03  54905.063   1473.151 1564142518       0.09     -0.834   39.23994  -72.29876    35.5836  1028.0708    27.0844    11.1018 0.0000e+00
    218.000    11.1347    35.4122  1028.0590     1.4477     2.9895     48.670    0.00061    6.14232    6.14365 -9.990e-29    -0.0380   11.10852   3.968471 6.0050e-14    27.0771    27.0721 1.0000e-12    219.785          1      35399    1497.97 1.6653e+03  54904.207   1474.909 1564142520       0.12     -0.590   39.23994  -72.29876    35.5839  1028.0655    27.0837    11.1072 0.0000e+00
    217.000    11.1554    35.4151  1028.0528     1.4493     2.9927     48.758    0.00077    6.13790    6.13918      8.028    -0.0344   11.10116   3.970782 5.9888e-14    27.0755    27.0705 1.0000e-12    218.776          1      35446    1498.02 1.6698e+03  54903.686   1476.857 1564142522      -0.02     -0.519   39.23994  -72.29876    35.5874  1028.0599    27.0826    11.1280 0.0000e+00
    216.000    11.1731    35.4180  1028.0473     1.4502     2.9898     48.763    0.00053    6.13133    6.13252      8.028    -0.0282   11.09023   3.972710 5.9662e-14    27.0745    27.0695 1.0000e-12    217.766          1      35491    1498.07 1.6761e+03  54903.958   1478.769 1564142524      -0.01     -0.525   39.23994  -72.29876    35.5901  1028.0541    27.0814    11.1458 0.0000e+00
    215.000    11.2212    35.4233  1028.0378     1.4503     2.9850     48.714    0.00013    6.12771    6.12884      8.028    -0.0408   11.08420   3.978047 5.9640e-14    27.0698    27.0648 1.0000e-12    216.758          1      35532    1498.23 1.6767e+03  54901.891   1480.447 1564142526      -0.06     -0.592   39.23994  -72.29876    35.5974  1028.0462    27.0782    11.1940 0.0000e+00
    214.000    11.2520    35.4270  1028.0303 -9.990e-29     2.9810     48.671   -0.00005    6.12480    6.12590      8.028    -0.0395   11.07938   3.981281 5.9412e-14    27.0670    27.0619 1.0000e-12    215.751          1      35568    1498.33 1.6832e+03  54900.633   1481.974 1564142527      -0.01     -0.658   39.23994  -72.29876    35.6004  1028.0382    27.0749    11.2248 0.0000e+00
    213.000    11.2797    35.4302  1028.0230     1.4504     2.9780     48.656   -0.00008    6.12059    6.12164      8.028    -0.0407   11.07236   3.984212 5.9899e-14    27.0643    27.0593 1.0000e-12    214.742          1      35609    1498.41 1.6695e+03  54899.352   1483.668 1564142529       0.05     -0.604   39.23994  -72.29878    35.6034  1028.0308    27.0721    11.2527 0.0000e+00
    212.000    11.3049    35.4346  1028.0172     1.4504     2.9793     48.691    0.00018    6.11877    6.11979      8.027    -0.0319   11.06932   3.987091 6.0209e-14    27.0631    27.0581 1.0000e-12    213.729          1      35651    1498.48 1.6609e+03  54900.444   1485.416 1564142531      -0.05     -0.563   39.23994  -72.29878    35.6083  1028.0252    27.0711    11.2779 0.0000e+00
