CalculateIndicators/WaterTemperature/Data/CTD_NYOS/NYOS1910_C04.cnv
* Sea-Bird SBE 9 Data File:
* FileName = C:\Seabird 9 CTD\Data\2019\201910_offhore\NYOS1910_C04.hex
* Software Version Seasave V 7.23.2
* Temperature SN = 4590
* Conductivity SN = 3228
* Number of Bytes Per Scan = 44
* Number of Voltage Words = 5
* Number of Scans Averaged by the Deck Unit = 1
* NMEA Latitude = 40 05.89 N
* NMEA Longitude = 071 34.14 W
* NMEA UTC (Time) = Oct 06 2019  12:01:24
* NMEA baud rate = 4800
** Ship: seawolf
** Station: 1.4
** Operator: EIH
# nquan = 35
# nvalues = 162                         
# units = specified
# name 0 = depSM: Depth [salt water, m]
# name 1 = t090C: Temperature [ITS-90, deg C]
# name 2 = sal00: Salinity, Practical [PSU]
# name 3 = density00: Density [density, kg/m^3]
# name 4 = sbeox0V: Oxygen raw, SBE 43 [V]
# name 5 = sbeox0ML/L: Oxygen, SBE 43 [ml/l]
# name 6 = sbeox0PS: Oxygen, SBE 43 [% saturation]
# name 7 = sbox0dV/dT: Oxygen, SBE 43 [dov/dt]
# name 8 = oxsolML/L: Oxygen Saturation, Garcia & Gordon [ml/l]
# name 9 = oxsatML/L: Oxygen Saturation, Weiss [ml/l]
# name 10 = ph: pH
# name 11 = flECO-AFL: Fluorescence, WET Labs ECO-AFL/FL [mg/m^3]
# name 12 = n2satML/L: Nitrogen Saturation [ml/l]
# name 13 = c0S/m: Conductivity [S/m]
# name 14 = cpar: CPAR/Corrected Irradiance [%]
# name 15 = sigma-é00: Density [sigma-theta, kg/m^3]
# name 16 = sigma-t00: Density [sigma-t, kg/m^3 ]
# name 17 = par: PAR/Irradiance, Biospherical/Licor
# name 18 = prDM: Pressure, Digiquartz [db]
# name 19 = pumps: Pump Status
# name 20 = scan: Scan Count
# name 21 = svCM: Sound Velocity [Chen-Millero, m/s]
# name 22 = spar: SPAR, Biospherical/Licor
# name 23 = specc: Specific Conductance [uS/cm]
# name 24 = timeS: Time, Elapsed [seconds]
# name 25 = timeY: Time, System [seconds]
# name 26 = accM: Acceleration [m/s^2]
# name 27 = dz/dtM: Descent Rate [m/s]
# name 28 = latitude: Latitude [deg]
# name 29 = longitude: Longitude [deg]
# name 30 = gsw_saA0: Absolute Salinity [g/kg]
# name 31 = gsw_densityA0: density, TEOS-10 [density, kg/m^3]
# name 32 = gsw_sigma0A0: density, TEOS-10 [sigma-0, kg/m^3 ]
# name 33 = gsw_ptA0: potential temperature [ITS-90, deg C]
# name 34 = flag: flag
# span 0 =      1.000,     82.000       
# span 1 =    10.4347,    20.9965       
# span 2 =    33.1323,    35.5566       
# span 3 =  1024.1186,  1026.8233       
# span 4 =     1.7381,     2.5067       
# span 5 =     3.5282,     5.1107       
# span 6 =     61.898,     98.264       
# span 7 =   -0.02190,    0.01566       
# span 8 =    5.07668,    6.32552       
# span 9 =    5.06623,    6.32743       
# span 10 =      8.018,      8.284      
# span 11 =     0.0042,     0.3009      
# span 12 =    9.34817,   11.43722      
# span 13 =   3.667194,   4.874946      
# span 14 = -3.479e-06, 4.0634e+01      
# span 15 =    24.1095,    26.4595      
# span 16 =    24.1092,    26.4568      
# span 17 = -4.523e-05, 5.0783e+02      
# span 18 =      1.031,     82.643      
# span 19 =          1,          1      
# span 20 =        110,      20126      
# span 21 =    1490.01,    1524.45      
# span 22 = 3.3788e+02, 1.4241e+03      
# span 23 =  51693.455,  54479.048      
# span 24 =      4.542,    838.537      
# span 25 = 1570363290, 1570364124      
# span 26 =      -0.61,       0.41      
# span 27 =     -0.716,      0.697      
# span 28 =   40.09825,   40.09977      
# span 29 =  -71.56901,  -71.56873      
# span 30 =    33.2763,    35.7268      
# span 31 =  1024.1239,  1026.8275      
# span 32 =    24.1146,    26.4637      
# span 33 =    10.4285,    20.9915      
# span 34 = 0.0000e+00, 0.0000e+00      
# interval = meters: 1                  
# start_time = Oct 06 2019 12:01:25 [System UTC, first data scan.]
# bad_flag = -9.990e-29
*END*
      1.000    19.9794    34.1439  1024.1186     2.5067     5.1105     98.220   -0.00060    5.20318    5.19337      8.279     0.0832    9.56564   4.685151 4.0634e+01    24.1143    24.1142 5.0783e+02      1.031          1        110 -9.990e-29 1.2455e+03  52075.516      4.542 1570363290       0.05     -0.417   40.09825  -71.56901    34.3057  1024.1239    24.1194    19.9792 0.0000e+00
      2.000    19.9801    34.1434  1024.1225     2.5039     5.1092     98.197    0.00080    5.20295    5.19314      8.279     0.0789    9.56527   4.685219 2.3190e+01    24.1138    24.1137 2.9284e+02      2.011          1        365    1520.50 1.2645e+03  52075.392     15.167 1570363301       0.18      0.177   40.09827  -71.56899    34.3053  1024.1277    24.1190    19.9798 0.0000e+00
      3.000    19.9812    34.1431  1024.1264     2.5020     5.0996     98.011   -0.00072    5.20310    5.19329      8.282     0.0821    9.56551   4.685331 1.3776e+01    24.1133    24.1132 1.7536e+02      3.023          1        588    1520.52 1.2734e+03  52075.358     24.453 1570363310       0.14      0.329   40.09830  -71.56898    34.3049  1024.1316    24.1185    19.9807 0.0000e+00
      4.000    19.9801    34.1430  1024.1310     2.5032     5.1102     98.211    0.00096    5.20327    5.19347      8.279     0.0904    9.56581   4.685240 6.6624e+00    24.1135    24.1133 8.5637e+01      4.031          1        651    1520.53 1.2852e+03  52075.724     27.082 1570363313       0.10      0.429   40.09830  -71.56898    34.3047  1024.1361    24.1187    19.9794 0.0000e+00
      5.000    19.9786    34.1426  1024.1355     2.5002     5.0939     97.912   -0.00110    5.20252    5.19271      8.280     0.0888    9.56455   4.685072 4.4302e+00    24.1137    24.1134 5.6785e+01      5.038          1        710    1520.54 1.2819e+03  52075.722     29.559 1570363315      -0.07      0.392   40.09830  -71.56898    34.3043  1024.1406    24.1188    19.9777 0.0000e+00
      6.000    19.9832    34.1431  1024.1391     2.5022     5.1084     98.201    0.00109    5.20197    5.19216      8.280     0.0960    9.56365   4.685723 3.7199e+00    24.1130    24.1127 4.7339e+01      6.047          1        774    1520.57 1.2725e+03  52076.748     32.211 1570363318       0.07      0.406   40.09832  -71.56898    34.3055  1024.1447    24.1186    19.9821 0.0000e+00
      7.000    19.9945    34.1425  1024.1401     2.5036     5.1107     98.252    0.00073    5.20163    5.19181      8.280     0.0855    9.56306   4.686775 4.3164e+00    24.1095    24.1092 5.3790e+01      7.056          1        824    1520.62 1.2465e+03  52075.755     34.287 1570363320       0.07      0.477   40.09832  -71.56898    34.3045  1024.1454    24.1149    19.9932 0.0000e+00
      8.000    19.9906    34.1422  1024.1453     2.5027     5.1034     98.124   -0.00041    5.20092    5.19110      8.281     0.0883    9.56187   4.686389 5.7995e+00    24.1104    24.1100 7.4254e+01      8.063          1        868    1520.62 1.2791e+03  52076.007     36.131 1570363322      -0.06      0.548   40.09832  -71.56898    34.3042  1024.1506    24.1158    19.9891 0.0000e+00
      9.000    20.0003    34.1449  1024.1492     2.5011     5.0996     98.052   -0.00049    5.20091    5.19109      8.280     0.1005    9.56186   4.687776 6.3613e+00    24.1100    24.1095 8.1439e+01      9.070          1        931    1520.67 1.2808e+03  52079.707     38.744 1570363324       0.01      0.339   40.09833  -71.56898    34.3073  1024.1548    24.1156    19.9987 0.0000e+00
     10.000    20.0031    34.1458  1024.1535     2.4996     5.0941     97.938   -0.00126    5.20133    5.19151      8.280     0.0892    9.56256   4.688190 5.6735e+00    24.1100    24.1095 7.2718e+01     10.075          1        992    1520.70 1.2819e+03  52081.291     41.289 1570363327       0.26      0.492   40.09834  -71.56898    34.3080  1024.1591    24.1155    20.0013 0.0000e+00
     11.000    20.0005    34.1452  1024.1582     2.5000     5.1013     98.078    0.00025    5.20130    5.19148      8.280     0.0945    9.56250   4.687832 4.6233e+00    24.1102    24.1097 5.9178e+01     11.084          1       1037    1520.71 1.2799e+03  52081.021     43.162 1570363329      -0.03      0.547   40.09834  -71.56898    34.3069  1024.1633    24.1154    19.9984 0.0000e+00
     12.000    19.9975    34.1452  1024.1634     2.5013     5.1072     98.196    0.00072    5.20104    5.19121      8.280     0.0952    9.56206   4.687640 4.6609e+00    24.1111    24.1105 5.9323e+01     12.095          1       1103    1520.71 1.2732e+03  52081.740     45.924 1570363331      -0.08      0.320   40.09834  -71.56896    34.3074  1024.1688    24.1165    19.9953 0.0000e+00
     13.000    20.0003    34.1454  1024.1672     2.5014     5.1035     98.127   -0.00034    5.20088    5.19106      8.280     0.0974    9.56180   4.687942 4.5002e+00    24.1106    24.1099 5.6750e+01     13.101          1       1164    1520.74 1.2617e+03  52082.278     48.469 1570363334       0.00      0.397   40.09834  -71.56896    34.3073  1024.1724    24.1158    19.9979 0.0000e+00
     14.000    20.0046    34.1474  1024.1720     2.4977     5.0863     97.811   -0.00222    5.20010    5.19027      8.279     0.0946    9.56046   4.688623 3.8954e+00    24.1110    24.1103 4.9881e+01     14.107          1       1225    1520.77 1.2811e+03  52085.380     50.989 1570363336       0.41      0.389   40.09836  -71.56896    34.3090  1024.1770    24.1160    20.0020 0.0000e+00
     15.000    20.0027    34.1470  1024.1766     2.4995     5.1046     98.175    0.00110    5.19952    5.18968 -9.990e-29     0.0909    9.55947   4.688548 3.6300e+00    24.1112    24.1105 4.6742e+01     15.119          1       1282    1520.78 1.2877e+03  52085.290     53.359 1570363339      -0.18      0.430   40.09836  -71.56896    34.3095  1024.1823    24.1170    19.9999 0.0000e+00
     16.000    20.0128    34.1509  1024.1813     2.4974     5.0912     97.917   -0.00091    5.19949    5.18966 -9.990e-29     0.0961    9.55943   4.690028 3.0050e+00    24.1116    24.1108 3.8783e+01     16.122          1       1334    1520.83 1.2907e+03  52090.595     55.528 1570363341      -0.05      0.487   40.09836  -71.56896    34.3131  1024.1868    24.1171    20.0098 0.0000e+00
     17.000    20.0150    34.1518  1024.1858     2.4992     5.1035     98.170    0.00094    5.19865    5.18881      8.280     0.1005    9.55800   4.690405 2.8138e+00    24.1117    24.1109 3.5935e+01     17.135          1       1415    1520.85 1.2771e+03  52092.073     58.903 1570363344       0.00      0.246   40.09838  -71.56896    34.3140  1024.1913    24.1172    20.0119 0.0000e+00
     18.000    20.0187    34.1534  1024.1905     2.4967     5.0857     97.849   -0.00173    5.19753    5.18769      8.280     0.0880    9.55608   4.691017 2.6275e+00    24.1120    24.1112 3.4232e+01     18.139          1       1467    1520.88 1.3030e+03  52094.588     61.065 1570363346       0.28      0.512   40.09838  -71.56896    34.3157  1024.1960    24.1175    20.0154 0.0000e+00
     19.000    20.0275    34.1584  1024.1964     2.4982     5.0895     98.094    0.00049    5.18842    5.17852      8.279     0.0877    9.54041   4.692611 2.3240e+00    24.1136    24.1127 2.9877e+01     19.147          1       1515    1520.93 1.2852e+03  52101.460     63.098 1570363349      -0.13      0.497   40.09838  -71.56896    34.3212  1024.2023    24.1195    20.0240 0.0000e+00
     20.000    20.0953    34.2028  1024.2168     2.4984     5.0632     98.063    0.00016    5.16316    5.15313      8.278     0.0971    9.49692   4.705394 1.9954e+00    24.1297    24.1287 2.5506e+01     20.153          1       1576    1521.18 1.2783e+03  52158.833     65.608 1570363351      -0.06      0.412   40.09840  -71.56896    34.3702  1024.2260    24.1389    20.0916 0.0000e+00
     21.000    20.3132    34.3590  1024.2825     2.4890     4.9659     97.172   -0.00503    5.11053    5.10023      8.276     0.1370    9.40660   4.749330 1.8979e+00    24.1912    24.1901 2.4120e+01     21.171          1       1663    1521.98 1.2719e+03  52360.370     69.265 1570363355       0.19      0.193   40.09840  -71.56896    34.5508  1024.3096    24.2182    20.3093 0.0000e+00
     22.000    20.6656    34.5817  1024.3624     2.4837     4.9608     97.010   -0.00388    5.11364    5.10336 -9.990e-29     0.1642    9.41183   4.811571 1.6878e+00    24.2668    24.2657 2.1843e+01     22.168          1       1694    1523.21 1.2943e+03  52645.974     70.548 1570363356       0.12      0.644   40.09840  -71.56896    34.7685  1024.3847    24.2891    20.6614 0.0000e+00
     23.000    20.7483    34.6332  1024.3838     2.4814     4.9630     97.121   -0.00099    5.11015    5.09985      8.277     0.1372    9.40580   4.825180 1.4814e+00    24.2839    24.2828 1.9143e+01     23.178          1       1747    1523.50 1.2922e+03  52712.407     72.730 1570363358      -0.10      0.461   40.09840  -71.56896    34.8107  1024.3988    24.2989    20.7439 0.0000e+00
     24.000    20.8054    34.6813  1024.4094     2.4830     4.9633     97.375    0.00119    5.09716    5.08681      8.279     0.1650    9.38340   4.836407 1.2901e+00    24.3052    24.3040 1.6636e+01     24.191          1       1829    1523.73 1.2897e+03  52775.389     76.173 1570363362       0.03      0.223   40.09842  -71.56896    34.8545  1024.4210    24.3168    20.8008 0.0000e+00
     25.000    20.8506    34.7189  1024.4302     2.4826     4.9424     97.237   -0.00028    5.08280    5.07238      8.279     0.1730    9.35849   4.846249 1.1398e+00    24.3217    24.3204 1.4709e+01     25.191          1       1870    1523.91 1.2906e+03  52824.785     77.882 1570363363       0.07      0.590   40.09842  -71.56896    34.8967  1024.4450    24.3365    20.8458 0.0000e+00
     26.000    20.9965    34.8307  1024.4801     2.4692     4.9268     96.178   -0.00621    5.12279    5.11264      8.277     0.1861    9.42503   4.874946 1.0263e+00    24.3673    24.3660 1.3285e+01     26.201          1       1929    1524.45 1.2944e+03  52969.983     80.338 1570363366      -0.08      0.411   40.09842  -71.56896    35.0083  1024.4943    24.3815    20.9915 0.0000e+00
     27.000    20.6357    34.8651  1024.6082     2.4396     4.8913     94.484   -0.01032    5.17673    5.16694      8.266     0.2261    9.51556   4.837632 9.1015e-01    24.4909    24.4895 1.1785e+01     27.215          1       2000    1523.52 1.2950e+03  53033.974     83.295 1570363369       0.15      0.315   40.09843  -71.56896    35.0027  1024.5921    24.4748    20.6306 0.0000e+00
     28.000    20.2617    34.8012  1024.6640     2.4304     4.9184     94.411   -0.00601    5.20962    5.20006      8.263     0.2858    9.57091   4.792655 8.0532e-01    24.5422    24.5409 1.0409e+01     28.217          1       2042    1522.45 1.2924e+03  52966.931     85.041 1570363370      -0.02      0.554   40.09844  -71.56896    34.9449  1024.6529    24.5311    20.2565 0.0000e+00
     29.000    19.8624    34.7106  1024.7047     2.4189     4.9619     94.011   -0.00495    5.27828    5.26923      8.261     0.2182    9.68630   4.740352 7.5775e-01    24.5784    24.5770 9.8234e+00     29.225          1       2097    1521.26 1.2965e+03  52866.076     87.354 1570363373      -0.08      0.429   40.09844  -71.56896    34.8460  1024.6877    24.5613    19.8570 0.0000e+00
     30.000    19.3909    34.6033  1024.7500     2.3871     4.9427     91.645   -0.01566    5.39337    5.38525      8.254     0.2103    9.87930   4.677532 7.2464e-01    24.6190    24.6176 9.1665e+00     30.235          1       2158    1519.83 1.2647e+03  52747.369     89.885 1570363375       0.21      0.392   40.09844  -71.56896    34.7173  1024.7173    24.5863    19.3854 0.0000e+00
     31.000    18.3487    34.4231  1024.8810     2.3563     5.0132     90.253   -0.01534    5.55509    5.54840      8.242     0.2744   10.15090   4.549864 6.8270e-01    24.7451    24.7438 8.6072e+00     31.243          1       2206    1516.67 1.2615e+03  52570.199     91.876 1570363377      -0.07      0.507   40.09846  -71.56896    34.5157  1024.8327    24.6968    18.3433 0.0000e+00
     32.000    17.2760    34.1876  1024.9655     2.3150     4.9728     87.827   -0.02021    5.66217    5.65651      8.222     0.2357   10.33022   4.412200 6.0475e-01    24.8247    24.8234 7.8373e+00     32.248          1       2254    1513.24 1.2962e+03  52332.205     93.884 1570363379       0.02      0.513   40.09846  -71.56896    34.2357  1024.8840    24.7431    17.2707 0.0000e+00
     33.000    16.0256    33.9971  1025.1178     2.2684     4.9223     85.398   -0.02190    5.76395    5.75933      8.201     0.2579   10.50028   4.271287 5.4009e-01    24.9717    24.9705 7.0317e+00     33.260          1       2307    1509.27 1.3020e+03  52178.614     96.078 1570363382       0.01      0.448   40.09846  -71.56896    34.0652  1025.0521    24.9060    16.0204 0.0000e+00
     34.000    15.0039    33.8102  1025.2055     2.2396     4.9250     84.798   -0.01426    5.80801    5.80385      8.190     0.2402   10.57421   4.151857 4.8671e-01    25.0544    25.0533 6.3052e+00     34.264          1       2357    1505.86 1.2954e+03  52026.858     98.158 1570363384      -0.06      0.481   40.09847  -71.56896    33.8696  1025.1335    24.9824    14.9988 0.0000e+00
     35.000    14.5134    33.7309  1025.2554     2.2034     4.8935     83.059   -0.01434    5.89158    5.88832      8.169     0.2499   10.71370   4.099089 4.4824e-01    25.0995    25.0984 5.8238e+00     35.278          1       2418    1504.23 1.2994e+03  51972.216    100.707 1570363386       0.09      0.371   40.09848  -71.56896    33.8130  1025.2009    25.0449    14.5083 0.0000e+00
     36.000    14.0971    33.6464  1025.2825     2.1849     4.8574     82.362   -0.01242    5.89767    5.89448      8.163     0.2593   10.72392   4.049336 4.0569e-01    25.1218    25.1207 5.3050e+00     36.278          1       2455    1502.80 1.3077e+03  51904.929    102.259 1570363388       0.13      0.616   40.09848  -71.56896    33.7159  1025.2185    25.0578    14.0919 0.0000e+00
     37.000    13.6223    33.6061  1025.3545     2.1656     4.8695     82.268   -0.00478    5.91898    5.91602      8.151     0.2448   10.75963   4.004774 3.7569e-01    25.1890    25.1880 4.8670e+00     37.291          1       2530    1501.22 1.2959e+03  51908.218    105.365 1570363391       0.08      0.256   40.09848  -71.56896    33.7166  1025.3220    25.1565    13.6171 0.0000e+00
     38.000    13.5776    33.5836  1025.3507     2.1615     4.8851     82.355   -0.00232    5.93173    5.92891      8.148     0.2830   10.78093   3.998707 3.3006e-01    25.1806    25.1796 4.3224e+00     38.295          1       2578    1501.06 1.3095e+03  51883.595    107.378 1570363393       0.04      0.567   40.09849  -71.56896    33.6985  1025.3216    25.1515    13.5723 0.0000e+00
     39.000    13.4286    33.5603  1025.3675     2.1568     4.8984     82.188   -0.00205    5.95998    5.95748      8.145     0.2532   10.82819   3.983297 2.9642e-01    25.1929    25.1918 3.8570e+00     39.304          1       2635    1500.56 1.3012e+03  51871.144    109.749 1570363395      -0.07      0.418   40.09850  -71.56896    33.6846  1025.3456    25.1710    13.4231 0.0000e+00
     40.000    13.1690    33.5142  1025.3887     2.1452     4.8993     81.488   -0.00382    6.01223    6.01031      8.139     0.2631   10.91551   3.954166 2.6764e-01    25.2094    25.2083 3.4508e+00     40.315          1       2711    1499.66 1.2893e+03  51842.215    112.920 1570363398       0.01      0.304   40.09850  -71.56894    33.6382  1025.3667    25.1873    13.1635 0.0000e+00
     41.000    12.8778    33.4670  1025.4146     2.1361     4.9197     81.068   -0.00413    6.06867    6.06740      8.133     0.2665   11.00968   3.922098 2.4568e-01    25.2306    25.2295 3.0986e+00     41.322          1       2763    1498.65 1.2611e+03  51816.888    115.080 1570363401       0.18      0.486   40.09850  -71.56894    33.5909  1025.3927    25.2086    12.8723 0.0000e+00
