CalculateIndicators/WaterTemperature/Data/CTD_NYOS/NYOS190726_4_6.cnv
* Sea-Bird SBE 9 Data File:
* FileName = C:\Seabird 9 CTD\Data\2019\201907_offshore\NYOS190726_4_6.hex
* Software Version Seasave V 7.23.2
* Temperature SN = 4590
* Conductivity SN = 3228
* Number of Bytes Per Scan = 44
* Number of Voltage Words = 5
* Number of Scans Averaged by the Deck Unit = 1
* NMEA Latitude = 39 14.39 N
* NMEA Longitude = 072 17.77 W
* NMEA UTC (Time) = Jul 26 2019  11:37:24
* NMEA baud rate = 4800
** Ship: seawolf
** Station: 4-6
** Operator: kal
** Redo from previous cast.
# nquan = 35
# nvalues = 998                         
# units = specified
# name 0 = depSM: Depth [salt water, m]
# name 1 = t090C: Temperature [ITS-90, deg C]
# name 2 = sal00: Salinity, Practical [PSU]
# name 3 = density00: Density [density, kg/m^3]
# name 4 = sbeox0V: Oxygen raw, SBE 43 [V]
# name 5 = sbeox0ML/L: Oxygen, SBE 43 [ml/l]
# name 6 = sbeox0PS: Oxygen, SBE 43 [% saturation]
# name 7 = sbox0dV/dT: Oxygen, SBE 43 [dov/dt]
# name 8 = oxsolML/L: Oxygen Saturation, Garcia & Gordon [ml/l]
# name 9 = oxsatML/L: Oxygen Saturation, Weiss [ml/l]
# name 10 = ph: pH
# name 11 = flECO-AFL: Fluorescence, WET Labs ECO-AFL/FL [mg/m^3]
# name 12 = n2satML/L: Nitrogen Saturation [ml/l]
# name 13 = c0S/m: Conductivity [S/m]
# name 14 = cpar: CPAR/Corrected Irradiance [%]
# name 15 = sigma-é00: Density [sigma-theta, kg/m^3]
# name 16 = sigma-t00: Density [sigma-t, kg/m^3 ]
# name 17 = par: PAR/Irradiance, Biospherical/Licor
# name 18 = prDM: Pressure, Digiquartz [db]
# name 19 = pumps: Pump Status
# name 20 = scan: Scan Count
# name 21 = svCM: Sound Velocity [Chen-Millero, m/s]
# name 22 = spar: SPAR, Biospherical/Licor
# name 23 = specc: Specific Conductance [uS/cm]
# name 24 = timeS: Time, Elapsed [seconds]
# name 25 = timeY: Time, System [seconds]
# name 26 = accM: Acceleration [m/s^2]
# name 27 = dz/dtM: Descent Rate [m/s]
# name 28 = latitude: Latitude [deg]
# name 29 = longitude: Longitude [deg]
# name 30 = gsw_saA0: Absolute Salinity [g/kg]
# name 31 = gsw_densityA0: density, TEOS-10 [density, kg/m^3]
# name 32 = gsw_sigma0A0: density, TEOS-10 [sigma-0, kg/m^3 ]
# name 33 = gsw_ptA0: potential temperature [ITS-90, deg C]
# name 34 = flag: flag
# span 0 =      1.000,    500.000       
# span 1 =     7.1378,    24.7922       
# span 2 =    32.1083,    35.6653       
# span 3 =  1021.2328,  1029.7827       
# span 4 =     1.4033,     2.8448       
# span 5 =     2.9150,     6.6339       
# span 6 =     46.784,    118.427       
# span 7 =   -0.07244,    0.07575       
# span 8 =    4.82976,    6.72140       
# span 9 =    4.81757,    6.73125       
# span 10 =      7.960,      8.268      
# span 11 =    -0.0653,     1.0739      
# span 12 =    8.96293,   12.06852      
# span 13 =   3.573656,   4.915405      
# span 14 = -2.756e-06, 7.9013e+01      
# span 15 =    21.2242,    27.4902      
# span 16 =    21.2241,    27.4833      
# span 17 = -4.345e-05, 6.6742e+02      
# span 18 =      1.009,    504.435      
# span 19 =          0,          1      
# span 20 =        176,      48659      
# span 21 =    1487.62,    1531.07      
# span 22 = 4.3707e+02, 1.7537e+03      
# span 23 =  49146.092,  55596.086      
# span 24 =      7.300,   2027.421      
# span 25 = 1564141053, 1564143073      
# span 26 =      -0.51,       0.50      
# span 27 =     -1.059,      1.090      
# span 28 =   39.23962,   39.24020      
# span 29 =  -72.29999,  -72.29623      
# span 30 =    32.2575,    35.8321      
# span 31 =  1021.2343,  1029.7861      
# span 32 =    21.2257,    27.4936      
# span 33 =     7.0888,    24.7912      
# span 34 = 0.0000e+00, 0.0000e+00      
# interval = meters: 1                  
# start_time = Jul 26 2019 11:37:25 [System UTC, first data scan.]
# bad_flag = -9.990e-29
*END*
[from data line 249]
    251.000    10.5650    35.3484  1028.2642     1.4130     2.9275     47.013   -0.00074    6.22691    6.22938      7.971    -0.0382   11.24915   3.908220 8.2005e-14    27.1308    27.1253 1.0000e-12    253.073          1       9487    1496.44 1.2195e+03  54945.028    395.270 1564141440      -0.01      0.819   39.23966  -72.29706    35.5143  1028.2662    27.1328    10.5343 0.0000e+00
    252.000    10.5565    35.3473  1028.2693     1.4125     2.9292     47.040   -0.00033    6.22696    6.22942      7.970    -0.0409   11.24922   3.907353 8.3117e-14    27.1314    27.1259 1.0000e-12    254.086          1       9523    1496.42 1.2032e+03  54945.675    396.738 1564141442      -0.06      0.695   39.23966  -72.29706    35.5132  1028.2714    27.1335    10.5258 0.0000e+00
    253.000    10.5477    35.3461  1028.2746 -9.990e-29     2.9273     47.007   -0.00041    6.22726    6.22974 -9.990e-29    -0.0378   11.24973   3.906509 8.5153e-14    27.1321    27.1266 1.0000e-12    255.089          1       9559    1496.41 1.1745e+03  54946.495    398.244 1564141443      -0.06      0.685   39.23966  -72.29706    35.5128  1028.2772    27.1348    10.5169 0.0000e+00
    254.000    10.5467    35.3458  1028.2790     1.4122     2.9336     47.107    0.00017    6.22761    6.23009 -9.990e-29    -0.0431   11.25031   3.906479 8.6924e-14    27.1320    27.1265 1.0000e-12    256.106          1       9609    1496.42 1.1504e+03  54946.799    400.334 1564141446      -0.02      0.449   39.23966  -72.29706    35.5130  1028.2821    27.1351    10.5158 0.0000e+00
    255.000    10.5433    35.3452  1028.2837     1.4119     2.9317     47.075   -0.00006    6.22777    6.23025 -9.990e-29    -0.0282   11.25058   3.906170 8.6838e-14    27.1322    27.1267 1.0000e-12    257.110          1       9648    1496.42 1.1516e+03  54947.344    401.961 1564141447       0.06      0.611   39.23966  -72.29706    35.5127  1028.2870    27.1355    10.5123 0.0000e+00
    256.000    10.5421    35.3451  1028.2884     1.4119     2.9317     47.075   -0.00010    6.22776    6.23024 -9.990e-29    -0.0455   11.25055   3.906104 8.6009e-14    27.1323    27.1268 1.0000e-12    258.126          1       9687    1496.43 1.1627e+03  54948.045    403.573 1564141449       0.03      0.612   39.23966  -72.29708    35.5128  1028.2918    27.1358    10.5109 0.0000e+00
    257.000    10.5413    35.3450  1028.2929     1.4108     2.9253     46.971   -0.00048    6.22782    6.23030 -9.990e-29    -0.0319   11.25067   3.906084 8.4663e-14    27.1324    27.1268 1.0000e-12    259.131          1       9714    1496.45 1.1812e+03  54948.681    404.698 1564141450       0.25      0.787   39.23966  -72.29708    35.5129  1028.2966    27.1361    10.5100 0.0000e+00
    258.000    10.5411    35.3449  1028.2974     1.4106     2.9235     46.942   -0.00065    6.22799    6.23047 -9.990e-29    -0.0302   11.25094   3.906118 8.3157e-14    27.1323    27.1268 1.0000e-12    260.131          1       9739    1496.46 1.2026e+03  54949.172    405.744 1564141451       0.04      0.961   39.23966  -72.29708    35.5130  1028.3011    27.1362    10.5097 0.0000e+00
    259.000    10.5408    35.3447  1028.3019     1.4105     2.9288     47.027   -0.00001    6.22788    6.23036 -9.990e-29    -0.0365   11.25076   3.906121 8.1916e-14    27.1323    27.1267 1.0000e-12    261.147          1       9777    1496.48 1.2208e+03  54949.645    407.330 1564141453      -0.22      0.690   39.23966  -72.29708    35.5129  1028.3057    27.1362    10.5092 0.0000e+00
    260.000    10.5399    35.3444  1028.3063     1.4100     2.9259     46.978   -0.00024    6.22827    6.23075 -9.990e-29    -0.0424   11.25141   3.906069 8.2571e-14    27.1322    27.1266 1.0000e-12    262.154          1       9823    1496.49 1.2111e+03  54950.064    409.268 1564141455      -0.07      0.535   39.23966  -72.29708    35.5128  1028.3103    27.1363    10.5082 0.0000e+00
    261.000    10.5402    35.3443  1028.3107 -9.990e-29     2.9277     47.004   -0.00007    6.22870    6.23120 -9.990e-29    -0.0346   11.25213   3.906141 8.3574e-14    27.1321    27.1265 1.0000e-12    263.174          1       9877    1496.51 1.1965e+03  54950.460    411.511 1564141457       0.11      0.402   39.23966  -72.29708    35.5127  1028.3148    27.1362    10.5084 0.0000e+00
    262.000    10.5364    35.3441  1028.3158 -9.990e-29     2.9270     46.991   -0.00011    6.22874    6.23123 -9.990e-29    -0.0441   11.25219   3.905783 8.4140e-14    27.1327    27.1270 1.0000e-12    264.174          1       9904    1496.51 1.1885e+03  54951.589    412.622 1564141458       0.33      0.747   39.23964  -72.29708    35.5123  1028.3197    27.1366    10.5045 0.0000e+00
    263.000    10.5349    35.3439  1028.3204     1.4099     2.9285     47.016   -0.00004    6.22886    6.23135 -9.990e-29    -0.0251   11.25239   3.905682 8.5290e-14    27.1328    27.1271 1.0000e-12    265.176          1       9931    1496.52 1.1725e+03  54952.242    413.736 1564141459      -0.01      0.925   39.23964  -72.29708    35.5124  1028.3245    27.1369    10.5028 0.0000e+00
    264.000    10.5344    35.3439  1028.3251     1.4096     2.9285     47.012   -0.00000    6.22936    6.23186 -9.990e-29    -0.0409   11.25322   3.905686 8.9408e-14    27.1330    27.1273 1.0000e-12    266.196          1       9968    1496.54 1.1187e+03  54953.059    415.272 1564141461      -0.16      0.682   39.23964  -72.29708    35.5125  1028.3292    27.1371    10.5022 0.0000e+00
    265.000    10.5333    35.3437  1028.3296     1.4088     2.9209     46.881   -0.00068    6.23045    6.23296 -9.990e-29    -0.0393   11.25503   3.905615 9.4382e-14    27.1330    27.1272 1.0000e-12    267.196          1       9998    1496.55 1.0598e+03  54953.567    416.556 1564141462       0.14      0.739   39.23964  -72.29708    35.5123  1028.3338    27.1372    10.5010 0.0000e+00
    266.000    10.5266    35.3429  1028.3348     1.4099     2.9377     47.120    0.00053    6.23448    6.23705      7.969    -0.0292   11.26173   3.904882 9.8839e-14    27.1336    27.1279 1.0000e-12    268.213          1      10055    1496.54 1.0116e+03  54954.497    418.898 1564141464      -0.22      0.396   39.23964  -72.29708    35.5110  1028.3385    27.1374    10.4942 0.0000e+00
    267.000    10.5088    35.3405  1028.3407     1.4095     2.9308     47.005   -0.00023    6.23501    6.23759      7.969    -0.0301   11.26261   3.902799 9.6912e-14    27.1348    27.1291 1.0000e-12    269.221          1      10095    1496.50 1.0319e+03  54955.225    420.564 1564141466       0.50      0.601   39.23964  -72.29708    35.5067  1028.3430    27.1372    10.4763 0.0000e+00
    268.000    10.4917    35.3400  1028.3479     1.4089     2.9270     46.946   -0.00047    6.23484    6.23742      7.969    -0.0294   11.26232   3.901302 9.9057e-14    27.1375    27.1317 1.0000e-12    270.223          1      10119    1496.45 1.0131e+03  54958.574    421.580 1564141467       0.14      0.945   39.23964  -72.29708    35.5077  1028.3513    27.1410    10.4591 0.0000e+00
    269.000    10.4901    35.3395  1028.3523     1.4096     2.9352     47.075    0.00019    6.23510    6.23768      7.969    -0.0297   11.26276   3.901160 8.8918e-14    27.1374    27.1316 1.0000e-12    271.235          1      10150    1496.46 1.1250e+03  54958.810    422.864 1564141468      -0.18      0.857   39.23964  -72.29708    35.5073  1028.3558    27.1410    10.4574 0.0000e+00
    270.000    10.4893    35.3395  1028.3570     1.4088     2.9293     46.977   -0.00028    6.23559    6.23818      7.969    -0.0348   11.26357   3.901172 8.6062e-14    27.1376    27.1318 1.0000e-12    272.245          1      10185    1496.47 1.1620e+03  54959.655    424.319 1564141470      -0.00      0.690   39.23964  -72.29708    35.5078  1028.3610    27.1416    10.4564 0.0000e+00
    271.000    10.4882    35.3388  1028.3612     1.4085     2.9280     46.955   -0.00035    6.23572    6.23831      7.969    -0.0434   11.26379   3.901021 8.5729e-14    27.1373    27.1315 1.0000e-12    273.252          1      10220    1496.49 1.1665e+03  54959.584    425.807 1564141471      -0.05      0.692   39.23964  -72.29709    35.5068  1028.3649    27.1411    10.4552 0.0000e+00
    272.000    10.4842    35.3385  1028.3662     1.4079     2.9264     46.928   -0.00036    6.23584    6.23843      7.969    -0.0354   11.26399   3.900670 8.4552e-14    27.1377    27.1319 1.0000e-12    274.263          1      10266 -9.990e-29 1.1828e+03  54960.544    427.722 1564141473      -0.07      0.531   39.23964  -72.29710    35.5067  1028.3701    27.1417    10.4511 0.0000e+00
    273.000    10.4831    35.3383  1028.3708     1.4076     2.9285     46.962   -0.00007    6.23593    6.23852      7.969    -0.0308   11.26415   3.900612 8.0588e-14    27.1378    27.1320 1.0000e-12    275.277          1      10312    1496.50 1.2411e+03  54961.174    429.631 1564141475       0.10      0.510   39.23964  -72.29710    35.5067  1028.3748    27.1419    10.4499 0.0000e+00
    274.000    10.4827    35.3383  1028.3754     1.4077     2.9309     46.995    0.00007    6.23658    6.23918      7.969    -0.0298   11.26522   3.900624 7.6969e-14    27.1379    27.1320 1.0000e-12    276.281          1      10341    1496.52 1.2995e+03  54961.853    430.854 1564141476       0.21      0.743   39.23964  -72.29710    35.5068  1028.3795    27.1421    10.4493 0.0000e+00
    275.000    10.4825    35.3382  1028.3799     1.4074     2.9288     46.959   -0.00011    6.23696    6.23957      7.970    -0.0292   11.26586   3.900641 7.3596e-14    27.1378    27.1319 1.0000e-12    277.286          1      10370    1496.53 1.3591e+03  54962.336    432.056 1564141477      -0.02      0.859   39.23964  -72.29710    35.5067  1028.3840    27.1420    10.4491 0.0000e+00
    276.000    10.4792    35.3374  1028.3844     1.4063     2.9209     46.827   -0.00071    6.23766    6.24028      7.970    -0.0238   11.26703   3.900257 7.0163e-14    27.1379    27.1319 1.0000e-12    278.300          1      10406    1496.54 1.4255e+03  54962.600    433.547 1564141479      -0.10      0.696   39.23964  -72.29710    35.5056  1028.3882    27.1418    10.4456 0.0000e+00
    277.000    10.4746    35.3370  1028.3894     1.4060     2.9253     46.891   -0.00021    6.23859    6.24121      7.970    -0.0402   11.26856   3.899839 6.7127e-14    27.1384    27.1324 1.0000e-12    279.306          1      10441    1496.54 1.4900e+03  54963.533    435.013 1564141480       0.02      0.686   39.23964  -72.29710    35.5054  1028.3934    27.1424    10.4409 0.0000e+00
    278.000    10.4683    35.3361  1028.3944 -9.990e-29     2.9295     46.950    0.00007    6.23975    6.24239 -9.990e-29    -0.0404   11.27049   3.899174 6.3951e-14    27.1388    27.1328 1.0000e-12    280.317          1      10487    1496.53 1.5640e+03  54964.163    436.902 1564141482      -0.12      0.545   39.23964  -72.29710    35.5043  1028.3983    27.1427    10.4345 0.0000e+00
    279.000    10.4589    35.3348  1028.3996 -9.990e-29     2.9318     46.975    0.00016    6.24119    6.24386 -9.990e-29    -0.0217   11.27290   3.898164 6.2821e-14    27.1394    27.1335 1.0000e-12    281.332          1      10534    1496.51 1.5918e+03  54964.854    438.872 1564141484       0.17      0.483   39.23964  -72.29710    35.5027  1028.4033    27.1432    10.4250 0.0000e+00
    280.000    10.4535    35.3343  1028.4047 -9.990e-29     2.9270     46.893   -0.00035    6.24197    6.24464 -9.990e-29    -0.0399   11.27419   3.897654 6.2434e-14    27.1400    27.1340 1.0000e-12    282.334          1      10562    1496.51 1.6017e+03  54965.853    440.049 1564141485       0.20      0.768   39.23964  -72.29710    35.5023  1028.4085    27.1438    10.4195 0.0000e+00
    281.000    10.4475    35.3332  1028.4095 -9.990e-29     2.9294     46.922   -0.00014    6.24318    6.24587 -9.990e-29    -0.0340   11.27621   3.896982 6.1741e-14    27.1403    27.1343 1.0000e-12    283.343          1      10593    1496.50 1.6197e+03  54966.234    441.331 1564141487      -0.08      0.824   39.23964  -72.29710    35.5009  1028.4130    27.1438    10.4134 0.0000e+00
    282.000    10.4412    35.3325  1028.4147     1.4054     2.9296     46.921   -0.00009    6.24364    6.24634 -9.990e-29    -0.0359   11.27697   3.896363 6.1498e-14    27.1409    27.1348 1.0000e-12    284.357          1      10626    1496.50 1.6261e+03  54967.131    442.697 1564141488       0.02      0.719   39.23964  -72.29710    35.5003  1028.4182    27.1445    10.4070 0.0000e+00
    283.000    10.4329    35.3314  1028.4199     1.4046     2.9215     46.787   -0.00071    6.24430    6.24701 -9.990e-29    -0.0397   11.27807   3.895487 6.1854e-14    27.1415    27.1355 1.0000e-12    285.359          1      10653    1496.48 1.6167e+03  54967.990    443.833 1564141489       0.11      0.844   39.23964  -72.29710    35.4990  1028.4232    27.1450    10.3985 0.0000e+00
    284.000    10.4255    35.3305  1028.4250     1.4053     2.9344     46.962    0.00022    6.24848    6.25124      7.969    -0.0341   11.28503   3.894769 6.2598e-14    27.1420    27.1360 1.0000e-12    286.370          1      10701    1496.47 1.5975e+03  54968.715    445.844 1564141491      -0.20      0.529   39.23962  -72.29710    35.4984  1028.4286    27.1458    10.3911 0.0000e+00
    285.000    10.4176    35.3294  1028.4301     1.4049     2.9361     46.879   -0.00043    6.26303    6.26599      7.968    -0.0379   11.30920   3.893928 6.2951e-14    27.1427    27.1366 1.0000e-12    287.388          1      10758    1496.46 1.5886e+03  54969.506    448.202 1564141493       0.33      0.414   39.23962  -72.29708    35.4971  1028.4337    27.1462    10.3831 0.0000e+00
    286.000    10.3938    35.3228  1028.4338     1.4050     2.9388     46.908   -0.00022    6.26515    6.26815      7.967    -0.0310   11.31271   3.890479 6.2739e-14    27.1416    27.1355 1.0000e-12    288.388          1      10784    1496.38 1.5939e+03  54965.577    449.278 1564141495       0.25      0.802   39.23962  -72.29710    35.4848  1028.4329    27.1408    10.3592 0.0000e+00
    287.000    10.3131    35.3169  1028.4484     1.4050     2.9447     46.977    0.00011    6.26837    6.27140      7.967    -0.0304   11.31805   3.882299 6.2466e-14    27.1512    27.1452 1.0000e-12    289.396          1      10815    1496.11 1.6009e+03  54974.474    450.572 1564141496      -0.13      0.838   39.23962  -72.29710    35.4796  1028.4480    27.1509    10.2785 0.0000e+00
    288.000    10.2732    35.3141  1028.4580 -9.990e-29     2.9452     46.968    0.00006    6.27062    6.27368 -9.990e-29    -0.0397   11.32179   3.878437 6.2187e-14    27.1561    27.1500 1.0000e-12    290.411          1      10851    1495.98 1.6081e+03  54979.401    452.068 1564141497       0.03      0.649   39.23962  -72.29710    35.4787  1028.4590    27.1572    10.2386 0.0000e+00
    289.000    10.2519    35.3111  1028.4640 -9.990e-29     2.9463     46.942   -0.00015    6.27640    6.27954 -9.990e-29    -0.0351   11.33140   3.876119 6.2028e-14    27.1574    27.1514 1.0000e-12    291.411          1      10882    1495.91 1.6122e+03  54980.141    453.389 1564141499      -0.01      0.762   39.23962  -72.29710    35.4753  1028.4647    27.1582    10.2172 0.0000e+00
    290.000    10.2203    35.3073  1028.4713     1.4050     2.9512     46.979    0.00002    6.28195    6.28517      7.966    -0.0464   11.34062   3.872687 6.2825e-14    27.1600    27.1539 1.0000e-12    292.429          1      10932    1495.81 1.5917e+03  54981.966    455.462 1564141501      -0.12      0.466   39.23962  -72.29710    35.4707  1028.4714    27.1601    10.1856 0.0000e+00
    291.000    10.1766    35.3035  1028.4806     1.4043     2.9506     46.911   -0.00032    6.28979    6.29313      7.966    -0.0293   11.35363   3.868243 6.3281e-14    27.1645    27.1585 1.0000e-12    293.437          1      10971    1495.67 1.5803e+03  54986.179    457.086 1564141502       0.21      0.596   39.23962  -72.29710    35.4674  1028.4812    27.1652    10.1419 0.0000e+00
