CalculateIndicators/WaterTemperature/Data/CTD_NYOS/NYOS190726_5_5.cnv
* Sea-Bird SBE 9 Data File:
* FileName = C:\Seabird 9 CTD\Data\2019\201907_offshore\NYOS190726_5_5.hex
* Software Version Seasave V 7.23.2
* Temperature SN = 4590
* Conductivity SN = 3228
* Number of Bytes Per Scan = 44
* Number of Voltage Words = 5
* Number of Scans Averaged by the Deck Unit = 1
* NMEA Latitude = 39 19.84 N
* NMEA Longitude = 072 40.12 W
* NMEA UTC (Time) = Jul 27 2019  04:35:11
* NMEA baud rate = 4800
** Ship: Seawolf
** Station: 5-5
** Operator: lis
# nquan = 35
# nvalues = 215                         
# units = specified
# name 0 = depSM: Depth [salt water, m]
# name 1 = t090C: Temperature [ITS-90, deg C]
# name 2 = sal00: Salinity, Practical [PSU]
# name 3 = density00: Density [density, kg/m^3]
# name 4 = sbeox0V: Oxygen raw, SBE 43 [V]
# name 5 = sbeox0ML/L: Oxygen, SBE 43 [ml/l]
# name 6 = sbeox0PS: Oxygen, SBE 43 [% saturation]
# name 7 = sbox0dV/dT: Oxygen, SBE 43 [dov/dt]
# name 8 = oxsolML/L: Oxygen Saturation, Garcia & Gordon [ml/l]
# name 9 = oxsatML/L: Oxygen Saturation, Weiss [ml/l]
# name 10 = ph: pH
# name 11 = flECO-AFL: Fluorescence, WET Labs ECO-AFL/FL [mg/m^3]
# name 12 = n2satML/L: Nitrogen Saturation [ml/l]
# name 13 = c0S/m: Conductivity [S/m]
# name 14 = cpar: CPAR/Corrected Irradiance [%]
# name 15 = sigma-é00: Density [sigma-theta, kg/m^3]
# name 16 = sigma-t00: Density [sigma-t, kg/m^3 ]
# name 17 = par: PAR/Irradiance, Biospherical/Licor
# name 18 = prDM: Pressure, Digiquartz [db]
# name 19 = pumps: Pump Status
# name 20 = scan: Scan Count
# name 21 = svCM: Sound Velocity [Chen-Millero, m/s]
# name 22 = spar: SPAR, Biospherical/Licor
# name 23 = specc: Specific Conductance [uS/cm]
# name 24 = timeS: Time, Elapsed [seconds]
# name 25 = timeY: Time, System [seconds]
# name 26 = accM: Acceleration [m/s^2]
# name 27 = dz/dtM: Descent Rate [m/s]
# name 28 = latitude: Latitude [deg]
# name 29 = longitude: Longitude [deg]
# name 30 = gsw_saA0: Absolute Salinity [g/kg]
# name 31 = gsw_densityA0: density, TEOS-10 [density, kg/m^3]
# name 32 = gsw_sigma0A0: density, TEOS-10 [sigma-0, kg/m^3 ]
# name 33 = gsw_ptA0: potential temperature [ITS-90, deg C]
# name 34 = flag: flag
# span 0 =      2.000,    109.000       
# span 1 =     7.3167,    24.6014       
# span 2 =    31.5138,    35.3274       
# span 3 =  1020.8377,  1027.1162       
# span 4 =     1.7023,     2.7790       
# span 5 =     2.8497,     7.1611       
# span 6 =     57.843,    121.555       
# span 7 =   -0.04858,    0.25770       
# span 8 =    4.85314,    6.80377       
# span 9 =    4.84082,    6.81201       
# span 10 =      7.994,      8.207      
# span 11 =    -0.0266,     1.5863      
# span 12 =    9.01031,   12.23394      
# span 13 =   3.349813,   4.798335      
# span 14 = -1.092e+04, 1.0346e+05      
# span 15 =    20.8290,    26.6292      
# span 16 =    20.8289,    26.6261      
# span 17 = -5.753e-05, 1.6307e-01      
# span 18 =      2.016,    109.859      
# span 19 =          0,          1      
# span 20 =        375,      12516      
# span 21 =    1477.79,    1529.71      
# span 22 = -4.904e-01, 4.6552e+00      
# span 23 =  48335.923,  54397.863      
# span 24 =     15.586,    521.438      
# span 25 = 1564202127, 1564202633      
# span 26 =      -0.64,       0.39      
# span 27 =     -1.116,      0.952      
# span 28 =   39.33086,   39.33238      
# span 29 =  -72.67261,  -72.66890      
# span 30 =    31.6638,    35.4952      
# span 31 =  1020.8420,  1027.1208      
# span 32 =    20.8334,    26.6337      
# span 33 =     7.3121,    24.6010      
# span 34 = 0.0000e+00, 0.0000e+00      
# interval = meters: 1                  
# start_time = Jul 27 2019 04:35:12 [System UTC, first data scan.]
# bad_flag = -9.990e-29
*END*
      2.000    24.6014    31.5153  1020.8377     1.7749     3.0658     63.157    0.01476    4.85314    4.84082 -9.990e-29     0.0080    9.01031   4.795855 1.0346e+05    20.8290    20.8289 1.6307e-01      2.016          0        375    1529.71 -4.904e-01  48337.288     15.586 1564202127       0.18     -0.027   39.33086  -72.66890    31.6652  1020.8420    20.8334    24.6010 0.0000e+00
      3.000    24.5865    31.5138  1020.8454     1.7023     2.8497     57.843   -0.01452    4.92653    4.91460      8.183     0.0365    9.12492   4.794275 -6.026e+02    20.8324    20.8323 2.3555e-02      3.024          0        556    1529.69 3.8170e+00  48335.923     23.134 1564202135       0.39      0.537   39.33088  -72.66896    31.6638  1020.8497    20.8367    24.5859 0.0000e+00
      4.000    24.5703    31.5324  1020.8685     1.7056     2.9534     58.916   -0.00201    5.01295    5.00158      8.188     0.0505    9.26039   4.795184 -1.403e+01    20.8512    20.8510 -5.753e-05      4.029          0        589    1529.69 3.9503e+00  48361.688     24.482 1564202136       0.14      0.849   39.33088  -72.66896    31.6816  1020.8722    20.8550    24.5695 0.0000e+00
      5.000    24.0537    31.9030  1021.3045     1.7088     3.0098     59.431    0.00266    5.06426    5.05301      8.189     0.0684    9.35182   4.794149 2.5320e-11    21.2824    21.2821 1.0000e-12      5.033          0        620    1528.82 3.9495e+00  48876.994     25.787 1564202137      -0.13      0.829   39.33088  -72.66896    32.0421  1021.2996    21.2780    24.0526 0.0000e+00
      6.000    22.2429    33.1237  1022.7523     2.1884     5.3759    102.203    0.24588    5.25861    5.24838      8.197     0.0577    9.68135   4.772178 2.5320e-11    22.7279    22.7276 1.0000e-12      6.051          0        671    1525.55 3.9495e+00  50599.694     27.907 1564202140      -0.09      0.430   39.33088  -72.66898    33.2098  1022.7036    22.6776    22.2417 0.0000e+00
      7.000    21.6761    31.8282  1021.9288     2.5491     6.4841    121.555    0.25770    5.33473    5.32512      8.200     0.0936    9.80666   4.540153 2.5320e-11    21.8968    21.8964 1.0000e-12      7.054          1        706    1522.62 3.9495e+00  48832.782     29.373 1564202141       0.24      0.643   39.33088  -72.66900    31.8237  1021.8166    21.7862    21.6747 0.0000e+00
      8.000    20.3322    31.8744  1022.3280     2.6497     6.1786    114.969    0.11372    5.37430    5.36501      8.198     0.0933    9.87232   4.425843 -9.990e-29    22.2932    22.2928 1.0000e-12      8.063          1        736    1519.04 3.9495e+00  48958.974     30.612 1564202142       0.04      0.803   39.33088  -72.66900    31.9176  1022.2519    22.2170    20.3307 0.0000e+00
      9.000    19.6251    31.9213  1022.5512     2.6867     5.9772    110.973    0.04342    5.38615    5.37697      8.198     0.0936    9.89190   4.365391 -9.990e-29    22.5118    22.5114 1.0000e-12      9.070          1        764    1517.13 3.9495e+00  49057.276     31.783 1564202143       0.05      0.838   39.33088  -72.66901    31.9626  1022.4736    22.4342    19.6235 0.0000e+00
     10.000    19.1414    31.9625  1022.7100     2.7068     5.9787    110.339    0.02323    5.41847    5.40956      8.199     0.1041    9.94565   4.327271 2.5320e-11    22.6661    22.6657 1.0000e-12     10.073          1        791    1515.82 3.9495e+00  49140.374     32.915 1564202145       0.01      0.891   39.33088  -72.66902    32.0196  1022.6441    22.6002    19.1396 0.0000e+00
     11.000    18.7802    31.9630  1022.8050     2.7138     5.9815    109.335    0.00621    5.47076    5.46231      8.200     0.1350   10.03239   4.294265 2.5320e-11    22.7565    22.7561 1.0000e-12     11.082          1        832    1514.80 3.9495e+00  49161.587     34.636 1564202146      -0.20      0.635   39.33088  -72.66902    32.0241  1022.7422    22.6938    18.7782 0.0000e+00
     12.000    18.1956    31.9931  1022.9760     2.7240     6.1731    110.185    0.00726    5.60261    5.59538      8.203     0.1444   10.25121   4.245797 2.5320e-11    22.9232    22.9227 1.0000e-12     12.099          1        883    1513.15 3.9495e+00  49240.527     36.760 1564202148       0.17      0.431   39.33088  -72.66904    32.0725  1022.9270    22.8742    18.1936 0.0000e+00
     13.000    17.8788    32.0448  1023.0972     2.7183     6.1761    108.617   -0.00783    5.68605    5.67968      8.204     0.1603   10.38911   4.225202 2.5320e-11    23.0403    23.0398 1.0000e-12     13.099          1        912    1512.29 3.9495e+00  49335.610     37.975 1564202150       0.19      0.744   39.33089  -72.66905    32.1467  1023.0650    23.0077    17.8766 0.0000e+00
     14.000    17.2293    32.0116  1023.2295     2.7339     6.3990    111.368    0.01142    5.74582    5.74008      8.203     0.1895   10.48790   4.151583 -9.990e-29    23.1673    23.1668 1.0000e-12     14.111          1        942    1510.32 3.9495e+00  49333.963     39.197 1564202151       0.00      0.826   39.33090  -72.66906    32.0301  1023.1338    23.0720    17.2270 0.0000e+00
     15.000    16.3931    32.0882  1023.4871     2.7429     6.4730    111.741    0.00971    5.79292    5.78768      8.204     0.2047   10.56590   4.086099 -9.990e-29    23.4206    23.4201 1.0000e-12     15.113          1        968    1507.89 3.9495e+00  49507.168     40.289 1564202152       0.08      0.884   39.33090  -72.66906    32.1284  1023.4074    23.3409    16.3907 0.0000e+00
     16.000    15.6583    32.1358  1023.6928     2.7522     6.5606    112.118    0.00772    5.85146    5.84687      8.206     0.2351   10.66283   4.024521 2.5320e-11    23.6217    23.6211 1.0000e-12     16.118          1        999    1505.69 3.9495e+00  49638.421     41.587 1564202153      -0.14      0.839   39.33090  -72.66908    32.1788  1023.6149    23.5437    15.6558 0.0000e+00
     17.000    14.8968    32.1821  1023.8988     2.7595     6.6997    112.258    0.00343    5.96816    5.96491      8.207     0.2533   10.85587   3.960671 2.5320e-11    23.8229    23.8224 1.0000e-12     17.133          1       1047    1503.35 3.9495e+00  49777.699     43.600 1564202155      -0.08      0.479   39.33090  -72.66909    32.2292  1023.8234    23.7476    14.8943 0.0000e+00
     18.000    14.1348    32.2231  1024.0951     2.7588     6.8471    112.141    0.00038    6.10589    6.10428      8.205     0.2600   11.08392   3.895322 2.5320e-11    24.0146    24.0141 1.0000e-12     18.141          1       1088    1500.95 3.9495e+00  49917.705     45.312 1564202157       0.11      0.579   39.33090  -72.66910    32.2646  1024.0150    23.9344    14.1323 0.0000e+00
     19.000    13.4954    32.2536  1024.2535     2.7471     6.9703    111.003   -0.00672    6.27952    6.28015      8.206     0.2998   11.37041   3.840462 -9.990e-29    24.1684    24.1679 1.0000e-12     19.150          1       1120    1498.91 3.9495e+00  50036.731     46.626 1564202158       0.13      0.721   39.33090  -72.66911    32.2921  1024.1706    24.0854    13.4928 0.0000e+00
     20.000    12.8692    32.2772  1024.4000     2.7387     6.9626    110.167   -0.01067    6.32007    6.32127      8.204     0.3783   11.43687   3.784867 -9.990e-29    24.3100    24.3095 1.0000e-12     20.154          1       1146    1496.86 3.9495e+00  50150.106     47.699 1564202159       0.14      0.880   39.33090  -72.66912    32.2997  1024.3043    24.2143    12.8665 0.0000e+00
     21.000    11.9315    32.3097  1024.6075     2.7428     7.1243    111.810    0.00014    6.37166    6.37352      8.204     0.4160   11.52264   3.699725 -9.990e-29    24.5126    24.5121 1.0000e-12     21.159          1       1171    1493.72 3.9495e+00  50329.299     48.767 1564202160       0.00      0.952   39.33091  -72.66912    32.2881  1024.4770    24.3821    11.9289 0.0000e+00
     22.000    10.7199    32.4248  1024.9194     2.7140     7.1611    108.988   -0.01259    6.57202    6.57667      8.182     0.3876   11.85351   3.607477 2.5320e-11    24.8195    24.8191 1.0000e-12     22.169          1       1217    1489.64 3.9495e+00  50685.359     50.672 1564202162      -0.24      0.567   39.33092  -72.66913    32.4417  1024.8173    24.7173    10.7174 0.0000e+00
     23.000     9.5806    32.4174  1025.1095     2.6539     6.9377    103.826   -0.02937    6.68201    6.68827      8.139     0.4743   12.03474   3.502121 2.5320e-11    25.0044    25.0039 1.0000e-12     23.183          1       1268    1485.54 3.9495e+00  50883.955     52.789 1564202164       0.39      0.450   39.33092  -72.66915    32.3932  1024.9745    24.8694     9.5781 0.0000e+00
     24.000     8.6368    32.5045  1025.3305     2.6004     6.6594     99.255   -0.04286    6.70946    6.71612      8.124     0.6515   12.07999   3.430624 2.5320e-11    25.2204    25.2201 1.0000e-12     24.182          1       1294    1482.18 3.9495e+00  51203.268     53.877 1564202165       0.19      0.839   39.33092  -72.66916    32.5097  1025.2172    25.1071     8.6344 0.0000e+00
     25.000     8.2991    32.5346  1025.4096     2.5399     6.4110     95.421   -0.04858    6.71870    6.72550      8.110     0.7651   12.09526   3.405947 -9.990e-29    25.2947    25.2943 1.0000e-12     25.192          1       1325    1480.96 3.9495e+00  51320.540     55.157 1564202167      -0.10      0.831   39.33092  -72.66916    32.5603  1025.3119    25.1970     8.2966 0.0000e+00
     26.000     8.0312    32.5438  1025.4607     2.4880     6.3099     93.879   -0.04127    6.72131    6.72815      8.104     0.7566   12.09965   3.385130 -9.990e-29    25.3411    25.3408 1.0000e-12     26.199          1       1357    1479.98 3.9495e+00  51396.041     56.495 1564202168       0.00      0.750   39.33092  -72.66918    32.5869  1025.3765    25.2569     8.0287 0.0000e+00
     27.000     7.9249    32.5471  1025.4834     2.4505     6.3376     94.186   -0.02611    6.72888    6.73583      8.102     0.8050   12.11202   3.378560 2.5320e-11    25.3591    25.3587 1.0000e-12     27.206          1       1396    1479.60 3.9495e+00  51426.110     58.108 1564202170      -0.13      0.657   39.33092  -72.66918    32.6153  1025.4186    25.2943     7.9223 0.0000e+00
     28.000     7.8705    32.5450  1025.4942     2.4284     6.4183     95.527   -0.00909    6.71884    6.72567      8.102     1.0314   12.09523   3.375596 2.5320e-11    25.3653    25.3649 1.0000e-12     28.220          1       1446    1479.40 3.9495e+00  51436.759     60.224 1564202172       0.05      0.446   39.33092  -72.66919    32.6339  1025.4456    25.3166     7.8678 0.0000e+00
     29.000     7.8477    32.5568  1025.5113     2.4249     6.4392     96.203   -0.00298    6.69334    6.69983      8.105     1.1300   12.05274   3.376153 2.5320e-11    25.3777    25.3773 1.0000e-12     29.226          1       1483    1479.35 3.9495e+00  51459.466     61.757 1564202173       0.11      0.635   39.33092  -72.66921    32.6607  1025.4744    25.3408     7.8450 0.0000e+00
     30.000     7.8968    32.5655  1025.5157     2.4267     6.4392     96.732    0.00043    6.65672    6.66276      8.109     1.1323   11.99123   3.382628 6.4610e+04    25.3775    25.3771 1.0000e-12     30.232          1       1514    1479.56 1.3339e+00  51460.811     63.044 1564202175       0.08      0.756   39.33093  -72.66922    32.6838  1025.4900    25.3519     7.8939 0.0000e+00
     31.000     8.0250    32.5912  1025.5219     2.4326     6.4831     97.510    0.00390    6.64866    6.65461      8.114     1.1998   11.97763   3.397640 8.3910e+04    25.3793    25.3789 1.0000e-12     31.237          1       1545    1480.10 5.1341e-01  51468.162     64.323 1564202176      -0.02      0.796   39.33094  -72.66922    32.7241  1025.5076    25.3649     8.0220 0.0000e+00
     32.000     8.2601    32.6628  1025.5481     2.4333     6.4827     97.211    0.00124    6.66874    6.67497      8.115     1.3639   12.01086   3.426654 1.2006e+03    25.4010    25.4006 1.0000e-12     32.246          1       1583    1481.09 3.9003e+00  51516.303     65.936 1564202178      -0.12      0.653   39.33094  -72.66923    32.8131  1025.5472    25.4001     8.2570 0.0000e+00
     33.000     8.2866    32.6990  1025.5772     2.4291     6.4767     96.600   -0.00214    6.70467    6.71142      8.113     1.5663   12.07037   3.431049 -9.990e-29    25.4256    25.4251 1.0000e-12     33.258          1       1633    1481.25 3.9495e+00  51562.185     68.019 1564202180      -0.05      0.473   39.33094  -72.66924    32.8347  1025.5648    25.4132     8.2833 0.0000e+00
     34.000     8.1482    32.6905  1025.5956     2.4275     6.5153     96.724   -0.00115    6.73594    6.74317      8.108     1.5863   12.12184   3.417787 -9.990e-29    25.4393    25.4388 1.0000e-12     34.265          1       1673    1480.74 3.9495e+00  51582.522     69.648 1564202181       0.26      0.579   39.33094  -72.66926    32.8226  1025.5804    25.4240     8.1448 0.0000e+00
     35.000     7.9873    32.6853  1025.6197     2.4261     6.5221     96.734   -0.00075    6.74227    6.74959      8.099     1.1894   12.13229   3.403044 2.5320e-11    25.4587    25.4582 1.0000e-12     35.269          1       1703    1480.14 3.9495e+00  51613.553     70.898 1564202182       0.03      0.799   39.33094  -72.66926    32.8153  1025.6028    25.4417     7.9839 0.0000e+00
     36.000     7.7896    32.7007  1025.6650     2.4157     6.4402     95.505   -0.00570    6.74333    6.75067      8.093     1.0380   12.13408   3.387206 2.5320e-11    25.4991    25.4987 1.0000e-12     36.281          1       1737    1479.42 3.9495e+00  51683.090     72.320 1564202184      -0.05      0.718   39.33094  -72.66928    32.8307  1025.6479    25.4821     7.7862 0.0000e+00
     37.000     7.7265    32.7043  1025.6814     2.3999     6.3491     94.119   -0.00990    6.74582    6.75320      8.090     0.8958   12.13825   3.382693 2.5320e-11    25.5109    25.5105 1.0000e-12     37.282          1       1773    1479.20 3.9495e+00  51704.130     73.818 1564202185      -0.11      0.694   39.33094  -72.66928    32.8412  1025.6697    25.4992     7.7229 0.0000e+00
     38.000     7.7053    32.7004  1025.6861     2.3812     6.3406     93.620   -0.00727    6.77276    6.78051      8.080     0.7333   12.18297   3.380988 -9.990e-29    25.5110    25.5105 1.0000e-12     38.301          1       1829    1479.13 3.9495e+00  51704.480     76.177 1564202188       0.05      0.346   39.33094  -72.66929    32.8423  1025.6782    25.5031     7.7017 0.0000e+00
     39.000     7.6839    32.6956  1025.6899     2.3675     6.3049     92.766   -0.00869    6.79655    6.80467      8.062     0.4608   12.22213   3.378688 -9.990e-29    25.5101    25.5096 1.0000e-12     39.303          1       1863    1479.06 3.9495e+00  51703.223     77.595 1564202189       0.15      0.663   39.33094  -72.66931    32.8372  1025.6819    25.5021     7.6803 0.0000e+00
     40.000     7.5625    32.6799  1025.6994     2.3422     6.1401     90.359   -0.01646    6.79522    6.80334      8.054     0.3443   12.21977   3.365487 2.5320e-11    25.5149    25.5144 1.0000e-12     40.311          1       1895    1478.59 3.9495e+00  51711.623     78.925 1564202191       0.03      0.747   39.33095  -72.66932    32.8088  1025.6814    25.4969     7.5587 0.0000e+00
     41.000     7.3897    32.6914  1025.7373     2.3108     5.9795     87.989   -0.02192    6.79574    6.80387      8.049     0.3335   12.22061   3.352407 2.5320e-11    25.5481    25.5476 1.0000e-12     41.313          1       1929    1477.96 3.9495e+00  51771.907     80.334 1564202192      -0.10      0.743   39.33096  -72.66932    32.8300  1025.7267    25.5375     7.3859 0.0000e+00
     42.000     7.3789    32.7099  1025.7579     2.2771     5.9360     87.581   -0.01321    6.77770    6.78565      8.038     0.1921   12.18992   3.353759 2.5320e-11    25.5640    25.5635 1.0000e-12     42.329          1       1985    1477.96 3.9495e+00  51801.377     82.682 1564202194      -0.04      0.382   39.33096  -72.66934    32.8544  1025.7520    25.5581     7.3750 0.0000e+00
