CalculateIndicators/WaterTemperature/Data/CTD_NYOS/NYOS190724_3_2.cnv
* Sea-Bird SBE 9 Data File:
* FileName = C:\Seabird 9 CTD\Data\2019\201907_offshore\NYOS190724_3_2.hex
* Software Version Seasave V 7.23.2
* Temperature SN = 4590
* Conductivity SN = 3228
* Number of Bytes Per Scan = 44
* Number of Voltage Words = 5
* Number of Scans Averaged by the Deck Unit = 1
* NMEA Latitude = 40 25.76 N
* NMEA Longitude = 072 23.11 W
* NMEA UTC (Time) = Jul 25 2019  06:54:59
* NMEA baud rate = 4800
** Ship: seawolf
** Station: 3-2
** Operator: LIS
# nquan = 35
# nvalues = 96                          
# units = specified
# name 0 = depSM: Depth [salt water, m]
# name 1 = t090C: Temperature [ITS-90, deg C]
# name 2 = sal00: Salinity, Practical [PSU]
# name 3 = density00: Density [density, kg/m^3]
# name 4 = sbeox0V: Oxygen raw, SBE 43 [V]
# name 5 = sbeox0ML/L: Oxygen, SBE 43 [ml/l]
# name 6 = sbeox0PS: Oxygen, SBE 43 [% saturation]
# name 7 = sbox0dV/dT: Oxygen, SBE 43 [dov/dt]
# name 8 = oxsolML/L: Oxygen Saturation, Garcia & Gordon [ml/l]
# name 9 = oxsatML/L: Oxygen Saturation, Weiss [ml/l]
# name 10 = ph: pH
# name 11 = flECO-AFL: Fluorescence, WET Labs ECO-AFL/FL [mg/m^3]
# name 12 = n2satML/L: Nitrogen Saturation [ml/l]
# name 13 = c0S/m: Conductivity [S/m]
# name 14 = cpar: CPAR/Corrected Irradiance [%]
# name 15 = sigma-é00: Density [sigma-theta, kg/m^3]
# name 16 = sigma-t00: Density [sigma-t, kg/m^3 ]
# name 17 = par: PAR/Irradiance, Biospherical/Licor
# name 18 = prDM: Pressure, Digiquartz [db]
# name 19 = pumps: Pump Status
# name 20 = scan: Scan Count
# name 21 = svCM: Sound Velocity [Chen-Millero, m/s]
# name 22 = spar: SPAR, Biospherical/Licor
# name 23 = specc: Specific Conductance [uS/cm]
# name 24 = timeS: Time, Elapsed [seconds]
# name 25 = timeY: Time, System [seconds]
# name 26 = accM: Acceleration [m/s^2]
# name 27 = dz/dtM: Descent Rate [m/s]
# name 28 = latitude: Latitude [deg]
# name 29 = longitude: Longitude [deg]
# name 30 = gsw_saA0: Absolute Salinity [g/kg]
# name 31 = gsw_densityA0: density, TEOS-10 [density, kg/m^3]
# name 32 = gsw_sigma0A0: density, TEOS-10 [sigma-0, kg/m^3 ]
# name 33 = gsw_ptA0: potential temperature [ITS-90, deg C]
# name 34 = flag: flag
# span 0 =      1.000,     49.000       
# span 1 =     7.5664,    23.4227       
# span 2 =    30.7932,    36.5683       
# span 3 =  1020.6535,  1027.2153       
# span 4 =     1.7819,     3.0056       
# span 5 =     3.1126,     7.5832       
# span 6 =     61.428,    126.577       
# span 7 =   -0.09771,    0.22107       
# span 8 =    4.98311,    6.77166       
# span 9 =    4.97113,    6.77925       
# span 10 =      7.931,      8.266      
# span 11 =     0.1214,     1.1492      
# span 12 =    9.23044,   12.18261      
# span 13 =   3.357698,   4.617521      
# span 14 = -1.136e+04, 1.0200e+05      
# span 15 =    20.6302,    27.1623      
# span 16 =    20.6298,    27.1619      
# span 17 = -1.470e-04, 1.3632e-01      
# span 18 =      1.007,     49.381      
# span 19 =          0,          1      
# span 20 =        303,       7668      
# span 21 =    1478.52,    1526.20      
# span 22 = -8.862e-02, 4.2709e+00      
# span 23 =  47369.916,  55784.003      
# span 24 =     12.571,    319.447      
# span 25 = 1564037713, 1564038020      
# span 26 =      -0.60,       0.37      
# span 27 =     -1.246,      1.013      
# span 28 =   40.42876,   40.42944      
# span 29 =  -72.38530,  -72.38508      
# span 30 =    30.9373,    36.6561      
# span 31 =  1020.6625,  1027.1540      
# span 32 =    20.6333,    27.1008      
# span 33 =     7.5617,    23.4225      
# span 34 = 0.0000e+00, 0.0000e+00      
# interval = meters: 1                  
# start_time = Jul 25 2019 06:55:01 [System UTC, first data scan.]
# bad_flag = -9.990e-29
*END*
      2.000    23.4155    30.8145  1020.6535     1.7819     3.2641     65.477    0.04172    4.98505    4.97305      8.182     0.1876    9.23453   4.590853 2.8744e-01    20.6448    20.6447 1.1353e-02      2.024          0        303    1525.98 3.9495e+00  47396.972     12.571 1564037713       0.37     -0.012   40.42944  -72.38530    30.9666  1020.6625    20.6539    23.4151 0.0000e+00
      3.000    23.4134    30.9123  1020.7324     1.8428     3.3923     68.047    0.03580    4.98523    4.97322      8.183     0.1797    9.23499   4.603114 1.7222e-01    20.7195    20.7193 6.8017e-03      3.025          0        344    1526.10 3.9495e+00  47532.247     14.279 1564037715       0.15      0.556   40.42944  -72.38530    31.0603  1020.7380    20.7250    23.4128 0.0000e+00
      4.000    23.4139    30.9188  1020.7416     1.8693     3.4123     68.432    0.02231    4.98636    4.97436 -9.990e-29     0.1721    9.23734   4.603830 -3.722e-03    20.7242    20.7240 -1.470e-04      4.033          0        381    1526.12 3.9495e+00  47541.402     15.824 1564037716       0.09      0.625   40.42944  -72.38530    31.0650  1020.7458    20.7285    23.4131 0.0000e+00
      5.000    23.4168    30.9064  1020.7358     1.8453     3.2468     65.088   -0.01026    4.98825    4.97624      8.183     0.1768    9.24098   4.602378 2.5320e-11    20.7142    20.7139 1.0000e-12      5.035          0        412    1526.14 3.9495e+00  47524.798     17.120 1564037718       0.05      0.763   40.42944  -72.38530    31.0518  1020.7394    20.7177    23.4158 0.0000e+00
      6.000    23.4189    30.8541  1020.7000     1.7956     3.1126     61.428   -0.02851    5.06814    5.05685      8.191     0.2086    9.36524   4.595408 -9.990e-29    20.6740    20.6737 1.0000e-12      6.047          0        454    1526.10 3.9495e+00  47453.137     18.863 1564037719      -0.14      0.600   40.42944  -72.38530    30.9974  1020.7022    20.6763    23.4177 0.0000e+00
      7.000    23.4112    30.7932  1020.6605     1.7830     3.4651     62.355   -0.01078    5.55623    5.55047      8.234     0.3851   10.13348   4.586761 2.5320e-11    20.6302    20.6298 1.0000e-12      7.057          0        495    1526.03 3.9495e+00  47369.916     20.587 1564037721       0.14      0.559   40.42942  -72.38528    30.9373  1020.6636    20.6333    23.4098 0.0000e+00
      8.000    22.6883    31.3471  1021.2861     1.8030     3.7118     65.862    0.01428    5.63557    5.63064      8.235     0.3479   10.26689   4.589761 2.5320e-11    21.2497    21.2493 1.0000e-12      8.062          0        526    1524.76 3.9495e+00  48145.143     21.881 1564037722       0.08      0.751   40.42942  -72.38528    31.4849  1021.2828    21.2481    22.6867 0.0000e+00
      9.000    16.8419    35.5516  1026.0103     1.8353     3.8603     68.052    0.01923    5.67249    5.66835      8.239     0.3647   10.32160   4.508536 2.5320e-11    25.9728    25.9724 1.0000e-12      9.072          0        558    1513.09 3.9495e+00  54233.423     23.193 1564037724      -0.00      0.766   40.42942  -72.38528    35.4784  1025.8306    25.7910    16.8404 0.0000e+00
     10.000    15.5995    35.5188  1026.2827     1.8667     4.0112     70.793    0.03075    5.66605    5.66215      8.240     0.3866   10.30560   4.386942 2.5320e-11    26.2379    26.2375 1.0000e-12     10.079          0        585    1509.32 3.9495e+00  54288.914     24.344 1564037725       0.11      0.827   40.42942  -72.38528    35.4887  1026.1355    26.0913    15.5979 0.0000e+00
     11.000    15.0121    36.0027  1026.7917     1.8631     3.8087     68.203    0.00842    5.58419    5.57886      8.238     0.3868   10.17868   4.386580 2.5320e-11    26.7429    26.7425 1.0000e-12     11.078          0        614    1508.06 3.9495e+00  55017.515     25.555 1564037726      -0.09      0.872   40.42942  -72.38528    36.0224  1026.6804    26.6316    15.0104 0.0000e+00
     12.000    15.0844    36.5683  1027.2153     1.8446     3.8767     65.637   -0.01069    5.90231    5.89998      8.250     0.4088   10.71845   4.462535 2.5320e-11    27.1623    27.1619 1.0000e-12     12.101          0        670    1508.96 3.9495e+00  55784.003     27.886 1564037728      -0.12      0.347   40.42942  -72.38528    36.6561  1027.1540    27.1008    15.0825 0.0000e+00
     13.000    15.5376    35.6222  1026.3889     1.8541     4.1191     68.148    0.00693    6.04456    6.04388      8.266     0.4830   10.95641   4.392902 2.5320e-11    26.3315    26.3310 1.0000e-12     13.103          0        704    1509.29 3.9495e+00  54443.137     29.271 1564037730       0.32      0.655   40.42942  -72.38528    35.5950  1026.2434    26.1859    15.5356 0.0000e+00
     14.000    13.7368    35.0023  1026.3062     1.8499     4.0591     66.768   -0.00352    6.07947    6.07911      8.260     0.5661   11.01608   4.142375 2.5320e-11    26.2435    26.2431 1.0000e-12     14.108          0        730    1502.85 3.9495e+00  53805.597     30.385 1564037731       0.08      0.882   40.42940  -72.38528    34.9151  1026.1161    26.0536    13.7348 0.0000e+00
     15.000    12.6152    34.6289  1026.2489     1.8810     4.2796     70.328    0.01339    6.08523    6.08529      8.240     0.5590   11.02085   4.002872 2.7723e-11    26.1816    26.1812 1.0000e-12     15.114          0        758    1498.71 3.9495e+00  53449.849     31.560 1564037732      -0.04      0.879   40.42940  -72.38528    34.6144  1026.1155    26.0482    12.6132 0.0000e+00
     16.000    12.0240    34.4625  1026.2393     1.9199     4.5828     73.308    0.02095    6.25222    6.25299      8.201     0.5843   11.31816   3.934317 2.5441e-11    26.1672    26.1668 1.0000e-12     16.122          0        795    1496.53 3.9495e+00  53309.560     33.089 1564037734      -0.15      0.706   40.42940  -72.38528    34.4937  1026.1414    26.0694    12.0220 0.0000e+00
     17.000    11.6370    34.5705  1026.4007     2.3192     7.5832    118.782    0.22107    6.38484    6.38681      8.131     0.5587   11.54525   3.899527 2.5320e-11    26.3243    26.3238 1.0000e-12     17.137          0        843    1495.35 3.9495e+00  53520.848     35.087 1564037736       0.00      0.479   40.42940  -72.38528    34.5095  1026.2308    26.1541    11.6349 0.0000e+00
     18.000    10.7893    32.2897  1024.7844     2.4242     7.0258    109.202    0.10205    6.43443    6.43713      8.164     0.5742   11.62645   3.599583 2.5320e-11    24.7026    24.7023 1.0000e-12     18.144          1        877    1489.66 3.9495e+00  50480.008     36.486 1564037737       0.21      0.664   40.42940  -72.38527    32.3036  1024.6805    24.5987    10.7872 0.0000e+00
     19.000    10.4000    32.3722  1024.9204     2.4897     6.8642    105.857    0.04920    6.48409    6.48746      8.190     0.6523   11.70866   3.576623 2.5320e-11    24.8340    24.8336 1.0000e-12     19.145          1        904    1488.39 3.9495e+00  50664.844     37.629 1564037738       0.08      0.855   40.42940  -72.38526    32.4183  1024.8407    24.7543    10.3978 0.0000e+00
     20.000    10.0365    32.4105  1025.0159     2.5785     7.3771    112.960    0.06784    6.53075    6.53479      8.194     0.6965   11.78551   3.547970 2.5320e-11    24.9247    24.9244 1.0000e-12     20.158          1        937    1487.14 3.9495e+00  50784.828     38.996 1564037739      -0.12      0.773   40.42940  -72.38526    32.4531  1024.9333    24.8421    10.0342 0.0000e+00
     21.000     9.6770    32.4293  1025.0944     2.6226     7.3508    112.021    0.04354    6.56209    6.56655      8.192     0.7362   11.83748   3.518277 2.5320e-11    24.9984    24.9981 1.0000e-12     21.162          1        967    1485.88 3.9495e+00  50880.121     40.248 1564037741       0.10      0.766   40.42940  -72.38526    32.4731  1025.0123    24.9164     9.6747 0.0000e+00
     22.000     9.2329    32.4510  1025.1870     2.6537     7.3613    110.825    0.02153    6.64257    6.64820      8.174     0.7653   11.97020   3.482993 2.6471e-11    25.0864    25.0861 1.0000e-12     22.169          1       1009    1484.29 3.9495e+00  51000.139     41.985 1564037742      -0.19      0.615   40.42940  -72.38526    32.5119  1025.1178    25.0172     9.2306 0.0000e+00
     23.000     8.6857    32.4634  1025.2864     2.6061     6.7844    101.116   -0.03182    6.70918    6.71584      8.141     0.6679   12.07956   3.436101 2.5231e-11    25.1808    25.1805 1.0000e-12     23.190          1       1062    1482.29 3.9495e+00  51132.141     44.224 1564037745       0.26      0.387   40.42938  -72.38526    32.5229  1025.2158    25.1102     8.6834 0.0000e+00
     24.000     8.3628    32.4851  1025.3567     2.5671     6.5813     98.138   -0.03901    6.70621    6.71283      8.098     0.6221   12.07464   3.410144 2.5320e-11    25.2464    25.2461 1.0000e-12     24.189          1       1087    1481.13 3.9495e+00  51235.559     45.234 1564037746       0.36      0.795   40.42938  -72.38526    32.5463  1025.2870    25.1767     8.3604 0.0000e+00
     25.000     8.1035    32.5060  1025.4160     2.4945     6.2240     92.797   -0.05111    6.70721    6.71384      8.059     0.6751   12.07631   3.390675 2.5320e-11    25.3009    25.3005 1.0000e-12     25.190          1       1110    1480.19 3.9495e+00  51324.334     46.217 1564037747       0.08      1.013   40.42938  -72.38526    32.5794  1025.3555    25.2405     8.1010 0.0000e+00
     26.000     8.0041    32.5475  1025.4676     2.3448     5.2834     78.682   -0.09771    6.71512    6.72185      8.026     0.6052   12.08952   3.387842 -9.990e-29    25.3480    25.3476 1.0000e-12     26.201          1       1145    1479.88 3.9495e+00  51407.519     47.670 1564037748      -0.25      0.782   40.42938  -72.38526    32.6412  1025.4229    25.3032     8.0016 0.0000e+00
     27.000     7.9905    32.5430  1025.4707     2.2139     5.0500     75.079   -0.07701    6.72615    6.73304      8.030     0.5965   12.10783   3.387412 9.9999e+04    25.3464    25.3461 1.0000e-12     27.217          1       1188    1479.84 3.5223e+00  51404.933     49.438 1564037750       0.09      0.533   40.42938  -72.38526    32.6489  1025.4355    25.3112     7.9878 0.0000e+00
     28.000     7.9503    32.5330  1025.4733     2.1910     5.3727     79.859   -0.03565    6.72780    6.73472      8.034     0.5755   12.11038   3.383332 9.2703e+04    25.3444    25.3440 1.0000e-12     28.216          1       1216    1479.69 1.9728e-01  51400.706     50.606 1564037751       0.21      0.773   40.42938  -72.38526    32.6423  1025.4407    25.3118     7.9476 0.0000e+00
     29.000     7.8819    32.5289  1025.4845     2.1923     5.7067     84.794   -0.00174    6.73010    6.73707      8.007     0.4285   12.11409   3.377882 3.5120e+04    25.3509    25.3505 1.0000e-12     29.225          1       1255    1479.44 1.8132e+00  51411.637     52.262 1564037753      -0.20      0.656   40.42938  -72.38526    32.6473  1025.4591    25.3255     7.8791 0.0000e+00
     30.000     7.8571    32.5474  1025.5073     2.1387     5.2535     77.971   -0.03072    6.73781    6.74489      7.985     0.2479   12.12679   3.378366 -3.981e+02    25.3691    25.3687 1.0000e-12     30.238          1       1301    1479.39 3.9744e+00  51444.664     54.168 1564037755       0.19      0.501   40.42936  -72.38526    32.6753  1025.4892    25.3510     7.8542 0.0000e+00
     31.000     7.8411    32.5492  1025.5156     2.0925     5.0326     74.648   -0.03783    6.74179    6.74894      7.984     0.2238   12.13336   3.377383 2.5320e-11    25.3728    25.3724 1.0000e-12     31.243          1       1332    1479.35 3.9495e+00  51451.610     55.467 1564037756       0.11      0.742   40.42936  -72.38526    32.6793  1025.4992    25.3563     7.8381 0.0000e+00
     32.000     7.8035    32.5507  1025.5268     2.0658     5.0594     75.025   -0.02598    6.74357    6.75074      7.983     0.2045   12.13629   3.374523 2.5320e-11    25.3793    25.3789 1.0000e-12     32.251          1       1362    1479.22 3.9495e+00  51463.404     56.700 1564037757       0.03      0.807   40.42936  -72.38526    32.6833  1025.5123    25.3648     7.8004 0.0000e+00
     33.000     7.7734    32.5530  1025.5375     2.0518     5.1290     76.032   -0.01422    6.74579    6.75300      7.981     0.2106   12.13997   3.372438 2.5320e-11    25.3854    25.3850 1.0000e-12     33.258          1       1391    1479.12 3.9495e+00  51474.591     57.904 1564037758       0.01      0.833   40.42936  -72.38526    32.6886  1025.5253    25.3733     7.7703 0.0000e+00
     34.000     7.7570    32.5543  1025.5455     2.0428     5.1566     76.422   -0.00843    6.74751    6.75475      7.979     0.2162   12.14281   3.371446 -9.990e-29    25.3888    25.3883 1.0000e-12     34.264          1       1421    1479.08 3.9495e+00  51481.017     59.155 1564037760      -0.04      0.822   40.42936  -72.38526    32.6928  1025.5356    25.3789     7.7538 0.0000e+00
     35.000     7.7380    32.5539  1025.5525     2.0373     5.1876     76.844   -0.00370    6.75075    6.75803      7.979     0.1817   12.14819   3.370061 -9.990e-29    25.3912    25.3907 1.0000e-12     35.273          1       1462    1479.02 3.9495e+00  51485.711     60.895 1564037761      -0.16      0.611   40.42936  -72.38526    32.6953  1025.5448    25.3835     7.7347 0.0000e+00
     36.000     7.7210    32.5530  1025.5589     2.0362     5.2270     77.316   -0.00029    6.76056    6.76799      7.983     0.1865   12.16432   3.368811 7.3529e+04    25.3929    25.3925 1.0000e-12     36.288          1       1514    1478.97 8.0578e-01  51489.241     63.059 1564037764       0.08      0.440   40.42936  -72.38526    32.6974  1025.5536    25.3876     7.7175 0.0000e+00
     37.000     7.6969    32.5521  1025.5662     2.0426     5.2884     78.206    0.00356    6.76211    6.76957 -9.990e-29     0.2139   12.16684   3.366607 -1.930e+03    25.3956    25.3951 1.0000e-12     37.297          1       1546    1478.90 4.0272e+00  51494.497     64.370 1564037765       0.27      0.677   40.42936  -72.38524    32.6959  1025.5604    25.3898     7.6933 0.0000e+00
     38.000     7.6620    32.5528  1025.5763     2.0466     5.3177     78.659    0.00530    6.76050    6.76793 -9.990e-29     0.1951   12.16423   3.363679 2.5320e-11    25.4011    25.4006 1.0000e-12     38.297          1       1569    1478.78 3.9495e+00  51504.482     65.317 1564037766       0.24      0.945   40.42936  -72.38526    32.6965  1025.5704    25.3952     7.6584 0.0000e+00
     39.000     7.6363    32.5607  1025.5908     2.0489     5.3061     78.444    0.00293    6.76426    6.77175 -9.990e-29     0.2010   12.17038   3.362434 2.5320e-11    25.4109    25.4104 1.0000e-12     39.298          1       1597    1478.71 3.9495e+00  51522.792     66.493 1564037767      -0.17      0.948   40.42936  -72.38526    32.7068  1025.5867    25.4069     7.6326 0.0000e+00
     40.000     7.6326    32.5600  1025.5954     2.0478     5.2698     77.852   -0.00092    6.76894    6.77651      7.977     0.1486   12.17803   3.362270 2.5320e-11    25.4109    25.4104 1.0000e-12     40.322          1       1650    1478.71 3.9495e+00  51523.276     68.722 1564037769      -0.04      0.337   40.42934  -72.38524    32.7081  1025.5929    25.4084     7.6288 0.0000e+00
     41.000     7.6045    32.5649  1025.6078     2.0438     5.2394     77.392   -0.00274    6.76997    6.77756      7.975     0.1487   12.17973   3.360318 8.3128e+04    25.4187    25.4182 1.0000e-12     41.321          1       1682    1478.62 5.9791e-01  51537.866     70.049 1564037771       0.24      0.678   40.42934  -72.38524    32.7129  1025.6052    25.4161     7.6007 0.0000e+00
     42.000     7.5861    32.5696  1025.6188     2.0407     5.2350     77.316   -0.00231    6.77088    6.77848      7.973     0.1342   12.18122   3.359294 9.9554e+04    25.4250    25.4245 1.0000e-12     42.328          1       1716    1478.58 1.9396e+00  51549.822     71.442 1564037772      -0.09      0.754   40.42934  -72.38524    32.7188  1025.6170    25.4233     7.5821 0.0000e+00
