CalculateIndicators/WaterTemperature/Data/CTD_NYOS/NYOS190724_1_5.cnv
* Sea-Bird SBE 9 Data File:
* FileName = C:\Seabird 9 CTD\Data\2019\201907_offshore\NYOS190724_1_5.hex
* Software Version Seasave V 7.23.2
* Temperature SN = 4590
* Conductivity SN = 3228
* Number of Bytes Per Scan = 44
* Number of Voltage Words = 5
* Number of Scans Averaged by the Deck Unit = 1
* NMEA Latitude = 39 47.81 N
* NMEA Longitude = 071 27.48 W
* NMEA UTC (Time) = Jul 24 2019  15:15:53
* NMEA baud rate = 4800
** Ship: Seawolf
** Station: 1.5
** Operator: AJB
# nquan = 35
# nvalues = 1179                        
# units = specified
# name 0 = depSM: Depth [salt water, m]
# name 1 = t090C: Temperature [ITS-90, deg C]
# name 2 = sal00: Salinity, Practical [PSU]
# name 3 = density00: Density [density, kg/m^3]
# name 4 = sbeox0V: Oxygen raw, SBE 43 [V]
# name 5 = sbeox0ML/L: Oxygen, SBE 43 [ml/l]
# name 6 = sbeox0PS: Oxygen, SBE 43 [% saturation]
# name 7 = sbox0dV/dT: Oxygen, SBE 43 [dov/dt]
# name 8 = oxsolML/L: Oxygen Saturation, Garcia & Gordon [ml/l]
# name 9 = oxsatML/L: Oxygen Saturation, Weiss [ml/l]
# name 10 = ph: pH
# name 11 = flECO-AFL: Fluorescence, WET Labs ECO-AFL/FL [mg/m^3]
# name 12 = n2satML/L: Nitrogen Saturation [ml/l]
# name 13 = c0S/m: Conductivity [S/m]
# name 14 = cpar: CPAR/Corrected Irradiance [%]
# name 15 = sigma-é00: Density [sigma-theta, kg/m^3]
# name 16 = sigma-t00: Density [sigma-t, kg/m^3 ]
# name 17 = par: PAR/Irradiance, Biospherical/Licor
# name 18 = prDM: Pressure, Digiquartz [db]
# name 19 = pumps: Pump Status
# name 20 = scan: Scan Count
# name 21 = svCM: Sound Velocity [Chen-Millero, m/s]
# name 22 = spar: SPAR, Biospherical/Licor
# name 23 = specc: Specific Conductance [uS/cm]
# name 24 = timeS: Time, Elapsed [seconds]
# name 25 = timeY: Time, System [seconds]
# name 26 = accM: Acceleration [m/s^2]
# name 27 = dz/dtM: Descent Rate [m/s]
# name 28 = latitude: Latitude [deg]
# name 29 = longitude: Longitude [deg]
# name 30 = gsw_saA0: Absolute Salinity [g/kg]
# name 31 = gsw_densityA0: density, TEOS-10 [density, kg/m^3]
# name 32 = gsw_sigma0A0: density, TEOS-10 [sigma-0, kg/m^3 ]
# name 33 = gsw_ptA0: potential temperature [ITS-90, deg C]
# name 34 = flag: flag
# span 0 =      1.000,    590.000       
# span 1 =     5.7579,    23.9409       
# span 2 =    32.9670,    35.8491       
# span 3 =  1022.1398,  1030.3507       
# span 4 =     1.3937,     2.8151       
# span 5 =     2.8951,     6.6436       
# span 6 =     46.351,    126.141       
# span 7 =   -0.07214,    0.15072       
# span 8 =    4.85652,    6.94597       
# span 9 =    4.84478,    6.95958       
# span 10 =      7.950,      8.270      
# span 11 =    -0.0752,     1.9230      
# span 12 =    8.98843,   12.43967      
# span 13 =   3.430626,   5.061575      
# span 14 = -1.379e-05, 5.2563e+01      
# span 15 =    22.1351,    27.6273      
# span 16 =    22.1349,    27.6208      
# span 17 = -5.445e-05, 6.2503e+02      
# span 18 =      1.004,    595.387      
# span 19 =          0,          1      
# span 20 =        758,      59465      
# span 21 =    1480.25,    1530.58      
# span 22 = 3.3199e+02, 2.0466e+03      
# span 23 =  50333.144,  56007.935      
# span 24 =     31.541,   2477.675      
# span 25 = 1563981387, 1563983833      
# span 26 =      -1.73,       1.02      
# span 27 =     -2.402,      1.003      
# span 28 =   39.78442,   39.79668      
# span 29 =  -71.46794,  -71.45816      
# span 30 =    33.1234,    36.0293      
# span 31 =  1022.1440,  1030.3535      
# span 32 =    22.1393,    27.6321      
# span 33 =     5.7059,    23.9377      
# span 34 = 0.0000e+00, 0.0000e+00      
# interval = meters: 1                  
# start_time = Jul 24 2019 15:15:55 [System UTC, first data scan.]
# bad_flag = -9.990e-29
*END*
[from data line 664]
    515.000     6.3606    35.0718  1029.9397     1.7058     4.4282     64.709   -0.00097    6.84322    6.85508 -9.990e-29    -0.0520   12.26993   3.499780 9.8726e-14    27.5687    27.5624 1.0000e-12    519.608          1      32639    1484.80 1.0129e+03  55792.418   1359.928 1563982715      -0.23     -1.008   39.79023  -71.46280    35.2426  1029.9449    27.5740     6.3131 0.0000e+00
    514.000     6.3675    35.0728  1029.9349     1.7046     4.4166     64.575   -0.00132    6.83944    6.85124 -9.990e-29    -0.0440   12.26359   3.500572 9.8713e-14    27.5685    27.5623 1.0000e-12    518.610          1      32655    1484.81 1.0130e+03  55790.846   1360.576 1563982716      -0.44     -1.252   39.79022  -71.46280    35.2449  1029.9411    27.5749     6.3201 0.0000e+00
    513.000     6.3916    35.0759  1029.9292     1.7038     4.4098     64.499   -0.00151    6.83701    6.84877 -9.990e-29    -0.0452   12.25962   3.503072 9.8708e-14    27.5679    27.5616 1.0000e-12    517.611          1      32671    1484.89 1.0131e+03  55787.379   1361.249 1563982716      -0.19     -1.480   39.79022  -71.46280    35.2486  1029.9361    27.5746     6.3442 0.0000e+00
    512.000     6.3980    35.0708  1029.9197     1.7026     4.4069     64.468   -0.00124    6.83576    6.84749 -9.990e-29    -0.0515   12.25755   3.502922 9.8263e-14    27.5629    27.5567 1.0000e-12    516.598          1      32696    1484.89 1.0177e+03  55777.086   1362.271 1563982717       0.40     -1.261   39.79022  -71.46280    35.2409  1029.9245    27.5677     6.3506 0.0000e+00
    511.000     6.4229    35.0771  1029.9165     1.6990     4.3823     64.140   -0.00184    6.83238    6.84406 -9.990e-29    -0.0532   12.25196   3.505975 9.7624e-14    27.5647    27.5584 1.0000e-12    515.567          1      32743    1484.98 1.0243e+03  55777.667   1364.267 1563982719       0.20     -0.432   39.79021  -71.46282    35.2499  1029.9233    27.5715     6.3755 0.0000e+00
    510.000     6.4369    35.0753  1029.9084     1.6971     4.3745     64.061   -0.00165    6.82870    6.84032 -9.990e-29    -0.0520   12.24591   3.506921 9.7498e-14    27.5613    27.5550 1.0000e-12    514.543          1      32771    1485.02 1.0257e+03  55769.966   1365.409 1563982720      -0.63     -0.617   39.79020  -71.46282    35.2466  1029.9140    27.5671     6.3896 0.0000e+00
    509.000     6.4430    35.0753  1029.9030     1.6967     4.3751     64.070   -0.00145    6.82867    6.84029 -9.990e-29    -0.0520   12.24584   3.507454 9.7574e-14    27.5605    27.5543 1.0000e-12    513.551          1      32784    1485.03 1.0249e+03  55767.357   1365.940 1563982721      -0.96     -1.091   39.79020  -71.46282    35.2468  1029.9088    27.5664     6.3958 0.0000e+00
    508.000     6.4484    35.0752  1029.8974     1.6962     4.3759     64.085   -0.00120    6.82822    6.83983 -9.990e-29    -0.0455   12.24511   3.507862 9.7870e-14    27.5597    27.5534 1.0000e-12    512.558          1      32796    1485.03 1.0218e+03  55764.702   1366.451 1563982721      -0.80     -1.559   39.79020  -71.46282    35.2463  1029.9030    27.5653     6.4013 0.0000e+00
    507.000     6.4555    35.0754  1029.8921     1.6951     4.3722     64.033   -0.00114    6.82802    6.83962 -9.990e-29    -0.0390   12.24477   3.508424 9.8006e-14    27.5589    27.5527 1.0000e-12    511.554          1      32811    1485.04 1.0203e+03  55762.065   1367.073 1563982722      -0.08     -1.814   39.79020  -71.46282    35.2458  1029.8971    27.5639     6.4084 0.0000e+00
    506.000     6.4714    35.0769  1029.8863     1.6935     4.3594     63.853   -0.00164    6.82728    6.83887      7.992    -0.0223   12.24355   3.510175 9.7922e-14    27.5580    27.5518 1.0000e-12    510.532          1      32834    1485.09 1.0212e+03  55758.749   1368.035 1563982723       0.61     -1.418   39.79020  -71.46283    35.2495  1029.8930    27.5647     6.4244 0.0000e+00
    505.000     6.4827    35.0763  1029.8796     1.6918     4.3551     63.793   -0.00142    6.82682    6.83840      7.991    -0.0491   12.24279   3.510985 9.6947e-14    27.5560    27.5497 1.0000e-12    509.513          1      32863    1485.12 1.0315e+03  55753.599   1369.247 1563982724       0.16     -0.862   39.79018  -71.46284    35.2475  1029.8852    27.5617     6.4357 0.0000e+00
    504.000     6.4872    35.0764  1029.8744     1.6896     4.3423     63.611   -0.00172    6.82627    6.83784      7.991    -0.0472   12.24189   3.511323 9.6409e-14    27.5554    27.5492 1.0000e-12    508.514          1      32893    1485.12 1.0372e+03  55751.508   1370.494 1563982725       0.10     -0.842   39.79018  -71.46284    35.2471  1029.8797    27.5607     6.4403 0.0000e+00
    503.000     6.4938    35.0763  1029.8688     1.6877     4.3426     63.660   -0.00072    6.82158    6.83308      7.991    -0.0453   12.23413   3.511774 9.5948e-14    27.5546    27.5483 1.0000e-12    507.479          1      32945    1485.13 1.0423e+03  55748.959   1372.680 1563982728       0.12     -0.358   39.79018  -71.46285    35.2459  1029.8730    27.5589     6.4469 0.0000e+00
    502.000     6.4957    35.0761  1029.8630     1.6878     4.3484     63.776   -0.00006    6.81825    6.82969      7.990    -0.0467   12.22858   3.511952 9.6091e-14    27.5542    27.5480 1.0000e-12    506.473          1      32966    1485.12 1.0407e+03  55744.957   1373.543 1563982728      -0.72     -0.712   39.79018  -71.46286    35.2464  1029.8686    27.5590     6.4490 0.0000e+00
    501.000     6.4995    35.0771  1029.8594     1.6870     4.3391     63.662   -0.00044    6.81591    6.82731      7.989    -0.0406   12.22476   3.512342 9.6327e-14    27.5544    27.5481 1.0000e-12    505.476          1      32981    1485.12 1.0381e+03  55746.596   1374.150 1563982729      -0.74     -1.194   39.79018  -71.46286    35.2473  1029.8643    27.5592     6.4528 0.0000e+00
    500.000     6.5091    35.0793  1029.8552     1.6866     4.3329     63.578   -0.00079    6.81504    6.82643      7.989    -0.0398   12.22333   3.513633 9.6529e-14    27.5548    27.5486 1.0000e-12    504.480          1      32996    1485.14 1.0359e+03  55746.109   1374.782 1563982730      -0.32     -1.532   39.79017  -71.46286    35.2524  1029.8623    27.5619     6.4625 0.0000e+00
    499.000     6.5303    35.0792  1029.8474     1.6844     4.3156     63.327   -0.00149    6.81478    6.82616      7.989    -0.0413   12.22290   3.515399 9.6871e-14    27.5519    27.5456 1.0000e-12    503.467          1      33021    1485.21 1.0323e+03  55738.641   1375.829 1563982731       0.46     -1.285   39.79016  -71.46287    35.2508  1029.8534    27.5579     6.4837 0.0000e+00
    498.000     6.5738    35.0789  1029.8362     1.6782     4.2803     62.837   -0.00218    6.81176    6.82310 -9.990e-29    -0.0500   12.21790   3.519260 9.4825e-14    27.5458    27.5396 1.0000e-12    502.428          1      33090    1485.36 1.0545e+03  55724.164   1378.718 1563982734      -0.05     -0.059   39.79014  -71.46288    35.2498  1029.8415    27.5513     6.5271 0.0000e+00
    497.000     6.5711    35.0801  1029.8330     1.6773     4.2874     62.953   -0.00124    6.81050    6.82182 -9.990e-29    -0.0462   12.21581   3.519072 9.4661e-14    27.5471    27.5408 1.0000e-12    501.413          1      33113    1485.33 1.0564e+03  55725.941   1379.655 1563982735      -0.92     -0.672   39.79014  -71.46288    35.2510  1029.8382    27.5525     6.5245 0.0000e+00
    496.000     6.5760    35.0806  1029.8281     1.6771     4.2869     62.957   -0.00114    6.80927    6.82057 -9.990e-29    -0.0521   12.21377   3.519563 9.4489e-14    27.5469    27.5406 1.0000e-12    500.417          1      33125    1485.34 1.0584e+03  55724.516   1380.159 1563982735      -0.95     -1.194   39.79014  -71.46288    35.2519  1029.8337    27.5526     6.5295 0.0000e+00
    495.000     6.5823    35.0805  1029.8224     1.6767     4.2888     62.994   -0.00079    6.80821    6.81948 -9.990e-29    -0.0378   12.21204   3.520039 9.4747e-14    27.5459    27.5396 1.0000e-12    499.424          1      33136    1485.35 1.0555e+03  55721.597   1380.643 1563982736      -0.78     -1.618   39.79014  -71.46288    35.2513  1029.8278    27.5512     6.5359 0.0000e+00
    494.000     6.5865    35.0805  1029.8172     1.6758     4.2845     62.933   -0.00085    6.80799    6.81926 -9.990e-29    -0.0279   12.21167   3.520386 9.5111e-14    27.5453    27.5391 1.0000e-12    498.431          1      33150    1485.35 1.0514e+03  55719.559   1381.190 1563982736      -0.27     -1.902   39.79014  -71.46288    35.2513  1029.8226    27.5506     6.5402 0.0000e+00
    493.000     6.5966    35.0812  1029.8118     1.6741     4.2704     62.743   -0.00126    6.80623    6.81747 -9.990e-29    -0.0393   12.20876   3.521348 9.4966e-14    27.5445    27.5383 1.0000e-12    497.395          1      33185    1485.37 1.0530e+03  55716.894   1382.680 1563982738       0.70     -1.010   39.79013  -71.46290    35.2521  1029.8171    27.5500     6.5503 0.0000e+00
    492.000     6.6114    35.0811  1029.8049     1.6731     4.2739     62.808   -0.00052    6.80478    6.81600      7.988    -0.0398   12.20637   3.522601 9.4006e-14    27.5424    27.5362 1.0000e-12    496.359          1      33222    1485.41 1.0638e+03  55711.389   1384.224 1563982739      -0.64     -0.449   39.79012  -71.46290    35.2514  1029.8097    27.5474     6.5652 0.0000e+00
    491.000     6.6128    35.0813  1029.8002     1.6729     4.2737     62.816   -0.00041    6.80353    6.81473      7.988    -0.0499   12.20429   3.522712 9.3887e-14    27.5424    27.5362 1.0000e-12    495.371          1      33236    1485.40 1.0651e+03  55710.562   1384.779 1563982740      -1.04     -0.991   39.79012  -71.46290    35.2517  1029.8052    27.5474     6.5667 0.0000e+00
    490.000     6.6168    35.0824  1029.7960     1.6727     4.2724     62.803   -0.00040    6.80286    6.81405      7.988    -0.0519   12.20320   3.523211 9.3713e-14    27.5427    27.5365 1.0000e-12    494.375          1      33249    1485.40 1.0671e+03  55710.269   1385.325 1563982740      -0.79     -1.513   39.79012  -71.46290    35.2537  1029.8017    27.5484     6.5707 0.0000e+00
    489.000     6.6272    35.0827  1029.7901     1.6723     4.2706     62.777   -0.00040    6.80277    6.81396      7.988    -0.0409   12.20305   3.524100 9.3633e-14    27.5415    27.5353 1.0000e-12    493.370          1      33265    1485.42 1.0680e+03  55706.779   1385.998 1563982741       0.03     -1.722   39.79012  -71.46292    35.2534  1029.7954    27.5468     6.5812 0.0000e+00
    488.000     6.6313    35.0822  1029.7845     1.6712     4.2614     62.645   -0.00077    6.80245    6.81363      7.988    -0.0398   12.20251   3.524378 9.3520e-14    27.5405    27.5343 1.0000e-12    492.352          1      33290    1485.42 1.0693e+03  55704.033   1387.034 1563982742       0.54     -1.275   39.79012  -71.46292    35.2528  1029.7897    27.5458     6.5854 0.0000e+00
    487.000     6.6443    35.0826  1029.7783     1.6698     4.2502     62.498   -0.00098    6.80058    6.81173      7.988    -0.0464   12.19943   3.525527 9.3330e-14    27.5391    27.5329 1.0000e-12    491.324          1      33333    1485.46 1.0715e+03  55699.994   1388.825 1563982744       0.21     -0.543   39.79010  -71.46292    35.2528  1029.7831    27.5440     6.5984 0.0000e+00
    486.000     6.6447    35.0829  1029.7739 -9.990e-29     4.2604     62.657   -0.00005    6.79947    6.81061      7.988    -0.0422   12.19755   3.525537 9.3223e-14    27.5393    27.5331 1.0000e-12    490.299          1      33360    1485.44 1.0727e+03  55699.623   1389.939 1563982745      -0.59     -0.632   39.79010  -71.46292    35.2530  1029.7785    27.5441     6.5990 0.0000e+00
    485.000     6.6479    35.0837  1029.7694 -9.990e-29     4.2557     62.643   -0.00005    6.79355    6.80460      7.988    -0.0393   12.18771   3.525888 9.3388e-14    27.5395    27.5333 1.0000e-12    489.306          1      33372    1485.44 1.0708e+03  55698.996   1390.472 1563982745      -0.99     -1.091   39.79010  -71.46292    35.2542  1029.7745    27.5446     6.6022 0.0000e+00
    484.000     6.6530    35.0839  1029.7643 -9.990e-29     4.2503     62.606   -0.00015    6.78891    6.79987      7.987    -0.0284   12.18014   3.526344 9.3709e-14    27.5389    27.5328 1.0000e-12    488.314          1      33384    1485.44 1.0671e+03  55697.085   1390.964 1563982746      -0.88     -1.567   39.79010  -71.46294    35.2545  1029.7695    27.5441     6.6074 0.0000e+00
    483.000     6.6591    35.0837  1029.7586 -9.990e-29     4.2512     62.629   -0.00008    6.78798    6.79892      7.987    -0.0310   12.17860   3.526777 9.3889e-14    27.5380    27.5318 1.0000e-12    487.316          1      33398    1485.45 1.0651e+03  55694.334   1391.553 1563982747      -0.18     -1.867   39.79010  -71.46294    35.2535  1029.7632    27.5425     6.6136 0.0000e+00
    482.000     6.6609    35.0854  1029.7551     1.6681     4.2445     62.554   -0.00020    6.78530    6.79620      7.987    -0.0446   12.17417   3.527205 9.3126e-14    27.5390    27.5329 1.0000e-12    486.290          1      33423    1485.44 1.0738e+03  55695.246   1392.597 1563982748       0.70     -1.383   39.79008  -71.46295    35.2570  1029.7610    27.5450     6.6155 0.0000e+00
    481.000     6.7271    35.0893  1029.7438     1.6655     4.2054     62.006   -0.00222    6.78233    6.79318 -9.990e-29    -0.0527   12.16927   3.533848 9.2049e-14    27.5331    27.5269 1.0000e-12    485.268          1      33458    1485.69 1.0864e+03  55680.145   1394.039 1563982749       0.10     -0.692   39.79008  -71.46296    35.2635  1029.7518    27.5411     6.6815 0.0000e+00
    480.000     6.7475    35.0879  1029.7352     1.6624     4.1875     61.755   -0.00265    6.78086    6.79169 -9.990e-29    -0.0426   12.16684   3.535426 9.1721e-14    27.5292    27.5230 1.0000e-12    484.267          1      33486    1485.75 1.0903e+03  55671.228   1395.213 1563982750      -0.13     -0.805   39.79006  -71.46296    35.2606  1029.7420    27.5361     6.7019 0.0000e+00
    479.000     6.7682    35.0881  1029.7277     1.6591     4.1757     61.598   -0.00246    6.77891    6.78970 -9.990e-29    -0.0481   12.16362   3.537269 9.1818e-14    27.5266    27.5203 1.0000e-12    483.251          1      33519    1485.81 1.0891e+03  55664.618   1396.581 1563982752       0.12     -0.781   39.79006  -71.46296    35.2603  1029.7341    27.5331     6.7227 0.0000e+00
    478.000     6.7796    35.0881  1029.7214     1.6566     4.1668     61.496   -0.00216    6.77579    6.78653 -9.990e-29    -0.0464   12.15844   3.538226 9.2025e-14    27.5250    27.5188 1.0000e-12    482.238          1      33549    1485.84 1.0867e+03  55660.399   1397.821 1563982753      -0.13     -0.762   39.79006  -71.46296    35.2598  1029.7275    27.5311     6.7341 0.0000e+00
    477.000     6.7875    35.0883  1029.7158     1.6556     4.1700     61.550   -0.00147    6.77496    6.78569 -9.990e-29    -0.0471   12.15710   3.538928 9.2003e-14    27.5241    27.5179 1.0000e-12    481.221          1      33572    1485.86 1.0869e+03  55657.714   1398.786 1563982754      -0.22     -0.932   39.79005  -71.46296    35.2600  1029.7218    27.5302     6.7421 0.0000e+00
    476.000     6.7933    35.0885  1029.7105     1.6549     4.1714     61.586   -0.00106    6.77332    6.78402 -9.990e-29    -0.0407   12.15434   3.539431 9.2227e-14    27.5234    27.5172 1.0000e-12    480.208          1      33589    1485.86 1.0843e+03  55655.432   1399.480 1563982754      -0.41     -1.138   39.79004  -71.46296    35.2602  1029.7165    27.5295     6.7479 0.0000e+00
