CalculateIndicators/WaterTemperature/Data/CTD_NYOS/NYOS190724_3_5.cnv
* Sea-Bird SBE 9 Data File:
* FileName = C:\Seabird 9 CTD\Data\2019\201907_offshore\NYOS190724_3_5.hex
* Software Version Seasave V 7.23.2
* Temperature SN = 4590
* Conductivity SN = 3228
* Number of Bytes Per Scan = 44
* Number of Voltage Words = 5
* Number of Scans Averaged by the Deck Unit = 1
* NMEA Latitude = 39 27.96 N
* NMEA Longitude = 072 01.88 W
* NMEA UTC (Time) = Jul 24 2019  20:25:22
* NMEA baud rate = 4800
** Ship: Seawolf
** Station: 1.5
** Operator: EIH
# nquan = 35
# nvalues = 1015                        
# units = specified
# name 0 = depSM: Depth [salt water, m]
# name 1 = t090C: Temperature [ITS-90, deg C]
# name 2 = sal00: Salinity, Practical [PSU]
# name 3 = density00: Density [density, kg/m^3]
# name 4 = sbeox0V: Oxygen raw, SBE 43 [V]
# name 5 = sbeox0ML/L: Oxygen, SBE 43 [ml/l]
# name 6 = sbeox0PS: Oxygen, SBE 43 [% saturation]
# name 7 = sbox0dV/dT: Oxygen, SBE 43 [dov/dt]
# name 8 = oxsolML/L: Oxygen Saturation, Garcia & Gordon [ml/l]
# name 9 = oxsatML/L: Oxygen Saturation, Weiss [ml/l]
# name 10 = ph: pH
# name 11 = flECO-AFL: Fluorescence, WET Labs ECO-AFL/FL [mg/m^3]
# name 12 = n2satML/L: Nitrogen Saturation [ml/l]
# name 13 = c0S/m: Conductivity [S/m]
# name 14 = cpar: CPAR/Corrected Irradiance [%]
# name 15 = sigma-é00: Density [sigma-theta, kg/m^3]
# name 16 = sigma-t00: Density [sigma-t, kg/m^3 ]
# name 17 = par: PAR/Irradiance, Biospherical/Licor
# name 18 = prDM: Pressure, Digiquartz [db]
# name 19 = pumps: Pump Status
# name 20 = scan: Scan Count
# name 21 = svCM: Sound Velocity [Chen-Millero, m/s]
# name 22 = spar: SPAR, Biospherical/Licor
# name 23 = specc: Specific Conductance [uS/cm]
# name 24 = timeS: Time, Elapsed [seconds]
# name 25 = timeY: Time, System [seconds]
# name 26 = accM: Acceleration [m/s^2]
# name 27 = dz/dtM: Descent Rate [m/s]
# name 28 = latitude: Latitude [deg]
# name 29 = longitude: Longitude [deg]
# name 30 = gsw_saA0: Absolute Salinity [g/kg]
# name 31 = gsw_densityA0: density, TEOS-10 [density, kg/m^3]
# name 32 = gsw_sigma0A0: density, TEOS-10 [sigma-0, kg/m^3 ]
# name 33 = gsw_ptA0: potential temperature [ITS-90, deg C]
# name 34 = flag: flag
# span 0 =      2.000,    511.000       
# span 1 =     6.2482,    24.3543       
# span 2 =    32.7763,    35.6906       
# span 3 =  1021.9007,  1029.9366       
# span 4 =     1.3974,     2.8639       
# span 5 =     2.9203,     6.4261       
# span 6 =     46.734,    119.456       
# span 7 =   -0.03491,    0.07323       
# span 8 =    4.85053,    6.85014       
# span 9 =    4.83848,    6.86212       
# span 10 =      7.942,      8.305      
# span 11 =    -0.0768,     1.0936      
# span 12 =    8.99209,   12.28130      
# span 13 =   3.488921,   5.109219      
# span 14 = -8.106e-06, 2.9471e+01      
# span 15 =    21.8920,    27.5827      
# span 16 =    21.8919,    27.5766      
# span 17 = -4.329e-05, 2.5495e+02      
# span 18 =      2.024,    515.546      
# span 19 =          1,          1      
# span 20 =          8,      47583      
# span 21 =    1484.29,    1530.77      
# span 22 = 4.6933e+02, 1.0775e+03      
# span 23 =  50067.843,  55823.789      
# span 24 =      0.275,   1982.590      
# span 25 = 1563999925, 1564001907      
# span 26 =      -1.47,       0.56      
# span 27 =     -1.617,      1.204      
# span 28 =   39.46248,   39.46606      
# span 29 =  -72.03984,  -72.03134      
# span 30 =    32.9337,    35.8605      
# span 31 =  1021.9047,  1029.9395      
# span 32 =    21.8961,    27.5856      
# span 33 =     6.2015,    24.3529      
# span 34 = 0.0000e+00, 0.0000e+00      
# interval = meters: 1                  
# start_time = Jul 24 2019 20:25:24 [System UTC, first data scan.]
# bad_flag = -9.990e-29
*END*
[from data line 415]
    421.000     7.7494    35.1299  1029.3453     1.5464     3.6976     55.745    0.00141    6.63315    6.64159      7.955    -0.0540   11.92260   3.628523 1.1010e-13    27.4197    27.4134 1.0000e-12    424.669          1      13353    1488.68 9.0827e+02  55403.690    556.324 1564000481      -0.09      1.014   39.46530  -72.03574    35.2924  1029.3443    27.4188     7.7064 0.0000e+00
    422.000     7.7418    35.1312  1029.3520     1.5466     3.6907     55.633    0.00062    6.63402    6.64248      7.955    -0.0478   11.92406   3.628104 1.1030e-13    27.4219    27.4155 1.0000e-12    425.677          1      13375    1488.67 9.0669e+02  55408.186    557.262 1564000482       0.09      1.014   39.46530  -72.03574    35.2951  1029.3522    27.4221     7.6987 0.0000e+00
    423.000     7.7397    35.1304  1029.3563     1.5475     3.6954     55.675    0.00051    6.63746    6.64597      7.955    -0.0389   11.92976   3.627917 1.1032e-13    27.4216    27.4152 1.0000e-12    426.683          1      13397    1488.67 9.0651e+02  55408.378    558.166 1564000483       0.06      1.099   39.46530  -72.03576    35.2947  1029.3567    27.4221     7.6965 0.0000e+00
    424.000     7.7381    35.1303  1029.3611     1.5491     3.7118     55.902    0.00133    6.63983    6.64838      7.955    -0.0443   11.93364   3.627854 1.0970e-13    27.4218    27.4154 1.0000e-12    427.695          1      13420    1488.68 9.1162e+02  55409.376    559.138 1564000483      -0.07      1.083   39.46530  -72.03576    35.2952  1029.3620    27.4227     7.6948 0.0000e+00
    425.000     7.7347    35.1286  1029.3648     1.5511     3.7252     56.105    0.00186    6.63979    6.64834      7.955    -0.0456   11.93358   3.627338 1.0857e-13    27.4209    27.4145 1.0000e-12    428.705          1      13444    1488.68 9.2107e+02  55408.373    560.123 1564000484      -0.02      1.024   39.46530  -72.03576    35.2925  1029.3650    27.4211     7.6913 0.0000e+00
    426.000     7.7115    35.1264  1029.3713     1.5533     3.7370     56.280    0.00218    6.64006    6.64861      7.955    -0.0382   11.93403   3.624957 1.0800e-13    27.4226    27.4162 1.0000e-12    429.713          1      13468    1488.61 9.2593e+02  55412.395    561.113 1564000485      -0.01      1.029   39.46528  -72.03578    35.2896  1029.3709    27.4223     7.6681 0.0000e+00
    427.000     7.6938    35.1284  1029.3802     1.5543     3.7378     56.253    0.00162    6.64456    6.65318      7.955    -0.0386   11.94154   3.623708 1.0807e-13    27.4268    27.4204 1.0000e-12    430.725          1      13492    1488.56 9.2525e+02  55420.716    562.135 1564000486      -0.03      0.998   39.46528  -72.03578    35.2934  1029.3812    27.4278     7.6504 0.0000e+00
    428.000     7.6941    35.1283  1029.3847     1.5543     3.7302     56.075    0.00044    6.65220    6.66094      7.956    -0.0376   11.95415   3.623825 1.0738e-13    27.4267    27.4203 1.0000e-12    431.736          1      13516    1488.58 9.3126e+02  55421.245    563.116 1564000487       0.04      1.006   39.46528  -72.03578    35.2940  1029.3862    27.4282     7.6505 0.0000e+00
    429.000     7.6940    35.1273  1029.3884     1.5540     3.7246     55.956   -0.00024    6.65630    6.66511      7.956    -0.0384   11.96089   3.623707 1.0638e-13    27.4259    27.4195 1.0000e-12    432.746          1      13538    1488.59 9.4005e+02  55420.448    564.031 1564000488       0.07      1.060   39.46528  -72.03578    35.2923  1029.3895    27.4270     7.6503 0.0000e+00
    430.000     7.6759    35.1231  1029.3926     1.5561     3.7441     56.238    0.00074    6.65750    6.66633      7.956    -0.0385   11.96286   3.621432 1.0651e-13    27.4253    27.4189 1.0000e-12    433.748          1      13559    1488.54 9.3886e+02  55420.194    564.896 1564000489       0.07      1.132   39.46528  -72.03579    35.2853  1029.3914    27.4242     7.6322 0.0000e+00
    431.000     7.6220    35.1208  1029.4037     1.5596     3.7824     56.798    0.00295    6.65949    6.66834      7.956    -0.0522   11.96619   3.616152 1.0762e-13    27.4313    27.4249 1.0000e-12    434.766          1      13583    1488.35 9.2919e+02  55432.272    565.913 1564000490      -0.14      1.088   39.46528  -72.03580    35.2819  1029.4017    27.4294     7.5784 0.0000e+00
    432.000     7.5901    35.1212  1029.4136     1.5623     3.8012     57.030    0.00340    6.66527    6.67422      7.956    -0.0520   11.97576   3.613394 1.0751e-13    27.4363    27.4299 1.0000e-12    435.770          1      13606    1488.24 9.3018e+02  55442.092    566.866 1564000491       0.04      0.998   39.46528  -72.03581    35.2838  1029.4127    27.4355     7.5465 0.0000e+00
    433.000     7.5772    35.1234  1029.4220     1.5625     3.7829     56.719    0.00136    6.66952    6.67854      7.956    -0.0502   11.98275   3.612574 1.0568e-13    27.4400    27.4336 1.0000e-12    436.783          1      13631    1488.21 9.4630e+02  55449.680    567.903 1564000492      -0.06      1.038   39.46528  -72.03582    35.2874  1029.4221    27.4402     7.5335 0.0000e+00
    434.000     7.5655    35.1195  1029.4252     1.5631     3.7768     56.592    0.00032    6.67380    6.68288      7.956    -0.0403   11.98988   3.610950 1.0459e-13    27.4385    27.4322 1.0000e-12    437.798          1      13656    1488.18 9.5614e+02  55447.933    568.949 1564000493      -0.01      0.934   39.46528  -72.03582    35.2810  1029.4236    27.4369     7.5217 0.0000e+00
    435.000     7.5299    35.1171  1029.4335     1.5650     3.7961     56.842    0.00118    6.67837    6.68754      7.956    -0.0513   11.99735   3.607476 1.0384e-13    27.4419    27.4355 1.0000e-12    438.803          1      13676    1488.06 9.6298e+02  55455.114    569.811 1564000494       0.20      1.053   39.46528  -72.03582    35.2788  1029.4319    27.4403     7.4861 0.0000e+00
    436.000     7.5032    35.1184  1029.4432     1.5671     3.8155     57.129    0.00218    6.67884    6.68801      7.956    -0.0520   11.99817   3.605245 1.0325e-13    27.4468    27.4405 1.0000e-12    439.811          1      13696    1487.97 9.6859e+02  55465.216    570.645 1564000495       0.09      1.182   39.46528  -72.03583    35.2810  1029.4423    27.4459     7.4594 0.0000e+00
    437.000     7.4900    35.1177  1029.4493     1.5701     3.8377     57.411    0.00285    6.68467    6.69393      7.956    -0.0437   12.00782   3.603843 1.0313e-13    27.4481    27.4418 1.0000e-12    440.819          1      13718    1487.94 9.6966e+02  55468.358    571.522 1564000496      -0.05      1.193   39.46527  -72.03584    35.2785  1029.4470    27.4459     7.4462 0.0000e+00
    438.000     7.4444    35.1161  1029.4596     1.5736     3.8603     57.729    0.00359    6.68696    6.69626      7.956    -0.0461   12.01154   3.599642 1.0314e-13    27.4535    27.4472 1.0000e-12    441.835          1      13741    1487.78 9.6961e+02  55479.714    572.486 1564000497      -0.11      1.098   39.46526  -72.03584    35.2784  1029.4585    27.4524     7.4006 0.0000e+00
    439.000     7.4414    35.1180  1029.4661     1.5763     3.8688     57.841    0.00335    6.68859    6.69792      7.956    -0.0517   12.01427   3.599547 1.0269e-13    27.4554    27.4491 1.0000e-12    442.837          1      13763    1487.79 9.7384e+02  55483.834    573.437 1564000498      -0.01      1.062   39.46526  -72.03584    35.2800  1029.4647    27.4540     7.3975 0.0000e+00
    440.000     7.4022    35.1132  1029.4730     1.5774     3.8561     57.645    0.00179    6.68953    6.69887      7.956    -0.0438   12.01582   3.595393 1.0216e-13    27.4572    27.4509 1.0000e-12    443.858          1      13789    1487.65 9.7888e+02  55488.441    574.493 1564000499      -0.09      0.995   39.46526  -72.03586    35.2738  1029.4705    27.4548     7.3584 0.0000e+00
    441.000     7.3839    35.1181  1029.4842     1.5788     3.8545     57.613    0.00111    6.69031    6.69967      7.957    -0.0499   12.01706   3.594465 1.0258e-13    27.4638    27.4575 1.0000e-12    444.861          1      13810    1487.60 9.7483e+02  55501.639    575.358 1564000500       0.19      1.022   39.46526  -72.03586    35.2818  1029.4841    27.4636     7.3400 0.0000e+00
    442.000     7.3764    35.1165  1029.4887     1.5827     3.8848     58.086    0.00267    6.68798    6.69729      7.956    -0.0492   12.01322   3.593636 1.0431e-13    27.4635    27.4572 1.0000e-12    445.867          1      13837    1487.58 9.5879e+02  55501.937    576.494 1564000501      -0.25      1.031   39.46526  -72.03586    35.2798  1029.4882    27.4632     7.3325 0.0000e+00
    443.000     7.3624    35.1152  1029.4945     1.5868     3.9055     58.407    0.00323    6.68667    6.69596      7.956    -0.0510   12.01108   3.592322 1.0544e-13    27.4646    27.4583 1.0000e-12    446.886          1      13870    1487.55 9.4836e+02  55504.911    577.857 1564000502       0.12      0.622   39.46526  -72.03587    35.2792  1029.4945    27.4647     7.3184 0.0000e+00
    444.000     7.3704    35.1175  1029.4996     1.5877     3.8935     58.253    0.00203    6.68385    6.69310      7.956    -0.0520   12.00638   3.593476 1.0501e-13    27.4653    27.4589 1.0000e-12    447.887          1      13893    1487.60 9.5230e+02  55506.544    578.815 1564000503       0.24      0.965   39.46526  -72.03588    35.2832  1029.5010    27.4667     7.3262 0.0000e+00
    445.000     7.3828    35.1178  1029.5024     1.5873     3.8691     57.904    0.00002    6.68206    6.69128      7.956    -0.0407   12.00350   3.594880 1.0462e-13    27.4637    27.4573 1.0000e-12    448.905          1      13919    1487.66 9.5582e+02  55504.140    579.933 1564000504      -0.13      0.952   39.46526  -72.03589    35.2854  1029.5055    27.4668     7.3385 0.0000e+00
    446.000     7.3861    35.1165  1029.5055     1.5860     3.8598     57.715   -0.00080    6.68773    6.69704      7.956    -0.0515   12.01295   3.594964 1.0456e-13    27.4622    27.4558 1.0000e-12    449.913          1      13943    1487.69 9.5641e+02  55501.668    580.904 1564000505       0.13      0.954   39.46526  -72.03590    35.2825  1029.5072    27.4640     7.3417 0.0000e+00
    447.000     7.4030    35.1212  1029.5112     1.5848     3.8518     57.566   -0.00136    6.69109    6.70046      7.957    -0.0625   12.01838   3.597319 1.0441e-13    27.4636    27.4572 1.0000e-12    450.920          1      13964    1487.78 9.5775e+02  55504.994    581.792 1564000506       0.12      1.088   39.46526  -72.03590    35.2906  1029.5155    27.4679     7.3584 0.0000e+00
    448.000     7.4196    35.1154  1029.5087     1.5838     3.8497     57.522   -0.00137    6.69268    6.70207      7.957    -0.0731   12.02103   3.598153 1.0467e-13    27.4566    27.4502 1.0000e-12    451.934          1      13985    1487.85 9.5541e+02  55492.432    582.680 1564000507       0.01      1.135   39.46526  -72.03591    35.2824  1029.5112    27.4592     7.3748 0.0000e+00
    449.000     7.4049    35.1116  1029.5125     1.5843     3.8602     57.699   -0.00049    6.69032    6.69967      7.956    -0.0572   12.01713   3.596202 1.0526e-13    27.4557    27.4493 1.0000e-12    452.937          1      14005    1487.80 9.5000e+02  55491.907    583.505 1564000508       0.07      1.171   39.46526  -72.03592    35.2755  1029.5126    27.4559     7.3601 0.0000e+00
    450.000     7.3592    35.1129  1029.5252     1.5857     3.8834     58.023    0.00095    6.69292    6.70232      7.957    -0.0390   12.02143   3.592291 1.0551e-13    27.4634    27.4570 1.0000e-12    453.948          1      14027    1487.65 9.4779e+02  55507.517    584.404 1564000509      -0.06      1.184   39.46526  -72.03592    35.2787  1029.5267    27.4649     7.3144 0.0000e+00
    451.000     7.3541    35.1127  1029.5303     1.5873     3.8950     58.218    0.00159    6.69044    6.69980      7.957    -0.0470   12.01734   3.591750 1.0648e-13    27.4639    27.4575 1.0000e-12    454.959          1      14049    1487.64 9.3919e+02  55508.988    585.350 1564000510      -0.08      1.093   39.46526  -72.03592    35.2774  1029.5311    27.4646     7.3093 0.0000e+00
    452.000     7.3597    35.1157  1029.5364     1.5876     3.8907     58.157    0.00107    6.68987    6.69922      7.956    -0.0534   12.01638   3.592786 1.0748e-13    27.4654    27.4590 1.0000e-12    455.968          1      14073    1487.69 9.3037e+02  55512.421    586.330 1564000511      -0.04      1.056   39.46524  -72.03592    35.2825  1029.5388    27.4679     7.3148 0.0000e+00
    453.000     7.3467    35.1136  1029.5413     1.5868     3.8754     57.910   -0.00020    6.69215    6.70153      7.957    -0.0307   12.02019   3.591480 1.0619e-13    27.4657    27.4593 1.0000e-12    456.983          1      14097    1487.65 9.4177e+02  55513.977    587.350 1564000512      -0.04      1.000   39.46524  -72.03594    35.2810  1029.5441    27.4685     7.3017 0.0000e+00
    454.000     7.3632    35.1145  1029.5441     1.5853     3.8583     57.659   -0.00128    6.69161    6.70098      7.957    -0.0416   12.01923   3.593119 1.0474e-13    27.4640    27.4575 1.0000e-12    457.995          1      14119    1487.73 9.5475e+02  55511.060    588.268 1564000513       0.11      1.032   39.46524  -72.03594    35.2817  1029.5467    27.4667     7.3180 0.0000e+00
    455.000     7.3615    35.1174  1029.5512     1.5854     3.8628     57.701   -0.00109    6.69454    6.70395      7.957    -0.0518   12.02421   3.593457 1.0451e-13    27.4666    27.4602 1.0000e-12    458.994          1      14139    1487.74 9.5687e+02  55516.671    589.065 1564000513       0.17      1.156   39.46524  -72.03594    35.2866  1029.5554    27.4708     7.3162 0.0000e+00
    456.000     7.3610    35.1109  1029.5508     1.5862     3.8932     58.032    0.00046    6.70873    6.71838      7.957    -0.0304   12.04761   3.592512 1.0509e-13    27.4616    27.4551 1.0000e-12    460.007          1      14162    1487.75 9.5156e+02  55508.085    590.037 1564000514      -0.16      1.173   39.46524  -72.03594    35.2762  1029.5519    27.4628     7.3157 0.0000e+00
    457.000     7.3499    35.1165  1029.5614     1.5868     3.8955     58.079    0.00053    6.70723    6.71686      7.957    -0.0520   12.04502   3.592364 1.0570e-13    27.4676    27.4611 1.0000e-12    461.024          1      14187    1487.73 9.4608e+02  55519.922    591.070 1564000515      -0.08      0.954   39.46524  -72.03596    35.2854  1029.5654    27.4716     7.3045 0.0000e+00
    458.000     7.3461    35.1076  1029.5596     1.5891     3.9133     58.362    0.00144    6.70525    6.71485      7.957    -0.0415   12.04177   3.590547 1.0523e-13    27.4611    27.4546 1.0000e-12    462.027          1      14207    1487.72 9.5033e+02  55508.900    591.934 1564000516       0.19      1.074   39.46524  -72.03596    35.2689  1029.5577    27.4592     7.3006 0.0000e+00
    459.000     7.2536    35.1041  1029.5756     1.5921     3.9408     58.772    0.00288    6.70516    6.71476      7.957    -0.0390   12.04170   3.581609 1.0454e-13    27.4715    27.4651 1.0000e-12    463.040          1      14230    1487.38 9.5653e+02  55531.119    592.860 1564000517      -0.05      1.129   39.46524  -72.03597    35.2643  1029.5728    27.4687     7.2084 0.0000e+00
    460.000     7.2438    35.1148  1029.5901     1.5950     3.9564     59.001    0.00327    6.70560    6.71520      7.957    -0.0311   12.04236   3.582358 1.0451e-13    27.4814    27.4749 1.0000e-12    464.046          1      14252    1487.37 9.5680e+02  55549.818    593.780 1564000518      -0.01      1.096   39.46524  -72.03598    35.2821  1029.5927    27.4840     7.1984 0.0000e+00
