CalculateIndicators/WaterTemperature/Data/CTD_NYOS/NYOS190724_1_5.cnv
* Sea-Bird SBE 9 Data File:
* FileName = C:\Seabird 9 CTD\Data\2019\201907_offshore\NYOS190724_1_5.hex
* Software Version Seasave V 7.23.2
* Temperature SN = 4590
* Conductivity SN = 3228
* Number of Bytes Per Scan = 44
* Number of Voltage Words = 5
* Number of Scans Averaged by the Deck Unit = 1
* NMEA Latitude = 39 47.81 N
* NMEA Longitude = 071 27.48 W
* NMEA UTC (Time) = Jul 24 2019  15:15:53
* NMEA baud rate = 4800
** Ship: Seawolf
** Station: 1.5
** Operator: AJB
# nquan = 35
# nvalues = 1179                        
# units = specified
# name 0 = depSM: Depth [salt water, m]
# name 1 = t090C: Temperature [ITS-90, deg C]
# name 2 = sal00: Salinity, Practical [PSU]
# name 3 = density00: Density [density, kg/m^3]
# name 4 = sbeox0V: Oxygen raw, SBE 43 [V]
# name 5 = sbeox0ML/L: Oxygen, SBE 43 [ml/l]
# name 6 = sbeox0PS: Oxygen, SBE 43 [% saturation]
# name 7 = sbox0dV/dT: Oxygen, SBE 43 [dov/dt]
# name 8 = oxsolML/L: Oxygen Saturation, Garcia & Gordon [ml/l]
# name 9 = oxsatML/L: Oxygen Saturation, Weiss [ml/l]
# name 10 = ph: pH
# name 11 = flECO-AFL: Fluorescence, WET Labs ECO-AFL/FL [mg/m^3]
# name 12 = n2satML/L: Nitrogen Saturation [ml/l]
# name 13 = c0S/m: Conductivity [S/m]
# name 14 = cpar: CPAR/Corrected Irradiance [%]
# name 15 = sigma-é00: Density [sigma-theta, kg/m^3]
# name 16 = sigma-t00: Density [sigma-t, kg/m^3 ]
# name 17 = par: PAR/Irradiance, Biospherical/Licor
# name 18 = prDM: Pressure, Digiquartz [db]
# name 19 = pumps: Pump Status
# name 20 = scan: Scan Count
# name 21 = svCM: Sound Velocity [Chen-Millero, m/s]
# name 22 = spar: SPAR, Biospherical/Licor
# name 23 = specc: Specific Conductance [uS/cm]
# name 24 = timeS: Time, Elapsed [seconds]
# name 25 = timeY: Time, System [seconds]
# name 26 = accM: Acceleration [m/s^2]
# name 27 = dz/dtM: Descent Rate [m/s]
# name 28 = latitude: Latitude [deg]
# name 29 = longitude: Longitude [deg]
# name 30 = gsw_saA0: Absolute Salinity [g/kg]
# name 31 = gsw_densityA0: density, TEOS-10 [density, kg/m^3]
# name 32 = gsw_sigma0A0: density, TEOS-10 [sigma-0, kg/m^3 ]
# name 33 = gsw_ptA0: potential temperature [ITS-90, deg C]
# name 34 = flag: flag
# span 0 =      1.000,    590.000       
# span 1 =     5.7579,    23.9409       
# span 2 =    32.9670,    35.8491       
# span 3 =  1022.1398,  1030.3507       
# span 4 =     1.3937,     2.8151       
# span 5 =     2.8951,     6.6436       
# span 6 =     46.351,    126.141       
# span 7 =   -0.07214,    0.15072       
# span 8 =    4.85652,    6.94597       
# span 9 =    4.84478,    6.95958       
# span 10 =      7.950,      8.270      
# span 11 =    -0.0752,     1.9230      
# span 12 =    8.98843,   12.43967      
# span 13 =   3.430626,   5.061575      
# span 14 = -1.379e-05, 5.2563e+01      
# span 15 =    22.1351,    27.6273      
# span 16 =    22.1349,    27.6208      
# span 17 = -5.445e-05, 6.2503e+02      
# span 18 =      1.004,    595.387      
# span 19 =          0,          1      
# span 20 =        758,      59465      
# span 21 =    1480.25,    1530.58      
# span 22 = 3.3199e+02, 2.0466e+03      
# span 23 =  50333.144,  56007.935      
# span 24 =     31.541,   2477.675      
# span 25 = 1563981387, 1563983833      
# span 26 =      -1.73,       1.02      
# span 27 =     -2.402,      1.003      
# span 28 =   39.78442,   39.79668      
# span 29 =  -71.46794,  -71.45816      
# span 30 =    33.1234,    36.0293      
# span 31 =  1022.1440,  1030.3535      
# span 32 =    22.1393,    27.6321      
# span 33 =     5.7059,    23.9377      
# span 34 = 0.0000e+00, 0.0000e+00      
# interval = meters: 1                  
# start_time = Jul 24 2019 15:15:55 [System UTC, first data scan.]
# bad_flag = -9.990e-29
*END*
[from data line 995]
    184.000    13.8850    35.8090  1027.6610     1.8471     4.0096     69.487    0.01159    5.77020    5.76695      8.128    -0.0478   10.48822   4.278299 8.1812e-14    26.8426    26.8369 1.0000e-12    185.505          1      45606    1507.12 1.2224e+03  54993.951   1900.204 1563983255      -0.13     -1.056   39.78760  -71.46512    35.9893  1027.6734    26.8551    13.8582 0.0000e+00
    183.000    13.9427    35.8234  1027.6552     1.8647     4.0762     70.721    0.01489    5.76386    5.76054      8.132    -0.0454   10.47766   4.286025 8.1796e-14    26.8415    26.8359 1.0000e-12    184.493          1      45632    1507.31 1.2226e+03  55005.390   1901.277 1563983256       0.15     -1.031   39.78758  -71.46512    36.0083  1027.6713    26.8576    13.9159 0.0000e+00
    182.000    14.0151    35.8368  1027.6455     1.8845     4.1454     71.947    0.01704    5.76173    5.75838      8.133    -0.0652   10.47414   4.294377 8.1697e-14    26.8365    26.8308 1.0000e-12    183.480          1      45659    1507.54 1.2240e+03  55013.401   1902.430 1563983257       0.04     -0.868   39.78758  -71.46514    36.0195  1027.6597    26.8508    13.9884 0.0000e+00
    181.000    14.0791    35.8458  1027.6343     1.9020     4.1962     72.815    0.01701    5.76289    5.75956      8.136    -0.0569   10.47613   4.301760 8.1884e-14    26.8299    26.8243 1.0000e-12    182.484          1      45685    1507.75 1.2212e+03  55016.801   1903.488 1563983258      -0.03     -0.938   39.78758  -71.46514    36.0293  1027.6491    26.8448    14.0524 0.0000e+00
    180.000    14.1383    35.8491  1027.6195     1.9221     4.2107     72.958    0.00937    5.77139    5.76814      8.135    -0.0689   10.49052   4.307392 8.2312e-14    26.8198    26.8142 1.0000e-12    181.452          1      45735    1507.92 1.2149e+03  55012.833   1905.566 1563983260       0.33     -0.444   39.78758  -71.46514    36.0271  1027.6301    26.8305    14.1117 0.0000e+00
    179.000    14.1257    35.8430  1027.6131     1.9202     4.1650     72.064    0.00216    5.77957    5.77640      8.133    -0.0448   10.50441   4.305105 8.3095e-14    26.8178    26.8121 1.0000e-12    180.437          1      45759    1507.86 1.2034e+03  55005.597   1906.602 1563983262      -0.80     -0.618   39.78758  -71.46514    36.0179  1027.6212    26.8260    14.0993 0.0000e+00
    178.000    14.1110    35.8330  1027.6041     1.9168     4.1346     71.515   -0.00125    5.78138    5.77823      8.130    -0.0523   10.50734   4.302130 8.3564e-14    26.8131    26.8076 1.0000e-12    179.445          1      45772    1507.78 1.1967e+03  54993.230   1907.126 1563983262      -0.99     -1.154   39.78756  -71.46516    36.0042  1027.6095    26.8186    14.0847 0.0000e+00
    177.000    14.0912    35.8281  1027.6001     1.9132     4.1042     70.991   -0.00433    5.78131    5.77816      8.129    -0.0586   10.50723   4.299884 8.3724e-14    26.8135    26.8080 1.0000e-12    178.453          1      45785    1507.70 1.1944e+03  54988.487   1907.652 1563983263      -0.69     -1.604   39.78756  -71.46516    36.0020  1027.6077    26.8211    14.0652 0.0000e+00
    176.000    14.0667    35.8140  1027.5900     1.9095     4.0818     70.604   -0.00607    5.78127    5.77812      8.129    -0.0560   10.50716   4.295524 8.3768e-14    26.8078    26.8023 1.0000e-12    177.451          1      45800    1507.58 1.1937e+03  54971.922   1908.289 1563983263       0.01     -1.792   39.78756  -71.46516    35.9844  1027.5950    26.8128    14.0408 0.0000e+00
    175.000    14.0107    35.7935  1027.5818     1.9049     4.0825     70.572   -0.00422    5.78485    5.78174      8.129    -0.0559   10.51326   4.287539 8.2632e-14    26.8038    26.7984 1.0000e-12    176.430          1      45833    1507.36 1.2102e+03  54950.666   1909.686 1563983265       0.56     -1.036   39.78755  -71.46518    35.9623  1027.5855    26.8075    13.9850 0.0000e+00
    174.000    13.9793    35.7829  1027.5759     1.9018     4.0976     70.750   -0.00105    5.79169    5.78864      8.129    -0.0470   10.52478   4.283322 8.2162e-14    26.8022    26.7968 1.0000e-12    175.399          1      45884    1507.23 1.2171e+03  54939.658   1911.811 1563983267      -0.30     -0.324   39.78754  -71.46518    35.9525  1027.5802    26.8066    13.9538 0.0000e+00
    173.000    13.9633    35.7733  1027.5674     1.9035     4.1161     71.010    0.00050    5.79656    5.79356      8.130    -0.0463   10.53295   4.280430 8.2351e-14    26.7981    26.7928 1.0000e-12    174.399          1      45904    1507.15 1.2143e+03  54928.075   1912.640 1563983268      -0.55     -0.820   39.78754  -71.46518    35.9406  1027.5701    26.8008    13.9380 0.0000e+00
    172.000    13.9395    35.7610  1027.5585     1.9057     4.1329     71.258    0.00175    5.80000    5.79704      8.130    -0.0552   10.53882   4.276584 8.2844e-14    26.7936    26.7883 1.0000e-12    173.395          1      45921    1507.04 1.2071e+03  54913.759   1913.350 1563983268      -0.44     -1.182   39.78754  -71.46518    35.9272  1027.5604    26.7955    13.9143 0.0000e+00
    171.000    13.9234    35.7580  1027.5552     1.9096     4.1581     71.642    0.00341    5.80411    5.80119      8.130    -0.0553   10.54573   4.274778 8.3739e-14    26.7947    26.7894 1.0000e-12    172.395          1      45938    1506.97 1.1942e+03  54911.377   1914.026 1563983269      -0.21     -1.399   39.78754  -71.46518    35.9257  1027.5583    26.7977    13.8984 0.0000e+00
    170.000    13.9032    35.7504  1027.5492     1.9147     4.1889     72.131    0.00551    5.80734    5.80446      8.132    -0.0501   10.55117   4.271559 8.4580e-14    26.7930    26.7878 1.0000e-12    171.396          1      45957    1506.88 1.1823e+03  54903.269   1914.842 1563983270       0.16     -1.402   39.78753  -71.46519    35.9146  1027.5496    26.7934    13.8785 0.0000e+00
    169.000    13.8288    35.7243  1027.5405     1.9277     4.2531     72.981    0.00720    5.82777    5.82511      8.135    -0.0577   10.58553   4.261333 8.3859e-14    26.7884    26.7832 1.0000e-12    170.363          1      45999    1506.59 1.1925e+03  54876.443   1916.593 1563983271       0.44     -0.614   39.78751  -71.46520    35.8884  1027.5407    26.7888    13.8042 0.0000e+00
    168.000    13.7903    35.7128  1027.5353     1.9444     4.3293     74.250    0.01102    5.83080    5.82817      8.139    -0.0571   10.59059   4.256172 8.3158e-14    26.7876    26.7824 1.0000e-12    169.356          1      46028    1506.44 1.2025e+03  54865.603   1917.787 1563983273      -0.58     -0.636   39.78750  -71.46521    35.8762  1027.5351    26.7874    13.7659 0.0000e+00
    167.000    13.7185    35.6730  1027.5153     1.9591     4.4126     75.648    0.01690    5.83302    5.83042      8.140    -0.0510   10.59435   4.243428 8.3266e-14    26.7716    26.7666 1.0000e-12    168.364          1      46046    1506.14 1.2009e+03  54819.618   1918.541 1563983273      -0.49     -1.103   39.78750  -71.46522    35.8234  1027.5053    26.7617    13.6944 0.0000e+00
    166.000    13.6311    35.6635  1027.5219     1.9733     4.4499     76.211    0.01559    5.83898    5.83645      8.140    -0.0670   10.60437   4.234793 8.3371e-14    26.7826    26.7776 1.0000e-12    167.353          1      46072    1505.83 1.1995e+03  54818.624   1919.644 1563983275       0.28     -1.097   39.78750  -71.46522    35.8240  1027.5198    26.7804    13.6072 0.0000e+00
    165.000    13.5957    35.6509  1027.5152     1.9894     4.4618     76.391    0.01011    5.84066    5.83814      8.140    -0.0513   10.60723   4.230089 8.3674e-14    26.7801    26.7752 1.0000e-12    166.325          1      46109    1505.68 1.1951e+03  54805.526   1921.173 1563983276       0.08     -0.612   39.78748  -71.46522    35.8130  1027.5142    26.7792    13.5721 0.0000e+00
    164.000    13.5617    35.6351  1027.5056     1.9981     4.4914     76.867    0.01051    5.84299    5.84050      8.140    -0.0612   10.61120   4.224611 8.4116e-14    26.7749    26.7700 1.0000e-12    165.330          1      46131    1505.53 1.1888e+03  54787.805   1922.068 1563983277      -0.42     -0.853   39.78748  -71.46522    35.7934  1027.5018    26.7711    13.5382 0.0000e+00
    163.000    13.5351    35.6309  1027.5035     2.0025     4.4824     76.678    0.00695    5.84573    5.84326 -9.990e-29    -0.0555   10.61580   4.221954 8.4746e-14    26.7771    26.7723 1.0000e-12    164.329          1      46155    1505.42 1.1800e+03  54785.337   1923.075 1563983278       0.04     -1.068   39.78748  -71.46523    35.7935  1027.5031    26.7767    13.5118 0.0000e+00
    162.000    13.5247    35.6212  1027.4937     2.0086     4.4795     76.609    0.00373    5.84724    5.84479 -9.990e-29    -0.0559   10.61834   4.219775 8.5322e-14    26.7717    26.7670 1.0000e-12    163.300          1      46190    1505.36 1.1720e+03  54772.879   1924.528 1563983279       0.22     -0.699   39.78748  -71.46524    35.7830  1027.4926    26.7707    13.5016 0.0000e+00
    161.000    13.5025    35.6103  1027.4854     2.0158     4.5156     77.217    0.00594    5.84803    5.84558 -9.990e-29    -0.0578   10.61971   4.216445 8.5635e-14    26.7678    26.7631 1.0000e-12    162.300          1      46211    1505.26 1.1678e+03  54760.323   1925.427 1563983280      -0.43     -0.843   39.78748  -71.46524    35.7727  1027.4849    26.7673    13.4795 0.0000e+00
    160.000    13.4891    35.6069  1027.4812     2.0222     4.5478     77.753    0.00789    5.84901    5.84658      8.145    -0.0629   10.62136   4.214793 8.5524e-14    26.7680    26.7632 1.0000e-12    161.305          1      46230    1505.19 1.1693e+03  54756.999   1926.220 1563983281      -0.27     -1.170   39.78746  -71.46524    35.7700  1027.4812    26.7679    13.4663 0.0000e+00
    159.000    13.4808    35.6036  1027.4759     2.0289     4.5587     77.916    0.00644    5.85074    5.84833      8.148    -0.0633   10.62430   4.213729 8.5125e-14    26.7671    26.7624 1.0000e-12    160.292          1      46260    1505.15 1.1748e+03  54753.116   1927.441 1563983282       0.32     -0.998   39.78746  -71.46526    35.7681  1027.4769    26.7681    13.4581 0.0000e+00
    158.000    13.4698    35.5968  1027.4684     2.0366     4.5701     78.087    0.00464    5.85250    5.85010      8.150    -0.0624   10.62726   4.211884 8.5016e-14    26.7641    26.7594 1.0000e-12    159.266          1      46298    1505.08 1.1762e+03  54744.696   1929.059 1563983284      -0.03     -0.547   39.78746  -71.46526    35.7613  1027.4695    26.7652    13.4473 0.0000e+00
    157.000    13.4598    35.5932  1027.4632     2.0425     4.5948     78.463    0.00540    5.85605    5.85369      8.150    -0.0521   10.63333   4.210517 8.5283e-14    26.7633    26.7586 1.0000e-12    158.272          1      46320    1505.03 1.1726e+03  54740.444   1929.972 1563983285      -0.41     -0.858   39.78746  -71.46526    35.7581  1027.4647    26.7648    13.4374 0.0000e+00
    156.000    13.4494    35.5870  1027.4562     2.0491     4.6231     78.908    0.00648    5.85888    5.85655      8.150    -0.0542   10.63806   4.208797 8.5745e-14    26.7606    26.7561 1.0000e-12    157.266          1      46344    1504.97 1.1662e+03  54732.960   1930.976 1563983286       0.02     -1.059   39.78745  -71.46527    35.7519  1027.4576    26.7621    13.4272 0.0000e+00
    155.000    13.4414    35.5833  1027.4505     2.0590     4.6598     79.509    0.00742    5.86075    5.85844 -9.990e-29    -0.0718   10.64119   4.207502 8.6663e-14    26.7594    26.7548 1.0000e-12    156.248          1      46373    1504.93 1.1539e+03  54728.431   1932.175 1563983287       0.14     -0.875   39.78744  -71.46528    35.7475  1027.4514    26.7603    13.4194 0.0000e+00
    154.000    13.4100    35.5650  1027.4384     2.0678     4.6973     80.136    0.00911    5.86167    5.85937 -9.990e-29    -0.0557   10.64275   4.202299 8.7228e-14    26.7516    26.7471 1.0000e-12    155.243          1      46397    1504.78 1.1464e+03  54706.907   1933.159 1563983288      -0.18     -0.913   39.78744  -71.46528    35.7279  1027.4384    26.7516    13.3882 0.0000e+00
    153.000    13.3924    35.5631  1027.4361     2.0740     4.7043     80.251    0.00745    5.86205    5.85975      8.155    -0.0752   10.64337   4.200490 8.7192e-14    26.7537    26.7493 1.0000e-12    154.246          1      46421    1504.71 1.1469e+03  54706.303   1934.162 1563983289       0.02     -1.041   39.78742  -71.46528    35.7277  1027.4375    26.7551    13.3707 0.0000e+00
    152.000    13.3747    35.5576  1027.4310     2.0833     4.7155     80.434    0.00514    5.86254    5.86024      8.157 -9.990e-29   10.64424   4.198197 8.6734e-14    26.7531    26.7486 1.0000e-12    153.219          1      46464    1504.63 1.1529e+03  54700.651   1935.957 1563983291       0.29     -0.565   39.78742  -71.46530    35.7229  1027.4328    26.7549    13.3532 0.0000e+00
    151.000    13.3694    35.5563  1027.4266     2.0893     4.7296     80.657    0.00455    5.86389    5.86161      8.160 -9.990e-29   10.64652   4.197642 8.7067e-14    26.7531    26.7487 1.0000e-12    152.211          1      46493    1504.59 1.1485e+03  54698.957   1937.162 1563983292      -0.45     -0.676   39.78742  -71.46530    35.7230  1027.4296    26.7561    13.3480 0.0000e+00
    150.000    13.3739    35.5563  1027.4212     2.0971     4.7684     81.302    0.00676    5.86508    5.86281      8.160 -9.990e-29   10.64854   4.198007 8.7246e-14    26.7522    26.7478 1.0000e-12    151.213          1      46512    1504.59 1.1462e+03  54697.722   1937.966 1563983293      -0.39     -1.056   39.78742  -71.46530    35.7227  1027.4239    26.7549    13.3527 0.0000e+00
    149.000    13.3670    35.5516  1027.4145     2.1066     4.8191     82.139    0.00999    5.86701    5.86477      8.163    -0.0520   10.65181   4.196744 8.7738e-14    26.7499    26.7455 1.0000e-12    150.208          1      46533    1504.54 1.1398e+03  54691.735   1938.832 1563983294       0.00     -1.211   39.78741  -71.46530    35.7175  1027.4169    26.7523    13.3459 0.0000e+00
    148.000    13.3583    35.5477  1027.4089     2.1182     4.8530     82.692    0.00986    5.86868    5.86645      8.165    -0.0685   10.65463   4.195448 8.8308e-14    26.7487    26.7443 1.0000e-12    149.200          1      46562    1504.49 1.1324e+03  54687.022   1940.056 1563983295       0.29     -0.968   39.78740  -71.46530    35.7138  1027.4114    26.7512    13.3374 0.0000e+00
    147.000    13.3370    35.5365  1027.4002     2.1351     4.9060     83.568    0.01024    5.87066    5.86845      8.165    -0.0636   10.65799   4.192022 8.8839e-14    26.7444    26.7401 1.0000e-12    148.168          1      46603    1504.39 1.1256e+03  54674.107   1941.768 1563983297       0.01     -0.511   39.78740  -71.46532    35.7016  1027.4019    26.7461    13.3162 0.0000e+00
    146.000    13.3284    35.5340  1027.3955     2.1402     4.9083     83.595    0.00823    5.87154    5.86934      8.165    -0.0580   10.65948   4.190946 8.9022e-14    26.7441    26.7398 1.0000e-12    147.169          1      46623    1504.35 1.1233e+03  54671.242   1942.582 1563983297      -0.60     -0.815   39.78740  -71.46532    35.6998  1027.3978    26.7465    13.3077 0.0000e+00
    145.000    13.3210    35.5292  1027.3889     2.1440     4.9089     83.604    0.00667    5.87160    5.86940      8.165    -0.0524   10.65958   4.189626 8.9281e-14    26.7419    26.7377 1.0000e-12    146.178          1      46639    1504.30 1.1201e+03  54665.125   1943.242 1563983298      -0.55     -1.230   39.78738  -71.46532    35.6946  1027.3909    26.7439    13.3005 0.0000e+00
    144.000    13.3131    35.5263  1027.3838     2.1472     4.9054     83.540    0.00476    5.87189    5.86969 -9.990e-29    -0.0630   10.66008   4.188564 8.9577e-14    26.7412    26.7371 1.0000e-12    145.173          1      46661    1504.25 1.1164e+03  54661.657   1944.186 1563983299       0.23     -1.294   39.78738  -71.46534    35.6923  1027.3863    26.7437    13.2928 0.0000e+00
