CalculateIndicators/WaterTemperature/Data/CTD_NYOS/NYOS190726_4_5.cnv
* Sea-Bird SBE 9 Data File:
* FileName = C:\Seabird 9 CTD\Data\2019\201907_offshore\NYOS190726_4_5.hex
* Software Version Seasave V 7.23.2
* Temperature SN = 4590
* Conductivity SN = 3228
* Number of Bytes Per Scan = 44
* Number of Voltage Words = 5
* Number of Scans Averaged by the Deck Unit = 1
* NMEA Latitude = 39 31.62 N
* NMEA Longitude = 072 23.81 W
* NMEA UTC (Time) = Jul 26 2019  07:58:18
* NMEA baud rate = 4800
** Ship: seawolf
** Station: 4-5
** Operator: lissssssssssss
# nquan = 35
# nvalues = 973                         
# units = specified
# name 0 = depSM: Depth [salt water, m]
# name 1 = t090C: Temperature [ITS-90, deg C]
# name 2 = sal00: Salinity, Practical [PSU]
# name 3 = density00: Density [density, kg/m^3]
# name 4 = sbeox0V: Oxygen raw, SBE 43 [V]
# name 5 = sbeox0ML/L: Oxygen, SBE 43 [ml/l]
# name 6 = sbeox0PS: Oxygen, SBE 43 [% saturation]
# name 7 = sbox0dV/dT: Oxygen, SBE 43 [dov/dt]
# name 8 = oxsolML/L: Oxygen Saturation, Garcia & Gordon [ml/l]
# name 9 = oxsatML/L: Oxygen Saturation, Weiss [ml/l]
# name 10 = ph: pH
# name 11 = flECO-AFL: Fluorescence, WET Labs ECO-AFL/FL [mg/m^3]
# name 12 = n2satML/L: Nitrogen Saturation [ml/l]
# name 13 = c0S/m: Conductivity [S/m]
# name 14 = cpar: CPAR/Corrected Irradiance [%]
# name 15 = sigma-é00: Density [sigma-theta, kg/m^3]
# name 16 = sigma-t00: Density [sigma-t, kg/m^3 ]
# name 17 = par: PAR/Irradiance, Biospherical/Licor
# name 18 = prDM: Pressure, Digiquartz [db]
# name 19 = pumps: Pump Status
# name 20 = scan: Scan Count
# name 21 = svCM: Sound Velocity [Chen-Millero, m/s]
# name 22 = spar: SPAR, Biospherical/Licor
# name 23 = specc: Specific Conductance [uS/cm]
# name 24 = timeS: Time, Elapsed [seconds]
# name 25 = timeY: Time, System [seconds]
# name 26 = accM: Acceleration [m/s^2]
# name 27 = dz/dtM: Descent Rate [m/s]
# name 28 = latitude: Latitude [deg]
# name 29 = longitude: Longitude [deg]
# name 30 = gsw_saA0: Absolute Salinity [g/kg]
# name 31 = gsw_densityA0: density, TEOS-10 [density, kg/m^3]
# name 32 = gsw_sigma0A0: density, TEOS-10 [sigma-0, kg/m^3 ]
# name 33 = gsw_ptA0: potential temperature [ITS-90, deg C]
# name 34 = flag: flag
# span 0 =      2.000,    488.000       
# span 1 =     7.5183,    24.8949       
# span 2 =    31.5796,    35.7402       
# span 3 =  1020.7994,  1029.7031       
# span 4 =     1.4159,     2.8306       
# span 5 =     2.8264,     6.2599       
# span 6 =     47.184,    116.715       
# span 7 =   -0.04848,    0.24232       
# span 8 =    4.83015,    6.65683       
# span 9 =    4.81791,    6.66568       
# span 10 =      7.939,      8.266      
# span 11 =    -0.0667,     1.3888      
# span 12 =    8.96609,   11.96142      
# span 13 =   3.612307,   4.896596      
# span 14 = -4.030e+04, 1.5456e+05      
# span 15 =    20.7908,    27.4698      
# span 16 =    20.7907,    27.4627      
# span 17 = -3.351e-05, 1.2236e-03      
# span 18 =      2.016,    492.330      
# span 19 =          0,          1      
# span 20 =        327,      32706      
# span 21 =    1489.01,    1530.88      
# span 22 = -3.021e+00, 5.5727e+00      
# span 23 =  48420.848,  55540.768      
# span 24 =     13.579,   1362.716      
# span 25 = 1564127912, 1564129262      
# span 26 =      -0.47,       0.44      
# span 27 =     -1.618,      1.210      
# span 28 =   39.52415,   39.52701      
# span 29 =  -72.40244,  -72.39708      
# span 30 =    31.7323,    35.9145      
# span 31 =  1020.8054,  1029.7060      
# span 32 =    20.7968,    27.4728      
# span 33 =     7.4690,    24.8943      
# span 34 = 0.0000e+00, 0.0000e+00      
# interval = meters: 1                  
# start_time = Jul 26 2019 07:58:19 [System UTC, first data scan.]
# bad_flag = -9.990e-29
*END*
[from data line 208]
    210.000    11.5326    35.4762  1027.9972     1.4775     3.0384     49.829   -0.00176    6.09757    6.09832 -9.990e-29    -0.0298   11.03389   4.011926 -9.990e-29    27.0531    27.0480 1.0000e-12    211.721          1       6553    1499.29 3.9495e+00  54916.249    273.010 1564128172       0.00      1.125   39.52590  -72.39760    35.6370  1027.9952    27.0511    11.5055 0.0000e+00
    211.000    11.5148    35.4737  1028.0031     1.4770     3.0396     49.847   -0.00145    6.09800    6.09876 -9.990e-29    -0.0543   11.03464   4.009950 -9.990e-29    27.0544    27.0493 1.0000e-12    212.729          1       6575    1499.24 3.9495e+00  54916.191    273.904 1564128173       0.00      1.126   39.52590  -72.39760    35.6340  1028.0008    27.0521    11.4877 0.0000e+00
    212.000    11.4959    35.4713  1028.0094     1.4759     3.0421     49.886   -0.00077    6.09814    6.09890 -9.990e-29    -0.0311   11.03487   4.008049 2.5320e-11    27.0561    27.0510 1.0000e-12    213.738          1       6596    1499.19 3.9495e+00  54916.941    274.796 1564128174       0.00      1.129   39.52590  -72.39760    35.6329  1028.0081    27.0548    11.4686 0.0000e+00
    213.000    11.4914    35.4718  1028.0151     1.4755     3.0402     49.849   -0.00095    6.09889    6.09967      7.975    -0.0439   11.03613   4.008010 2.5320e-11    27.0574    27.0522 1.0000e-12    214.748          1       6618    1499.19 3.9495e+00  54919.154    275.690 1564128175      -0.00      1.129   39.52590  -72.39761    35.6364  1028.0161    27.0584    11.4640 0.0000e+00
    214.000    11.4995    35.4709  1028.0174     1.4750     3.0426     49.886   -0.00049    6.09913    6.09990      7.975    -0.0328   11.03651   4.008567 2.5320e-11    27.0552    27.0500 1.0000e-12    215.755          1       6639    1499.24 3.9495e+00  54916.963    276.571 1564128175       0.01      1.137   39.52589  -72.39762    35.6338  1028.0171    27.0549    11.4719 0.0000e+00
    215.000    11.4925    35.4697  1028.0224     1.4737     3.0379     49.775   -0.00090    6.10311    6.10393      7.976    -0.0468   11.04316   4.007995 2.5320e-11    27.0556    27.0504 1.0000e-12    216.764          1       6660    1499.22 3.9495e+00  54917.310    277.458 1564128176      -0.00      1.141   39.52588  -72.39762    35.6343  1028.0233    27.0566    11.4648 0.0000e+00
    216.000    11.4921    35.4690  1028.0264     1.4720     3.0279     49.589   -0.00177    6.10591    6.10677      7.976    -0.0431   11.04779   4.007889 2.5320e-11    27.0551    27.0499 1.0000e-12    217.773          1       6681    1499.24 3.9495e+00  54917.034    278.351 1564128177      -0.01      1.134   39.52588  -72.39762    35.6332  1028.0271    27.0559    11.4643 0.0000e+00
    217.000    11.4832    35.4685  1028.0323     1.4709     3.0265     49.570   -0.00153    6.10541    6.10626      7.976    -0.0305   11.04698   4.007179 2.5320e-11    27.0565    27.0512 1.0000e-12    218.782          1       6703    1499.23 3.9495e+00  54918.511    279.244 1564128178      -0.01      1.130   39.52588  -72.39762    35.6343  1028.0341    27.0584    11.4553 0.0000e+00
    218.000    11.4725    35.4651  1028.0361     1.4705     3.0315     49.626   -0.00098    6.10867    6.10957      7.975    -0.0328   11.05239   4.005444 2.5320e-11    27.0558    27.0506 1.0000e-12    219.790          1       6724    1499.20 3.9495e+00  54916.338    280.134 1564128179       0.00      1.131   39.52588  -72.39762    35.6270  1028.0350    27.0547    11.4445 0.0000e+00
    219.000    11.4364    35.4628  1028.0458     1.4708     3.0504     49.780   -0.00009    6.12781    6.12896      7.973    -0.0408   11.08435   4.001972 2.5320e-11    27.0608    27.0556 1.0000e-12    220.800          1       6746    1499.09 3.9495e+00  54920.238    281.027 1564128180      -0.00      1.132   39.52588  -72.39762    35.6268  1028.0462    27.0613    11.4083 0.0000e+00
    220.000    11.4450    35.4639  1028.0494     1.4697     3.0513     49.721   -0.00022    6.13679    6.13806      7.972    -0.0192   11.09910   4.003093 6.1773e+04    27.0600    27.0547 1.0000e-12    221.808          1       6767    1499.14 1.5098e+00  54920.762    281.915 1564128181       0.01      1.132   39.52587  -72.39762    35.6292  1028.0510    27.0616    11.4167 0.0000e+00
    221.000    11.4153    35.4589  1028.0558     1.4683     3.0358     49.500   -0.00140    6.13301    6.13423      7.972    -0.0289   11.09288   3.999693 1.0029e+05    27.0617    27.0565 1.0000e-12    222.817          1       6788    1499.05 -1.143e-02  54919.834    282.798 1564128182       0.01      1.138   39.52586  -72.39763    35.6235  1028.0567    27.0627    11.3870 0.0000e+00
    222.000    11.3563    35.4425  1028.0588     1.4664     3.0255     49.363   -0.00176    6.12899    6.13015      7.972    -0.0324   11.08614   3.990495 9.9999e+04    27.0599    27.0546 1.0000e-12    223.826          1       6809    1498.84 9.5848e-01  54908.085    283.684 1564128182       0.00      1.141   39.52586  -72.39764    35.5883  1028.0452    27.0464    11.3280 0.0000e+00
    223.000    11.1975    35.4350  1028.0875     1.4641     3.0177     49.179   -0.00235    6.13608    6.13733      7.971    -0.0396   11.09808   3.975964 -9.990e-29    27.0835    27.0783 1.0000e-12    224.834          1       6831    1498.30 3.9514e+00  54927.695    284.563 1564128183       0.00      1.143   39.52586  -72.39764    35.5960  1028.0857    27.0816    11.1693 0.0000e+00
    224.000    11.2333    35.4407  1028.0897     1.4622     3.0253     49.084   -0.00249    6.16346    6.16507      7.970    -0.0367   11.14367   3.980165 -9.990e-29    27.0812    27.0760 1.0000e-12    225.843          1       6852    1498.44 3.9495e+00  54929.210    285.450 1564128184      -0.01      1.143   39.52586  -72.39764    35.6030  1028.0889    27.0806    11.2049 0.0000e+00
    225.000    11.2375    35.4424  1028.0947     1.4594     3.0258     48.970   -0.00241    6.17899    6.18082      7.968    -0.0254   11.16934   3.981423 -9.990e-29    27.0819    27.0766 1.0000e-12    226.852          1       6873    1498.48 3.9495e+00  54931.643    286.336 1564128185      -0.00      1.138   39.52584  -72.39766    35.6111  1028.0989    27.0860    11.2089 0.0000e+00
    226.000    11.2555    35.4309  1028.0869     1.4556     3.0056     48.622   -0.00366    6.18164    6.18351      7.966    -0.0197   11.17377   3.980610 2.5320e-11    27.0694    27.0641 1.0000e-12    227.861          1       6894    1498.54 3.9495e+00  54911.909    287.222 1564128186       0.00      1.139   39.52584  -72.39766    35.5851  1028.0799    27.0626    11.2268 0.0000e+00
    227.000    11.1135    35.4124  1028.1038     1.4510     2.9847     48.266   -0.00461    6.18390    6.18580      7.963    -0.0293   11.17752   3.963571 2.5320e-11    27.0814    27.0761 1.0000e-12    228.870          1       6916    1498.04 3.9495e+00  54914.736    288.113 1564128187      -0.00      1.136   39.52584  -72.39766    35.5513  1028.0849    27.0624    11.0849 0.0000e+00
    228.000    10.9013    35.3994  1028.1378     1.4464     2.9657     47.956   -0.00523    6.18407    6.18596      7.962    -0.0285   11.17780   3.943394 2.5320e-11    27.1098    27.1046 1.0000e-12    229.880          1       6937    1497.30 3.9495e+00  54936.447    288.999 1564128188       0.00      1.133   39.52584  -72.39766    35.5535  1028.1307    27.1027    10.8730 0.0000e+00
    229.000    10.8844    35.3959  1028.1428     1.4425     2.9567     47.802   -0.00495    6.18530    6.18722 -9.990e-29    -0.0428   11.17988   3.941564 2.5320e-11    27.1101    27.1050 1.0000e-12    230.886          1       6958    1497.25 3.9495e+00  54935.250    289.857 1564128189       0.04      1.152   39.52583  -72.39766    35.5510  1028.1364    27.1038    10.8560 0.0000e+00
    230.000    10.8601    35.3933  1028.1498     1.4394     2.9556     47.760   -0.00414    6.18839    6.19034 -9.990e-29    -0.0329   11.18501   3.939205 2.5320e-11    27.1125    27.1074 1.0000e-12    231.895          1       6979    1497.18 3.9495e+00  54936.993    290.737 1564128190      -0.02      1.168   39.52582  -72.39766    35.5504  1028.1449    27.1077    10.8316 0.0000e+00
    231.000    10.8570    35.3924  1028.1542     1.4366     2.9551     47.733   -0.00331    6.19076    6.19275 -9.990e-29    -0.0292   11.18896   3.939068 2.5320e-11    27.1124    27.1072 1.0000e-12    232.904          1       7001    1497.19 3.9495e+00  54936.901    291.665 1564128190      -0.07      1.121   39.52582  -72.39766    35.5516  1028.1510    27.1093    10.8283 0.0000e+00
    232.000    10.8513    35.3899  1028.1578     1.4347     2.9562     47.739   -0.00258    6.19246    6.19447      7.955    -0.0283   11.19178   3.938288 -9.990e-29    27.1115    27.1063 1.0000e-12    233.913          1       7024    1497.18 3.9495e+00  54935.153    292.630 1564128191      -0.04      1.068   39.52582  -72.39766    35.5488  1028.1544    27.1081    10.8225 0.0000e+00
    233.000    10.8285    35.3867  1028.1640     1.4327     2.9562     47.731   -0.00197    6.19335    6.19537      7.955    -0.0292   11.19328   3.935837 -9.990e-29    27.1131    27.1079 1.0000e-12    234.923          1       7047    1497.11 3.9495e+00  54935.589    293.598 1564128192      -0.00      1.039   39.52581  -72.39767    35.5457  1028.1607    27.1098    10.7997 0.0000e+00
    234.000    10.8098    35.3845  1028.1703     1.4313     2.9546     47.697   -0.00171    6.19446    6.19649      7.954    -0.0295   11.19512   3.933967 -9.990e-29    27.1148    27.1096 1.0000e-12    235.932          1       7070    1497.06 3.9495e+00  54936.892    294.546 1564128193       0.02      1.056   39.52580  -72.39768    35.5446  1028.1679    27.1124    10.7808 0.0000e+00
    235.000    10.7970    35.3828  1028.1759     1.4301     2.9543     47.667   -0.00152    6.19780    6.19988      7.954    -0.0254   11.20068   3.932725 2.5320e-11    27.1158    27.1106 1.0000e-12    236.942          1       7092    1497.03 3.9495e+00  54937.594    295.472 1564128194       0.02      1.072   39.52580  -72.39768    35.5440  1028.1743    27.1143    10.7679 0.0000e+00
    236.000    10.7905    35.3818  1028.1808     1.4289     2.9532     47.640   -0.00133    6.19897    6.20107      7.954    -0.0256   11.20263   3.932139 2.5320e-11    27.1162    27.1110 1.0000e-12    237.949          1       7114    1497.02 3.9495e+00  54938.086    296.367 1564128195       0.04      1.105   39.52580  -72.39768    35.5439  1028.1800    27.1154    10.7613 0.0000e+00
    237.000    10.7846    35.3805  1028.1855     1.4282     2.9547     47.649   -0.00107    6.20101    6.20313      7.955    -0.0418   11.20602   3.931547 2.5320e-11    27.1163    27.1111 1.0000e-12    238.957          1       7135    1497.02 3.9495e+00  54938.090    297.262 1564128196       0.01      1.127   39.52580  -72.39768    35.5433  1028.1850    27.1159    10.7553 0.0000e+00
    238.000    10.7644    35.3771  1028.1910     1.4275     2.9567     47.664   -0.00075    6.20308    6.20523      7.955    -0.0308   11.20946   3.929122 2.5320e-11    27.1172    27.1120 1.0000e-12    239.966          1       7157    1496.96 3.9495e+00  54937.690    298.176 1564128197      -0.02      1.118   39.52580  -72.39768    35.5380  1028.1892    27.1155    10.7350 0.0000e+00
    239.000    10.7507    35.3765  1028.1977     1.4267     2.9555     47.622   -0.00082    6.20618    6.20837      7.955    -0.0183   11.21460   3.928014 2.5320e-11    27.1193    27.1141 1.0000e-12    240.976          1       7179    1496.93 3.9495e+00  54940.314    299.102 1564128198      -0.02      1.097   39.52578  -72.39770    35.5396  1028.1975    27.1192    10.7212 0.0000e+00
    240.000    10.7388    35.3742  1028.2025     1.4259     2.9534     47.573   -0.00091    6.20810    6.21033      7.955    -0.0276   11.21777   3.926596 2.5320e-11    27.1196    27.1143 1.0000e-12    241.985          1       7202    1496.90 3.9495e+00  54939.858    300.027 1564128199      -0.00      1.090   39.52578  -72.39770    35.5364  1028.2017    27.1188    10.7092 0.0000e+00
    241.000    10.7220    35.3727  1028.2090     1.4266     2.9618     47.707   -0.00022    6.20840    6.21062      7.955    -0.0429   11.21826   3.924970 2.5320e-11    27.1215    27.1162 1.0000e-12    242.994          1       7223    1496.85 3.9495e+00  54941.759    300.937 1564128200       0.02      1.098   39.52578  -72.39770    35.5358  1028.2089    27.1214    10.6923 0.0000e+00
    242.000    10.7033    35.3708  1028.2155     1.4276     2.9747     47.913    0.00087    6.20849    6.21072 -9.990e-29    -0.0325   11.21842   3.922934 4.2599e+04    27.1234    27.1181 1.0000e-12    244.002          1       7245    1496.80 2.1736e+00  54943.453    301.828 1564128201       0.03      1.118   39.52577  -72.39770    35.5329  1028.2146    27.1225    10.6736 0.0000e+00
    243.000    10.6836    35.3711  1028.2239     1.4291     2.9841     48.062    0.00138    6.20888    6.21111 -9.990e-29    -0.0293   11.21907   3.921274 9.9345e+04    27.1272    27.1219 1.0000e-12    245.011          1       7266    1496.75 2.4737e-02  54948.309    302.719 1564128202       0.00      1.134   39.52576  -72.39771    35.5348  1028.2242    27.1275    10.6538 0.0000e+00
    244.000    10.6788    35.3711  1028.2293     1.4305     2.9920     48.183    0.00169    6.20959    6.21184 -9.990e-29    -0.0286   11.22026   3.920953 8.1154e+04    27.1280    27.1227 1.0000e-12    246.019          1       7288    1496.75 5.5822e-01  54949.799    303.615 1564128202      -0.01      1.129   39.52576  -72.39772    35.5358  1028.2303    27.1292    10.6489 0.0000e+00
    245.000    10.6786    35.3705  1028.2333     1.4309     2.9900     48.134    0.00111    6.21170    6.21397 -9.990e-29    -0.0347   11.22376   3.920964 -1.327e+03    27.1276    27.1222 1.0000e-12    247.030          1       7309    1496.77 4.0050e+00  54949.634    304.514 1564128203       0.00      1.122   39.52576  -72.39772    35.5356  1028.2348    27.1291    10.6485 0.0000e+00
    246.000    10.6766    35.3699  1028.2378     1.4314     2.9870     48.080    0.00047    6.21261    6.21489      7.955    -0.0453   11.22530   3.920781 2.5320e-11    27.1276    27.1222 1.0000e-12    248.038          1       7330    1496.77 3.9495e+00  54949.899    305.387 1564128204       0.03      1.136   39.52576  -72.39772    35.5353  1028.2394    27.1292    10.6464 0.0000e+00
    247.000    10.6734    35.3695  1028.2426     1.4308     2.9832     48.005    0.00009    6.21438    6.21668      7.955    -0.0449   11.22822   3.920481 2.5320e-11    27.1278    27.1224 1.0000e-12    249.046          1       7351    1496.78 3.9495e+00  54950.558    306.254 1564128205       0.01      1.159   39.52574  -72.39772    35.5349  1028.2443    27.1296    10.6430 0.0000e+00
    248.000    10.6614    35.3673  1028.2476     1.4304     2.9776     47.908   -0.00053    6.21519    6.21750      7.954    -0.0308   11.22957   3.919056 2.5320e-11    27.1283    27.1228 1.0000e-12    250.055          1       7372    1496.75 3.9495e+00  54950.501    307.131 1564128206      -0.01      1.159   39.52574  -72.39772    35.5317  1028.2485    27.1292    10.6310 0.0000e+00
    249.000    10.6532    35.3661  1028.2527     1.4300     2.9772     47.894   -0.00053    6.21622    6.21855      7.954    -0.0505   11.23127   3.918274 2.5320e-11    27.1288    27.1234 1.0000e-12    251.064          1       7394    1496.74 3.9495e+00  54950.966    308.032 1564128207      -0.03      1.139   39.52574  -72.39772    35.5313  1028.2542    27.1304    10.6226 0.0000e+00
