CalculateIndicators/WaterTemperature/Data/CTD_NYOS/NYOS1910_C02.cnv
* Sea-Bird SBE 9 Data File:
* FileName = C:\Seabird 9 CTD\Data\2019\201910_offhore\NYOS1910_C02.hex
* Software Version Seasave V 7.23.2
* Temperature SN = 4590
* Conductivity SN = 3228
* Number of Bytes Per Scan = 44
* Number of Voltage Words = 5
* Number of Scans Averaged by the Deck Unit = 1
* NMEA Latitude = 40 41.77 N
* NMEA Longitude = 071 47.95 W
* NMEA UTC (Time) = Oct 06 2019  04:07:11
* NMEA baud rate = 4800
** Ship: sw
** Station: 1.2
** Operator: Sarah
# nquan = 35
# nvalues = 98                          
# units = specified
# name 0 = depSM: Depth [salt water, m]
# name 1 = t090C: Temperature [ITS-90, deg C]
# name 2 = sal00: Salinity, Practical [PSU]
# name 3 = density00: Density [density, kg/m^3]
# name 4 = sbeox0V: Oxygen raw, SBE 43 [V]
# name 5 = sbeox0ML/L: Oxygen, SBE 43 [ml/l]
# name 6 = sbeox0PS: Oxygen, SBE 43 [% saturation]
# name 7 = sbox0dV/dT: Oxygen, SBE 43 [dov/dt]
# name 8 = oxsolML/L: Oxygen Saturation, Garcia & Gordon [ml/l]
# name 9 = oxsatML/L: Oxygen Saturation, Weiss [ml/l]
# name 10 = ph: pH
# name 11 = flECO-AFL: Fluorescence, WET Labs ECO-AFL/FL [mg/m^3]
# name 12 = n2satML/L: Nitrogen Saturation [ml/l]
# name 13 = c0S/m: Conductivity [S/m]
# name 14 = cpar: CPAR/Corrected Irradiance [%]
# name 15 = sigma-é00: Density [sigma-theta, kg/m^3]
# name 16 = sigma-t00: Density [sigma-t, kg/m^3 ]
# name 17 = par: PAR/Irradiance, Biospherical/Licor
# name 18 = prDM: Pressure, Digiquartz [db]
# name 19 = pumps: Pump Status
# name 20 = scan: Scan Count
# name 21 = svCM: Sound Velocity [Chen-Millero, m/s]
# name 22 = spar: SPAR, Biospherical/Licor
# name 23 = specc: Specific Conductance [uS/cm]
# name 24 = timeS: Time, Elapsed [seconds]
# name 25 = timeY: Time, System [seconds]
# name 26 = accM: Acceleration [m/s^2]
# name 27 = dz/dtM: Descent Rate [m/s]
# name 28 = latitude: Latitude [deg]
# name 29 = longitude: Longitude [deg]
# name 30 = gsw_saA0: Absolute Salinity [g/kg]
# name 31 = gsw_densityA0: density, TEOS-10 [density, kg/m^3]
# name 32 = gsw_sigma0A0: density, TEOS-10 [sigma-0, kg/m^3 ]
# name 33 = gsw_ptA0: potential temperature [ITS-90, deg C]
# name 34 = flag: flag
# span 0 =      1.000,     50.000       
# span 1 =     8.8591,    19.8179       
# span 2 =    32.5402,    33.6725       
# span 3 =  1023.3634,  1025.7100       
# span 4 =     1.6129,     2.5080       
# span 5 =     3.4544,     5.2672       
# span 6 =     56.001,     98.709       
# span 7 =   -0.07535,    0.12544       
# span 8 =    5.23407,    6.56849       
# span 9 =    5.22432,    6.57320       
# span 10 =      7.811,      8.261      
# span 11 =     0.0726,     0.2573      
# span 12 =    9.62177,   11.84611      
# span 13 =   3.474596,   4.610875      
# span 14 = -1.285e+04, 9.7436e+04      
# span 15 =    23.3568,    25.4846      
# span 16 =    23.3567,    25.4838      
# span 17 = 1.0000e-12, 3.9174e-01      
# span 18 =      1.021,     50.392      
# span 19 =          1,          1      
# span 20 =        541,      10803      
# span 21 =    1483.46,    1519.86      
# span 22 = 1.0165e-01, 4.4117e+00      
# span 23 =  50286.510,  51736.688      
# span 24 =     22.482,    450.097      
# span 25 = 1570334855, 1570335283      
# span 26 =      -0.32,       0.49      
# span 27 =     -0.730,      0.814      
# span 28 =   40.69624,   40.69645      
# span 29 =  -71.80021,  -71.79928      
# span 30 =    32.6221,    33.8331      
# span 31 =  1023.3690,  1025.7129      
# span 32 =    23.3614,    25.4882      
# span 33 =     8.8548,    19.8137      
# span 34 = 0.0000e+00, 0.0000e+00      
# interval = meters: 1                  
# start_time = Oct 06 2019 04:07:12 [System UTC, first data scan.]
# bad_flag = -9.990e-29
*END*
[from data line 42]
     44.000     9.0376    32.7431  1025.5474     1.6491     3.7118     56.928   -0.00650    6.52021    6.52450      7.875     0.1075   11.76319   3.502267 2.5320e-11    25.3460    25.3453 1.0000e-12     44.349          1       3011    1484.29 3.9495e+00  51467.217    125.431 1570334958       0.03      0.355   40.69628  -71.79956    32.8818  1025.5376    25.3362     9.0329 0.0000e+00
     45.000     9.1359    32.8245  1025.6002     1.6352     3.6594     56.151   -0.00719    6.51712    6.52139      7.875     0.1035   11.75775   3.519585 3.3806e+02    25.3944    25.3936 1.0000e-12     45.356          1       3058    1484.78 3.7866e+00  51562.551    127.373 1570334960       0.10      0.523   40.69628  -71.79956    32.9709  1025.5961    25.3903     9.1311 0.0000e+00
     46.000     9.1755    32.8860  1025.6466     1.6287     3.6633     56.209   -0.00435    6.51731    6.52159      7.875     0.1045   11.75805   3.529146 9.7436e+04    25.4362    25.4355 1.0000e-12     46.362          1       3098    1485.01 1.0165e-01  51641.857    129.026 1570334961       0.01      0.609   40.69628  -71.79956    33.0332  1025.6429    25.4326     9.1706 0.0000e+00
     47.000     9.1770    32.8950  1025.6580     1.6242     3.6683     56.338   -0.00179    6.51127    6.51549      7.874     0.1026   11.74767   3.530334 4.5166e+04    25.4431    25.4423 1.0000e-12     47.371          1       3156    1485.04 2.1153e+00  51654.874    131.465 1570334964      -0.10      0.389   40.69628  -71.79956    33.0438  1025.6555    25.4406     9.1720 0.0000e+00
     48.000     9.1986    32.9172  1025.6765     1.6219     3.6646     56.361   -0.00075    6.50192    6.50605      7.870     0.1142   11.73168   3.534991 4.7994e+02    25.4570    25.4562 1.0000e-12     48.379          1       3219    1485.17 3.9300e+00  51682.329    134.076 1570334966       0.11      0.436   40.69628  -71.79958    33.0717  1025.6784    25.4590     9.1935 0.0000e+00
     49.000     9.2479    32.9624  1025.7085     1.6182     3.6433     56.034   -0.00186    6.50194    6.50608 -9.990e-29     0.0988   11.73170   3.544003 -9.990e-29    25.4846    25.4838 1.0000e-12     49.388          1       3267    1485.42 3.8805e+00  51736.688    136.095 1570334968      -0.00      0.501   40.69628  -71.79958    33.1193  1025.7121    25.4882     9.2426 0.0000e+00
     50.000     9.2451    32.9578  1025.7100     1.6148     3.6483     56.080    0.00011    6.50548    6.50965      7.840     0.1238   11.73778   3.543272 2.5241e-11    25.4814    25.4806 1.0000e-12     50.392          1       4756    1485.42 3.2949e+00  51731.342    198.113 1570335030      -0.05      0.032   40.69632  -71.79973    33.1138  1025.7129    25.4844     9.2397 0.0000e+00
     49.000     9.2392    32.9523  1025.7021     1.6129     3.6495     56.001   -0.00028    6.51678    6.52105 -9.990e-29     0.0994   11.75723   3.542198 2.5322e-11    25.4781    25.4773 1.0000e-12     49.386          1       5341    1485.38 3.9648e+00  51724.230    222.496 1570335055      -0.22     -0.373   40.69633  -71.79978    33.1086  1025.7052    25.4813     9.2339 0.0000e+00
     48.000     9.2053    32.9126  1025.6718     1.6143     3.6599     56.144    0.00047    6.51882    6.52310 -9.990e-29     0.1100   11.76076   3.534917 2.5320e-11    25.4524    25.4516 1.0000e-12     48.380          1       5375    1485.19 3.9495e+00  51674.496    223.913 1570335056       0.06     -0.464   40.69632  -71.79978    33.0648  1025.6719    25.4525     9.2001 0.0000e+00
     47.000     9.1659    32.8777  1025.6462     1.6170     3.6747     56.353    0.00111    6.52097    6.52525      7.832     0.1210   11.76466   3.528214 -9.990e-29    25.4313    25.4305 1.0000e-12     47.368          1       5434    1484.98 3.9495e+00  51632.686    226.390 1570335059      -0.12     -0.393   40.69634  -71.79980    33.0321  1025.6481    25.4332     9.1609 0.0000e+00
     46.000     9.1738    32.8723  1025.6361     1.6166     3.6657     56.166   -0.00012    6.52651    6.53084      7.831     0.1228   11.77426   3.528366 -9.990e-29    25.4258    25.4250 1.0000e-12     46.366          1       5474    1484.99 3.9495e+00  51622.772    228.060 1570335060      -0.04     -0.591   40.69634  -71.79980    33.0267  1025.6381    25.4278     9.1689 0.0000e+00
     45.000     9.1409    32.8158  1025.5926     1.6164     3.6762     56.172   -0.00002    6.54454    6.54902      7.828     0.1212   11.80516   3.519661 2.5320e-11    25.3867    25.3860 1.0000e-12     45.354          1       5542    1484.78 3.9495e+00  51549.134    230.880 1570335063       0.09     -0.310   40.69634  -71.79982    32.9670  1025.5923    25.3865     9.1361 0.0000e+00
     44.000     9.0576    32.7402  1025.5420     1.6235     3.7471     57.057    0.00376    6.56724    6.57198      7.828     0.1302   11.84346   3.504530 2.5320e-11    25.3407    25.3399 1.0000e-12     44.348          1       5598    1484.37 3.9495e+00  51458.949    233.199 1570335066      -0.17     -0.497   40.69634  -71.79982    32.8869  1025.5384    25.3371     9.0530 0.0000e+00
     43.000     8.9696    32.6837  1025.5070     1.6347     3.8002     57.856    0.00557    6.56849    6.57320      7.828     0.1121   11.84611   3.491013 2.5684e-11    25.3101    25.3094 1.0000e-12     43.340          1       5645    1483.95 3.9495e+00  51396.945    235.182 1570335068       0.07     -0.512   40.69634  -71.79982    32.8276  1025.5014    25.3045     8.9651 0.0000e+00
     42.000     8.8591    32.6282  1025.4763     1.6511     3.8514     58.882    0.00741    6.54079    6.54509      7.823     0.1350   11.80062   3.476348 2.6260e-11    25.2838    25.2832 1.0000e-12     42.330          1       5700    1483.46 3.9495e+00  51341.327    237.470 1570335070      -0.02     -0.435   40.69634  -71.79983    32.7767  1025.4744    25.2819     8.8548 0.0000e+00
     41.000     9.0665    32.5887  1025.4084     1.6548     3.7712     58.246    0.00188    6.47465    6.47802      7.819     0.1570   11.69144   3.491861 2.5210e-11    25.2207    25.2200 1.0000e-12     41.324          1       5760    1484.16 3.9495e+00  51240.963    239.966 1570335072       0.08     -0.382   40.69634  -71.79984    32.7481  1025.4152    25.2275     9.0622 0.0000e+00
     40.000     9.3581    32.5510  1025.3281     1.6650     3.7275     59.000    0.00521    6.31779    6.31902      7.813     0.2011   11.43220   3.515658 2.5332e-11    25.1453    25.1446 1.0000e-12     40.309          1       5827    1485.17 3.9495e+00  51127.514    242.737 1570335075      -0.32     -0.345   40.69634  -71.79984    32.7279  1025.3488    25.1660     9.3538 0.0000e+00
     39.000     9.9832    32.5671  1025.2333     1.6698     3.6593     58.918    0.00359    6.21096    6.21084      7.811     0.2094   11.25507   3.576657 2.5320e-11    25.0556    25.0549 1.0000e-12     39.312          1       5860    1487.45 3.9495e+00  51029.238    244.109 1570335076      -0.02     -0.685   40.69634  -71.79985    32.7845  1025.2856    25.1079     9.9788 0.0000e+00
     38.000    11.1484    32.5402  1025.0061     1.6684     3.5944     58.249   -0.00109    6.17065    6.17004      7.812     0.2118   11.18802   3.678851 2.5320e-11    24.8339    24.8330 1.0000e-12     38.299          1       5916    1491.55 3.9495e+00  50785.680    246.464 1570335079       0.09     -0.412   40.69634  -71.79986    32.7638  1025.0639    24.8917    11.1438 0.0000e+00
     37.000    11.7902    32.5607  1024.9020     1.6582     3.5237     57.398   -0.00372    6.13910    6.13815      7.813     0.2326   11.13509   3.736444 2.5320e-11    24.7348    24.7339 1.0000e-12     37.291          1       5979    1493.80 3.9495e+00  50709.826    249.083 1570335081      -0.01     -0.390   40.69634  -71.79986    32.7630  1024.9434    24.7762    11.7855 0.0000e+00
     36.000    11.8757    32.6111  1024.9207     1.6501     3.4630     56.953   -0.00370    6.08047    6.07879      7.814     0.2143   11.03808   3.749055 2.5127e-11    24.7581    24.7572 1.0000e-12     36.283          1       6032    1494.14 3.9495e+00  50766.353    251.281 1570335084      -0.09     -0.465   40.69634  -71.79986    32.8110  1024.9601    24.7976    11.8711 0.0000e+00
     35.000    12.3361    32.6203  1024.8365     1.6483     3.4544     57.170   -0.00073    6.04245    6.04035      7.819     0.1819   10.97430   3.791766 2.5314e-11    24.6788    24.6779 1.0000e-12     35.277          1       6085    1495.71 3.9495e+00  50711.449    253.495 1570335086       0.08     -0.446   40.69634  -71.79987    32.8210  1024.8766    24.7189    12.3315 0.0000e+00
     34.000    12.7268    32.6724  1024.7973     1.6568     3.4822     58.072    0.00404    5.99628    5.99365      7.827     0.1746   10.89738   3.832360 -9.990e-29    24.6444    24.6436 1.0000e-12     34.263          1       6150    1497.08 3.9495e+00  50728.579    256.220 1570335089      -0.08     -0.357   40.69634  -71.79988    32.8697  1024.8347    24.6818    12.7223 0.0000e+00
     33.000    12.9345    32.6938  1024.7688     1.6650     3.4962     58.542    0.00487    5.97201    5.96910      7.834     0.1935   10.85727   3.852845 2.5320e-11    24.6205    24.6196 1.0000e-12     33.263          1       6190    1497.79 3.9495e+00  50729.286    257.863 1570335090      -0.09     -0.592   40.69634  -71.79988    32.8846  1024.8012    24.6529    12.9300 0.0000e+00
     32.000    13.2906    32.7158  1024.7107     1.6783     3.5098     59.189    0.00527    5.93003    5.92666      7.842     0.2050   10.78712   3.888009 2.5320e-11    24.5671    24.5662 1.0000e-12     32.251          1       6252    1498.99 3.9495e+00  50712.899    260.449 1570335093       0.10     -0.361   40.69636  -71.79988    32.9093  1024.7452    24.6016    13.2862 0.0000e+00
     31.000    13.5448    32.7448  1024.6775     1.6967     3.5300     60.263    0.00766    5.85764    5.85344      7.852     0.2081   10.66731   3.914351 1.7342e+04    24.5386    24.5377 1.0000e-12     31.244          1       6311    1499.85 3.2646e+00  50720.337    262.930 1570335095      -0.12     -0.455   40.69636  -71.79988    32.9379  1024.7116    24.5727    13.5405 0.0000e+00
     30.000    14.0133    32.7467  1024.5784     1.7150     3.5662     61.286    0.00932    5.81896    5.81434      7.862     0.2242   10.60294   3.958830 8.2363e+04    24.4442    24.4433 1.0000e-12     30.238          1       6359    1501.37 6.2135e-01  50665.616    264.899 1570335097       0.02     -0.513   40.69636  -71.79988    32.9505  1024.6209    24.4868    14.0090 0.0000e+00
     29.000    14.5372    32.7196  1024.4434     1.7600     3.5941     64.117    0.01899    5.60852    5.60185      7.878     0.1659   10.25065   4.004218 5.6021e+04    24.3141    24.3132 1.0000e-12     29.226          1       6422    1503.02 1.6465e+00  50567.911    267.538 1570335100       0.04     -0.356   40.69636  -71.79990    32.9228  1024.4857    24.3563    14.5330 0.0000e+00
     28.000    15.5561    32.8572  1024.3233     1.9117     4.0273     75.706    0.07400    5.32189    5.31275      7.914     0.1501    9.77040   4.120718 2.1917e+04    24.1990    24.1981 1.0000e-12     28.220          1       6472    1506.39 2.9875e+00  50654.116    269.627 1570335102      -0.12     -0.503   40.69636  -71.79990    33.1183  1024.4095    24.2852    15.5518 0.0000e+00
     27.000    17.7995    33.2420  1024.0876     2.1747     4.8990     92.691    0.12544    5.28592    5.27651      7.956     0.1419    9.70977   4.384978 3.9161e+04    23.9686    23.9675 1.0000e-12     27.215          1       6520    1513.59 2.3384e+00  50998.478    271.641 1570335104       0.08     -0.500   40.69636  -71.79990    33.5596  1024.2152    24.0964    17.7949 0.0000e+00
     26.000    19.6377    33.5110  1023.8382     2.3925     5.0465     96.238    0.04033    5.24367    5.23399      8.075     0.1177    9.63785   4.583581 9.6678e+04    23.7246    23.7234 1.0000e-12     26.197          1       6597    1519.26 1.4291e-01  51239.937    274.813 1570335107      -0.08     -0.236   40.69636  -71.79990    33.7416  1023.8981    23.7846    19.6330 0.0000e+00
     25.000    19.5033    33.5991  1023.9325     2.4433     5.1118     97.542    0.02567    5.24072    5.23101      8.158     0.1118    9.63308   4.579939 6.6926e+04    23.8234    23.8222 1.0000e-12     25.203          1       7096    1518.94 1.2857e+00  51371.135    295.643 1570335128      -0.24     -0.476   40.69637  -71.79995    33.8173  1023.9828    23.8736    19.4988 0.0000e+00
     24.000    19.7986    33.6709  1023.9066     2.4999     5.1486     98.364    0.00193    5.23428    5.22453      8.250     0.0764    9.62226   4.610728 1.0861e+03    23.8019    23.8007 1.0000e-12     24.189          1       8282    1519.83 3.9062e+00  51451.791    345.025 1570335177      -0.03     -0.417   40.69640  -71.80004    33.8331  1023.9140    23.8092    19.7942 0.0000e+00
     23.000    19.8179    33.6594  1023.8885     2.5063     5.1692     98.709    0.00252    5.23679    5.22704      8.253     0.0874    9.62682   4.610875 -9.990e-29    23.7881    23.7870 1.0000e-12     23.178          1       8357    1519.86 3.9495e+00  51434.719    348.176 1570335181      -0.07     -0.423   40.69640  -71.80004    33.8190  1023.8939    23.7935    19.8137 0.0000e+00
     22.000    19.8073    33.6335  1023.8670     2.5059     5.1592     98.476   -0.00008    5.23905    5.22932      8.253     0.0802    9.63075   4.606448 2.5320e-11    23.7710    23.7699 1.0000e-12     22.175          1       8403    1519.78 3.9495e+00  51399.294    350.082 1570335182       0.05     -0.518   40.69640  -71.80004    33.7915  1023.8714    23.7754    19.8033 0.0000e+00
     21.000    19.7843    33.6025  1023.8449     2.5064     5.1644     98.552    0.00071    5.24025    5.23051 -9.990e-29     0.0737    9.63293   4.600399 2.5320e-11    23.7533    23.7523 1.0000e-12     21.164          1       8465    1519.66 3.9495e+00  51357.755    352.653 1570335185      -0.05     -0.370   40.69640  -71.80004    33.7607  1023.8495    23.7579    19.7805 0.0000e+00
     20.000    19.7718    33.5815  1023.8278     2.5065     5.1609     98.474   -0.00015    5.24093    5.23120 -9.990e-29     0.0872    9.63423   4.596637 2.5138e-11    23.7405    23.7395 1.0000e-12     20.155          1       8517    1519.59 3.9495e+00  51329.320    354.845 1570335187      -0.01     -0.460   40.69640  -71.80004    33.7402  1023.8328    23.7455    19.7682 0.0000e+00
     19.000    19.7764    33.5712  1023.8143     2.5052     5.1581     98.353   -0.00075    5.24446    5.23474 -9.990e-29     0.0915    9.64029   4.595749 2.7000e-11    23.7314    23.7305 1.0000e-12     19.150          1       8561    1519.57 3.9495e+00  51314.483    356.682 1570335189      -0.03     -0.548   40.69640  -71.80004    33.7295  1023.8192    23.7362    19.7729 0.0000e+00
     18.000    19.7615    33.5555  1023.8018     2.5037     5.1629     98.281   -0.00072    5.25322    5.24355      8.253     0.1044    9.65541   4.592234 2.5122e-11    23.7232    23.7224 1.0000e-12     18.140          1       8611    1519.50 3.9495e+00  51293.425    358.767 1570335191       0.05     -0.478   40.69640  -71.80006    33.7129  1023.8060    23.7275    19.7582 0.0000e+00
     17.000    19.7074    33.5158  1023.7811     2.4984     5.1510     97.874   -0.00256    5.26288    5.25327      8.253     0.1143    9.67193   4.581480 2.5316e-11    23.7069    23.7061 1.0000e-12     17.134          1       8660    1519.28 3.9495e+00  51241.623    360.806 1570335193      -0.01     -0.501   40.69640  -71.80006    33.6683  1023.7818    23.7075    19.7043 0.0000e+00
