CalculateIndicators/WaterTemperature/Data/CTD_NYOS/NYOS1910_C03.cnv
* Sea-Bird SBE 9 Data File:
* FileName = C:\Seabird 9 CTD\Data\2019\201910_offhore\NYOS1910_C03.hex
* Software Version Seasave V 7.23.2
* Temperature SN = 4590
* Conductivity SN = 3228
* Number of Bytes Per Scan = 44
* Number of Voltage Words = 5
* Number of Scans Averaged by the Deck Unit = 1
* NMEA Latitude = 40 23.88 N
* NMEA Longitude = 071 41.39 W
* NMEA UTC (Time) = Oct 06 2019  09:08:14
* NMEA baud rate = 4800
** Ship: sw
** Station: 1.3
** Operator: Sarah
# nquan = 35
# nvalues = 143                         
# units = specified
# name 0 = depSM: Depth [salt water, m]
# name 1 = t090C: Temperature [ITS-90, deg C]
# name 2 = sal00: Salinity, Practical [PSU]
# name 3 = density00: Density [density, kg/m^3]
# name 4 = sbeox0V: Oxygen raw, SBE 43 [V]
# name 5 = sbeox0ML/L: Oxygen, SBE 43 [ml/l]
# name 6 = sbeox0PS: Oxygen, SBE 43 [% saturation]
# name 7 = sbox0dV/dT: Oxygen, SBE 43 [dov/dt]
# name 8 = oxsolML/L: Oxygen Saturation, Garcia & Gordon [ml/l]
# name 9 = oxsatML/L: Oxygen Saturation, Weiss [ml/l]
# name 10 = ph: pH
# name 11 = flECO-AFL: Fluorescence, WET Labs ECO-AFL/FL [mg/m^3]
# name 12 = n2satML/L: Nitrogen Saturation [ml/l]
# name 13 = c0S/m: Conductivity [S/m]
# name 14 = cpar: CPAR/Corrected Irradiance [%]
# name 15 = sigma-é00: Density [sigma-theta, kg/m^3]
# name 16 = sigma-t00: Density [sigma-t, kg/m^3 ]
# name 17 = par: PAR/Irradiance, Biospherical/Licor
# name 18 = prDM: Pressure, Digiquartz [db]
# name 19 = pumps: Pump Status
# name 20 = scan: Scan Count
# name 21 = svCM: Sound Velocity [Chen-Millero, m/s]
# name 22 = spar: SPAR, Biospherical/Licor
# name 23 = specc: Specific Conductance [uS/cm]
# name 24 = timeS: Time, Elapsed [seconds]
# name 25 = timeY: Time, System [seconds]
# name 26 = accM: Acceleration [m/s^2]
# name 27 = dz/dtM: Descent Rate [m/s]
# name 28 = latitude: Latitude [deg]
# name 29 = longitude: Longitude [deg]
# name 30 = gsw_saA0: Absolute Salinity [g/kg]
# name 31 = gsw_densityA0: density, TEOS-10 [density, kg/m^3]
# name 32 = gsw_sigma0A0: density, TEOS-10 [sigma-0, kg/m^3 ]
# name 33 = gsw_ptA0: potential temperature [ITS-90, deg C]
# name 34 = flag: flag
# span 0 =      2.000,     73.000       
# span 1 =    10.0333,    21.4215       
# span 2 =    33.2097,    35.0351       
# span 3 =  1023.7768,  1026.5648       
# span 4 =     1.6624,     2.5184       
# span 5 =     3.4286,     5.2764       
# span 6 =     57.965,     99.719       
# span 7 =   -0.03516,    0.02351       
# span 8 =    5.04117,    6.37931       
# span 9 =    5.03054,    6.38198       
# span 10 =      7.996,      8.295      
# span 11 =     0.0295,     0.2664      
# span 12 =    9.28769,   11.52593      
# span 13 =   3.635029,   4.942609      
# span 14 = -3.106e+04, 9.9999e+04      
# span 15 =    23.7640,    26.2384      
# span 16 =    23.7637,    26.2365      
# span 17 = 1.0000e-12, 7.3324e-02      
# span 18 =      2.021,     73.569      
# span 19 =          1,          1      
# span 20 =        885,      15781      
# span 21 =    1488.78,    1525.96      
# span 22 = -7.200e-02, 5.1080e+00      
# span 23 =  51147.286,  53700.235      
# span 24 =     36.830,    657.489      
# span 25 = 1570352932, 1570353552      
# span 26 =      -0.29,       0.23      
# span 27 =     -0.751,      0.759      
# span 28 =   40.39808,   40.39872      
# span 29 =  -71.69093,  -71.68998      
# span 30 =    33.3245,    35.2078      
# span 31 =  1023.7824,  1026.5713      
# span 32 =    23.7680,    26.2503      
# span 33 =    10.0264,    21.4147      
# span 34 = 0.0000e+00, 0.0000e+00      
# interval = meters: 1                  
# start_time = Oct 06 2019 09:08:15 [System UTC, first data scan.]
# bad_flag = -9.990e-29
*END*
      2.000    19.2305    33.4363  1023.7768     2.5110     5.2319     98.757    0.00204    5.29774    5.28841      8.250     0.1389    9.72994   4.525486 8.7924e-02    23.7680    23.7679 3.1615e-03      2.022          1        885    1517.60 3.9668e+00  51152.645     36.830 1570352932       0.06      0.278   40.39808  -71.68998    33.5948  1023.7824    23.7736    19.2301 0.0000e+00
      3.000    19.2299    33.4362  1023.7813     2.5109     5.2248     98.615    0.00027    5.29819    5.28886      8.250     0.1372    9.73070   4.525466 -9.990e-29    23.7681    23.7680 1.9094e-04      3.020          1        932    1517.61 3.8860e+00  51153.043     38.791 1570352934       0.09      0.482   40.39808  -71.68998    33.5947  1023.7868    23.7737    19.2294 0.0000e+00
      4.000    19.2289    33.4356  1023.7855     2.5101     5.2235     98.540   -0.00045    5.30093    5.29162      8.252     0.1394    9.73532   4.525305 -9.990e-29    23.7680    23.7678 1.0000e-12      4.036          1        998    1517.63 2.8480e+00  51152.744     41.551 1570352936      -0.06      0.317   40.39809  -71.68998    33.5939  1023.7909    23.7734    19.2282 0.0000e+00
      5.000    19.2089    33.4302  1023.7899     2.5106     5.2270     98.616    0.00012    5.30037    5.29105      8.252     0.1365    9.73436   4.522474 -9.990e-29    23.7691    23.7689 1.0000e-12      5.036          1       1039    1517.58 3.7932e+00  51147.286     43.261 1570352938       0.09      0.587   40.39810  -71.68998    33.5861  1023.7945    23.7726    19.2080 0.0000e+00
      6.000    19.2063    33.4307  1023.7964     2.5087     5.2190     98.460   -0.00085    5.30065    5.29134      8.253     0.1298    9.73483   4.522603 2.5320e-11    23.7701    23.7698 1.0000e-12      6.048          1       1091    1517.59 3.3048e+00  51148.309     45.423 1570352940      -0.09      0.458   40.39810  -71.68999    33.5889  1023.8017    23.7754    19.2053 0.0000e+00
      7.000    19.2054    33.4306  1023.8009     2.5079     5.2206     98.486   -0.00021    5.30077    5.29146      8.253     0.1414    9.73504   4.522511 2.5320e-11    23.7703    23.7700 1.0000e-12      7.053          1       1140    1517.60 3.9327e+00  51148.690     47.462 1570352942       0.05      0.508   40.39810  -71.69000    33.5886  1023.8061    23.7755    19.2041 0.0000e+00
      8.000    19.2025    33.4308  1023.8062     2.5072     5.2180     98.456   -0.00033    5.29978    5.29046      8.254     0.1257    9.73338   4.522313 2.5320e-11    23.7712    23.7708 1.0000e-12      8.061          1       1194    1517.61 3.9495e+00  51149.593     49.708 1570352945      -0.05      0.446   40.39810  -71.69000    33.5889  1023.8115    23.7765    19.2011 0.0000e+00
      9.000    19.2097    33.4304  1023.8085     2.5090     5.2287     98.670    0.00112    5.29918    5.28985      8.254     0.1490    9.73239   4.523084 2.5320e-11    23.7691    23.7687 1.0000e-12      9.074          1       1251    1517.65 3.9495e+00  51149.144     52.074 1570352947       0.09      0.411   40.39810  -71.69000    33.5891  1023.8143    23.7749    19.2081 0.0000e+00
     10.000    19.2155    33.4302  1023.8113     2.5067     5.2137     98.389   -0.00107    5.29909    5.28977      8.254     0.1477    9.73225   4.523673 2.5320e-11    23.7676    23.7671 1.0000e-12     10.075          1       1291    1517.68 3.9495e+00  51149.086     53.769 1570352949      -0.03      0.579   40.39810  -71.69001    33.5890  1023.8171    23.7734    19.2137 0.0000e+00
     11.000    19.2186    33.4300  1023.8148     2.5073     5.2230     98.574    0.00058    5.29856    5.28923      8.254     0.1292    9.73136   4.523972 2.6682e-11    23.7666    23.7661 1.0000e-12     11.088          1       1351    1517.71 3.9495e+00  51149.036     56.236 1570352951      -0.03      0.380   40.39810  -71.69002    33.5886  1023.8205    23.7723    19.2166 0.0000e+00
     12.000    19.2233    33.4300  1023.8180     2.5083     5.2255     98.621    0.00044    5.29859    5.28927 -9.990e-29     0.1364    9.73142   4.524497 2.5312e-11    23.7655    23.7650 1.0000e-12     12.093          1       1394    1517.74 3.9495e+00  51149.313     58.054 1570352953       0.20      0.540   40.39810  -71.69002    33.5888  1023.8238    23.7713    19.2212 0.0000e+00
     13.000    19.2252    33.4300  1023.8219     2.5075     5.2204     98.527   -0.00034    5.29848    5.28915      8.254     0.1319    9.73122   4.524695 2.5320e-11    23.7650    23.7644 1.0000e-12     13.101          1       1433    1517.76 3.9495e+00  51149.604     59.659 1570352955      -0.08      0.645   40.39810  -71.69002    33.5886  1023.8276    23.7707    19.2229 0.0000e+00
     14.000    19.2248    33.4302  1023.8266     2.5059     5.2140     98.406   -0.00099    5.29849    5.28916      8.253     0.1312    9.73125   4.524734 2.5320e-11    23.7653    23.7647 1.0000e-12     14.105          1       1474    1517.78 3.9495e+00  51150.380     61.382 1570352956       0.00      0.596   40.39810  -71.69002    33.5888  1023.8323    23.7710    19.2223 0.0000e+00
     15.000    19.2259    33.4299  1023.8305     2.5075     5.2274     98.660    0.00096    5.29843    5.28910      8.253     0.1300    9.73115   4.524830 2.5320e-11    23.7649    23.7642 1.0000e-12     15.121          1       1534    1517.80 2.4649e+00  51150.416     63.875 1570352959      -0.04      0.359   40.39811  -71.69002    33.5885  1023.8362    23.7705    19.2232 0.0000e+00
     16.000    19.2260    33.4301  1023.8347     2.5090     5.2314     98.735    0.00081    5.29839    5.28906 -9.990e-29     0.1272    9.73109   4.524880 2.5320e-11    23.7650    23.7643 1.0000e-12     16.124          1       1578    1517.81 3.8422e+00  51151.175     65.717 1570352961       0.03      0.552   40.39812  -71.69004    33.5884  1023.8405    23.7705    19.2232 0.0000e+00
     17.000    19.2265    33.4300  1023.8393     2.5090     5.2292     98.694    0.00016    5.29840    5.28907 -9.990e-29     0.1253    9.73110   4.524984 2.5320e-11    23.7649    23.7641 1.0000e-12     17.135          1       1620    1517.83 3.9512e+00  51151.481     67.469 1570352962       0.09      0.557   40.39812  -71.69004    33.5885  1023.8449    23.7705    19.2235 0.0000e+00
     18.000    19.2267    33.4302  1023.8438     2.5067     5.2170     98.464   -0.00135    5.29838    5.28904 -9.990e-29     0.1311    9.73106   4.525080 2.5320e-11    23.7650    23.7642 1.0000e-12     18.138          1       1655    1517.85 3.9495e+00  51152.169     68.930 1570352964       0.00      0.686   40.39812  -71.69004    33.5888  1023.8494    23.7707    19.2235 0.0000e+00
     19.000    19.2264    33.4301  1023.8482     2.5064     5.2221     98.563   -0.00013    5.29826    5.28892 -9.990e-29     0.1337    9.73086   4.525068 2.5320e-11    23.7651    23.7643 1.0000e-12     19.148          1       1702    1517.86 3.9495e+00  51152.618     70.880 1570352966      -0.09      0.518   40.39812  -71.69004    33.5886  1023.8538    23.7707    19.2230 0.0000e+00
     20.000    19.2278    33.4302  1023.8524     2.5058     5.2206     98.528   -0.00038    5.29856    5.28923 -9.990e-29     0.1357    9.73137   4.525273 2.6233e-11    23.7649    23.7640 1.0000e-12     20.157          1       1756    1517.89 3.9495e+00  51153.189     73.125 1570352968      -0.02      0.445   40.39812  -71.69004    33.5888  1023.8580    23.7705    19.2242 0.0000e+00
     21.000    19.2261    33.4299  1023.8570     2.5043     5.2164     98.445   -0.00068    5.29873    5.28940 -9.990e-29     0.1228    9.73165   4.525078 3.6978e+04    23.7652    23.7642 1.0000e-12     21.166          1       1802    1517.90 2.4891e+00  51153.383     75.037 1570352970       0.14      0.521   40.39812  -71.69005    33.5882  1023.8624    23.7706    19.2223 0.0000e+00
     22.000    19.2249    33.4301  1023.8619     2.5032     5.2097     98.367   -0.00103    5.29623    5.28689      8.255     0.1300    9.72703   4.525053 9.9388e+04    23.7656    23.7646 1.0000e-12     22.170          1       1837    1517.91 2.4142e-02  51154.095     76.486 1570352971       0.05      0.684   40.39812  -71.69006    33.5887  1023.8675    23.7713    19.2209 0.0000e+00
     23.000    19.2224    33.4296  1023.8666     2.5184     5.1063     99.676    0.00859    5.12321    5.11293      8.247     0.1510    9.42984   4.524761 9.9999e+04    23.7660    23.7649 1.0000e-12     23.179          1       1884    1517.92 0.0000e+00  51154.129     78.440 1570352973      -0.13      0.525   40.39812  -71.69006    33.5879  1023.8720    23.7714    19.2182 0.0000e+00
     24.000    20.2217    34.1736  1024.1767     2.5129     4.9877     98.206   -0.00680    5.07875    5.06826      8.260     0.1749    9.35328   4.729775 3.7367e+04    24.0721    24.0710 1.0000e-12     24.189          1       1936    1521.55 2.4261e+00  52115.001     80.629 1570352976       0.12      0.459   40.39813  -71.69006    34.4606  1024.2767    24.1722    20.2172 0.0000e+00
     25.000    20.9762    34.5424  1024.2618     2.5057     4.9712     98.041   -0.00434    5.07049    5.05997      8.267     0.1857    9.33887   4.841157 -4.844e+02    24.1534    24.1521 1.0000e-12     25.196          1       1977    1524.06 3.9692e+00  52579.690     82.334 1570352977       0.02      0.588   40.39814  -71.69006    34.7530  1024.3023    24.1938    20.9714 0.0000e+00
     26.000    21.1522    34.7381  1024.3672     2.5041     4.9724     98.190   -0.00135    5.06404    5.05350      8.272     0.1686    9.32760   4.882281 2.6793e-11    24.2545    24.2531 1.0000e-12     26.201          1       2019    1524.76 3.9495e+00  52837.688     84.074 1570352979      -0.05      0.587   40.39814  -71.69007    34.9398  1024.4000    24.2873    21.1471 0.0000e+00
     27.000    21.2181    34.8110  1024.4091     2.5046     4.9740     98.356    0.00040    5.05721    5.04663      8.277     0.2015    9.31578   4.896878 2.5303e-11    24.2920    24.2906 1.0000e-12     27.212          1       2074    1525.04 3.9495e+00  52933.909     86.378 1570352981      -0.02      0.424   40.39814  -71.69008    35.0029  1024.4341    24.3171    21.2128 0.0000e+00
     28.000    21.2956    34.8753  1024.4411     2.5020     4.9585     98.087   -0.00164    5.05517    5.04459      8.278     0.1919    9.31219   4.912094 2.5320e-11    24.3198    24.3183 1.0000e-12     28.222          1       2123    1525.33 3.9495e+00  53017.956     88.426 1570352983       0.08      0.489   40.39814  -71.69008    35.0611  1024.4613    24.3400    21.2902 0.0000e+00
     29.000    21.3113    34.8924  1024.4542     2.4996     4.9558     98.019   -0.00116    5.05591    5.04533      8.274     0.2140    9.31342   4.915430 2.5320e-11    24.3285    24.3270 1.0000e-12     29.225          1       2162    1525.41 3.9495e+00  53040.979     90.024 1570352985       0.02      0.624   40.39814  -71.69008    35.0747  1024.4716    24.3460    21.3056 0.0000e+00
     30.000    21.3183    34.9061  1024.4671     2.4937     4.9398     97.603   -0.00305    5.06104    5.05050      8.274     0.2245    9.32207   4.917193 2.5320e-11    24.3371    24.3355 1.0000e-12     30.234          1       2208    1525.46 3.9495e+00  53059.705     91.960 1570352987      -0.07      0.524   40.39814  -71.69008    35.0827  1024.4801    24.3502    21.3125 0.0000e+00
     31.000    21.2962    34.9005  1024.4733     2.4851     4.9220     97.113   -0.00427    5.06834    5.05784      8.274     0.2212    9.33433   4.913571 2.6412e-11    24.3389    24.3373 1.0000e-12     31.244          1       2259    1525.41 3.9495e+00  53053.508     94.069 1570352989       0.02      0.475   40.39814  -71.69008    35.0715  1024.4821    24.3478    21.2901 0.0000e+00
     32.000    21.2176    34.8848  1024.4873     2.4794     4.9017     96.930   -0.00296    5.05698    5.04643      8.271     0.2333    9.31467   4.903235 2.5377e-11    24.3486    24.3469 1.0000e-12     32.249          1       2306    1525.20 3.9495e+00  53036.224     96.034 1570352991      -0.03      0.514   40.39814  -71.69008    35.0525  1024.4937    24.3550    21.2114 0.0000e+00
     33.000    21.1996    34.9094  1024.5153     2.4699     4.8591     96.388   -0.00411    5.04117    5.03054 -9.990e-29     0.2224    9.28769   4.905693 2.5320e-11    24.3722    24.3705 1.0000e-12     33.263          1       2365    1525.20 3.9495e+00  53070.430     98.480 1570352993       0.02      0.382   40.39814  -71.69009    35.0867  1024.5290    24.3859    21.1932 0.0000e+00
     34.000    21.4085    35.0278  1024.5523     2.4620     4.8375     95.932   -0.00515    5.04264    5.03202 -9.990e-29     0.2217    9.29015   4.942218 2.5320e-11    24.4052    24.4034 1.0000e-12     34.269          1       2402    1525.90 3.9495e+00  53222.984    100.030 1570352995       0.21      0.612   40.39815  -71.69010    35.2078  1024.5675    24.4202    21.4019 0.0000e+00
     35.000    21.4215    35.0277  1024.5530     2.4579     4.8344     95.858   -0.00348    5.04332    5.03271      8.268     0.2510    9.29123   4.942609 2.5320e-11    24.4015    24.3996 1.0000e-12     35.268          1       2434    1525.96 3.9495e+00  53222.123    101.358 1570352996      -0.02      0.759   40.39816  -71.69010    35.1999  1024.5623    24.4107    21.4147 0.0000e+00
     36.000    21.4102    35.0351  1024.5662     2.4173     4.6925     92.933   -0.01636    5.04940    5.03882      8.260     0.2615    9.30138   4.942065 2.7073e-11    24.4103    24.4084 1.0000e-12     36.285          1       2501    1525.95 3.2885e+00  53233.167    104.170 1570352999      -0.11      0.302   40.39816  -71.69010    35.2045  1024.5733    24.4174    21.4032 0.0000e+00
     37.000    21.3485    35.0299  1024.5836     2.3862     4.6367     91.750   -0.01218    5.05358    5.04303      8.255     0.2605    9.30848   4.934659 -9.990e-29    24.4233    24.4214 1.0000e-12     37.292          1       2555    1525.80 3.3860e+00  53229.162    106.413 1570353001       0.23      0.496   40.39816  -71.69010    35.1955  1024.5879    24.4276    21.3413 0.0000e+00
     38.000    21.3386    35.0307  1024.5913     2.3816     4.6719     92.149   -0.00419    5.06992    5.05946      8.254     0.2617    9.33598   4.933981 2.5320e-11    24.4268    24.4247 1.0000e-12     38.299          1       2589    1525.79 3.9601e+00  53231.211    107.840 1570353003       0.04      0.695   40.39816  -71.69010    35.1979  1024.5968    24.4322    21.3312 0.0000e+00
     39.000    21.3056    35.0171  1024.5944     2.3762     4.6725     91.945   -0.00360    5.08191    5.07152      8.252     0.2548    9.35607   4.928061 2.5320e-11    24.4255    24.4234 1.0000e-12     39.302          1       2624    1525.70 3.9495e+00  53214.692    109.277 1570353004      -0.02      0.709   40.39816  -71.69010    35.1772  1024.5946    24.4256    21.2980 0.0000e+00
     40.000    21.0716    34.9696  1024.6267     2.3608     4.6884     90.990   -0.00717    5.15310    5.14317      8.253     0.2493    9.47561   4.897590 6.5860e+04    24.4533    24.4512 1.0000e-12     40.313          1       2680    1525.04 1.2774e+00  53161.273    111.610 1570353007      -0.13      0.435   40.39816  -71.69011    35.1242  1024.6230    24.4495    21.0639 0.0000e+00
     41.000    20.4768    34.8266  1024.6826     2.3458     4.7152     90.531   -0.00471    5.20835    5.19881      8.248     0.1891    9.56786   4.813190 8.0484e+03    24.5044    24.5023 1.0000e-12     41.327          1       2744    1523.28 3.5294e+00  52996.890    114.298 1570353009       0.23      0.366   40.39816  -71.69012    34.9296  1024.6405    24.4623    20.4690 0.0000e+00
     42.000    19.8196    34.7822  1024.8279     2.3586     4.8215     92.195    0.00759    5.22967    5.22029      8.247     0.1897    9.60348   4.744712 2.9775e+02    24.6449    24.6429 1.0000e-12     42.329          1       2782    1521.44 3.8010e+00  52971.854    115.867 1570353011      -0.01      0.626   40.39816  -71.69012    34.9131  1024.8071    24.6241    19.8119 0.0000e+00
