CalculateIndicators/WaterTemperature/Data/CTD_NYOS/NYOS1910_C05.cnv
* Sea-Bird SBE 9 Data File:
* FileName = C:\Seabird 9 CTD\Data\2019\201910_offhore\NYOS1910_C05.hex
* Software Version Seasave V 7.23.2
* Temperature SN = 4590
* Conductivity SN = 3228
* Number of Bytes Per Scan = 44
* Number of Voltage Words = 5
* Number of Scans Averaged by the Deck Unit = 1
* NMEA Latitude = 39 48.08 N
* NMEA Longitude = 071 28.03 W
* NMEA UTC (Time) = Oct 06 2019  15:59:25
* NMEA baud rate = 4800
** Ship: seawolf
** Station: 1.5
** Operator: EIH
# nquan = 35
# nvalues = 599                         
# units = specified
# name 0 = depSM: Depth [salt water, m]
# name 1 = t090C: Temperature [ITS-90, deg C]
# name 2 = sal00: Salinity, Practical [PSU]
# name 3 = density00: Density [density, kg/m^3]
# name 4 = sbeox0V: Oxygen raw, SBE 43 [V]
# name 5 = sbeox0ML/L: Oxygen, SBE 43 [ml/l]
# name 6 = sbeox0PS: Oxygen, SBE 43 [% saturation]
# name 7 = sbox0dV/dT: Oxygen, SBE 43 [dov/dt]
# name 8 = oxsolML/L: Oxygen Saturation, Garcia & Gordon [ml/l]
# name 9 = oxsatML/L: Oxygen Saturation, Weiss [ml/l]
# name 10 = ph: pH
# name 11 = flECO-AFL: Fluorescence, WET Labs ECO-AFL/FL [mg/m^3]
# name 12 = n2satML/L: Nitrogen Saturation [ml/l]
# name 13 = c0S/m: Conductivity [S/m]
# name 14 = cpar: CPAR/Corrected Irradiance [%]
# name 15 = sigma-é00: Density [sigma-theta, kg/m^3]
# name 16 = sigma-t00: Density [sigma-t, kg/m^3 ]
# name 17 = par: PAR/Irradiance, Biospherical/Licor
# name 18 = prDM: Pressure, Digiquartz [db]
# name 19 = pumps: Pump Status
# name 20 = scan: Scan Count
# name 21 = svCM: Sound Velocity [Chen-Millero, m/s]
# name 22 = spar: SPAR, Biospherical/Licor
# name 23 = specc: Specific Conductance [uS/cm]
# name 24 = timeS: Time, Elapsed [seconds]
# name 25 = timeY: Time, System [seconds]
# name 26 = accM: Acceleration [m/s^2]
# name 27 = dz/dtM: Descent Rate [m/s]
# name 28 = latitude: Latitude [deg]
# name 29 = longitude: Longitude [deg]
# name 30 = gsw_saA0: Absolute Salinity [g/kg]
# name 31 = gsw_densityA0: density, TEOS-10 [density, kg/m^3]
# name 32 = gsw_sigma0A0: density, TEOS-10 [sigma-0, kg/m^3 ]
# name 33 = gsw_ptA0: potential temperature [ITS-90, deg C]
# name 34 = flag: flag
# span 0 =      1.000,    300.000       
# span 1 =    12.0050,    23.1110       
# span 2 =    35.1958,    36.2345       
# span 3 =  1024.6835,  1028.3578       
# span 4 =     1.5212,     2.4826       
# span 5 =     3.1800,     5.0869       
# span 6 =     52.746,     96.746       
# span 7 =   -0.02692,    0.01879       
# span 8 =    4.86581,    6.03020       
# span 9 =    4.85452,    6.03009       
# span 10 =      8.030,      8.326      
# span 11 =    -0.0632,     0.4257      
# span 12 =    8.98695,   10.92178      
# span 13 =   4.068899,   5.244589      
# span 14 = -3.268e-09, 7.9860e+01      
# span 15 =    24.6792,    27.0130      
# span 16 =    24.6787,    27.0054      
# span 17 = -6.817e-08, 1.6542e+03      
# span 18 =      0.997,    302.524      
# span 19 =          1,          1      
# span 20 =        274,      45987      
# span 21 =    1502.47,    1531.73      
# span 22 = 8.2519e+02, 2.1992e+03      
# span 23 =  53615.966,  55121.595      
# span 24 =     11.384,   1916.075      
# span 25 = 1570377577, 1570379482      
# span 26 =      -1.00,       0.89      
# span 27 =     -1.121,      1.147      
# span 28 =   39.80137,   39.80953      
# span 29 =  -71.47191,  -71.46729      
# span 30 =    35.2829,    36.4042      
# span 31 =  1024.6869,  1028.3626      
# span 32 =    24.6827,    27.0180      
# span 33 =    11.9652,    23.1103      
# span 34 = 0.0000e+00, 0.0000e+00      
# interval = meters: 1                  
# start_time = Oct 06 2019 15:59:26 [System UTC, first data scan.]
# bad_flag = -9.990e-29
*END*
[from data line 456]
    143.000    16.4486    36.1247  1027.1434     1.7880     3.5747     65.070    0.00431    5.49362    5.48736      8.146    -0.0398   10.02725   4.569062 4.7740e-14    26.5142    26.5087 1.0000e-12    144.153          1      28497    1514.85 2.0947e+03  55104.002   1187.338 1570378753       0.16     -0.582   39.80627  -71.47021    36.3024  1027.1530    26.5238    16.4252 0.0000e+00
    142.000    16.4607    36.1230  1027.1348     1.7907     3.5667     64.929    0.00153    5.49324    5.48697      8.147    -0.0559   10.02661   4.569841 4.7676e-14    26.5100    26.5046 1.0000e-12    143.151          1      28544    1514.87 2.0975e+03  55099.980   1189.285 1570378755      -0.23     -0.536   39.80628  -71.47022    36.2987  1027.1429    26.5181    16.4374 0.0000e+00
    141.000    16.4692    36.1231  1027.1284     1.7907     3.5559     64.748   -0.00016    5.49192    5.48564      8.147    -0.0548   10.02441   4.570506 4.7637e-14    26.5081    26.5026 -9.990e-29    142.134          1      28632    1514.88 2.0992e+03  55098.702   1192.967 1570378759      -0.39     -0.313   39.80629  -71.47023    36.2973  1027.1353    26.5150    16.4461 0.0000e+00
    140.000    16.4751    36.1232  1027.1226     1.7910     3.5568     64.779    0.00010    5.49070    5.48441      8.147    -0.0461   10.02238   4.571039 4.2563e-07    26.5067    26.5013 7.5637e-04    141.128          1      28677    1514.88 2.0665e+03  55097.683   1194.822 1570378761       0.05     -0.555   39.80630  -71.47024    36.2970  1027.1293    26.5134    16.4521 0.0000e+00
    139.000    16.4843    36.1238  1027.1165     1.7933     3.5684     64.997    0.00120    5.49003    5.48372      8.147    -0.0408   10.02127   4.572011 8.5363e-06    26.5050    26.4996 1.4808e-04    140.117          1      28728    1514.89 2.0855e+03  55097.095   1196.958 1570378763       0.01     -0.461   39.80631  -71.47024    36.2977  1027.1232    26.5117    16.4615 0.0000e+00
    138.000    16.4982    36.1240  1027.1089     1.7939     3.5654     64.942    0.00044    5.49004    5.48373      8.147    -0.0565   10.02132   4.573293 9.9736e-06    26.5018    26.4965 2.0831e-04    139.109          1      28801    1514.92 2.0991e+03  55095.486   1200.018 1570378766      -0.34     -0.359   39.80632  -71.47025    36.2969  1027.1149    26.5078    16.4755 0.0000e+00
    137.000    16.4973    36.1228  1027.1038     1.7940     3.5644     64.922    0.00029    5.49019    5.48388      8.147    -0.0519   10.02161   4.573012 1.0554e-04    26.5011    26.4959 2.2103e-03    138.106          1      28855    1514.90 2.0955e+03  55093.463   1202.248 1570378768      -0.92     -0.741   39.80632  -71.47026    36.2957  1027.1097    26.5070    16.4748 0.0000e+00
    136.000    16.4989    36.1190  1027.0960     1.7932     3.5598     64.839   -0.00006    5.49021    5.48390      8.147    -0.0465   10.02164   4.572651 3.7703e-04    26.4977    26.4925 7.8688e-03    137.104          1      28897    1514.88 2.0870e+03  55087.447   1203.997 1570378770      -0.23     -0.746   39.80634  -71.47026    36.2914  1027.1017    26.5033    16.4766 0.0000e+00
    135.000    16.4980    36.1170  1027.0903     1.7919     3.5532     64.724   -0.00048    5.48971    5.48339      8.147    -0.0508   10.02089   4.572266 6.1808e-04    26.4964    26.4912 1.2931e-02    136.091          1      28970    1514.86 2.0918e+03  55084.361   1207.035 1570378773      -0.34     -0.434   39.80635  -71.47027    36.2891  1027.0957    26.5018    16.4759 0.0000e+00
    134.000    16.4972    36.1115  1027.0818     1.7898     3.5425     64.566   -0.00088    5.48663    5.48027      8.147    -0.0520   10.01601   4.571415 8.4881e-04    26.4923    26.4871 1.7810e-02    135.071          1      29045    1514.83 2.0984e+03  55076.375   1210.174 1570378776      -0.43     -0.407   39.80636  -71.47028    36.2827  1027.0865    26.4970    16.4752 0.0000e+00
    133.000    16.5002    36.1024  1027.0697     1.7875     3.5283     64.328   -0.00210    5.48496    5.47858 -9.990e-29    -0.0424   10.01322   4.570798 1.2747e-03    26.4846    26.4795 2.6666e-02    134.075          1      29072    1514.82 2.0922e+03  55063.240   1211.298 1570378777      -0.20     -0.781   39.80636  -71.47028    36.2749  1027.0755    26.4903    16.4783 0.0000e+00
    132.000    16.5479    36.0899  1027.0443     1.7888     3.5433     64.669    0.00086    5.47907    5.47263      8.147    -0.0395   10.00348   4.574419 1.3890e-03    26.4637    26.4586 2.8980e-02    133.058          1      29131    1514.93 2.0864e+03  55040.962   1213.733 1570378779       0.09     -0.355   39.80638  -71.47030    36.2642  1027.0515    26.4709    16.5262 0.0000e+00
    131.000    16.6058    36.0885  1027.0250     1.7933     3.5574     64.964    0.00176    5.47596    5.46949      8.147    -0.0514    9.99836   4.580179 1.6680e-03    26.4489    26.4438 3.4908e-02    132.049          1      29193    1515.08 2.0929e+03  55032.910   1216.350 1570378782      -0.02     -0.371   39.80639  -71.47030    36.2632  1027.0326    26.4565    16.5842 0.0000e+00
    130.000    16.6246    36.0866  1027.0147     1.7954     3.5548     64.972    0.00089    5.47134    5.46482      8.146    -0.0519    9.99072   4.581784 1.8847e-03    26.4430    26.4380 3.9522e-02    131.050          1      29237    1515.12 2.0970e+03  55028.019   1218.151 1570378784      -0.38     -0.597   39.80640  -71.47030    36.2608  1027.0218    26.4501    16.6032 0.0000e+00
    129.000    16.6653    36.0854  1026.9997     1.8003     3.5693     65.333    0.00225    5.46322    5.45661      8.149 -9.990e-29    9.97725   4.585940 2.2154e-03    26.4325    26.4274 4.6410e-02    130.032          1      29292    1515.23 2.0949e+03  55022.016   1220.453 1570378786       0.20     -0.440   39.80641  -71.47031    36.2612  1027.0079    26.4407    16.6441 0.0000e+00
    128.000    16.7309    36.0850  1026.9792     1.8035     3.5679     65.399    0.00144    5.45561    5.44893      8.150    -0.0383    9.96457   4.592707 2.4735e-03    26.4165    26.4115 5.1627e-02    129.030          1      29337    1515.41 2.0872e+03  55014.626   1222.345 1570378788      -0.16     -0.569   39.80642  -71.47032    36.2622  1026.9886    26.4259    16.7098 0.0000e+00
    127.000    16.8084    36.0901  1026.9601     1.8142     3.6099     66.236    0.00480    5.45010    5.44336      8.153    -0.0409    9.95541   4.601278 2.7658e-03    26.4020    26.3970 5.7794e-02    128.015          1      29397    1515.63 2.0894e+03  55013.687   1224.821 1570378791       0.12     -0.382   39.80643  -71.47032    36.2683  1026.9703    26.4122    16.7873 0.0000e+00
    126.000    16.8691    36.0944  1026.9444     1.8233     3.6334     66.698    0.00503    5.44749    5.44072      8.155    -0.0473    9.95105   4.607786 3.1444e-03    26.3909    26.3859 6.5889e-02    127.012          1      29440    1515.80 2.0954e+03  55013.379   1226.646 1570378792      -0.12     -0.569   39.80644  -71.47032    36.2713  1026.9536    26.4001    16.8482 0.0000e+00
    125.000    16.8944    36.0956  1026.9349     1.8291     3.6320     66.731    0.00245    5.44278    5.43596 -9.990e-29    -0.0432    9.94322   4.610419 3.3649e-03    26.3858    26.3808 7.0412e-02    125.999          1      29493    1515.86 2.0925e+03  55012.181   1228.828 1570378795       0.10     -0.452   39.80645  -71.47032    36.2722  1026.9437    26.3946    16.8736 0.0000e+00
    124.000    16.9447    36.1009  1026.9224     1.8359     3.6469     67.059    0.00251    5.43835    5.43149      8.158    -0.0418    9.93589   4.616132 3.7277e-03    26.3778    26.3728 7.7735e-02    124.993          1      29560    1516.00 2.0853e+03  55014.175   1231.638 1570378798      -0.14     -0.314   39.80647  -71.47033    36.2775  1026.9313    26.3867    16.9240 0.0000e+00
    123.000    16.9756    36.1021  1026.9114     1.8403     3.6534     67.232    0.00215    5.43412    5.42722      8.159    -0.0383    9.92888   4.619486 3.9538e-03    26.3713    26.3664 8.2598e-02    123.985          1      29615    1516.08 2.0891e+03  55012.313   1233.930 1570378800      -0.56     -0.553   39.80648  -71.47034    36.2796  1026.9211    26.3809    16.9550 0.0000e+00
    122.000    17.0263    36.1011  1026.8940     1.8430     3.6555     67.302    0.00161    5.43151    5.42458      8.159    -0.0323    9.92452   4.624354 4.3655e-03    26.3584    26.3535 9.1302e-02    122.978          1      29661    1516.21 2.0913e+03  55005.989   1235.825 1570378802       0.08     -0.536   39.80648  -71.47034    36.2772  1026.9025    26.3669    17.0058 0.0000e+00
    121.000    17.0436    36.1013  1026.8856     1.8458     3.6577     67.386    0.00107    5.42802    5.42106      8.161    -0.0358    9.91870   4.626088 4.7995e-03    26.3543    26.3495 1.0051e-01    121.966          1      29716    1516.25 2.0941e+03  55004.081   1238.139 1570378804      -0.50     -0.422   39.80650  -71.47036    36.2772  1026.8939    26.3627    17.0233 0.0000e+00
    120.000    17.0894    36.1071  1026.8745     1.8503     3.6652     67.659    0.00186    5.41719    5.41012      8.161    -0.0434    9.90059   4.631444 5.2562e-03    26.3478    26.3429 1.0872e-01    120.964          1      29775    1516.37 2.0686e+03  55007.362   1240.583 1570378806      -0.12     -0.408   39.80650  -71.47036    36.2835  1026.8832    26.3564    17.0692 0.0000e+00
    119.000    17.1809    36.1200  1026.8578     1.8679     3.7269     69.047    0.00775    5.39760    5.39035      8.166    -0.0395    9.86786   4.642653 5.8415e-03    26.3356    26.3308 1.2241e-01    119.947          1      29848    1516.64 2.0957e+03  55016.043   1243.607 1570378809      -0.05     -0.423   39.80652  -71.47036    36.2999  1026.8691    26.3469    17.1608 0.0000e+00
    118.000    17.2726    36.1371  1026.8442     1.8826     3.7797     70.042    0.01068    5.39640    5.38914      8.169    -0.0284    9.86588   4.654427 6.0884e-03    26.3266    26.3218 1.2758e-01    118.947          1      29880    1516.92 2.0955e+03  55030.783   1244.954 1570378811      -0.33     -0.639   39.80652  -71.47036    36.3210  1026.8585    26.3409    17.2526 0.0000e+00
    117.000    17.3828    36.1480  1026.8212     1.8955     3.7856     70.205    0.00569    5.39220    5.38490      8.171    -0.0275    9.85887   4.666400 6.4663e-03    26.3082    26.3033 1.3483e-01    117.933          1      29932    1517.24 2.0851e+03  55035.228   1247.130 1570378813       0.25     -0.463   39.80653  -71.47036    36.3271  1026.8317    26.3187    17.3630 0.0000e+00
    116.000    17.4108    36.1510  1026.8122     1.8992     3.7772     70.055    0.00216    5.39176    5.38445      8.173    -0.0355    9.85814   4.669501 7.0759e-03    26.3037    26.2989 1.4762e-01    116.930          1      29984    1517.31 2.0861e+03  55036.485   1249.303 1570378815      -0.15     -0.466   39.80654  -71.47038    36.3294  1026.8223    26.3137    17.3911 0.0000e+00
    115.000    17.4305    36.1517  1026.8035     1.9030     3.7808     70.130    0.00102    5.39117    5.38386 -9.990e-29    -0.0167    9.85717   4.671261 7.5661e-03    26.2994    26.2946 1.5854e-01    115.910          1      30049    1517.35 2.0954e+03  55035.166   1251.990 1570378818      -0.58     -0.313   39.80656  -71.47038    36.3274  1026.8115    26.3074    17.4110 0.0000e+00
    114.000    17.4326    36.1515  1026.7984     1.9034     3.7798     70.113    0.00066    5.39099    5.38368      8.176    -0.0285    9.85687   4.671352 8.1389e-03    26.2987    26.2940 1.7020e-01    114.922          1      30077    1517.34 2.0913e+03  55034.178   1253.167 1570378819      -0.24     -0.781   39.80656  -71.47038    36.3268  1026.8061    26.3063    17.4132 0.0000e+00
    113.000    17.4405    36.1514  1026.7920     1.9048     3.7830     70.176    0.00084    5.39071    5.38340      8.176    -0.0147    9.85644   4.671933 9.0119e-03    26.2966    26.2919 1.8877e-01    113.892          1      30166    1517.35 2.0947e+03  55032.766   1256.882 1570378823      -0.68     -0.303   39.80658  -71.47040    36.3252  1026.7984    26.3031    17.4213 0.0000e+00
    112.000    17.4402    36.1498  1026.7864     1.9048     3.7780     70.083   -0.00014    5.39074    5.38342      8.176    -0.0240    9.85647   4.671657 9.2493e-03    26.2954    26.2908 1.9292e-01    112.903          1      30187    1517.33 2.0857e+03  55030.163   1257.732 1570378824      -0.33     -0.895   39.80658  -71.47040    36.3234  1026.7928    26.3018    17.4212 0.0000e+00
    111.000    17.4417    36.1493  1026.7812     1.9072     3.7899     70.303    0.00104    5.39081    5.38350      8.176    -0.0258    9.85660   4.671645 1.0040e-02    26.2946    26.2900 2.0973e-01    111.882          1      30242    1517.32 2.0888e+03  55028.765   1260.038 1570378826       0.27     -0.416   39.80659  -71.47040    36.3224  1026.7872    26.3006    17.4228 0.0000e+00
    110.000    17.4412    36.1489  1026.7766     1.9076     3.7867     70.244    0.00026    5.39077    5.38345      8.176    -0.0169    9.85653   4.671469 1.0731e-02    26.2944    26.2899 2.2483e-01    110.886          1      30283    1517.30 2.0951e+03  55027.761   1261.754 1570378828      -0.26     -0.645   39.80660  -71.47040    36.3217  1026.7824    26.3001    17.4225 0.0000e+00
    109.000    17.4415    36.1487  1026.7720     1.9083     3.7869     70.265    0.00035    5.38942    5.38209      8.175    -0.0227    9.85434   4.671376 1.1968e-02    26.2942    26.2896 2.4982e-01    109.860          1      30371    1517.28 2.0873e+03  55026.943   1265.397 1570378831      -0.23     -0.195   39.80662  -71.47040    36.3210  1026.7773    26.2996    17.4229 0.0000e+00
    108.000    17.4428    36.1485  1026.7670     1.9085     3.7878     70.278    0.00037    5.38967    5.38234      8.176    -0.0153    9.85474   4.671459 1.2379e-02    26.2936    26.2891 2.5838e-01    108.859          1      30397    1517.27 2.0873e+03  55025.956   1266.515 1570378832      -0.37     -0.730   39.80662  -71.47040    36.3209  1026.7726    26.2991    17.4244 0.0000e+00
    107.000    17.4519    36.1468  1026.7591     1.9062     3.7713     70.059   -0.00066    5.38298    5.37558      8.175    -0.0222    9.84359   4.672228 1.2849e-02    26.2901    26.2856 2.6819e-01    107.862          1      30441    1517.28 2.0871e+03  55022.423   1268.321 1570378834      -0.20     -0.664   39.80663  -71.47041    36.3199  1026.7652    26.2961    17.4336 0.0000e+00
    106.000    17.5289    36.1534  1026.7408     1.9064     3.7629     70.120    0.00020    5.36638    5.35883      8.175    -0.0161    9.81586   4.681564 1.3489e-02    26.2763    26.2719 2.8151e-01    106.855          1      30502    1517.50 2.0870e+03  55024.264   1270.895 1570378837      -0.25     -0.672   39.80664  -71.47042    36.3326  1026.7515    26.2869    17.5108 0.0000e+00
    105.000    17.6694    36.1691  1026.7139     1.9098     3.7715     70.400    0.00164    5.35728    5.34965 -9.990e-29 -9.990e-29    9.80064   4.697824 1.4643e-02    26.2539    26.2495 3.0509e-01    105.829          1      30571    1517.91 2.0833e+03  55033.174   1273.730 1570378840       0.11     -0.286   39.80666  -71.47042    36.3486  1026.7246    26.2647    17.6514 0.0000e+00
    104.000    17.7457    36.1847  1026.7025     1.9120     3.7682     70.420    0.00082    5.35109    5.34340      8.178    -0.0180    9.79022   4.707265 1.5735e-02    26.2471    26.2427 3.3008e-01    104.827          1      30635    1518.14 2.0977e+03  55047.589   1276.423 1570378842       0.07     -0.341   39.80667  -71.47043    36.3627  1026.7121    26.2567    17.7278 0.0000e+00
    103.000    17.7864    36.1955  1026.6962     1.9147     3.7688     70.575    0.00133    5.34007    5.33229      8.179    -0.0274    9.77174   4.712765 1.6930e-02    26.2453    26.2409 3.5352e-01    103.811          1      30706    1518.25 2.0881e+03  55058.185   1279.379 1570378845      -0.56     -0.403   39.80668  -71.47044    36.3743  1026.7064    26.2555    17.7687 0.0000e+00
