CalculateIndicators/WaterTemperature/Data/CTD_NYOS/NYOS1910_C01.cnv
* Sea-Bird SBE 9 Data File:
* FileName = C:\Seabird 9 CTD\Data\2019\201910_offhore\NYOS1910_C01.hex
* Software Version Seasave V 7.23.2
* Temperature SN = 4590
* Conductivity SN = 3228
* Number of Bytes Per Scan = 44
* Number of Voltage Words = 5
* Number of Scans Averaged by the Deck Unit = 1
* NMEA Latitude = 40 57.65 N
* NMEA Longitude = 071 53.92 W
* NMEA UTC (Time) = Oct 05 2019  23:33:10
* NMEA baud rate = 4800
** Ship: sw
** Station: 1.15
** Operator: Sarah
# nquan = 35
# nvalues = 48                          
# units = specified
# name 0 = depSM: Depth [salt water, m]
# name 1 = t090C: Temperature [ITS-90, deg C]
# name 2 = sal00: Salinity, Practical [PSU]
# name 3 = density00: Density [density, kg/m^3]
# name 4 = sbeox0V: Oxygen raw, SBE 43 [V]
# name 5 = sbeox0ML/L: Oxygen, SBE 43 [ml/l]
# name 6 = sbeox0PS: Oxygen, SBE 43 [% saturation]
# name 7 = sbox0dV/dT: Oxygen, SBE 43 [dov/dt]
# name 8 = oxsolML/L: Oxygen Saturation, Garcia & Gordon [ml/l]
# name 9 = oxsatML/L: Oxygen Saturation, Weiss [ml/l]
# name 10 = ph: pH
# name 11 = flECO-AFL: Fluorescence, WET Labs ECO-AFL/FL [mg/m^3]
# name 12 = n2satML/L: Nitrogen Saturation [ml/l]
# name 13 = c0S/m: Conductivity [S/m]
# name 14 = cpar: CPAR/Corrected Irradiance [%]
# name 15 = sigma-é00: Density [sigma-theta, kg/m^3]
# name 16 = sigma-t00: Density [sigma-t, kg/m^3 ]
# name 17 = par: PAR/Irradiance, Biospherical/Licor
# name 18 = prDM: Pressure, Digiquartz [db]
# name 19 = pumps: Pump Status
# name 20 = scan: Scan Count
# name 21 = svCM: Sound Velocity [Chen-Millero, m/s]
# name 22 = spar: SPAR, Biospherical/Licor
# name 23 = specc: Specific Conductance [uS/cm]
# name 24 = timeS: Time, Elapsed [seconds]
# name 25 = timeY: Time, System [seconds]
# name 26 = accM: Acceleration [m/s^2]
# name 27 = dz/dtM: Descent Rate [m/s]
# name 28 = latitude: Latitude [deg]
# name 29 = longitude: Longitude [deg]
# name 30 = gsw_saA0: Absolute Salinity [g/kg]
# name 31 = gsw_densityA0: density, TEOS-10 [density, kg/m^3]
# name 32 = gsw_sigma0A0: density, TEOS-10 [sigma-0, kg/m^3 ]
# name 33 = gsw_ptA0: potential temperature [ITS-90, deg C]
# name 34 = flag: flag
# span 0 =      1.000,     25.000       
# span 1 =    17.5410,    17.9596       
# span 2 =    31.6557,    31.9528       
# span 3 =  1022.8156,  1023.0802       
# span 4 =     2.3841,     2.4714       
# span 5 =     5.0626,     5.7981       
# span 6 =     92.042,     97.731       
# span 7 =   -0.01612,    0.01673       
# span 8 =    5.47471,    6.12485       
# span 9 =    5.46626,    6.11606       
# span 10 =      8.091,      8.155      
# span 11 =     0.5282,     1.5470      
# span 12 =   10.03950,   11.28796      
# span 13 =   4.158540,   4.228209      
# span 14 = -6.888e+03, 9.9999e+04      
# span 15 =    22.8085,    22.9699      
# span 16 =    22.8084,    22.9689      
# span 17 = -1.770e-03, 3.1874e-01      
# span 18 =      1.006,     25.192      
# span 19 =          1,          1      
# span 20 =        436,       9496      
# span 21 =    1510.81,    1512.49      
# span 22 = -9.194e-03, 4.5749e+00      
# span 23 =  48809.511,  49202.493      
# span 24 =     18.139,    395.629      
# span 25 = 1570318408, 1570318785      
# span 26 =      -0.23,       0.24      
# span 27 =     -0.782,      0.766      
# span 28 =   40.96046,   40.96081      
# span 29 =  -71.90021,  -71.89878      
# span 30 =    31.8057,    32.1073      
# span 31 =  1022.8214,  1023.0884      
# span 32 =    22.8144,    22.9782      
# span 33 =    17.5395,    17.9567      
# span 34 = 0.0000e+00, 0.0000e+00      
# interval = meters: 1                  
# start_time = Oct 05 2019 23:33:10 [System UTC, first data scan.]
# bad_flag = -9.990e-29
*END*
[from data line 42]
      6.000    17.5796    31.6892  1022.8655     2.4095     5.2123     94.382    0.00592    5.52252    5.51438 -9.990e-29     0.7252   10.12203   4.161208 6.5545e+04    22.8390    22.8388 1.0000e-12      6.048          1       6767    1510.88 1.2529e+00  48859.112    281.903 1570318672       0.05     -0.500   40.96056  -71.89981    31.8393  1022.8714    22.8449    17.5786 0.0000e+00
      5.000    17.5896    31.6728  1022.8462     2.4197     5.2298     94.704    0.00406    5.52221    5.51406      8.097     0.8103   10.12163   4.160235 1.2994e+03    22.8241    22.8239 1.0000e-12      5.040          1       6825    1510.88 3.8960e+00  48835.398    284.327 1570318674       0.02     -0.413   40.96056  -71.89982    31.8235  1022.8525    22.8304    17.5888 0.0000e+00
      4.000    17.5990    31.6558  1022.8264     2.4271     5.2414     94.911    0.00254    5.52245    5.51430      8.097     0.7177   10.12201   4.159053 2.5320e-11    22.8088    22.8086 1.0000e-12      4.028          1       6887    1510.87 3.9495e+00  48810.736    286.909 1570318677      -0.06     -0.381   40.96056  -71.89982    31.8064  1022.8328    22.8151    17.5983 0.0000e+00
      3.000    17.5970    31.6599  1022.8256     2.4278     5.2341     94.776    0.00070    5.52255    5.51440      8.097     0.7292   10.12216   4.159305 -9.990e-29    22.8124    22.8123 1.0000e-12      3.025          1       6927    1510.85 -9.990e-29  48816.120    288.596 1570318678      -0.07     -0.586   40.96056  -71.89983    31.8105  1022.8319    22.8187    17.5965 0.0000e+00
      2.000    17.5952    31.6585  1022.8205     2.4273     5.2278     94.665   -0.00028    5.52241    5.51427      8.099     0.7352   10.12190   4.158915 -9.990e-29    22.8117    22.8116 2.4178e-04      2.019          1       6973    1510.83 0.0000e+00  48813.682    290.516 1570318680       0.07     -0.532   40.96056  -71.89984    31.8089  1022.8267    22.8178    17.5949 0.0000e+00
      1.000    17.5936    31.6574  1022.8156     2.4260     5.7981     94.642   -0.00106    6.12485    6.11606      8.106     1.5470   11.28796   4.158540 6.9390e+00    22.8112    22.8111 3.1874e-01      1.006          1       9496    1510.81 4.5749e+00  48811.897    395.629 1570318785      -0.19     -0.174   40.96046  -71.90021    31.8074  1022.8214    22.8170    17.5934 0.0000e+00
