CalculateIndicators/WaterTemperature/Data/CTD_NYOS/NYOS2006_C09.cnv
* Sea-Bird SBE19plus Data File:
* FileName = C:\Users\radar\Desktop\NYOS.2006\NYOS2006.ctd\NYOS2006_C09.hex
* Software Version 1.59
* Temperature SN =  4675
* Conductivity SN =  4675
* System UpLoad Time = Sep 27 2009 05:41:08
* NMEA Latitude = 40 40.5402 N
* NMEA Longitude = 072 48.7463 W
# nquan = 15
# nvalues = 46                          
# units = specified
# name 0 = depSM: Depth [salt water, m]
# name 1 = tv290C: Temperature [ITS-90, deg C]
# name 2 = sal00: Salinity, Practical [PSU]
# name 3 = density00: Density [density, kg/m^3]
# name 4 = c0S/m: Conductivity [S/m]
# name 5 = sigma-�00: Density [sigma-theta, kg/m^3]
# name 6 = sigma-t00: Density [sigma-t, kg/m^3 ]
# name 7 = prdM: Pressure, Strain Gauge [db]
# name 8 = scan: Scan Count
# name 9 = svCM: Sound Velocity [Chen-Millero, m/s]
# name 10 = specc: Specific Conductance [uS/cm]
# name 11 = timeS: Time, Elapsed [seconds]
# name 12 = accM: Acceleration [m/s^2]
# name 13 = dz/dtM: Descent Rate [m/s]
# name 14 = flag: flag
# span 0 =      1.000,     24.000       
# span 1 =    10.7532,    14.7394       
# span 2 =    31.1546,    31.7439       
# span 3 =  1023.1886,  1024.3575       
# span 4 =   3.542307,   3.860247       
# span 5 =    23.1659,    24.2491       
# span 6 =    23.1657,    24.2487       
# span 7 =      0.999,     24.151       
# span 8 =        757,       1097       
# span 9 =    1488.71,    1501.57       
# span 10 =  48405.390,  49673.834      
# span 11 =    188.922,    274.084      
# span 12 =      -0.27,       0.37      
# span 13 =     -0.735,      0.746      
# span 14 = 0.0000e+00, 0.0000e+00      
# interval = meters: 1                  
# start_time = Jun 08 2020 12:28:47 [Instrument's time stamp, header]
# bad_flag = -9.990e-29
*END*
      2.000    14.7394    31.3041  1023.1886   3.860067    23.1786    23.1785      2.009        757    1501.57  48562.655    188.922       0.20      0.508 0.0000e+00
      3.000    14.7138    31.3047  1023.1990   3.857820    23.1858    23.1857      3.016        764    1501.51  48569.215    190.772      -0.03      0.549 0.0000e+00
      4.000    14.6761    31.2982  1023.2065   3.853576    23.1880    23.1879      4.027        771    1501.40  48562.930    192.529       0.10      0.561 0.0000e+00
      5.000    14.5871    31.2844  1023.2196   3.843120    23.1989    23.1988      5.028        778    1501.10  48558.636    194.343      -0.06      0.566 0.0000e+00
      6.000    14.2369    31.1546  1023.2006   3.791555    23.1659    23.1657      6.024        786    1499.75  48405.390    196.189       0.05      0.521 0.0000e+00
      7.000    13.0715    31.2103  1023.4730   3.696712    23.4502    23.4500      7.045        792    1496.10  48636.285    197.729      -0.00      0.660 0.0000e+00
      8.000    12.0933    31.3615  1023.7857   3.623308    23.7376    23.7374      8.040        799    1492.90  48950.522    199.498       0.03      0.535 0.0000e+00
      9.000    11.2464    31.4711  1024.0246   3.563400    23.9846    23.9844      9.047        806    1490.17  49245.461    201.255      -0.07      0.574 0.0000e+00
     10.000    10.8968    31.5848  1024.1798   3.545846    24.1397    24.1395     10.062        813    1489.08  49472.251    202.918       0.18      0.585 0.0000e+00
     11.000    10.8328    31.6026  1024.2101   3.542983    24.1608    24.1605     11.058        820    1488.87  49501.674    204.644      -0.10      0.605 0.0000e+00
     12.000    10.8178    31.6012  1024.2165   3.542307    24.1614    24.1611     12.063        826    1488.83  49500.865    206.169       0.17      0.624 0.0000e+00
     13.000    10.7991    31.6083  1024.2295   3.542350    24.1704    24.1702     13.077        832    1488.79  49515.204    207.647      -0.08      0.713 0.0000e+00
     14.000    10.8059    31.6146  1024.2380   3.544323    24.1749    24.1747     14.072        840    1488.83  49524.913    209.723      -0.09      0.461 0.0000e+00
     15.000    10.7937    31.6020  1024.2349   3.542373    24.1651    24.1648     15.066        846    1488.79  49505.761    211.230       0.37      0.534 0.0000e+00
     16.000    10.7766    31.6271  1024.2617   3.544050    24.1895    24.1892     16.101        851    1488.78  49548.085    212.570      -0.10      0.746 0.0000e+00
     17.000    10.7906    31.6433  1024.2766   3.547414    24.1994    24.1991     17.084        861    1488.87  49568.723    214.879       0.09      0.355 0.0000e+00
     18.000    10.8083    31.6524  1024.2853   3.550061    24.2037    24.2033     18.107        867    1488.95  49579.523    216.408       0.14      0.637 0.0000e+00
     19.000    10.7926    31.6601  1024.2985   3.549642    24.2116    24.2113     19.104        873    1488.93  49592.090    218.097      -0.06      0.600 0.0000e+00
     20.000    10.7615    31.6864  1024.3288   3.549789    24.2383    24.2379     20.114        881    1488.87  49636.671    219.993      -0.06      0.533 0.0000e+00
     21.000    10.7547    31.6958  1024.3419   3.550327    24.2467    24.2463     21.106        889    1488.87  49651.379    222.068       0.02      0.475 0.0000e+00
     22.000    10.7558    31.6994  1024.3490   3.550900    24.2491    24.2487     22.129        896    1488.89  49656.492    223.651       0.04      0.634 0.0000e+00
     23.000    10.7564    31.6984  1024.3527   3.550976    24.2482    24.2477     23.122        903    1488.91  49655.437    225.558      -0.03      0.509 0.0000e+00
     24.000    10.7532    31.6981  1024.3575   3.550856    24.2487    24.2482     24.151        921    1488.91  49656.485    230.102      -0.05      0.168 0.0000e+00
     23.000    10.7550    31.6975  1024.3522   3.550979    24.2477    24.2472     23.129        938    1488.90  49654.243    234.232      -0.00     -0.563 0.0000e+00
     22.000    10.7558    31.6979  1024.3479   3.551061    24.2482    24.2477     22.120        945    1488.89  49654.679    236.021      -0.08     -0.548 0.0000e+00
     21.000    10.7548    31.6965  1024.3424   3.550817    24.2472    24.2467     21.125        954    1488.87  49652.201    238.151       0.08     -0.456 0.0000e+00
     20.000    10.7577    31.6941  1024.3355   3.550767    24.2447    24.2443     20.108        960    1488.86  49647.603    239.680      -0.27     -0.634 0.0000e+00
     19.000    10.7584    31.6899  1024.3275   3.550391    24.2413    24.2409     19.103        966    1488.84  49640.938    241.371       0.12     -0.622 0.0000e+00
     18.000    10.7654    31.6805  1024.3145   3.550029    24.2327    24.2323     18.105        975    1488.84  49625.869    243.577      -0.01     -0.445 0.0000e+00
     17.000    10.7681    31.6775  1024.3071   3.549896    24.2302    24.2299     17.095        982    1488.83  49621.256    245.207      -0.22     -0.570 0.0000e+00
     16.000    10.7748    31.6503  1024.2803   3.547552    24.2080    24.2077     16.078        987    1488.80  49581.401    246.624       0.04     -0.735 0.0000e+00
     15.000    10.7723    31.6156  1024.2490   3.543987    24.1805    24.1802     15.090        996    1488.73  49530.650    248.706       0.04     -0.447 0.0000e+00
     14.000    10.7806    31.6081  1024.2372   3.543969    24.1734    24.1732     14.087       1002    1488.74  49518.446    250.326      -0.10     -0.612 0.0000e+00
     13.000    10.7908    31.6053  1024.2288   3.544463    24.1698    24.1695     13.064       1008    1488.75  49512.773    251.743      -0.00     -0.710 0.0000e+00
     12.000    10.7899    31.5975  1024.2182   3.543563    24.1638    24.1636     12.071       1015    1488.72  49501.393    253.516       0.05     -0.559 0.0000e+00
     11.000    10.7912    31.5964  1024.2126   3.543567    24.1628    24.1626     11.055       1022    1488.71  49499.017    255.197       0.03     -0.607 0.0000e+00
     10.000    10.8028    31.5951  1024.2051   3.544474    24.1597    24.1595     10.057       1030    1488.73  49494.566    257.239      -0.03     -0.462 0.0000e+00
      9.000    10.8258    31.6058  1024.2045   3.548138    24.1617    24.1615      9.058       1039    1488.82  49501.307    259.394       0.09     -0.455 0.0000e+00
      8.000    11.0444    31.7439  1024.2672   3.584952    24.2385    24.2384      8.026       1046    1489.78  49673.834    261.325      -0.26     -0.549 0.0000e+00
      7.000    11.8924    31.6948  1024.0755   3.654232    24.0416    24.0414      7.049       1055    1492.61  49460.267    263.453       0.12     -0.472 0.0000e+00
      6.000    12.6733    31.6672  1023.9014   3.723582    23.8769    23.8768      6.035       1062    1495.25  49320.279    265.246       0.00     -0.569 0.0000e+00
      5.000    13.6231    31.5448  1023.6178   3.794801    23.5939    23.5939      5.026       1069    1498.25  49022.709    267.014      -0.03     -0.567 0.0000e+00
      4.000    14.3274    31.3883  1023.3501   3.839032    23.3299    23.3298      4.030       1077    1500.35  48724.864    268.909       0.06     -0.528 0.0000e+00
      3.000    14.5252    31.3360  1023.2630   3.850299    23.2491    23.2490      3.006       1083    1500.93  48631.235    270.412      -0.17     -0.643 0.0000e+00
      2.000    14.6508    31.3121  1023.2135   3.857742    23.2042    23.2042      2.014       1091    1501.29  48584.576    272.380       0.13     -0.512 0.0000e+00
      1.000    14.7004    31.3039  1023.1923   3.860247    23.1871    23.1870      0.999       1097    1501.43  48566.801    274.084      -0.05     -0.605 0.0000e+00
