CalculateIndicators/WaterTemperature/Data/CTD_NYOS/NYOS1910_C03.cnv
* Sea-Bird SBE 9 Data File:
* FileName = C:\Seabird 9 CTD\Data\2019\201910_offhore\NYOS1910_C03.hex
* Software Version Seasave V 7.23.2
* Temperature SN = 4590
* Conductivity SN = 3228
* Number of Bytes Per Scan = 44
* Number of Voltage Words = 5
* Number of Scans Averaged by the Deck Unit = 1
* NMEA Latitude = 40 23.88 N
* NMEA Longitude = 071 41.39 W
* NMEA UTC (Time) = Oct 06 2019  09:08:14
* NMEA baud rate = 4800
** Ship: sw
** Station: 1.3
** Operator: Sarah
# nquan = 35
# nvalues = 143                         
# units = specified
# name 0 = depSM: Depth [salt water, m]
# name 1 = t090C: Temperature [ITS-90, deg C]
# name 2 = sal00: Salinity, Practical [PSU]
# name 3 = density00: Density [density, kg/m^3]
# name 4 = sbeox0V: Oxygen raw, SBE 43 [V]
# name 5 = sbeox0ML/L: Oxygen, SBE 43 [ml/l]
# name 6 = sbeox0PS: Oxygen, SBE 43 [% saturation]
# name 7 = sbox0dV/dT: Oxygen, SBE 43 [dov/dt]
# name 8 = oxsolML/L: Oxygen Saturation, Garcia & Gordon [ml/l]
# name 9 = oxsatML/L: Oxygen Saturation, Weiss [ml/l]
# name 10 = ph: pH
# name 11 = flECO-AFL: Fluorescence, WET Labs ECO-AFL/FL [mg/m^3]
# name 12 = n2satML/L: Nitrogen Saturation [ml/l]
# name 13 = c0S/m: Conductivity [S/m]
# name 14 = cpar: CPAR/Corrected Irradiance [%]
# name 15 = sigma-é00: Density [sigma-theta, kg/m^3]
# name 16 = sigma-t00: Density [sigma-t, kg/m^3 ]
# name 17 = par: PAR/Irradiance, Biospherical/Licor
# name 18 = prDM: Pressure, Digiquartz [db]
# name 19 = pumps: Pump Status
# name 20 = scan: Scan Count
# name 21 = svCM: Sound Velocity [Chen-Millero, m/s]
# name 22 = spar: SPAR, Biospherical/Licor
# name 23 = specc: Specific Conductance [uS/cm]
# name 24 = timeS: Time, Elapsed [seconds]
# name 25 = timeY: Time, System [seconds]
# name 26 = accM: Acceleration [m/s^2]
# name 27 = dz/dtM: Descent Rate [m/s]
# name 28 = latitude: Latitude [deg]
# name 29 = longitude: Longitude [deg]
# name 30 = gsw_saA0: Absolute Salinity [g/kg]
# name 31 = gsw_densityA0: density, TEOS-10 [density, kg/m^3]
# name 32 = gsw_sigma0A0: density, TEOS-10 [sigma-0, kg/m^3 ]
# name 33 = gsw_ptA0: potential temperature [ITS-90, deg C]
# name 34 = flag: flag
# span 0 =      2.000,     73.000       
# span 1 =    10.0333,    21.4215       
# span 2 =    33.2097,    35.0351       
# span 3 =  1023.7768,  1026.5648       
# span 4 =     1.6624,     2.5184       
# span 5 =     3.4286,     5.2764       
# span 6 =     57.965,     99.719       
# span 7 =   -0.03516,    0.02351       
# span 8 =    5.04117,    6.37931       
# span 9 =    5.03054,    6.38198       
# span 10 =      7.996,      8.295      
# span 11 =     0.0295,     0.2664      
# span 12 =    9.28769,   11.52593      
# span 13 =   3.635029,   4.942609      
# span 14 = -3.106e+04, 9.9999e+04      
# span 15 =    23.7640,    26.2384      
# span 16 =    23.7637,    26.2365      
# span 17 = 1.0000e-12, 7.3324e-02      
# span 18 =      2.021,     73.569      
# span 19 =          1,          1      
# span 20 =        885,      15781      
# span 21 =    1488.78,    1525.96      
# span 22 = -7.200e-02, 5.1080e+00      
# span 23 =  51147.286,  53700.235      
# span 24 =     36.830,    657.489      
# span 25 = 1570352932, 1570353552      
# span 26 =      -0.29,       0.23      
# span 27 =     -0.751,      0.759      
# span 28 =   40.39808,   40.39872      
# span 29 =  -71.69093,  -71.68998      
# span 30 =    33.3245,    35.2078      
# span 31 =  1023.7824,  1026.5713      
# span 32 =    23.7680,    26.2503      
# span 33 =    10.0264,    21.4147      
# span 34 = 0.0000e+00, 0.0000e+00      
# interval = meters: 1                  
# start_time = Oct 06 2019 09:08:15 [System UTC, first data scan.]
# bad_flag = -9.990e-29
*END*
[from data line 125]
     19.000    19.2565    33.4466  1023.8531     2.5087     5.2251     98.654    0.00007    5.29635    5.28701 -9.990e-29     0.1278    9.72755   4.528785 2.5320e-11    23.7701    23.7692 1.0000e-12     19.146          1      13266    1517.97 3.9495e+00  51173.491    552.694 1570353448      -0.14     -0.456   40.39860  -71.69076    33.5952  1023.8511    23.7680    19.2531 0.0000e+00
     18.000    19.2515    33.4437  1023.8478     2.5075     5.2184     98.532   -0.00056    5.29617    5.28682 -9.990e-29     0.1294    9.72729   4.528120 2.6408e-11    23.7690    23.7682 1.0000e-12     18.142          1      13312    1517.93 3.9495e+00  51169.205    554.632 1570353450       0.10     -0.504   40.39860  -71.69076    33.5940  1023.8471    23.7683    19.2483 0.0000e+00
     17.000    19.2492    33.4417  1023.8424     2.5074     5.2209     98.572    0.00012    5.29650    5.28716 -9.990e-29     0.1294    9.72784   4.527928 2.5269e-11    23.7681    23.7673 1.0000e-12     17.129          1      13369    1517.91 3.9495e+00  51166.160    556.986 1570353452      -0.24     -0.385   40.39860  -71.69076    33.5946  1023.8437    23.7694    19.2462 0.0000e+00
     16.000    19.2428    33.4392  1023.8377     2.5074     5.2194     98.546   -0.00007    5.29645    5.28711 -9.990e-29     0.1337    9.72776   4.527088 2.5320e-11    23.7677    23.7670 1.0000e-12     16.127          1      13414    1517.87 3.9495e+00  51162.602    558.892 1570353454       0.10     -0.508   40.39860  -71.69076    33.5932  1023.8399    23.7699    19.2399 0.0000e+00
     15.000    19.2440    33.4399  1023.8335     2.5076     5.2211     98.568    0.00033    5.29689    5.28755 -9.990e-29     0.1308    9.72854   4.527417 2.5320e-11    23.7679    23.7672 1.0000e-12     15.114          1      13482    1517.86 3.9495e+00  51163.019    561.726 1570353457      -0.01     -0.339   40.39860  -71.69078    33.5953  1023.8368    23.7711    19.2413 0.0000e+00
     14.000    19.2420    33.4363  1023.8268     2.5079     5.2198     98.539   -0.00014    5.29714    5.28781      8.268     0.1212    9.72896   4.526821 2.6852e-11    23.7656    23.7650 1.0000e-12     14.109          1      13527    1517.83 3.9495e+00  51157.684    563.594 1570353459      -0.29     -0.531   40.39860  -71.69078    33.5923  1023.8306    23.7693    19.2395 0.0000e+00
     13.000    19.2388    33.4355  1023.8226     2.5065     5.2135     98.422   -0.00057    5.29715    5.28781      8.268     0.1298    9.72896   4.526428 2.5820e-11    23.7658    23.7652 1.0000e-12     13.103          1      13572    1517.80 3.9495e+00  51156.314    565.469 1570353460       0.13     -0.541   40.39860  -71.69078    33.5920  1023.8267    23.7698    19.2365 0.0000e+00
     12.000    19.2382    33.4348  1023.8179     2.5065     5.2162     98.473    0.00019    5.29712    5.28778      8.265     0.1422    9.72892   4.526308 1.7378e+04    23.7654    23.7648 1.0000e-12     12.093          1      13629    1517.79 3.1345e+00  51154.900    567.852 1570353463      -0.12     -0.427   40.39862  -71.69078    33.5919  1023.8224    23.7699    19.2360 0.0000e+00
     11.000    19.2378    33.4347  1023.8135     2.5067     5.2153     98.452   -0.00001    5.29735    5.28801 -9.990e-29     0.1406    9.72931   4.526270 4.9632e+04    23.7653    23.7648 1.0000e-12     11.084          1      13689    1517.77 1.9337e+00  51154.342    570.313 1570353465       0.08     -0.390   40.39862  -71.69078    33.5922  1023.8183    23.7702    19.2358 0.0000e+00
     10.000    19.2365    33.4341  1023.8089     2.5073     5.2187     98.513    0.00035    5.29745    5.28811      8.262     0.1376    9.72947   4.526049 6.0040e+04    23.7652    23.7647 1.0000e-12     10.083          1      13790    1517.75 1.4707e+00  51153.124    574.526 1570353469      -0.09     -0.490   40.39862  -71.69078    33.5918  1023.8139    23.7701    19.2347 0.0000e+00
      9.000    19.2323    33.4313  1023.8035     2.5074     5.2178     98.490    0.00032    5.29775    5.28841      8.259     0.1251    9.72999   4.525365 -7.142e+03    23.7641    23.7637 1.0000e-12      9.068          1      15289    1517.71 4.2448e+00  51149.136    637.020 1570353532      -0.14     -0.237   40.39868  -71.69088    33.5898  1023.8090    23.7697    19.2307 0.0000e+00
      8.000    19.2330    33.4316  1023.7991     2.5086     5.2210     98.552    0.00061    5.29773    5.28839      8.260     0.1224    9.72997   4.525407 2.5248e-11    23.7641    23.7637 1.0000e-12      8.059          1      15271    1517.70 3.9495e+00  51148.914    636.266 1570353531      -0.05     -0.512   40.39868  -71.69088    33.5900  1023.8046    23.7696    19.2315 0.0000e+00
      7.000    19.2335    33.4317  1023.7946     2.5081     5.2155     98.446   -0.00026    5.29780    5.28846      8.260     0.1301    9.73007   4.525426 2.5320e-11    23.7640    23.7637 1.0000e-12      7.054          1      15302    1517.69 3.9495e+00  51148.543    637.522 1570353533      -0.16     -0.667   40.39868  -71.69088    33.5901  1023.8001    23.7695    19.2322 0.0000e+00
      6.000    19.2328    33.4318  1023.7904     2.5063     5.2066     98.269   -0.00129    5.29825    5.28892      8.259     0.1347    9.73082   4.525328 2.5320e-11    23.7642    23.7639 1.0000e-12      6.049          1      15334    1517.67 3.9495e+00  51148.239    638.879 1570353534       0.02     -0.751   40.39869  -71.69088    33.5902  1023.7959    23.7696    19.2317 0.0000e+00
      5.000    19.2317    33.4320  1023.7865     2.5088     5.2240     98.590    0.00130    5.29870    5.28937      8.257     0.1322    9.73156   4.525194 2.5320e-11    23.7646    23.7644 1.0000e-12      5.039          1      15377    1517.65 3.9495e+00  51148.149    640.652 1570353536       0.12     -0.587   40.39870  -71.69089    33.5903  1023.7919    23.7700    19.2308 0.0000e+00
      4.000    19.2235    33.4334  1023.7852     2.5085     5.2155     98.428   -0.00035    5.29882    5.28949      8.255     0.1304    9.73175   4.524491 2.5320e-11    23.7677    23.7675 1.0000e-12      4.030          1      15424    1517.61 3.9495e+00  51150.050    642.634 1570353538      -0.06     -0.503   40.39870  -71.69090    33.5914  1023.7904    23.7729    19.2228 0.0000e+00
      3.000    19.2221    33.4337  1023.7813     2.5066     5.2079     98.284   -0.00091    5.29881    5.28948 -9.990e-29     0.1272    9.73173   4.524365 2.6204e-11    23.7682    23.7680 1.0000e-12      3.025          1      15470    1517.59 3.9495e+00  51149.990    644.531 1570353540       0.05     -0.533   40.39870  -71.69090    33.5919  1023.7867    23.7735    19.2216 0.0000e+00
      2.000    19.2210    33.4338  1023.7773     2.5090     5.2223     98.556    0.00099    5.29881    5.28949      8.257     0.1318    9.73175   4.524251 1.8565e+00    23.7686    23.7685 7.3324e-02      2.021          1      15781    1517.57 3.9495e+00  51149.830    657.489 1570353552      -0.09     -0.332   40.39872  -71.69093    33.5922  1023.7828    23.7740    19.2206 0.0000e+00
