CalculateIndicators/WaterTemperature/Data/CTD_NYOS/NYOS1910_C07.cnv
* Sea-Bird SBE 9 Data File:
* FileName = C:\Seabird 9 CTD\Data\2019\201910_offhore\NYOS1910_C07.hex
* Software Version Seasave V 7.23.2
* Temperature SN = 4590
* Conductivity SN = 3228
* Number of Bytes Per Scan = 44
* Number of Voltage Words = 5
* Number of Scans Averaged by the Deck Unit = 1
* NMEA Latitude = 39 59.53 N
* NMEA Longitude = 071 52.11 W
* NMEA UTC (Time) = Oct 06 2019  23:06:46
* NMEA baud rate = 4800
** Ship: seawolf
** Station: 2.4
** Operator: SW
# nquan = 35
# nvalues = 160                         
# units = specified
# name 0 = depSM: Depth [salt water, m]
# name 1 = t090C: Temperature [ITS-90, deg C]
# name 2 = sal00: Salinity, Practical [PSU]
# name 3 = density00: Density [density, kg/m^3]
# name 4 = sbeox0V: Oxygen raw, SBE 43 [V]
# name 5 = sbeox0ML/L: Oxygen, SBE 43 [ml/l]
# name 6 = sbeox0PS: Oxygen, SBE 43 [% saturation]
# name 7 = sbox0dV/dT: Oxygen, SBE 43 [dov/dt]
# name 8 = oxsolML/L: Oxygen Saturation, Garcia & Gordon [ml/l]
# name 9 = oxsatML/L: Oxygen Saturation, Weiss [ml/l]
# name 10 = ph: pH
# name 11 = flECO-AFL: Fluorescence, WET Labs ECO-AFL/FL [mg/m^3]
# name 12 = n2satML/L: Nitrogen Saturation [ml/l]
# name 13 = c0S/m: Conductivity [S/m]
# name 14 = cpar: CPAR/Corrected Irradiance [%]
# name 15 = sigma-é00: Density [sigma-theta, kg/m^3]
# name 16 = sigma-t00: Density [sigma-t, kg/m^3 ]
# name 17 = par: PAR/Irradiance, Biospherical/Licor
# name 18 = prDM: Pressure, Digiquartz [db]
# name 19 = pumps: Pump Status
# name 20 = scan: Scan Count
# name 21 = svCM: Sound Velocity [Chen-Millero, m/s]
# name 22 = spar: SPAR, Biospherical/Licor
# name 23 = specc: Specific Conductance [uS/cm]
# name 24 = timeS: Time, Elapsed [seconds]
# name 25 = timeY: Time, System [seconds]
# name 26 = accM: Acceleration [m/s^2]
# name 27 = dz/dtM: Descent Rate [m/s]
# name 28 = latitude: Latitude [deg]
# name 29 = longitude: Longitude [deg]
# name 30 = gsw_saA0: Absolute Salinity [g/kg]
# name 31 = gsw_densityA0: density, TEOS-10 [density, kg/m^3]
# name 32 = gsw_sigma0A0: density, TEOS-10 [sigma-0, kg/m^3 ]
# name 33 = gsw_ptA0: potential temperature [ITS-90, deg C]
# name 34 = flag: flag
# span 0 =      1.000,     81.000       
# span 1 =    16.1097,    22.6479       
# span 2 =    34.9276,    36.0496       
# span 3 =  1024.5108,  1026.6860       
# span 4 =     1.8497,     2.5104       
# span 5 =     3.6594,     4.9339       
# span 6 =     66.563,     98.405       
# span 7 =   -0.02243,    0.03161       
# span 8 =    4.91128,    5.52101       
# span 9 =    4.90012,    5.51487       
# span 10 =      8.137,      8.301      
# span 11 =     0.0172,     0.3334      
# span 12 =    9.06543,   10.07600      
# span 13 =   4.491707,   5.158692      
# span 14 = -1.643e+04, 1.1407e+05      
# span 15 =    24.4986,    26.3287      
# span 16 =    24.4976,    26.3257      
# span 17 = -4.642e-02, 4.5202e-02      
# span 18 =      1.069,     81.624      
# span 19 =          1,          1      
# span 20 =        -30,      18864      
# span 21 =    1512.39,    1530.00      
# span 22 = -7.276e-01, 4.5161e+00      
# span 23 =  53299.445,  54857.672      
# span 24 =     -1.312,    785.967      
# span 25 = 1570403206, 1570403992      
# span 26 =      -1.27,       1.12      
# span 27 =     -1.474,      1.449      
# span 28 =   39.99216,   39.99490      
# span 29 =  -71.86859,  -71.86490      
# span 30 =    35.0506,    36.2388      
# span 31 =  1024.5150,  1026.6951      
# span 32 =    24.4942,    26.3425      
# span 33 =    16.0967,    22.6399      
# span 34 = 0.0000e+00, 0.0000e+00      
# interval = meters: 1                  
# start_time = Oct 06 2019 23:06:47 [System UTC, first data scan.]
# bad_flag = -9.990e-29
*END*
[from data line 83]
     77.000    17.4421    36.0280  1026.5378     1.8967     3.7421     69.662    0.00318    5.37173    5.36417      8.150     0.0491    9.82620   4.658696 2.5320e-11    26.2001    26.1969 1.0000e-12     77.608          1       6623    1516.61 3.9495e+00  54846.023    275.911 1570403483      -1.27     -0.697   39.99324  -71.86732    36.2223  1026.5604    26.2228    17.4291 0.0000e+00
     76.000    17.5517    36.0395  1026.5153     1.8995     3.7565     69.859    0.00375    5.37728    5.36977      8.152     0.0519    9.83533   4.671091 2.5320e-11    26.1821    26.1790 1.0000e-12     76.628          1       6637    1516.93 3.9495e+00  54852.234    276.516 1570403484      -0.63     -1.340   39.99324  -71.86732    36.2328  1026.5372    26.2040    17.5387 0.0000e+00
     75.000    17.6904    36.0496  1026.4845     1.9112     3.7759     70.463    0.00447    5.35879    5.35110      8.151     0.0790    9.80478   4.685989 2.5320e-11    26.1560    26.1528 1.0000e-12     75.601          1       6752    1517.33 3.9495e+00  54853.711    281.274 1570403488      -0.35     -1.107   39.99326  -71.86730    36.2388  1026.5032    26.1746    17.6775 0.0000e+00
     74.000    17.7681    36.0335  1026.4485     1.9151     3.7852     70.658    0.00457    5.35703    5.34932 -9.990e-29     0.0806    9.80188   4.691657 2.5320e-11    26.1244    26.1212 1.0000e-12     74.605          1       6789    1517.53 3.9495e+00  54824.781    282.849 1570403490      -0.25     -1.357   39.99326  -71.86730    36.2191  1026.4647    26.1404    17.7553 0.0000e+00
     73.000    17.8791    36.0339  1026.4169     1.9212     3.7827     70.721    0.00223    5.34881    5.34101      8.153     0.0850    9.78836   4.702705 2.5320e-11    26.0973    26.0941 1.0000e-12     73.587          1       6893    1517.84 3.9495e+00  54815.979    287.165 1570403494      -0.02     -0.856   39.99328  -71.86728    36.2163  1026.4305    26.1109    17.8665 0.0000e+00
     72.000    17.9164    36.0245  1026.3960     1.9248     3.7860     70.807    0.00130    5.34695    5.33913 -9.990e-29 -9.990e-29    9.78537   4.704737 -9.990e-29    26.0808    26.0778 1.0000e-12     72.572          1       6955    1517.92 3.9495e+00  54799.814    289.749 1570403497       0.08     -0.594   39.99329  -71.86728    36.2011  1026.4052    26.0900    17.9040 0.0000e+00
     71.000    17.9133    35.9941  1026.3691     1.9295     3.8019     70.967    0.00062    5.35730    5.34956      8.156     0.0849    9.80313   4.700314 -9.990e-29    26.0582    26.0552 1.0000e-12     71.557          1       7062    1517.86 3.9495e+00  54758.288    294.207 1570403501      -0.13     -0.160   39.99330  -71.86726    36.1661  1026.3749    26.0640    17.9010 0.0000e+00
     70.000    17.8672    35.9672  1026.3555     1.9316     3.8115     71.112    0.00114    5.35980    5.35207      8.155     0.0902    9.80743   4.691877 2.5320e-11    26.0490    26.0460 1.0000e-12     70.548          1       7106    1517.67 3.9495e+00  54725.173    296.042 1570403503      -0.22     -0.595   39.99330  -71.86725    36.1344  1026.3578    26.0512    17.8551 0.0000e+00
     69.000    17.8252    35.9414  1026.3417     1.9325     3.8179     71.215    0.00123    5.36116    5.35344      8.154     0.0912    9.80972   4.684741 2.5320e-11    26.0395    26.0365 1.0000e-12     69.553          1       7140    1517.50 3.9495e+00  54692.714    297.449 1570403505      -0.05     -0.749   39.99331  -71.86724    36.1104  1026.3455    26.0433    17.8133 0.0000e+00
     68.000    17.8153    35.9324  1026.3328     1.9316     3.8280     70.938   -0.00094    5.39630    5.38887      8.156     0.1053    9.86941   4.682816 -9.990e-29    26.0350    26.0321 1.0000e-12     68.534          1       7249    1517.45 3.9495e+00  54680.869    301.989 1570403509      -0.81     -0.585   39.99332  -71.86722    36.1029  1026.3378    26.0399    17.8036 0.0000e+00
     67.000    17.8154    35.9308  1026.3272     1.9329     3.8299     71.006   -0.00089    5.39379    5.38634      8.152     0.1058    9.86499   4.682056 -9.990e-29    26.0339    26.0310 1.0000e-12     67.539          1       7271    1517.43 3.9495e+00  54678.940    302.930 1570403510      -0.16     -1.036   39.99332  -71.86722    36.0966  1026.3286    26.0351    17.8038 0.0000e+00
     66.000    17.5062    35.7801  1026.2834     1.9429     3.8701     71.983    0.00476    5.37631    5.36870      8.151     0.1225    9.83578   4.630973 2.5320e-11    25.9938    25.9910 1.0000e-12     66.519          1       7346    1516.33 3.9495e+00  54497.856    306.053 1570403513       0.07     -0.454   39.99333  -71.86721    35.9281  1026.2718    25.9822    17.4950 0.0000e+00
     65.000    17.5027    35.7861  1026.2843     1.9449     3.8742     71.865    0.00238    5.39089    5.38341 -9.990e-29 -9.990e-29    9.86042   4.633247 -9.990e-29    25.9992    25.9965 1.0000e-12     65.509          1       7411    1516.31 3.9495e+00  54506.292    308.766 1570403516      -0.84     -0.831   39.99334  -71.86720    35.9512  1026.2857    26.0006    17.4917 0.0000e+00
     64.000    17.5183    35.7903  1026.2793     1.9459     3.8721     71.855    0.00172    5.38873    5.38122 -9.990e-29     0.1067    9.85679   4.635697 -9.990e-29    25.9986    25.9959 1.0000e-12     64.517          1       7429    1516.35 3.9495e+00  54510.282    309.510 1570403517      -0.36     -1.268   39.99334  -71.86720    35.9591  1026.2835    26.0028    17.5075 0.0000e+00
     63.000    17.5550    35.7883  1026.2643     1.9498     3.8744     72.066    0.00222    5.37627    5.36864      8.152     0.1108    9.83609   4.639040 6.3636e+04    25.9880    25.9854 1.0000e-12     63.506          1       7486    1516.44 2.8999e+00  54503.824    311.859 1570403519      -0.05     -0.935   39.99335  -71.86719    35.9560  1026.2678    25.9914    17.5443 0.0000e+00
     62.000    17.6056    35.8017  1026.2578     1.9600     3.9004     72.835    0.00565    5.35508    5.34725      8.155     0.1309    9.80086   4.646706 6.0700e+02    25.9859    25.9833 1.0000e-12     62.494          1       7557    1516.58 3.9401e+00  54517.207    314.845 1570403522      -0.76     -0.917   39.99336  -71.86718    35.9781  1026.2678    25.9960    17.5950 0.0000e+00
     61.000    17.7784    35.8030  1026.2118     1.9677     3.9201     73.230    0.00591    5.35311    5.34527      8.157     0.1317    9.79761   4.664911 2.5320e-11    25.9445    25.9419 1.0000e-12     61.488          1       7590    1517.08 3.9495e+00  54504.779    316.228 1570403523       0.16     -0.858   39.99337  -71.86717    35.9833  1026.2248    25.9574    17.7679 0.0000e+00
     60.000    17.9190    35.8082  1026.1766     1.9787     3.9253     73.548    0.00372    5.33704    5.32906      8.159     0.1459    9.77056   4.679294 -9.990e-29    25.9138    25.9113 1.0000e-12     60.472          1       7657    1517.48 3.9495e+00  54500.056    318.984 1570403526      -0.13     -0.327   39.99338  -71.86716    35.9837  1026.1859    25.9231    17.9087 0.0000e+00
     59.000    17.9700    35.8226  1026.1706     1.9874     3.9201     73.907    0.00346    5.30408    5.29581      8.160     0.1387    9.71546   4.686855 9.3547e+04    25.9123    25.9097 1.0000e-12     59.459          1       7715    1517.62 1.0107e+00  54515.108    321.420 1570403529       0.00     -0.400   39.99338  -71.86714    36.0043  1026.1845    25.9262    17.9598 0.0000e+00
     58.000    18.1980    35.8771  1026.1511     1.9878     3.9387     73.789    0.00135    5.33778    5.32980      8.166     0.1413    9.77200   4.718018 -8.615e+02    25.8973    25.8948 1.0000e-12     58.468          1       7849    1518.33 3.7903e+00  54570.959    327.012 1570403534      -0.17     -0.727   39.99339  -71.86712    36.0716  1026.1745    25.9207    18.1878 0.0000e+00
     57.000    18.4421    35.9344  1026.1290     1.9936     3.9458     73.937    0.00010    5.33670    5.32865      8.171     0.1580    9.77169   4.750410 -1.669e+02    25.8800    25.8775 1.0000e-12     57.466          1       9242    1519.09 3.9664e+00  54630.400    385.035 1570403592      -0.34     -0.948   39.99358  -71.86683    36.1343  1026.1563    25.9071    18.4321 0.0000e+00
     56.000    18.6858    35.9442  1026.0703     2.0047     4.0270     74.739    0.00285    5.38809    5.38031      8.176     0.1919    9.86140   4.773679 -9.990e-29    25.8259    25.8233 1.0000e-12     56.433          1       9641    1519.78 3.9495e+00  54625.791    401.658 1570403609      -1.21     -0.726   39.99362  -71.86674    36.1190  1026.0784    25.8339    18.6759 0.0000e+00
     55.000    18.5067    35.7446  1025.9586     2.0242     4.1292     76.686    0.01388    5.38459    5.37681 -9.990e-29     0.2157    9.85503   4.721459 -9.990e-29    25.7177    25.7153 1.0000e-12     55.449          1       9647    1519.02 3.9495e+00  54364.968    401.915 1570403609      -0.79     -1.344   39.99362  -71.86674    35.8312  1025.9005    25.6600    18.4969 0.0000e+00
     54.000    18.0686    35.4779  1025.8598     2.0623     4.3049     80.012    0.03022    5.38038    5.37256      8.178     0.2220    9.84803   4.649859 2.5320e-11    25.6234    25.6211 1.0000e-12     54.441          1       9676    1517.43 3.9495e+00  54037.822    403.141 1570403610       0.18     -1.324   39.99363  -71.86674    35.6007  1025.8303    25.5937    18.0592 0.0000e+00
     53.000    17.7329    35.1971  1025.7234     2.1312     4.4351     82.666    0.02298    5.36509    5.35695      8.182     0.2809    9.82657   4.585139 2.5320e-11    25.4909    25.4887 1.0000e-12     53.406          1       9779    1516.12 3.9495e+00  53680.851    407.417 1570403615      -1.12     -0.663   39.99364  -71.86672    35.3365  1025.7076    25.4751    17.7238 0.0000e+00
     52.000    17.7319    35.1391  1025.6748     2.1498     4.5245     84.255    0.03046    5.36998    5.36189      8.186     0.2898    9.83465   4.580756 2.5320e-11    25.4469    25.4447 1.0000e-12     52.416          1       9790    1516.03 3.9495e+00  53602.706    407.882 1570403615      -0.75     -1.279   39.99364  -71.86672    35.2998  1025.6755    25.4473    17.7230 0.0000e+00
     51.000    17.8280    35.0317  1025.5645     2.1724     4.5964     85.485    0.03161    5.37690    5.36887      8.187     0.3119    9.84617   4.577748 2.5320e-11    25.3407    25.3385 1.0000e-12     51.422          1       9809    1516.18 3.9495e+00  53447.115    408.666 1570403616       0.06     -1.474   39.99364  -71.86672    35.1910  1025.5646    25.3408    17.8193 0.0000e+00
     50.000    18.2088    34.9835  1025.4289     2.2745     4.6184     89.688    0.02863    5.14947    5.13967      8.209     0.2827    9.46497   4.615364 4.6252e+03    25.2098    25.2076 1.0000e-12     50.380          1       9933    1517.21 3.7668e+00  53352.400    413.852 1570403621      -0.23     -0.578   39.99366  -71.86670    35.1860  1025.4619    25.2429    18.2001 0.0000e+00
     49.000    18.8836    35.1662  1025.3938     2.2989     4.6965     91.119    0.03137    5.15420    5.14443      8.219     0.2869    9.47317   4.714478 -6.717e+01    25.1794    25.1771 1.0000e-12     49.379          1       9954    1519.34 3.9522e+00  53551.918    414.712 1570403622      -0.50     -0.938   39.99366  -71.86669    35.4488  1025.4870    25.2730    18.8748 0.0000e+00
     48.000    19.4874    35.1943  1025.2554     2.3078     4.7037     91.070    0.02493    5.16496    5.15526      8.224     0.2988    9.49101   4.774622 2.5320e-11    25.0462    25.0440 1.0000e-12     48.393          1       9971    1521.07 3.9495e+00  53553.632    415.407 1570403623      -0.35     -1.275   39.99366  -71.86668    35.4382  1025.3190    25.1098    19.4786 0.0000e+00
     47.000    20.1374    35.3149  1025.1724     2.3295     4.6412     90.811    0.00979    5.11102    5.10097      8.228     0.3086    9.40039   4.854929 2.5320e-11    24.9681    24.9658 1.0000e-12     47.380          1      10044    1523.00 3.9495e+00  53678.846    418.462 1570403626      -0.34     -0.826   39.99367  -71.86667    35.5531  1025.2309    25.0265    20.1286 0.0000e+00
     46.000    20.4005    35.3509  1025.1250     2.3463     4.6492     91.490    0.00864    5.08170    5.07146      8.234     0.3322    9.35122   4.883423 2.5320e-11    24.9254    24.9231 1.0000e-12     46.369          1      10095    1523.74 3.9495e+00  53713.857    420.574 1570403628      -0.40     -1.031   39.99368  -71.86666    35.5653  1025.1653    24.9655    20.3918 0.0000e+00
     45.000    20.7263    35.4107  1025.0784     2.3585     4.6489     91.947    0.00744    5.05647    5.04609      8.239     0.3207    9.30875   4.923976 2.5320e-11    24.8831    24.8808 1.0000e-12     45.358          1      10142    1524.68 3.9495e+00  53776.392    422.532 1570403630       0.15     -0.777   39.99368  -71.86666    35.6226  1025.1164    24.9212    20.7177 0.0000e+00
     44.000    20.9018    35.4501  1025.0564     2.4027     4.6981     95.027    0.02299    4.94383    4.93282      8.247     0.2644    9.12002   4.944979 2.5320e-11    24.8656    24.8633 1.0000e-12     44.334          1      10232    1525.18 3.9495e+00  53820.784    426.287 1570403633      -0.91     -0.493   39.99370  -71.86664    35.6464  1025.0823    24.8916    20.8934 0.0000e+00
     43.000    21.0555    35.4930  1025.0427     2.4171     4.7416     95.941    0.02603    4.94218    4.93116      8.254     0.2567    9.11730   4.969897 2.5320e-11    24.8563    24.8540 1.0000e-12     43.346          1      10247    1525.63 3.9495e+00  53870.489    426.925 1570403634      -0.63     -1.090   39.99370  -71.86664    35.7196  1025.0913    24.9050    21.0472 0.0000e+00
     42.000    21.9531    35.6209  1024.8856     2.4363     4.7591     96.273    0.01750    4.94330    4.93229      8.261     0.2535    9.11912   5.080363 2.5320e-11    24.7043    24.7020 1.0000e-12     42.338          1      10280    1528.12 3.9495e+00  54005.761    428.291 1570403636       0.25     -0.909   39.99370  -71.86663    35.8558  1024.9398    24.7584    21.9447 0.0000e+00
     41.000    22.3957    35.6740  1024.7974     2.4673     4.7615     96.852    0.00541    4.91629    4.90516      8.274     0.2205    9.07387   5.129291 3.7956e+04    24.6205    24.6182 1.0000e-12     41.304          1      10393    1529.33 3.8303e+00  54057.733    433.018 1570403640      -1.09     -0.159   39.99372  -71.86660    35.8777  1024.8274    24.6507    22.3874 0.0000e+00
     40.000    22.5435    35.7183  1024.7844     2.4709     4.7730     97.177    0.00759    4.91166    4.90051      8.276     0.2176    9.06609   5.152012 9.6642e+04    24.6122    24.6099 1.0000e-12     40.322          1      10408    1529.74 1.6850e-01  54114.555    433.636 1570403641      -1.17     -1.046   39.99372  -71.86660    35.9346  1024.8238    24.6514    22.5354 0.0000e+00
     39.000    22.6221    35.7014  1024.7447     2.4738     4.7696     97.115    0.00465    4.91128    4.90012      8.276     0.2257    9.06543   5.154762 7.1859e+04    24.5767    24.5745 1.0000e-12     39.334          1      10546    1529.91 1.3624e+00  54087.618    439.370 1570403647      -0.20     -1.329   39.99374  -71.86658    35.8917  1024.7646    24.5965    22.6142 0.0000e+00
     38.000    22.5615    35.6639  1024.7292     2.4762     4.7740     97.003    0.00132    4.92147    4.91035      8.294     0.2302    9.08274   5.140369 3.4086e+04    24.5654    24.5632 1.0000e-12     38.325          1      11756    1529.69 2.8158e+00  54038.053    489.797 1570403697       0.02     -1.059   39.99392  -71.86635    35.8291  1024.7303    24.5664    22.5538 0.0000e+00
     37.000    22.4497    35.6137  1024.7186     2.4753     4.7868     96.816   -0.00025    4.94420    4.93316      8.297     0.2285    9.12158   5.122194 -6.296e+03    24.5591    24.5570 1.0000e-12     37.275          1      12368    1529.33 4.0329e+00  53974.146    515.293 1570403723      -0.18     -0.006   39.99401  -71.86622    35.7787  1024.7197    24.5602    22.4422 0.0000e+00
