CalculateIndicators/WaterTemperature/Data/CTD_NYOS/NYOS190727_6_3.cnv
* Sea-Bird SBE 9 Data File:
* FileName = C:\Seabird 9 CTD\Data\2019\201907_offshore\NYOS190727_6_3.hex
* Software Version Seasave V 7.23.2
* Temperature SN = 4590
* Conductivity SN = 3228
* Number of Bytes Per Scan = 44
* Number of Voltage Words = 5
* Number of Scans Averaged by the Deck Unit = 1
* NMEA Latitude = 39 49.42 N
* NMEA Longitude = 073 11.87 W
* NMEA UTC (Time) = Jul 28 2019  00:59:57
* NMEA baud rate = 4800
** Ship: Seawolf
** Station: 6.3
** Operator: lis
# nquan = 35
# nvalues = 81                          
# units = specified
# name 0 = depSM: Depth [salt water, m]
# name 1 = t090C: Temperature [ITS-90, deg C]
# name 2 = sal00: Salinity, Practical [PSU]
# name 3 = density00: Density [density, kg/m^3]
# name 4 = sbeox0V: Oxygen raw, SBE 43 [V]
# name 5 = sbeox0ML/L: Oxygen, SBE 43 [ml/l]
# name 6 = sbeox0PS: Oxygen, SBE 43 [% saturation]
# name 7 = sbox0dV/dT: Oxygen, SBE 43 [dov/dt]
# name 8 = oxsolML/L: Oxygen Saturation, Garcia & Gordon [ml/l]
# name 9 = oxsatML/L: Oxygen Saturation, Weiss [ml/l]
# name 10 = ph: pH
# name 11 = flECO-AFL: Fluorescence, WET Labs ECO-AFL/FL [mg/m^3]
# name 12 = n2satML/L: Nitrogen Saturation [ml/l]
# name 13 = c0S/m: Conductivity [S/m]
# name 14 = cpar: CPAR/Corrected Irradiance [%]
# name 15 = sigma-é00: Density [sigma-theta, kg/m^3]
# name 16 = sigma-t00: Density [sigma-t, kg/m^3 ]
# name 17 = par: PAR/Irradiance, Biospherical/Licor
# name 18 = prDM: Pressure, Digiquartz [db]
# name 19 = pumps: Pump Status
# name 20 = scan: Scan Count
# name 21 = svCM: Sound Velocity [Chen-Millero, m/s]
# name 22 = spar: SPAR, Biospherical/Licor
# name 23 = specc: Specific Conductance [uS/cm]
# name 24 = timeS: Time, Elapsed [seconds]
# name 25 = timeY: Time, System [seconds]
# name 26 = accM: Acceleration [m/s^2]
# name 27 = dz/dtM: Descent Rate [m/s]
# name 28 = latitude: Latitude [deg]
# name 29 = longitude: Longitude [deg]
# name 30 = gsw_saA0: Absolute Salinity [g/kg]
# name 31 = gsw_densityA0: density, TEOS-10 [density, kg/m^3]
# name 32 = gsw_sigma0A0: density, TEOS-10 [sigma-0, kg/m^3 ]
# name 33 = gsw_ptA0: potential temperature [ITS-90, deg C]
# name 34 = flag: flag
# span 0 =      2.000,     42.000       
# span 1 =     7.8299,    24.5363       
# span 2 =    31.0624,    32.5968       
# span 3 =  1020.5356,  1025.5103       
# span 4 =     1.7843,     2.7416       
# span 5 =     4.3314,     7.3134       
# span 6 =     64.335,    115.871       
# span 7 =   -0.09573,    0.13542       
# span 8 =    4.88411,    6.73665       
# span 9 =    4.87182,    6.74365       
# span 10 =      7.846,      8.216      
# span 11 =     0.0314,     1.5515      
# span 12 =    9.06467,   12.12571      
# span 13 =   3.372040,   4.731712      
# span 14 = -5.062e+03, 1.0034e+05      
# span 15 =    20.5235,    25.3168      
# span 16 =    20.5233,    25.3163      
# span 17 = -5.608e-07, 1.2064e-01      
# span 18 =      2.016,     42.319      
# span 19 =          1,          1      
# span 20 =       1504,       6403      
# span 21 =    1479.39,    1529.10      
# span 22 = -2.059e-02, 4.1577e+00      
# span 23 =  47724.100,  51356.934      
# span 24 =     62.622,    266.732      
# span 25 = 1564275660, 1564275864      
# span 26 =      -0.41,       0.27      
# span 27 =     -0.966,      0.957      
# span 28 =   39.82387,   39.82448      
# span 29 =  -73.19804,  -73.19796      
# span 30 =    31.1678,    32.6811      
# span 31 =  1020.5395,  1025.5108      
# span 32 =    20.5309,    25.3174      
# span 33 =     7.8259,    24.5359      
# span 34 = 0.0000e+00, 0.0000e+00      
# interval = meters: 1                  
# start_time = Jul 28 2019 00:59:57 [System UTC, first data scan.]
# bad_flag = -9.990e-29
*END*
      2.000    24.5363    31.0895  1020.5356     2.5618     4.9053    100.433    0.00070    4.88411    4.87182      8.161     0.0462    9.06467   4.731712 6.6839e+03    20.5269    20.5268 2.7887e-05      2.016          1       1504    1529.09 3.3191e+00  47754.344     62.622 1564275660       0.08     -0.028   39.82387  -73.19796    31.2369  1020.5395    20.5309    24.5359 0.0000e+00
      3.000    24.5169    31.0890  1020.5453     2.5667     4.9170    100.652   -0.00013    4.88517    4.87289 -9.990e-29     0.0334    9.06644   4.729809 -1.344e+02    20.5323    20.5322 -5.608e-07      3.025          1       1798    1529.06 3.9622e+00  47754.296     74.866 1564275672       0.18      0.363   39.82390  -73.19796    31.2360  1020.5490    20.5360    24.5162 0.0000e+00
      4.000    24.5158    31.0892  1020.5502     2.5679     4.9244    100.789    0.00096    4.88580    4.87352      8.161     0.0388    9.06749   4.729801 2.5320e-11    20.5329    20.5327 1.0000e-12      4.031          1       1837    1529.08 3.9495e+00  47755.056     76.510 1564275674       0.06      0.545   39.82390  -73.19796    31.2364  1020.5540    20.5367    24.5149 0.0000e+00
      5.000    24.5186    31.0884  1020.5531     2.5688     4.9271    100.827    0.00063    4.88666    4.87438      8.163     0.0342    9.06885   4.729995 2.5320e-11    20.5316    20.5312 1.0000e-12      5.037          1       1882    1529.10 3.9495e+00  47754.325     78.382 1564275675      -0.06      0.543   39.82392  -73.19796    31.2356  1020.5569    20.5354    24.5175 0.0000e+00
      6.000    24.5090    31.0901  1020.5616     2.5676     4.9346    100.714   -0.00083    4.89962    4.88738      8.166     0.0421    9.09023   4.729369 -9.990e-29    20.5357    20.5353 1.0000e-12      6.051          1       1932    1529.10 3.9495e+00  47757.152     80.461 1564275678       0.07      0.465   39.82392  -73.19797    31.2374  1020.5654    20.5395    24.5077 0.0000e+00
      7.000    24.4948    31.1002  1020.5777     2.5632     4.9626    100.464   -0.00243    4.93966    4.92754      8.168     0.0314    9.15711   4.729275 -9.990e-29    20.5476    20.5471 1.0000e-12      7.054          1       1965    1529.09 3.9495e+00  47771.670     81.843 1564275679       0.16      0.680   39.82392  -73.19798    31.2463  1020.5807    20.5505    24.4933 0.0000e+00
      8.000    24.3669    31.1176  1020.6329     2.5638     5.0486    100.715   -0.00087    5.01261    5.00077      8.174     0.0550    9.27872   4.717903 -9.990e-29    20.5984    20.5979 1.0000e-12      8.060          1       1999    1528.81 3.9495e+00  47798.157     83.253 1564275680      -0.07      0.737   39.82392  -73.19798    31.2507  1020.6261    20.5916    24.3652 0.0000e+00
      9.000    23.8808    31.1032  1020.7684     2.5772     5.1959    101.988    0.00603    5.09456    5.08313      8.176     0.0788    9.41468   4.668280 -9.990e-29    20.7295    20.7289 1.0000e-12      9.073          1       2037    1527.59 3.9495e+00  47787.511     84.828 1564275682       0.02      0.622   39.82393  -73.19798    31.2204  1020.7499    20.7110    23.8790 0.0000e+00
     10.000    23.1501    31.0874  1020.9702     2.6115     5.4383    105.169    0.02450    5.17083    5.15985      8.178     0.0940    9.54112   4.593107 -9.990e-29    20.9268    20.9262 1.0000e-12     10.076          1       2068    1525.73 3.9495e+00  47781.549     86.120 1564275683       0.09      0.749   39.82394  -73.19798    31.1678  1020.9244    20.8811    23.1480 0.0000e+00
     11.000    22.2711    31.1502  1021.2689     2.6335     5.6732    106.149    0.01830    5.34436    5.33467      8.184     0.1229    9.82806   4.519927 2.5320e-11    21.2212    21.2206 1.0000e-12     11.082          1       2102    1523.53 3.9495e+00  47892.069     87.522 1564275685      -0.08      0.747   39.82394  -73.19798    31.2330  1021.2249    21.1772    22.2689 0.0000e+00
     12.000    21.0200    31.2472  1021.6864     2.6543     6.2063    107.421    0.01051    5.77597    5.77061      8.194     0.2108   10.53759   4.411819 2.5320e-11    21.6342    21.6336 1.0000e-12     12.094          1       2146    1520.30 3.9495e+00  48069.671     89.383 1564275686      -0.08      0.543   39.82395  -73.19799    31.2930  1021.6145    21.5621    21.0177 0.0000e+00
     13.000    18.3298    31.5637  1022.6170     2.7042     6.9064    112.856    0.03029    6.11946    6.11820      8.213     0.3790   11.10348   4.188286 2.5320e-11    22.5594    22.5589 1.0000e-12     13.104          1       2186    1513.05 3.9495e+00  48642.561     91.049 1564275688       0.14      0.582   39.82396  -73.19800    31.4854  1022.4497    22.3924    18.3276 0.0000e+00
     14.000    15.1811    32.1587  1023.8036     2.7282     7.3134    114.219    0.02500    6.40324    6.40562      8.216     0.3894   11.57358   3.966764 2.5320e-11    23.7417    23.7412 1.0000e-12     14.107          1       2217    1504.15 3.9495e+00  49720.787     92.314 1564275689       0.10      0.764   39.82396  -73.19800    32.0547  1023.6128    23.5504    15.1790 0.0000e+00
     15.000    12.7773    32.5382  1024.5945     2.6766     6.9146    105.834   -0.02134    6.53447    6.53870      8.149     0.5863   11.78999   3.785168 -9.990e-29    24.5266    24.5262 1.0000e-12     15.114          1       2250    1496.75 3.9495e+00  50526.741     93.707 1564275691      -0.08      0.752   39.82396  -73.19800    32.3819  1024.3600    24.2924    12.7753 0.0000e+00
     16.000    10.1655    32.5382  1025.0735     2.5241     5.8484     88.799   -0.09113    6.58670    6.59163      8.100     1.1804   11.87665   3.549503 2.5320e-11    25.0009    25.0006 1.0000e-12     16.124          1       2288    1487.68 3.9495e+00  50944.165     95.303 1564275692      -0.02      0.632   39.82396  -73.19800    32.3548  1024.8151    24.7422    10.1636 0.0000e+00
     17.000     9.0634    32.5968  1025.3047     2.3574     5.2875     79.771   -0.09573    6.62859    6.63408      8.041     1.4865   11.94635   3.467686 2.5320e-11    25.2269    25.2266 1.0000e-12     17.131          1       2331    1483.76 3.9495e+00  51238.626     97.067 1564275694      -0.08      0.581   39.82396  -73.19800    32.5097  1025.1196    25.0417     9.0616 0.0000e+00
     18.000     8.6715    32.5593  1025.3407     2.2016     4.8891     73.543   -0.08434    6.64798    6.65372      7.998     0.7875   11.97871   3.433816 2.5320e-11    25.2582    25.2579 1.0000e-12     18.144          1       2375    1482.28 3.9495e+00  51268.679     98.909 1564275696       0.14      0.515   39.82397  -73.19800    32.5141  1025.1880    25.1054     8.6697 0.0000e+00
     19.000     8.5032    32.5406  1025.3562     2.1164     4.7089     70.700   -0.07414    6.66046    6.66637      7.980     0.6714   11.99956   3.420807 2.5320e-11    25.2689    25.2686 1.0000e-12     19.145          1       2405    1481.64 3.9495e+00  51279.426    100.150 1564275697       0.14      0.756   39.82398  -73.19800    32.5316  1025.2316    25.1443     8.5013 0.0000e+00
     20.000     8.4213    32.5205  1025.3573     2.0444     4.6529     69.736   -0.05526    6.67226    6.67832      7.967     0.5868   12.01921   3.414070 5.7851e+04    25.2654    25.2651 1.0000e-12     20.155          1       2438    1481.32 1.6103e+00  51269.592    101.551 1564275699      -0.09      0.749   39.82398  -73.19800    32.5356  1025.2516    25.1597     8.4193 0.0000e+00
     21.000     8.3240    32.5018  1025.3617     1.9901     4.6269     69.305   -0.03903    6.67609    6.68219      7.954     0.5280   12.02563   3.406078 7.0627e+04    25.2652    25.2649 1.0000e-12     21.162          1       2474    1480.95 1.0170e+00  51265.755    103.038 1564275700      -0.00      0.678   39.82398  -73.19800    32.5404  1025.2743    25.1778     8.3219 0.0000e+00
     22.000     8.2389    32.4866  1025.3671     1.9487     4.6149     69.097   -0.02586    6.67892    6.68506      7.946     0.4775   12.03039   3.399515 4.4891e+03    25.2659    25.2656 1.0000e-12     22.170          1       2514    1480.63 3.7108e+00  51264.067    104.721 1564275702      -0.07      0.612   39.82400  -73.19800    32.5492  1025.2983    25.1972     8.2367 0.0000e+00
     23.000     8.2145    32.4782  1025.3687     1.9224     4.6303     69.288   -0.01527    6.68268    6.68888      7.941     0.4563   12.03659   3.398577 -6.453e+01    25.2629    25.2626 1.0000e-12     23.181          1       2556    1480.54 3.9532e+00  51258.344    106.470 1564275704       0.07      0.559   39.82400  -73.19802    32.5614  1025.3161    25.2103     8.2122 0.0000e+00
     24.000     8.1990    32.4741  1025.3723     1.9106     4.6480     69.500   -0.00966    6.68775    6.69402      7.940     0.4128   12.04505   3.398045 2.5320e-11    25.2619    25.2616 1.0000e-12     24.186          1       2589    1480.50 3.9495e+00  51256.580    107.841 1564275705       0.08      0.712   39.82400  -73.19802    32.5696  1025.3293    25.2189     8.1967 0.0000e+00
     25.000     8.1813    32.4759  1025.3810     1.9033     4.6637     69.701   -0.00574    6.69089    6.69720      7.934     0.3782   12.05032   3.397525 2.5320e-11    25.2660    25.2657 1.0000e-12     25.194          1       2623    1480.45 3.9495e+00  51263.963    109.246 1564275706      -0.03      0.727   39.82400  -73.19802    32.5801  1025.3447    25.2297     8.1788 0.0000e+00
     26.000     8.1460    32.4704  1025.3865     1.8963     4.6513     69.490   -0.00480    6.69351    6.69984      7.930     0.3753   12.05470   3.394778 2.5320e-11    25.2669    25.2665 1.0000e-12     26.203          1       2658    1480.32 3.9495e+00  51264.858    110.698 1564275708      -0.00      0.693   39.82402  -73.19802    32.5832  1025.3569    25.2373     8.1434 0.0000e+00
     27.000     8.1279    32.4642  1025.3888     1.8893     4.6276     69.090   -0.00522    6.69794    6.70433      7.926     0.3792   12.06212   3.393260 2.5320e-11    25.2646    25.2642 1.0000e-12     27.207          1       2690    1480.26 3.9495e+00  51260.835    112.026 1564275709       0.05      0.743   39.82402  -73.19802    32.5833  1025.3643    25.2401     8.1253 0.0000e+00
     28.000     8.1068    32.4573  1025.3912     1.8798     4.6009     68.644   -0.00516    6.70254    6.70899      7.917     0.2933   12.06978   3.391444 -9.990e-29    25.2623    25.2619 1.0000e-12     28.217          1       2733    1480.19 3.9495e+00  51256.519    113.843 1564275711      -0.16      0.577   39.82402  -73.19802    32.5832  1025.3719    25.2430     8.1040 0.0000e+00
     29.000     8.0621    32.4482  1025.3952     1.8669     4.5434     67.773   -0.00684    6.70378    6.71025      7.909     0.2313   12.07186   3.387274 -9.990e-29    25.2617    25.2613 1.0000e-12     29.229          1       2779    1480.03 3.9495e+00  51254.748    115.763 1564275713       0.18      0.501   39.82402  -73.19802    32.5798  1025.3804    25.2469     8.0592 0.0000e+00
     30.000     8.0513    32.4456  1025.3993     1.8593     4.5213     67.428   -0.00666    6.70538    6.71187      7.907     0.2435   12.07452   3.386464 2.5320e-11    25.2613    25.2609 1.0000e-12     30.234          1       2810    1480.00 3.9495e+00  51254.088    117.021 1564275714       0.14      0.752   39.82403  -73.19802    32.5807  1025.3873    25.2492     8.0484 0.0000e+00
     31.000     8.0462    32.4447  1025.4040     1.8547     4.5275     67.513   -0.00447    6.70608    6.71258      7.905     0.2319   12.07569   3.386297 3.4967e+04    25.2613    25.2609 1.0000e-12     31.239          1       2839    1480.00 2.5685e+00  51254.664    118.232 1564275715       0.01      0.831   39.82404  -73.19802    32.5833  1025.3946    25.2519     8.0431 0.0000e+00
     32.000     8.0378    32.4428  1025.4083     1.8502     4.5247     67.469   -0.00325    6.70629    6.71280      7.902     0.2304   12.07606   3.385632 7.0975e+04    25.2610    25.2605 1.0000e-12     32.248          1       2873    1479.98 1.0426e+00  51254.441    119.684 1564275717      -0.11      0.727   39.82404  -73.19802    32.5835  1025.4006    25.2533     8.0347 0.0000e+00
     33.000     8.0308    32.4416  1025.4129     1.8475     4.5304     67.554   -0.00177    6.70636    6.71286      7.900     0.2579   12.07618   3.385215 1.3352e+03    25.2611    25.2606 1.0000e-12     33.255          1       2914    1479.97 3.8948e+00  51255.017    121.384 1564275718      -0.06      0.604   39.82404  -73.19802    32.5850  1025.4074    25.2555     8.0276 0.0000e+00
     34.000     8.0301    32.4401  1025.4165     1.8467     4.5387     67.719   -0.00039    6.70232    6.70877      7.899     0.2558   12.06938   3.385303 -9.990e-29    25.2600    25.2596 1.0000e-12     34.268          1       2960    1479.98 3.6651e+00  51253.781    123.309 1564275720       0.01      0.514   39.82404  -73.19802    32.5862  1025.4131    25.2566     8.0268 0.0000e+00
     35.000     8.0289    32.4390  1025.4204     1.8483     4.5521     67.972    0.00076    6.69705    6.70344      7.905     0.2729   12.06056   3.385291 9.9999e+04    25.2593    25.2588 1.0000e-12     35.278          1       2996    1479.99 1.6393e+00  51253.046    124.798 1564275722       0.16      0.639   39.82406  -73.19802    32.5867  1025.4183    25.2572     8.0255 0.0000e+00
     36.000     8.0424    32.4465  1025.4290     1.8539     4.5932     68.626    0.00341    6.69309    6.69943      7.907     0.3054   12.05392   3.387566 9.9999e+04    25.2633    25.2628 1.0000e-12     36.281          1       3022    1480.07 -2.059e-02  51261.317    125.868 1564275723       0.20      0.848   39.82406  -73.19802    32.5980  1025.4297    25.2640     8.0389 0.0000e+00
     37.000     8.0675    32.4526  1025.4347     1.8642     4.6670     69.736    0.00760    6.69242    6.69876      7.910     0.3188   12.05282   3.390440 2.9800e+04    25.2644    25.2639 1.0000e-12     37.280          1       3048    1480.18 2.7148e+00  51264.765    126.946 1564275724      -0.02      0.957   39.82406  -73.19802    32.6048  1025.4360    25.2658     8.0639 0.0000e+00
     38.000     8.1088    32.4653  1025.4433     1.8840     4.7597     70.953    0.00894    6.70826    6.71483      7.913     0.3114   12.07893   3.395393 -1.070e+03    25.2685    25.2679 1.0000e-12     38.298          1       3101    1480.37 3.9944e+00  51274.113    129.172 1564275726      -0.20      0.443   39.82406  -73.19802    32.6188  1025.4455    25.2707     8.1051 0.0000e+00
     39.000     8.1097    32.4679  1025.4498     1.8836     4.6904     69.667   -0.00025    6.73254    6.73947      7.892     0.2790   12.11894   3.395372 -9.990e-29    25.2704    25.2698 1.0000e-12     39.308          1       3150    1480.40 3.9495e+00  51278.184    131.188 1564275728       0.27      0.509   39.82408  -73.19802    32.6173  1025.4488    25.2694     8.1059 0.0000e+00
     40.000     7.9730    32.4734  1025.4786     1.8624     4.4931     66.703   -0.01350    6.73607    6.74305      7.883     0.2597   12.12476   3.383292 -9.990e-29    25.2945    25.2939 1.0000e-12     40.311          1       3178    1479.90 3.5846e+00  51318.520    132.372 1564275729       0.15      0.788   39.82408  -73.19802    32.6151  1025.4716    25.2875     7.9691 0.0000e+00
     41.000     7.8686    32.4812  1025.5044     1.8356     4.3355     64.357   -0.02051    6.73665    6.74365      7.878     0.2838   12.12571   3.375196 9.8275e+04    25.3156    25.3150 1.0000e-12     41.318          1       3209    1479.53 7.6351e-02  51354.817    133.669 1564275731      -0.09      0.816   39.82408  -73.19802    32.6254  1025.4993    25.3104     7.8647 0.0000e+00
     42.000     7.8299    32.4757  1025.5103     1.7912     4.3314     64.335   -0.00513    6.73257    6.73949      7.856     0.2915   12.11909   3.372040 2.2585e+04    25.3168    25.3163 1.0000e-12     42.319          1       3728    1479.39 3.0395e+00  51356.934    155.274 1564275752      -0.13      0.275   39.82415  -73.19803    32.6272  1025.5108    25.3174     7.8259 0.0000e+00
