CalculateIndicators/WaterTemperature/Data/CTD_NYOS/NYOS1910_C08.cnv
* Sea-Bird SBE 9 Data File:
* FileName = C:\Seabird 9 CTD\Data\2019\201910_offhore\NYOS1910_C08.hex
* Software Version Seasave V 7.23.2
* Temperature SN = 4590
* Conductivity SN = 3228
* Number of Bytes Per Scan = 44
* Number of Voltage Words = 5
* Number of Scans Averaged by the Deck Unit = 1
* NMEA Latitude = 40 16.99 N
* NMEA Longitude = 071 58.69 W
* NMEA UTC (Time) = Oct 07 2019  02:47:03
* NMEA baud rate = 4800
** Ship: seawolf
** Station: 2.3
** Operator: SW
# nquan = 35
# nvalues = 108                         
# units = specified
# name 0 = depSM: Depth [salt water, m]
# name 1 = t090C: Temperature [ITS-90, deg C]
# name 2 = sal00: Salinity, Practical [PSU]
# name 3 = density00: Density [density, kg/m^3]
# name 4 = sbeox0V: Oxygen raw, SBE 43 [V]
# name 5 = sbeox0ML/L: Oxygen, SBE 43 [ml/l]
# name 6 = sbeox0PS: Oxygen, SBE 43 [% saturation]
# name 7 = sbox0dV/dT: Oxygen, SBE 43 [dov/dt]
# name 8 = oxsolML/L: Oxygen Saturation, Garcia & Gordon [ml/l]
# name 9 = oxsatML/L: Oxygen Saturation, Weiss [ml/l]
# name 10 = ph: pH
# name 11 = flECO-AFL: Fluorescence, WET Labs ECO-AFL/FL [mg/m^3]
# name 12 = n2satML/L: Nitrogen Saturation [ml/l]
# name 13 = c0S/m: Conductivity [S/m]
# name 14 = cpar: CPAR/Corrected Irradiance [%]
# name 15 = sigma-é00: Density [sigma-theta, kg/m^3]
# name 16 = sigma-t00: Density [sigma-t, kg/m^3 ]
# name 17 = par: PAR/Irradiance, Biospherical/Licor
# name 18 = prDM: Pressure, Digiquartz [db]
# name 19 = pumps: Pump Status
# name 20 = scan: Scan Count
# name 21 = svCM: Sound Velocity [Chen-Millero, m/s]
# name 22 = spar: SPAR, Biospherical/Licor
# name 23 = specc: Specific Conductance [uS/cm]
# name 24 = timeS: Time, Elapsed [seconds]
# name 25 = timeY: Time, System [seconds]
# name 26 = accM: Acceleration [m/s^2]
# name 27 = dz/dtM: Descent Rate [m/s]
# name 28 = latitude: Latitude [deg]
# name 29 = longitude: Longitude [deg]
# name 30 = gsw_saA0: Absolute Salinity [g/kg]
# name 31 = gsw_densityA0: density, TEOS-10 [density, kg/m^3]
# name 32 = gsw_sigma0A0: density, TEOS-10 [sigma-0, kg/m^3 ]
# name 33 = gsw_ptA0: potential temperature [ITS-90, deg C]
# name 34 = flag: flag
# span 0 =      1.000,     55.000       
# span 1 =    11.5062,    21.0877       
# span 2 =    33.4836,    34.8773       
# span 3 =  1024.1037,  1025.9031       
# span 4 =     1.9508,     2.5253       
# span 5 =     4.4026,     5.7723       
# span 6 =     71.440,     99.182       
# span 7 =   -0.03354,    0.04673       
# span 8 =    5.07947,    6.16879       
# span 9 =    5.06900,    6.16897       
# span 10 =      8.014,      8.281      
# span 11 =     0.0808,     1.7471      
# span 12 =    9.35389,   11.17312      
# span 13 =   3.811687,   4.876353      
# span 14 = -9.648e+02, 1.2757e+05      
# span 15 =    24.0951,    25.6547      
# span 16 =    24.0949,    25.6535      
# span 17 = 1.0000e-12, 3.7614e-01      
# span 18 =      1.005,     55.400      
# span 19 =          1,          1      
# span 20 =          3,      14662      
# span 21 =    1494.41,    1524.76      
# span 22 = -1.089e+00, 3.9891e+00      
# span 23 =  51924.503,  53062.237      
# span 24 =      0.099,    610.880      
# span 25 = 1570416423, 1570417034      
# span 26 =      -1.20,       0.98      
# span 27 =     -1.184,      1.213      
# span 28 =   40.28321,   40.28529      
# span 29 =  -71.97820,  -71.97673      
# span 30 =    33.5469,    35.0732      
# span 31 =  1024.1085,  1025.8991      
# span 32 =    24.0999,    25.6509      
# span 33 =    11.4993,    21.0809      
# span 34 = 0.0000e+00, 0.0000e+00      
# interval = meters: 1                  
# start_time = Oct 07 2019 02:47:03 [System UTC, first data scan.]
# bad_flag = -9.990e-29
*END*
[from data line 83]
     25.000    20.9434    34.4563  1024.2052     2.5135     5.0374     98.713   -0.00058    5.10312    5.09270      8.266     0.0998    9.39626   4.821305 7.8517e+04    24.0967    24.0954 1.0000e-12     25.202          1       8205    1523.87 7.4238e-01  52464.322    341.823 1570416765       0.06     -0.729   40.28439  -71.97746    34.6197  1024.2102    24.1016    20.9386 0.0000e+00
     24.000    20.9445    34.4589  1024.2025     2.5145     5.0436     98.835    0.00036    5.10302    5.09261      8.272     0.0968    9.39609   4.821726 -8.653e+02    24.0983    24.0971 1.0000e-12     24.207          1       8666    1523.86 3.9851e+00  52467.326    361.025 1570416784      -0.26     -0.611   40.28446  -71.97741    34.6225  1024.2077    24.1034    20.9399 0.0000e+00
     23.000    20.9494    34.4664  1024.2025     2.5148     5.0392     98.759   -0.00044    5.10246    5.09205      8.275     0.0944    9.39510   4.823074 2.5332e-11    24.1027    24.1015 1.0000e-12     23.184          1       9736    1523.86 3.9495e+00  52476.793    405.636 1570416829       0.16     -0.668   40.28460  -71.97726    34.6298  1024.2074    24.1075    20.9450 0.0000e+00
     22.000    20.9487    34.4653  1024.1975     2.5125     5.0277     98.533   -0.00161    5.10258    5.09217      8.275     0.1000    9.39532   4.822838 2.5320e-11    24.1020    24.1008 1.0000e-12     22.170          1       9858    1523.84 3.9495e+00  52474.877    410.716 1570416834      -0.62     -0.464   40.28461  -71.97724    34.6287  1024.2024    24.1069    20.9445 0.0000e+00
     21.000    20.9481    34.4639  1024.1921     2.5144     5.0406     98.784    0.00053    5.10261    5.09219      8.275     0.0898    9.39536   4.822531 2.5320e-11    24.1010    24.0999 1.0000e-12     21.170          1       9892    1523.82 3.9495e+00  52472.454    412.118 1570416835       0.07     -0.703   40.28462  -71.97724    34.6271  1024.1969    24.1057    20.9441 0.0000e+00
     20.000    20.9471    34.4617  1024.1864     2.5161     5.0412     98.794   -0.00012    5.10274    5.09233      8.275     0.1048    9.39561   4.822126 5.4230e+04    24.0996    24.0985 1.0000e-12     20.150          1       9993    1523.80 3.4175e+00  52469.121    416.319 1570416839      -0.09     -0.085   40.28462  -71.97722    34.6250  1024.1912    24.1044    20.9432 0.0000e+00
     19.000    20.9468    34.4616  1024.1820     2.5166     5.0477     98.920    0.00125    5.10279    5.09237 -9.990e-29     0.0943    9.39568   4.822035 5.1836e+04    24.0995    24.0985 1.0000e-12     19.144          1      10034    1523.78 1.6640e+00  52468.553    418.032 1570416841      -0.24     -0.575   40.28463  -71.97722    34.6248  1024.1868    24.1043    20.9432 0.0000e+00
     18.000    20.9462    34.4607  1024.1770     2.5162     5.0394     98.758   -0.00058    5.10278    5.09237 -9.990e-29     0.0975    9.39568   4.821810 1.2067e+04    24.0989    24.0980 1.0000e-12     18.150          1      10066    1523.77 3.3761e+00  52466.754    419.382 1570416842      -0.10     -0.745   40.28464  -71.97722    34.6239  1024.1819    24.1037    20.9427 0.0000e+00
     17.000    20.9462    34.4605  1024.1725     2.5157     5.0374     98.719   -0.00057    5.10278    5.09236 -9.990e-29     0.1153    9.39567   4.821753 -9.990e-29    24.0987    24.0978 1.0000e-12     17.144          1      10152    1523.75 3.9222e+00  52466.037    422.952 1570416846      -0.69     -0.564   40.28464  -71.97720    34.6238  1024.1774    24.1036    20.9429 0.0000e+00
     16.000    20.9461    34.4603  1024.1680     2.5157     5.0352     98.674   -0.00088    5.10285    5.09243      8.276     0.0808    9.39579   4.821679 2.5320e-11    24.0985    24.0977 1.0000e-12     16.120          1      10232    1523.73 3.9495e+00  52465.374    426.279 1570416849      -0.36     -0.292   40.28466  -71.97718    34.6236  1024.1728    24.1034    20.9430 0.0000e+00
     15.000    20.9458    34.4602  1024.1636     2.5179     5.0472     98.910    0.00081    5.10281    5.09240      8.276     0.0991    9.39572   4.821592 2.5320e-11    24.0985    24.0977 1.0000e-12     15.122          1      10283    1523.71 3.9495e+00  52464.692    428.421 1570416851      -0.11     -0.553   40.28466  -71.97718    34.6235  1024.1685    24.1033    20.9429 0.0000e+00
     14.000    20.9462    34.4606  1024.1594     2.5194     5.0493     98.949    0.00058    5.10290    5.09248      8.276     0.0983    9.39587   4.821628 2.5320e-11    24.0986    24.0979 1.0000e-12     14.109          1      10371    1523.70 3.9495e+00  52464.750    432.104 1570416855      -0.42     -0.443   40.28468  -71.97717    34.6238  1024.1642    24.1034    20.9435 0.0000e+00
     13.000    20.9444    34.4598  1024.1549     2.5183     5.0441     98.844    0.00007    5.10312    5.09271      8.277     0.0858    9.39625   4.821299 2.6271e-11    24.0984    24.0978 1.0000e-12     13.105          1      10436    1523.68 3.9495e+00  52463.284    434.808 1570416858      -0.01     -0.362   40.28468  -71.97716    34.6230  1024.1597    24.1032    20.9419 0.0000e+00
     12.000    20.9421    34.4593  1024.1508     2.5214     5.0558     99.066    0.00128    5.10345    5.09304      8.278     0.0819    9.39681   4.820992 2.5178e-11    24.0987    24.0980 1.0000e-12     12.075          1      10541    1523.65 3.9495e+00  52462.324    439.160 1570416862      -0.40     -0.147   40.28469  -71.97714    34.6227  1024.1556    24.1035    20.9398 0.0000e+00
     11.000    20.9423    34.4593  1024.1463     2.5215     5.0560     99.072    0.00116    5.10341    5.09300      8.278     0.0850    9.39674   4.820925 2.5320e-11    24.0985    24.0980 1.0000e-12     11.098          1      10554    1523.63 3.9495e+00  52461.834    439.729 1570416863      -0.66     -0.821   40.28470  -71.97714    34.6223  1024.1510    24.1031    20.9402 0.0000e+00
     10.000    20.9415    34.4599  1024.1426     2.5170     5.0388     98.742   -0.00023    5.10307    5.09266      8.279     0.0888    9.39616   4.820917 6.4028e+03    24.0992    24.0986 1.0000e-12     10.097          1      11560    1523.62 3.7720e+00  52462.193    481.642 1570416905      -0.18     -0.706   40.28483  -71.97703    34.6233  1024.1476    24.1041    20.9396 0.0000e+00
      9.000    20.9436    34.4610  1024.1385     2.5187     5.0495     98.951    0.00187    5.10299    5.09257      8.279     0.0927    9.39601   4.821223 1.6152e+02    24.0994    24.0989 1.0000e-12      9.075          1      12489    1523.61 3.9450e+00  52463.109    520.343 1570416943      -0.56     -0.761   40.28496  -71.97694    34.6244  1024.1434    24.1043    20.9419 0.0000e+00
      8.000    20.9436    34.4612  1024.1342     2.5169     5.0364     98.694   -0.00015    5.10308    5.09267      8.279     0.0944    9.39616   4.821184 2.5320e-11    24.0994    24.0990 1.0000e-12      8.066          1      12567    1523.59 3.9495e+00  52462.815    523.576 1570416947      -0.02     -0.508   40.28497  -71.97692    34.6244  1024.1390    24.1043    20.9421 0.0000e+00
      7.000    20.9430    34.4610  1024.1298     2.5169     5.0356     98.674   -0.00026    5.10324    5.09283      8.279     0.0915    9.39643   4.821054 -9.990e-29    24.0995    24.0991 1.0000e-12      7.056          1      12634    1523.57 3.9495e+00  52462.188    526.371 1570416949      -0.04     -0.454   40.28498  -71.97692    34.6242  1024.1347    24.1043    20.9416 0.0000e+00
      6.000    20.9411    34.4612  1024.1261     2.5197     5.0477     98.910    0.00125    5.10328    5.09287      8.279     0.0926    9.39649   4.820844 2.5320e-11    24.1000    24.0997 1.0000e-12      6.048          1      12693    1523.55 3.9495e+00  52462.037    528.831 1570416952      -0.02     -0.418   40.28499  -71.97692    34.6244  1024.1309    24.1048    20.9399 0.0000e+00
      5.000    20.9406    34.4611  1024.1218     2.5177     5.0309     98.580   -0.00164    5.10333    5.09292      8.279     0.0876    9.39658   4.820741 2.5320e-11    24.1001    24.0998 1.0000e-12      5.030          1      12756    1523.53 3.9495e+00  52461.498    531.477 1570416955      -0.07     -0.336   40.28500  -71.97690    34.6243  1024.1266    24.1049    20.9396 0.0000e+00
      4.000    20.9400    34.4610  1024.1175     2.5195     5.0429     98.816    0.00040    5.10333    5.09292      8.279     0.0886    9.39658   4.820632 2.6400e-11    24.1001    24.0999 1.0000e-12      4.032          1      12804    1523.51 3.9495e+00  52460.932    533.469 1570416957       0.01     -0.425   40.28501  -71.97690    34.6243  1024.1223    24.1049    20.9393 0.0000e+00
      3.000    20.9403    34.4600  1024.1122     2.5209     5.0463     98.881    0.00056    5.10337    5.09296 -9.990e-29     0.0888    9.39665   4.820484 2.5325e-11    24.0992    24.0990 1.0000e-12      3.023          1      12873    1523.50 3.9495e+00  52458.993    536.323 1570416959      -0.28     -0.379   40.28502  -71.97690    34.6232  1024.1170    24.1040    20.9397 0.0000e+00
      2.000    20.9402    34.4600  1024.1078     2.5182     5.0327     98.615   -0.00129    5.10333    5.09292      8.280     0.0900    9.39659   4.820425 1.7985e+04    24.0992    24.0990 1.0000e-12      2.020          1      12956    1523.48 3.2392e+00  52458.517    539.787 1570416963      -0.10     -0.356   40.28503  -71.97689    34.6232  1024.1127    24.1040    20.9398 0.0000e+00
      1.000    20.9400    34.4603  1024.1037     2.5177     5.7723     98.710    0.00010    5.84747    5.83588      8.281     1.7471   10.88213   4.820405 2.6420e+04    24.0994    24.0993 3.7614e-01      1.005          1      14662    1523.46 2.9064e+00  52458.452    610.880 1570417034      -0.29     -0.286   40.28529  -71.97673    34.6235  1024.1085    24.1042    20.9398 0.0000e+00
