CalculateIndicators/WaterTemperature/Data/CTD_NYOS/NYOS190724_1.4.cnv
* Sea-Bird SBE 9 Data File:
* FileName = C:\Seabird 9 CTD\Data\2019\201907_offshore\NYOS190724_1.4.hex
* Software Version Seasave V 7.23.2
* Temperature SN = 4590
* Conductivity SN = 3228
* Number of Bytes Per Scan = 44
* Number of Voltage Words = 5
* Number of Scans Averaged by the Deck Unit = 1
* NMEA Latitude = 40 05.80 N
* NMEA Longitude = 071 34.13 W
* NMEA UTC (Time) = Jul 24 2019  12:12:39
* NMEA baud rate = 4800
** Ship: Seawolf
** Station: 1.4
** Operator: EIH
** rough
# nquan = 35
# nvalues = 170                         
# units = specified
# name 0 = depSM: Depth [salt water, m]
# name 1 = t090C: Temperature [ITS-90, deg C]
# name 2 = sal00: Salinity, Practical [PSU]
# name 3 = density00: Density [density, kg/m^3]
# name 4 = sbeox0V: Oxygen raw, SBE 43 [V]
# name 5 = sbeox0ML/L: Oxygen, SBE 43 [ml/l]
# name 6 = sbeox0PS: Oxygen, SBE 43 [% saturation]
# name 7 = sbox0dV/dT: Oxygen, SBE 43 [dov/dt]
# name 8 = oxsolML/L: Oxygen Saturation, Garcia & Gordon [ml/l]
# name 9 = oxsatML/L: Oxygen Saturation, Weiss [ml/l]
# name 10 = ph: pH
# name 11 = flECO-AFL: Fluorescence, WET Labs ECO-AFL/FL [mg/m^3]
# name 12 = n2satML/L: Nitrogen Saturation [ml/l]
# name 13 = c0S/m: Conductivity [S/m]
# name 14 = cpar: CPAR/Corrected Irradiance [%]
# name 15 = sigma-é00: Density [sigma-theta, kg/m^3]
# name 16 = sigma-t00: Density [sigma-t, kg/m^3 ]
# name 17 = par: PAR/Irradiance, Biospherical/Licor
# name 18 = prDM: Pressure, Digiquartz [db]
# name 19 = pumps: Pump Status
# name 20 = scan: Scan Count
# name 21 = svCM: Sound Velocity [Chen-Millero, m/s]
# name 22 = spar: SPAR, Biospherical/Licor
# name 23 = specc: Specific Conductance [uS/cm]
# name 24 = timeS: Time, Elapsed [seconds]
# name 25 = timeY: Time, System [seconds]
# name 26 = accM: Acceleration [m/s^2]
# name 27 = dz/dtM: Descent Rate [m/s]
# name 28 = latitude: Latitude [deg]
# name 29 = longitude: Longitude [deg]
# name 30 = gsw_saA0: Absolute Salinity [g/kg]
# name 31 = gsw_densityA0: density, TEOS-10 [density, kg/m^3]
# name 32 = gsw_sigma0A0: density, TEOS-10 [sigma-0, kg/m^3 ]
# name 33 = gsw_ptA0: potential temperature [ITS-90, deg C]
# name 34 = flag: flag
# span 0 =      1.000,     86.000       
# span 1 =     7.4723,    21.8290       
# span 2 =    32.4148,    34.1944       
# span 3 =  1022.3310,  1026.5568       
# span 4 =     2.0946,     2.8800       
# span 5 =     4.9862,     7.9112       
# span 6 =     80.015,    126.532       
# span 7 =   -0.04549,    0.06735       
# span 8 =    5.08130,    6.76905       
# span 9 =    5.07014,    6.77700       
# span 10 =      8.005,      8.268      
# span 11 =    -0.0260,     2.0480      
# span 12 =    9.37984,   12.17412      
# span 13 =   3.377509,   4.657908      
# span 14 = -3.362e-05, 5.4903e+01      
# span 15 =    22.3216,    26.1677      
# span 16 =    22.3212,    26.1659      
# span 17 = -1.087e-04, 1.3876e+02      
# span 18 =      1.021,     86.665      
# span 19 =          1,          1      
# span 20 =        306,      17465      
# span 21 =    1478.71,    1523.77      
# span 22 = 2.1281e+02, 3.5088e+02      
# span 23 =  49639.551,  53169.324      
# span 24 =     12.711,    727.678      
# span 25 = 1563970374, 1563971090      
# span 26 =      -0.99,       0.75      
# span 27 =     -1.199,      1.040      
# span 28 =   40.09491,   40.09678      
# span 29 =  -71.56957,  -71.56888      
# span 30 =    32.3881,    34.3588      
# span 31 =  1022.3362,  1026.5623      
# span 32 =    22.3266,    26.1734      
# span 33 =     7.4668,    21.8288      
# span 34 = 0.0000e+00, 0.0000e+00      
# interval = meters: 1                  
# start_time = Jul 24 2019 12:12:42 [System UTC, first data scan.]
# bad_flag = -9.990e-29
*END*
[from data line 125]
     45.000     7.6253    32.8140  1025.8190     2.2302     5.8855     87.196    0.00040    6.74982    6.75739      8.022     0.1081   12.14343   3.386105 1.4243e-02    25.6116    25.6110 3.3188e-02     45.365          1      11224    1479.08 2.3302e+02  51890.522    467.627 1563970829      -0.36     -1.199   40.09562  -71.56934    32.9699  1025.8218    25.6143     7.6211 0.0000e+00
     44.000     7.6339    32.8144  1025.8135     2.2306     5.8908     87.270    0.00091    6.75003    6.75759      8.022     0.1025   12.14380   3.386847 2.1269e-02    25.6107    25.6101 4.9933e-02     44.351          1      11277    1479.10 2.3469e+02  51888.327    469.839 1563970832      -0.09     -0.724   40.09561  -71.56934    32.9703  1025.8162    25.6134     7.6297 0.0000e+00
     43.000     7.6389    32.8145  1025.8082     2.2309     5.8881     87.198    0.00037    6.75260    6.76020      8.022     0.1187   12.14811   3.387259 2.6081e-02    25.6101    25.6095 6.1798e-02     43.345          1      11330    1479.10 2.3694e+02  51886.626    472.054 1563970834      -0.92     -0.769   40.09560  -71.56934    32.9705  1025.8110    25.6128     7.6348 0.0000e+00
     42.000     7.6353    32.8113  1025.8016     2.2315     5.8906     87.229    0.00038    6.75307    6.76067      8.022     0.1231   12.14888   3.386526 3.3429e-02    25.6081    25.6075 7.8861e-02     42.337          1      11367    1479.06 2.3593e+02  51882.281    473.566 1563970835       0.11     -0.780   40.09560  -71.56934    32.9665  1025.8037    25.6101     7.6313 0.0000e+00
     41.000     7.6124    32.8068  1025.7967     2.2333     5.9022     87.318    0.00039    6.75944    6.76713      8.021     0.1188   12.15956   3.384045 4.9532e-02    25.6077    25.6072 1.1928e-01     41.319          1      11484    1478.96 2.4084e+02  51880.865    478.468 1563970840      -0.60     -0.332   40.09558  -71.56934    32.9618  1025.7987    25.6097     7.6085 0.0000e+00
     40.000     7.5838    32.7952  1025.7870     2.2338     5.9027     87.299    0.00016    6.76147    6.76917      8.021     0.1263   12.16303   3.380233 5.7076e-02    25.6026    25.6020 1.3749e-01     40.316          1      11552    1478.82 2.4089e+02  51870.635    481.278 1563970843      -0.13     -0.416   40.09558  -71.56934    32.9482  1025.7875    25.6030     7.5800 0.0000e+00
     39.000     7.5656    32.7839  1025.7761     2.2371     5.9247     87.612    0.00121    6.76244    6.77015      8.019     0.1439   12.16472   3.377649 7.3004e-02    25.5962    25.5957 1.7656e-01     39.308          1      11624    1478.71 2.4181e+02  51858.337    484.309 1563970846      -0.04     -0.481   40.09556  -71.56934    32.9379  1025.7774    25.5975     7.5620 0.0000e+00
     38.000     7.5687    32.7780  1025.7664     2.2393     5.9161     87.690    0.00126    6.74656    6.75403      8.018     0.1450   12.13853   3.377509 8.8024e-02    25.5912    25.5907 2.1575e-01     38.300          1      11732    1478.71 2.4515e+02  51848.531    488.809 1563970851      -0.43     -0.343   40.09556  -71.56934    32.9340  1025.7692    25.5940     7.5651 0.0000e+00
     37.000     7.6746    32.7755  1025.7448     2.2400     5.8963     87.564    0.00033    6.73371    6.74099      8.021     0.2244   12.11728   3.386916 1.0675e-01    25.5743    25.5738 2.6177e-01     37.290          1      11810    1479.09 2.4534e+02  51818.289    492.059 1563970854       0.05     -0.323   40.09554  -71.56934    32.9358  1025.7510    25.5805     7.6711 0.0000e+00
     36.000     7.7730    32.7782  1025.7282     2.2463     5.9146     88.034    0.00169    6.71854    6.72559      8.027     0.3191   12.09218   3.395830 1.2617e-01    25.5624    25.5619 3.1211e-01     36.282          1      11911    1479.45 2.4735e+02  51797.562    496.241 1563970858      -0.10     -0.260   40.09553  -71.56934    32.9392  1025.7351    25.5693     7.7696 0.0000e+00
     35.000     7.8713    32.7788  1025.7099     2.2556     5.9532     88.635    0.00264    6.71650    6.72352      8.031     0.4468   12.08886   3.404561 1.4925e-01    25.5488    25.5483 3.7338e-01     35.279          1      12008    1479.81 2.5011e+02  51773.939    500.303 1563970862      -0.10     -0.372   40.09552  -71.56934    32.9408  1025.7176    25.5564     7.8679 0.0000e+00
     34.000     7.9439    32.7720  1025.6895     2.2713     5.9859     89.294    0.00204    6.70354    6.71037      8.037     0.5700   12.06747   3.409937 1.7919e-01    25.5330    25.5325 4.5967e-01     34.269          1      12253    1480.06 2.5647e+02  51746.426    510.499 1563970872      -0.05     -0.292   40.09549  -71.56934    32.9305  1025.6944    25.5379     7.9406 0.0000e+00
     33.000     7.9854    32.7688  1025.6763     2.2808     6.0005     89.588    0.00088    6.69792    6.70466      8.040     0.6505   12.05820   3.413122 2.2318e-01    25.5245    25.5240 5.8587e-01     33.265          1      12683    1480.20 2.6169e+02  51731.340    528.413 1563970890      -0.17     -0.259   40.09543  -71.56937    32.9260  1025.6804    25.5285     7.9822 0.0000e+00
     32.000     8.0286    32.7680  1025.6647     2.2868     6.0205     90.117    0.00285    6.68077    6.68725      8.044     0.7637   12.02997   3.416911 2.7527e-01    25.5175    25.5171 7.4832e-01     32.255          1      13862    1480.35 2.7168e+02  51719.214    577.526 1563970939      -0.06     -0.668   40.09529  -71.56942    32.9264  1025.6697    25.5225     8.0255 0.0000e+00
     31.000     8.1219    32.7634  1025.6421     2.2979     6.0427     90.653    0.00307    6.66573    6.67200      8.048     0.9620   12.00501   3.424817 3.2928e-01    25.4994    25.4990 8.9664e-01     31.236          1      14019    1480.68 2.7229e+02  51688.132    584.093 1563970946      -0.08     -0.177   40.09528  -71.56943    32.9237  1025.6493    25.5068     8.1188 0.0000e+00
     30.000     8.1460    32.7651  1025.6361     2.3036     6.0619     91.024    0.00378    6.65968    6.66585      8.049     0.9980   11.99509   3.427036 3.9331e-01    25.4981    25.4977 1.0718e+00     30.239          1      14056    1480.75 2.7251e+02  51686.476    585.607 1563970947      -0.30     -0.675   40.09528  -71.56944    32.9251  1025.6423    25.5044     8.1430 0.0000e+00
     29.000     8.2289    32.7644  1025.6186     2.3129     6.0833     91.526    0.00427    6.64651    6.65250      8.054     1.3016   11.97327   3.434393 4.6199e-01    25.4853    25.4849 1.2506e+00     29.228          1      14108    1481.05 2.7071e+02  51665.680    587.801 1563970950       0.18     -0.468   40.09527  -71.56944    32.9262  1025.6264    25.4931     8.2260 0.0000e+00
     28.000     8.3142    32.7655  1025.6022     2.3246     6.1087     92.102    0.00445    6.63254    6.63833      8.060     1.6034   11.95009   3.442177 5.5919e-01    25.4735    25.4731 1.5193e+00     28.219          1      14172    1481.36 2.7177e+02  51647.118    590.450 1563970952      -0.06     -0.411   40.09526  -71.56944    32.9294  1025.6116    25.4830     8.3114 0.0000e+00
     27.000     8.4351    32.7691  1025.5823     2.3422     6.1279     93.074    0.00593    6.58405    6.58919      8.066     1.7877   11.86940   3.452951 6.8813e-01    25.4583    25.4579 1.8606e+00     27.204          1      14248    1481.80 2.7033e+02  51624.117    593.625 1563970955      -0.01     -0.244   40.09526  -71.56946    32.9311  1025.5903    25.4663     8.4323 0.0000e+00
     26.000     8.4471    32.7776  1025.5826     2.3588     6.1433     94.352    0.01028    6.51106    6.51517      8.071     1.8862   11.74871   3.455044 8.2922e-01    25.4632    25.4628 2.2434e+00     26.206          1      14282    1481.84 -9.990e-29  51632.904    595.046 1563970957      -0.51     -0.658   40.09524  -71.56946    32.9425  1025.5928    25.4734     8.4444 0.0000e+00
     25.000     8.8534    32.8127  1025.5429     2.3917     6.2965     96.788    0.01637    6.50558    6.50962      8.090     2.0347   11.73952   3.496669 1.0361e+00    25.4284    25.4280 2.7817e+00     25.199          1      14328    1483.38 2.6828e+02  51593.712    596.942 1563970959       0.15     -0.605   40.09524  -71.56946    33.0021  1025.5722    25.4577     8.8508 0.0000e+00
     24.000     9.3003    32.8386  1025.4888     2.4516     6.4169     99.358    0.01424    6.45836    6.46173      8.129     2.0342   11.66153   3.538614 1.3091e+00    25.3791    25.3787 3.5135e+00     24.179          1      14417    1485.05 2.6838e+02  51535.348    600.676 1563970962      -0.79     -0.317   40.09524  -71.56946    33.0260  1025.5165    25.4069     9.2977 0.0000e+00
     23.000     9.5330    32.8124  1025.4261     2.4763     6.4894    100.811    0.01643    6.43738    6.44044      8.136     1.9768   11.62715   3.556392 1.6124e+00    25.3209    25.3205 4.3219e+00     23.189          1      14451    1485.85 2.6806e+02  51449.499    602.100 1563970964      -0.29     -0.671   40.09523  -71.56946    32.9956  1025.4510    25.3459     9.5305 0.0000e+00
     22.000     9.7707    32.7820  1025.3590     2.5253     6.6487    103.583    0.01946    6.41871    6.42150      8.146     1.9381   11.59645   3.574603 1.9110e+00    25.2587    25.2583 5.1213e+00     22.180          1      14515    1486.67 2.6801e+02  51360.756    604.766 1563970967      -0.39     -0.532   40.09522  -71.56946    32.9650  1025.3839    25.2835     9.7683 0.0000e+00
     21.000     9.9357    32.7663  1025.3149     2.5747     6.6574    104.788    0.01103    6.35325    6.35515      8.154     1.8225   11.48815   3.586531 2.3805e+00    25.2192    25.2188 6.2986e+00     21.159          1      14604    1487.23 2.6453e+02  51305.755    608.477 1563970970      -0.22     -0.221   40.09522  -71.56946    32.9367  1025.3301    25.2344     9.9333 0.0000e+00
     20.000    10.2215    32.7737  1025.2680     2.5988     6.6751    105.913    0.01138    6.30263    6.30391      8.161     1.6879   11.40379   3.614234 2.8141e+00    25.1770    25.1766 7.4355e+00     20.155          1      14657    1488.25 2.6422e+02  51262.524    610.667 1563970972       0.09     -0.438   40.09520  -71.56946    32.9586  1025.2945    25.2035    10.2192 0.0000e+00
     19.000    10.5072    32.8041  1025.2384     2.6300     6.7541    107.824    0.01505    6.26402    6.26480      8.169     1.6818   11.33986   3.643812 3.4115e+00    25.1520    25.1516 9.0015e+00     19.153          1      14708    1489.29 2.6389e+02  51252.898    612.776 1563970975      -0.13     -0.523   40.09520  -71.56946    32.9985  1025.2723    25.1859    10.5049 0.0000e+00
     18.000    11.3035    32.8564  1025.1341     2.7199     6.8029    113.380    0.03062    6.00008    5.99760      8.189     1.2718   10.90208   3.723218 4.0148e+00    25.0526    25.0522 1.0478e+01     18.137          1      14807    1492.15 2.6095e+02  51189.198    616.921 1563970979      -0.44     -0.273   40.09520  -71.56947    33.0735  1025.1857    25.1042    11.3013 0.0000e+00
     17.000    13.2008    32.9105  1024.8103     2.8420     6.6654    119.503    0.04668    5.58495    5.57798      8.196     0.7725   10.21572   3.908543 4.5752e+00    24.7342    24.7337 1.1924e+01     17.133          1      14879    1498.66 2.6066e+02  50989.257    619.927 1563970982      -0.17     -0.341   40.09519  -71.56947    33.1876  1024.9086    24.8323    13.1985 0.0000e+00
     16.000    16.4497    32.6791  1023.9183     2.8480     6.2482    115.071   -0.00371    5.43013    5.42156      8.197     0.6298    9.95952   4.193387 5.2271e+00    23.8474    23.8468 1.3511e+01     16.127          1      14949    1508.64 2.5852e+02  50338.670    622.814 1563970985      -0.04     -0.440   40.09518  -71.56948    33.0242  1024.0693    23.9985    16.4472 0.0000e+00
     15.000    18.5077    32.5263  1023.3191     2.7841     5.9971    110.957   -0.01463    5.40478    5.39601      8.203     0.4926    9.91647   4.361724 6.0182e+00    23.2532    23.2525 1.5384e+01     15.124          1      15043    1514.70 2.5565e+02  49956.668    626.733 1563970989      -0.44     -0.410   40.09516  -71.56948    32.8013  1023.4169    23.3509    18.5050 0.0000e+00
     14.000    19.6351    32.5303  1023.0348     2.7718     5.8121    109.101   -0.02881    5.32751    5.31809      8.213     0.3852    9.78876   4.465727 6.3254e+00    22.9736    22.9729 1.5660e+01     14.127          1      15479    1517.92 2.4757e+02  49895.563    644.899 1563971007      -0.42     -0.760   40.09512  -71.56949    32.7753  1023.1094    23.0481    19.6325 0.0000e+00
     13.000    20.4681    32.5071  1022.7962     2.7543     5.6123    108.922   -0.01850    5.15258    5.14187      8.226     0.2841    9.49803   4.535622 6.5639e+00    22.7393    22.7386 1.5460e+01     13.106          1      16157    1520.21 2.3552e+02  49821.604    673.184 1563971035      -0.07     -0.622   40.09506  -71.56952    32.6971  1022.8289    22.7722    20.4657 0.0000e+00
     12.000    20.9967    32.5398  1022.6758     2.7194     5.4450    107.158   -0.01852    5.08130    5.07014      8.220     0.2525    9.37984   4.592415 7.0749e+00    22.6236    22.6230 1.6766e+01     12.093          1      16196    1521.67 2.3698e+02  49844.096    674.787 1563971037      -0.68     -0.693   40.09506  -71.56952    32.7466  1022.7209    22.6687    20.9944 0.0000e+00
     11.000    21.4386    32.5061  1022.5263     2.6794     5.2905    104.069   -0.03421    5.08372    5.07258      8.219     0.2328    9.38382   4.630152 7.7182e+00    22.4785    22.4780 1.8290e+01     11.096          1      16219    1522.81 2.3697e+02  49780.515    675.769 1563971038      -0.03     -1.008   40.09506  -71.56952    32.7092  1022.5686    22.5208    21.4365 0.0000e+00
     10.000    21.8254    32.4517  1022.3750     2.6397     5.2746    103.773   -0.01138    5.08282    5.07167 -9.990e-29     0.2106    9.38234   4.657908 8.5678e+00    22.3317    22.3311 2.0303e+01     10.076          1      16293    1523.77 2.3697e+02  49691.028    678.821 1563971041      -0.42     -0.305   40.09504  -71.56952    32.6350  1022.4023    22.3589    21.8235 0.0000e+00
      9.000    21.8109    32.4525  1022.3751     2.6400     5.3038    104.362   -0.00335    5.08217    5.07101      8.221     0.2145    9.38125   4.655591 9.1318e+00    22.3360    22.3356 2.1589e+01      9.076          1      16337    1523.71 2.3640e+02  49692.204    680.648 1563971043      -0.09     -0.630   40.09504  -71.56952    32.6282  1022.3968    22.3577    21.8091 0.0000e+00
      8.000    21.8237    32.4510  1022.3661     2.6386     5.3117    104.524   -0.00006    5.08184    5.07069      8.221     0.2235    9.38068   4.655652 1.0653e+01    22.3314    22.3309 2.5244e+01      8.062          1      16398    1523.73 2.3697e+02  49689.279    683.218 1563971045      -0.37     -0.334   40.09504  -71.56952    32.6194  1022.3821    22.3474    21.8221 0.0000e+00
      7.000    21.8268    32.4551  1022.3639     2.6420     5.3248    104.786    0.00159    5.08166    5.07051      8.221     0.2228    9.38036   4.655807 1.2146e+01    22.3335    22.3331 2.8783e+01      7.050          1      16468    1523.72 2.3697e+02  49694.372    686.145 1563971048      -0.26     -0.304   40.09502  -71.56952    32.6185  1022.3762    22.3458    21.8255 0.0000e+00
      6.000    21.8242    32.4562  1022.3611     2.6408     5.3148    104.591   -0.00031    5.08152    5.07036 -9.990e-29     0.2253    9.38011   4.655449 1.3107e+01    22.3350    22.3347 3.1058e+01      6.059          1      16502    1523.70 2.3697e+02  49695.432    687.545 1563971049      -0.33     -0.753   40.09502  -71.56953    32.6180  1022.3723    22.3461    21.8230 0.0000e+00
