CalculateIndicators/WaterTemperature/Data/CTD_NYOS/NYOS190726_5_6.cnv
* Sea-Bird SBE 9 Data File:
* FileName = C:\Seabird 9 CTD\Data\2019\201907_offshore\NYOS190726_5_6.hex
* Software Version Seasave V 7.23.2
* Temperature SN = 4590
* Conductivity SN = 3228
* Number of Bytes Per Scan = 44
* Number of Voltage Words = 5
* Number of Scans Averaged by the Deck Unit = 1
* NMEA Latitude = 39 01.09 N
* NMEA Longitude = 072 33.17 W
* NMEA UTC (Time) = Jul 27 2019  00:18:59
* NMEA baud rate = 4800
** Ship: Seawolf
** Station: 5-6
** Operator: lis
# nquan = 35
# nvalues = 1167                        
# units = specified
# name 0 = depSM: Depth [salt water, m]
# name 1 = t090C: Temperature [ITS-90, deg C]
# name 2 = sal00: Salinity, Practical [PSU]
# name 3 = density00: Density [density, kg/m^3]
# name 4 = sbeox0V: Oxygen raw, SBE 43 [V]
# name 5 = sbeox0ML/L: Oxygen, SBE 43 [ml/l]
# name 6 = sbeox0PS: Oxygen, SBE 43 [% saturation]
# name 7 = sbox0dV/dT: Oxygen, SBE 43 [dov/dt]
# name 8 = oxsolML/L: Oxygen Saturation, Garcia & Gordon [ml/l]
# name 9 = oxsatML/L: Oxygen Saturation, Weiss [ml/l]
# name 10 = ph: pH
# name 11 = flECO-AFL: Fluorescence, WET Labs ECO-AFL/FL [mg/m^3]
# name 12 = n2satML/L: Nitrogen Saturation [ml/l]
# name 13 = c0S/m: Conductivity [S/m]
# name 14 = cpar: CPAR/Corrected Irradiance [%]
# name 15 = sigma-é00: Density [sigma-theta, kg/m^3]
# name 16 = sigma-t00: Density [sigma-t, kg/m^3 ]
# name 17 = par: PAR/Irradiance, Biospherical/Licor
# name 18 = prDM: Pressure, Digiquartz [db]
# name 19 = pumps: Pump Status
# name 20 = scan: Scan Count
# name 21 = svCM: Sound Velocity [Chen-Millero, m/s]
# name 22 = spar: SPAR, Biospherical/Licor
# name 23 = specc: Specific Conductance [uS/cm]
# name 24 = timeS: Time, Elapsed [seconds]
# name 25 = timeY: Time, System [seconds]
# name 26 = accM: Acceleration [m/s^2]
# name 27 = dz/dtM: Descent Rate [m/s]
# name 28 = latitude: Latitude [deg]
# name 29 = longitude: Longitude [deg]
# name 30 = gsw_saA0: Absolute Salinity [g/kg]
# name 31 = gsw_densityA0: density, TEOS-10 [density, kg/m^3]
# name 32 = gsw_sigma0A0: density, TEOS-10 [sigma-0, kg/m^3 ]
# name 33 = gsw_ptA0: potential temperature [ITS-90, deg C]
# name 34 = flag: flag
# span 0 =      2.000,    585.000       
# span 1 =     5.9856,    26.6468       
# span 2 =    33.4912,    35.8889       
# span 3 =  1021.7021,  1030.3045       
# span 4 =     1.4012,     2.8245       
# span 5 =     2.8621,     5.9058       
# span 6 =     46.432,    115.164       
# span 7 =   -0.04006,    0.04410       
# span 8 =    4.64699,    6.90796       
# span 9 =    4.63491,    6.92092       
# span 10 =      7.905,      8.274      
# span 11 =    -0.0745,     0.6332      
# span 12 =    8.64184,   12.37684      
# span 13 =   3.467108,   5.405222      
# span 14 = -3.609e+03, 1.0314e+05      
# span 15 =    21.6936,    27.6087      
# span 16 =    21.6935,    27.6020      
# span 17 = 1.0000e-12, 6.9816e-01      
# span 18 =      2.017,    590.295      
# span 19 =          1,          1      
# span 20 =        259,      33526      
# span 21 =    1484.43,    1537.11      
# span 22 = -1.198e-01, 6.1919e+00      
# span 23 =  51007.324,  55944.721      
# span 24 =     10.763,   1396.859      
# span 25 = 1564186750, 1564188136      
# span 26 =      -0.60,       0.56      
# span 27 =     -1.738,      1.357      
# span 28 =   39.01432,   39.01814      
# span 29 =  -72.55306,  -72.55220      
# span 30 =    33.6528,    36.0650      
# span 31 =  1021.7069,  1030.3076      
# span 32 =    21.6983,    27.6107      
# span 33 =     5.9331,    26.6464      
# span 34 = 0.0000e+00, 0.0000e+00      
# interval = meters: 1                  
# start_time = Jul 27 2019 00:19:00 [System UTC, first data scan.]
# bad_flag = -9.990e-29
*END*
[from data line 705]
    463.000     7.3076    35.1072  1029.5880     1.6017     3.9206     58.560   -0.00127    6.69503    6.70445      7.942    -0.0358   12.02497   3.588128 2.4564e+01    27.4663    27.4598 1.0000e-12    467.060          1      19023    1487.66 3.9480e+00  55522.723    792.594 1564187532       0.06     -0.515   39.01628  -72.55240    35.2789  1029.5942    27.4726     7.2617 0.0000e+00
    462.000     7.3224    35.1088  1029.5825     1.5985     3.9021     58.316   -0.00162    6.69127    6.70064      7.942    -0.0335   12.01875   3.589573 2.5320e-11    27.4655    27.4590 1.0000e-12    466.048          1      19072    1487.70 3.9495e+00  55520.276    794.610 1564187534      -0.07     -0.493   39.01628  -72.55240    35.2803  1029.5884    27.4716     7.2766 0.0000e+00
    461.000     7.3408    35.1092  1029.5754     1.5965     3.8965     58.244   -0.00139    6.68997    6.69931      7.942    -0.0456   12.01660   3.591327 3.2709e+03    27.4632    27.4566 1.0000e-12    465.038          1      19108    1487.75 3.6265e+00  55514.844    796.105 1564187536      -0.12     -0.647   39.01626  -72.55240    35.2813  1029.5818    27.4697     7.2950 0.0000e+00
    460.000     7.3563    35.1109  1029.5697     1.5950     3.8923     58.184   -0.00123    6.68967    6.69901      7.942    -0.0382   12.01610   3.592826 1.6169e+02    27.4623    27.4557 1.0000e-12    464.035          1      19139    1487.80 3.9335e+00  55512.161    797.429 1564187537       0.00     -0.760   39.01626  -72.55240    35.2824  1029.5758    27.4684     7.3106 0.0000e+00
    459.000     7.3676    35.1106  1029.5631     1.5925     3.8833     58.070   -0.00107    6.68730    6.69660      7.942    -0.0341   12.01217   3.593718 3.2409e+04    27.4604    27.4539 1.0000e-12    463.020          1      19193    1487.83 2.5735e+00  55507.856    799.682 1564187539       0.13     -0.432   39.01626  -72.55240    35.2812  1029.5685    27.4658     7.3219 0.0000e+00
    458.000     7.3784    35.1114  1029.5575     1.5910     3.8797     58.048   -0.00065    6.68363    6.69287      7.942    -0.0364   12.00609   3.594757 7.9147e+04    27.4595    27.4529 1.0000e-12    462.009          1      19247    1487.85 7.0287e-01  55505.245    801.937 1564187541      -0.07     -0.469   39.01626  -72.55240    35.2821  1029.5630    27.4650     7.3328 0.0000e+00
    457.000     7.3900    35.1126  1029.5522     1.5902     3.8777     58.044   -0.00041    6.68066    6.68985 -9.990e-29    -0.0443   12.00120   3.595895 2.6644e+03    27.4588    27.4523 1.0000e-12    461.006          1      19286    1487.88 3.8327e+00  55503.094    803.547 1564187543      -0.15     -0.597   39.01624  -72.55239    35.2832  1029.5575    27.4642     7.3445 0.0000e+00
    456.000     7.4440    35.1159  1029.5418     1.5829     3.8480     57.627   -0.00066    6.67735    6.68649      7.946    -0.0357   11.99571   3.601092 2.5311e-11    27.4536    27.4470 1.0000e-12    459.992          1      19768    1488.08 3.9502e+00  55491.880    823.614 1564187563       0.09     -0.266   39.01619  -72.55235    35.2858  1029.5466    27.4584     7.3983 0.0000e+00
    455.000     7.4705    35.1171  1029.5342     1.5801     3.8391     57.555    0.00007    6.67043    6.67946      7.947    -0.0257   11.98427   3.603585 2.5320e-11    27.4508    27.4442 1.0000e-12    458.977          1      20093    1488.16 3.9495e+00  55485.588    837.180 1564187577      -0.15     -0.252   39.01616  -72.55234    35.2866  1029.5386    27.4553     7.4249 0.0000e+00
    454.000     7.4811    35.1173  1029.5280     1.5799     3.8319     57.454   -0.00043    6.66954    6.67856      7.947    -0.0390   11.98283   3.604555 2.5320e-11    27.4493    27.4427 1.0000e-12    457.973          1      20095    1488.19 3.9495e+00  55482.064    837.270 1564187577      -0.14     -0.635   39.01614  -72.55234    35.2869  1029.5326    27.4539     7.4356 0.0000e+00
    453.000     7.4919    35.1171  1029.5216     1.5783     3.8195     57.276   -0.00093    6.66862    6.67762      7.947    -0.0299   11.98128   3.605515 2.5320e-11    27.4476    27.4410 1.0000e-12    456.964          1      20135    1488.21 3.9495e+00  55478.135    838.923 1564187578       0.06     -0.626   39.01614  -72.55234    35.2870  1029.5264    27.4524     7.4464 0.0000e+00
    452.000     7.5020    35.1158  1029.5145     1.5768     3.8130     57.218   -0.00072    6.66393    6.67285      7.946 -9.990e-29   11.97356   3.606264 2.5320e-11    27.4452    27.4386 1.0000e-12    455.949          1      20184    1488.23 3.9495e+00  55472.851    840.942 1564187580       0.03     -0.486   39.01614  -72.55234    35.2854  1029.5191    27.4498     7.4565 0.0000e+00
    451.000     7.5146    35.1174  1029.5092     1.5756     3.8041     57.135   -0.00073    6.65803    6.66687      7.946    -0.0289   11.96379   3.607616 -9.990e-29    27.4445    27.4379 1.0000e-12    454.943          1      20224    1488.26 3.9495e+00  55470.832    842.615 1564187582      -0.06     -0.599   39.01613  -72.55234    35.2878  1029.5144    27.4498     7.4692 0.0000e+00
    450.000     7.5416    35.1158  1029.4992     1.5739     3.7911     57.006   -0.00086    6.65027    6.65898 -9.990e-29    -0.0280   11.95095   3.610016 -9.990e-29    27.4393    27.4328 1.0000e-12    453.916          1      20262    1488.35 3.9495e+00  55460.371    844.229 1564187584      -0.05     -0.596   39.01612  -72.55234    35.2871  1029.5050    27.4454     7.4963 0.0000e+00
    449.000     7.5555    35.1203  1029.4960     1.5726     3.7799     56.851   -0.00131    6.64882    6.65751 -9.990e-29    -0.0363   11.94858   3.611782 -9.990e-29    27.4409    27.4343 1.0000e-12    452.924          1      20282    1488.39 3.9495e+00  55462.237    845.042 1564187585      -0.46     -0.881   39.01612  -72.55234    35.2928  1029.5028    27.4478     7.5102 0.0000e+00
    448.000     7.5854    35.1197  1029.4863     1.5703     3.7629     56.604   -0.00203    6.64787    6.65654 -9.990e-29    -0.0343   11.94700   3.614502 2.5320e-11    27.4360    27.4294 1.0000e-12    451.910          1      20302    1488.49 3.9495e+00  55452.397    845.895 1564187585      -0.16     -1.170   39.01612  -72.55234    35.2927  1029.4935    27.4433     7.5401 0.0000e+00
    447.000     7.6104    35.1217  1029.4794     1.5685     3.7485     56.408   -0.00258    6.64540    6.65403 -9.990e-29    -0.0283   11.94291   3.617062 2.5320e-11    27.4340    27.4274 1.0000e-12    450.903          1      20322    1488.57 3.9495e+00  55447.847    846.706 1564187586      -0.04     -1.209   39.01612  -72.55234    35.2957  1029.4874    27.4421     7.5651 0.0000e+00
    446.000     7.6295    35.1206  1029.4709     1.5664     3.7427     56.330   -0.00233    6.64434    6.65295 -9.990e-29    -0.0286   11.94116   3.618564 2.5320e-11    27.4303    27.4237 1.0000e-12    449.896          1      20342    1488.62 3.9495e+00  55440.267    847.558 1564187587       0.04     -1.224   39.01611  -72.55234    35.2932  1029.4779    27.4373     7.5843 0.0000e+00
    445.000     7.6404    35.1209  1029.4649     1.5639     3.7310     56.160   -0.00251    6.64354    6.65215 -9.990e-29    -0.0199   11.93983   3.619468 2.5320e-11    27.4289    27.4223 1.0000e-12    448.883          1      20366    1488.65 3.9495e+00  55436.930    848.537 1564187588       0.15     -1.118   39.01610  -72.55234    35.2925  1029.4711    27.4352     7.5952 0.0000e+00
    444.000     7.6554    35.1220  1029.4589     1.5624     3.7301     56.154   -0.00202    6.64273    6.65132 -9.990e-29    -0.0412   11.93849   3.621063 2.5320e-11    27.4276    27.4210 1.0000e-12    447.869          1      20390    1488.69 3.9495e+00  55433.865    849.534 1564187589       0.03     -1.004   39.01610  -72.55234    35.2951  1029.4661    27.4350     7.6103 0.0000e+00
    443.000     7.6647    35.1224  1029.4532     1.5606     3.7270     56.111   -0.00168    6.64224    6.65082 -9.990e-29    -0.0404   11.93768   3.621785 2.5320e-11    27.4266    27.4200 1.0000e-12    446.860          1      20410    1488.71 3.9495e+00  55431.171    850.392 1564187590      -0.17     -1.071   39.01610  -72.55234    35.2941  1029.4593    27.4328     7.6197 0.0000e+00
    442.000     7.6682    35.1230  1029.4485     1.5596     3.7214     56.035   -0.00177    6.64111    6.64968 -9.990e-29    -0.0410   11.93581   3.622106 -9.990e-29    27.4265    27.4199 1.0000e-12    445.858          1      20429    1488.71 3.9495e+00  55430.251    851.178 1564187591      -0.14     -1.210   39.01610  -72.55234    35.2945  1029.4546    27.4326     7.6233 0.0000e+00
    441.000     7.6737    35.1235  1029.4435     1.5586     3.7211     56.051   -0.00130    6.63888    6.64740 -9.990e-29    -0.0329   11.93212   3.622616 -9.990e-29    27.4261    27.4195 1.0000e-12    444.847          1      20451    1488.71 3.9495e+00  55428.938    852.083 1564187592       0.12     -1.218   39.01610  -72.55234    35.2950  1029.4495    27.4322     7.6288 0.0000e+00
    440.000     7.6785    35.1234  1029.4380     1.5576     3.7178     56.028   -0.00101    6.63564    6.64412 -9.990e-29    -0.0350   11.92677   3.622959 -9.990e-29    27.4253    27.4187 1.0000e-12    443.830          1      20476    1488.71 3.9495e+00  55426.670    853.113 1564187593       0.15     -1.039   39.01610  -72.55234    35.2943  1029.4437    27.4310     7.6337 0.0000e+00
    439.000     7.6843    35.1240  1029.4330     1.5568     3.7143     55.984   -0.00097    6.63455    6.64300 -9.990e-29    -0.0342   11.92497   3.623566 2.5320e-11    27.4249    27.4183 1.0000e-12    442.818          1      20498    1488.72 3.9495e+00  55425.267    854.025 1564187594      -0.11     -1.016   39.01608  -72.55234    35.2955  1029.4391    27.4310     7.6396 0.0000e+00
    438.000     7.6955    35.1238  1029.4266     1.5562     3.7135     55.967   -0.00085    6.63511    6.64358 -9.990e-29    -0.0283   11.92587   3.624566 2.5320e-11    27.4231    27.4166 1.0000e-12    441.809          1      20516    1488.75 3.9495e+00  55421.331    854.778 1564187594      -0.27     -1.171   39.01608  -72.55234    35.2956  1029.4328    27.4294     7.6509 0.0000e+00
    437.000     7.7094    35.1249  1029.4206     1.5552     3.7075     55.888   -0.00098    6.63376    6.64220      7.944    -0.0276   11.92368   3.625982 2.5320e-11    27.4219    27.4153 1.0000e-12    440.807          1      20532    1488.78 3.9495e+00  55418.370    855.457 1564187595      -0.23     -1.351   39.01608  -72.55234    35.2974  1029.4276    27.4288     7.6648 0.0000e+00
    436.000     7.7241    35.1251  1029.4140     1.5543     3.7005     55.794   -0.00126    6.63247    6.64089      7.945    -0.0375   11.92153   3.627348 2.5320e-11    27.4199    27.4134 1.0000e-12    439.804          1      20550    1488.82 3.9495e+00  55414.013    856.197 1564187596       0.01     -1.434   39.01608  -72.55234    35.2978  1029.4210    27.4270     7.6796 0.0000e+00
    435.000     7.7271    35.1251  1029.4089     1.5535     3.6991     55.788   -0.00096    6.63058    6.63898      7.945    -0.0253   11.91840   3.627382 2.5320e-11    27.4194    27.4129 1.0000e-12    438.790          1      20574    1488.82 3.9495e+00  55412.431    857.203 1564187597       0.35     -1.206   39.01608  -72.55234    35.2956  1029.4143    27.4248     7.6827 0.0000e+00
    434.000     7.7363    35.1247  1029.4026     1.5517     3.6822     55.608   -0.00133    6.62180    6.63006      7.945    -0.0265   11.90390   3.628252 2.5320e-11    27.4177    27.4112 1.0000e-12    437.772          1      20605    1488.83 3.9495e+00  55408.731    858.501 1564187598       0.16     -0.821   39.01607  -72.55234    35.2963  1029.4087    27.4240     7.6920 0.0000e+00
    433.000     7.7474    35.1247  1029.3963     1.5508     3.6834     55.629   -0.00085    6.62128    6.62953      7.944    -0.0283   11.90304   3.629189 -9.990e-29    27.4161    27.4096 1.0000e-12    436.752          1      20632    1488.86 3.9495e+00  55404.956    859.633 1564187599      -0.17     -0.807   39.01606  -72.55234    35.2957  1029.4019    27.4219     7.7031 0.0000e+00
    432.000     7.7576    35.1280  1029.3926     1.5492     3.6734     55.483   -0.00119    6.62067    6.62891      7.944    -0.0276   11.90200   3.630654 -9.990e-29    27.4172    27.4107 1.0000e-12    435.747          1      20650    1488.89 3.9495e+00  55406.308    860.365 1564187600      -0.44     -1.043   39.01606  -72.55234    35.3018  1029.4005    27.4251     7.7134 0.0000e+00
    431.000     7.7941    35.1288  1029.3830     1.5481     3.6614     55.322   -0.00181    6.61824    6.62645      7.942    -0.0341   11.89798   3.634263 -9.990e-29    27.4124    27.4059 1.0000e-12    434.747          1      20665    1489.01 3.9495e+00  55396.976    860.989 1564187600      -0.46     -1.342   39.01606  -72.55234    35.3045  1029.3924    27.4219     7.7499 0.0000e+00
    430.000     7.8211    35.1273  1029.3730     1.5464     3.6505     55.173   -0.00212    6.61655    6.62472      7.943    -0.0419   11.89518   3.636353 -9.990e-29    27.4072    27.4007 1.0000e-12    433.743          1      20680    1489.09 3.9495e+00  55386.775    861.626 1564187601      -0.18     -1.550   39.01606  -72.55234    35.3004  1029.3804    27.4147     7.7769 0.0000e+00
    429.000     7.8173    35.1264  1029.3683     1.5451     3.6433     55.087   -0.00219    6.61374    6.62187      7.944    -0.0509   11.89055   3.635791 2.5320e-11    27.4070    27.4005 1.0000e-12    432.738          1      20698    1489.06 3.9495e+00  55385.828    862.383 1564187602       0.20     -1.524   39.01606  -72.55234    35.2987  1029.3751    27.4139     7.7732 0.0000e+00
    428.000     7.8266    35.1300  1029.3651     1.5433     3.6409     55.070   -0.00167    6.61142    6.61951      7.943    -0.0341   11.88671   3.636936 2.5320e-11    27.4085    27.4020 1.0000e-12    431.718          1      20724    1489.08 3.9495e+00  55387.731    863.447 1564187603       0.39     -1.140   39.01606  -72.55234    35.3022  1029.3717    27.4152     7.7826 0.0000e+00
    427.000     7.8492    35.1312  1029.3579     1.5410     3.6271     54.879   -0.00198    6.60917    6.61724      7.943    -0.0273   11.88300   3.639210 2.5320e-11    27.4062    27.3996 1.0000e-12    430.704          1      20752    1489.15 3.9495e+00  55382.916    864.616 1564187604       0.05     -0.868   39.01604  -72.55234    35.3045  1029.3654    27.4137     7.8052 0.0000e+00
    426.000     7.8730    35.1306  1029.3491     1.5392     3.6180     54.775   -0.00195    6.60522    6.61322      7.941    -0.0160   11.87647   3.641328 2.5320e-11    27.4021    27.3956 1.0000e-12    429.692          1      20776    1489.23 3.9495e+00  55374.842    865.625 1564187605      -0.14     -0.924   39.01604  -72.55234    35.3039  1029.3566    27.4097     7.8291 0.0000e+00
    425.000     7.8835    35.1309  1029.3431     1.5374     3.6128     54.692   -0.00185    6.60570    6.61371      7.942    -0.0379   11.87724   3.642188 2.6385e+03    27.4008    27.3942 1.0000e-12    428.683          1      20796    1489.25 3.8453e+00  55371.787    866.461 1564187606      -0.21     -1.077   39.01604  -72.55234    35.3030  1029.3497    27.4074     7.8397 0.0000e+00
    424.000     7.8893    35.1322  1029.3386     1.5360     3.6045     54.579   -0.00204    6.60427    6.61225      7.942    -0.0398   11.87488   3.642862 9.5838e+04    27.4009    27.3944 1.0000e-12    427.677          1      20814    1489.26 1.6432e-01  55371.429    867.199 1564187607      -0.21     -1.241   39.01604  -72.55234    35.3049  1029.3457    27.4081     7.8456 0.0000e+00
    423.000     7.9060    35.1329  1029.3319     1.5338     3.5937     54.426   -0.00226    6.60299    6.61095      7.942    -0.0400   11.87276   3.644587 9.9949e+04    27.3989    27.3924 1.0000e-12    426.670          1      20831    1489.30 1.9608e-03  55367.223    867.925 1564187607      -0.10     -1.357   39.01604  -72.55234    35.3072  1029.3403    27.4074     7.8623 0.0000e+00
