CalculateIndicators/WaterTemperature/Data/CTD_NYOS/NYOS190725_4_3.cnv
* Sea-Bird SBE 9 Data File:
* FileName = C:\Seabird 9 CTD\Data\2019\201907_offshore\NYOS190725_4_3.hex
* Software Version Seasave V 7.23.2
* Temperature SN = 4590
* Conductivity SN = 3228
* Number of Bytes Per Scan = 44
* Number of Voltage Words = 5
* Number of Scans Averaged by the Deck Unit = 1
* NMEA Latitude = 40 06.06 N
* NMEA Longitude = 072 36.39 W
* NMEA UTC (Time) = Jul 25 2019  23:40:35
* NMEA baud rate = 4800
** Ship: seawolf
** Station: 4-3
** Operator: lissssss
# nquan = 35
# nvalues = 96                          
# units = specified
# name 0 = depSM: Depth [salt water, m]
# name 1 = t090C: Temperature [ITS-90, deg C]
# name 2 = sal00: Salinity, Practical [PSU]
# name 3 = density00: Density [density, kg/m^3]
# name 4 = sbeox0V: Oxygen raw, SBE 43 [V]
# name 5 = sbeox0ML/L: Oxygen, SBE 43 [ml/l]
# name 6 = sbeox0PS: Oxygen, SBE 43 [% saturation]
# name 7 = sbox0dV/dT: Oxygen, SBE 43 [dov/dt]
# name 8 = oxsolML/L: Oxygen Saturation, Garcia & Gordon [ml/l]
# name 9 = oxsatML/L: Oxygen Saturation, Weiss [ml/l]
# name 10 = ph: pH
# name 11 = flECO-AFL: Fluorescence, WET Labs ECO-AFL/FL [mg/m^3]
# name 12 = n2satML/L: Nitrogen Saturation [ml/l]
# name 13 = c0S/m: Conductivity [S/m]
# name 14 = cpar: CPAR/Corrected Irradiance [%]
# name 15 = sigma-é00: Density [sigma-theta, kg/m^3]
# name 16 = sigma-t00: Density [sigma-t, kg/m^3 ]
# name 17 = par: PAR/Irradiance, Biospherical/Licor
# name 18 = prDM: Pressure, Digiquartz [db]
# name 19 = pumps: Pump Status
# name 20 = scan: Scan Count
# name 21 = svCM: Sound Velocity [Chen-Millero, m/s]
# name 22 = spar: SPAR, Biospherical/Licor
# name 23 = specc: Specific Conductance [uS/cm]
# name 24 = timeS: Time, Elapsed [seconds]
# name 25 = timeY: Time, System [seconds]
# name 26 = accM: Acceleration [m/s^2]
# name 27 = dz/dtM: Descent Rate [m/s]
# name 28 = latitude: Latitude [deg]
# name 29 = longitude: Longitude [deg]
# name 30 = gsw_saA0: Absolute Salinity [g/kg]
# name 31 = gsw_densityA0: density, TEOS-10 [density, kg/m^3]
# name 32 = gsw_sigma0A0: density, TEOS-10 [sigma-0, kg/m^3 ]
# name 33 = gsw_ptA0: potential temperature [ITS-90, deg C]
# name 34 = flag: flag
# span 0 =      1.000,     49.000       
# span 1 =     6.6113,    25.7297       
# span 2 =    30.6140,    32.7048       
# span 3 =  1019.8343,  1025.8735       
# span 4 =     1.6844,     2.9270       
# span 5 =     2.7458,     7.6494       
# span 6 =     57.186,    120.705       
# span 7 =   -0.10731,    0.24398       
# span 8 =    4.79028,    6.91682       
# span 9 =    4.77781,    6.92676       
# span 10 =      7.873,      8.228      
# span 11 =     0.0441,     1.1825      
# span 12 =    8.91047,   12.42105      
# span 13 =   3.285154,   4.813384      
# span 14 = -2.204e-07, 8.7008e+01      
# span 15 =    19.8214,    25.6598      
# span 16 =    19.8212,    25.6593      
# span 17 = -2.481e-07, 8.6179e+01      
# span 18 =      1.008,     49.384      
# span 19 =          0,          1      
# span 20 =        225,       7790      
# span 21 =    1474.96,    1531.74      
# span 22 = 9.7952e+01, 1.2042e+02      
# span 23 =  47088.011,  51991.072      
# span 24 =      9.331,    324.559      
# span 25 = 1564098045, 1564098360      
# span 26 =      -0.37,       0.26      
# span 27 =     -0.922,      0.902      
# span 28 =   40.10110,   40.10180      
# span 29 =  -72.60645,  -72.60524      
# span 30 =    30.7584,    32.8389      
# span 31 =  1019.8359,  1025.8708      
# span 32 =    19.8230,    25.6484      
# span 33 =     6.6071,    25.7295      
# span 34 = 0.0000e+00, 0.0000e+00      
# interval = meters: 1                  
# start_time = Jul 25 2019 23:40:36 [System UTC, first data scan.]
# bad_flag = -9.990e-29
*END*
[from data line 83]
     13.000    22.1295    31.3457  1021.4641     2.7347     5.2198    105.994   -0.04534    4.92417    4.91199      8.125     0.1019    9.13201   4.556773 5.4667e+00    21.4077    21.4070 5.5730e+00     13.101          1       6115    1523.40 1.0201e+02  48166.880    254.743 1564098291       0.17     -0.532   40.10163  -72.60553    31.6203  1021.5643    21.5078    22.1270 0.0000e+00
     12.000    23.4701    31.1427  1020.9295     2.6383     4.9257    101.195   -0.04716    4.86759    4.85524      8.120     0.0900    9.03905   4.655444 6.1577e+00    20.8776    20.8769 6.2752e+00     12.091          1       6164    1526.64 1.0190e+02  47851.862    256.809 1564098293      -0.17     -0.486   40.10164  -72.60552    31.4127  1021.0260    20.9741    23.4676 0.0000e+00
     11.000    24.4266    30.9620  1020.5106     2.5796     4.7990     98.838   -0.03919    4.85544    4.84306      8.116     0.0789    9.01890   4.719060 6.8737e+00    20.4632    20.4625 7.1824e+00     11.088          1       6203    1528.84 1.0458e+02  47584.844    258.413 1564098294       0.03     -0.625   40.10164  -72.60552    31.2171  1020.5960    20.5486    24.4243 0.0000e+00
     10.000    24.8616    30.8801  1020.3162     2.5441     4.7618     98.598   -0.01489    4.82952    4.81708      8.114     0.0769    8.97613   4.744840 8.3819e+00    20.2730    20.2724 8.2078e+00     10.073          1       6253    1529.81 9.7952e+01  47464.788    260.481 1564098296       0.02     -0.462   40.10164  -72.60551    31.1063  1020.3798    20.3368    24.8595 0.0000e+00
      9.000    25.0375    30.8736  1020.2544     2.5237     4.7144     97.646   -0.01423    4.82808    4.81564 -9.990e-29     0.0703    8.97365   4.759600 8.1663e+00    20.2156    20.2151 8.5144e+00      9.075          1       6289    1530.21 1.0439e+02  47453.731    261.980 1564098298      -0.08     -0.649   40.10164  -72.60550    31.0939  1020.3135    20.2747    25.0355 0.0000e+00
      8.000    25.3310    30.8473  1020.1421     2.5156     4.7076     97.793   -0.00477    4.81392    4.80147      8.129     0.0619    8.94995   4.776212 9.6510e+00    20.1078    20.1072 9.9256e+00      8.062          1       6695    1530.88 1.0280e+02  47413.529    278.931 1564098315      -0.14     -0.355   40.10169  -72.60544    31.0145  1020.1613    20.1269    25.3293 0.0000e+00
      7.000    25.3313    30.8629  1020.1494     2.5190     4.7069     98.107   -0.00166    4.79769    4.78522      8.134     0.0567    8.92296   4.776230 1.0884e+01    20.1193    20.1189 1.1177e+01      7.053          1       6937    1530.88 1.0269e+02  47434.563    288.988 1564098325      -0.21     -0.745   40.10172  -72.60540    31.0147  1020.1570    20.1269    25.3298 0.0000e+00
      6.000    25.4910    30.8573  1020.0925     2.5218     4.7186     98.398    0.00107    4.79543    4.78296 -9.990e-29     0.0549    8.91918   4.791231 1.2387e+01    20.0667    20.0663 1.2544e+01      6.049          1       6961    1531.24 1.0130e+02  47424.694    290.003 1564098326      -0.05     -0.873   40.10172  -72.60539    31.0151  1020.1046    20.0788    25.4897 0.0000e+00
      5.000    25.6210    30.8535  1020.0459     2.5238     4.7216     98.519    0.00170    4.79259    4.78012 -9.990e-29     0.0461    8.91440   4.802621 1.4447e+01    20.0244    20.0241 1.4202e+01      5.042          1       6996    1531.53 9.8384e+01  47417.937    291.466 1564098327       0.17     -0.746   40.10172  -72.60538    31.0095  1020.0566    20.0351    25.6199 0.0000e+00
      4.000    25.6937    30.8549  1020.0206     2.5265     4.7254     98.605    0.00126    4.79225    4.77978      8.134     0.0461    8.91377   4.809389 1.6053e+01    20.0034    20.0031 1.6613e+01      4.030          1       7045    1531.69 1.0343e+02  47418.777    293.502 1564098329       0.02     -0.481   40.10172  -72.60537    31.0093  1020.0299    20.0128    25.6929 0.0000e+00
      3.000    25.7154    30.8592  1020.0129     2.5257     4.7177     98.473   -0.00010    4.79088    4.77841      8.135     0.0531    8.91148   4.811616 2.1614e+01    20.0000    19.9998 2.2447e+01      3.019          1       7090    1531.73 1.0391e+02  47424.129    295.366 1564098331      -0.06     -0.533   40.10172  -72.60536    31.0110  1020.0202    20.0073    25.7148 0.0000e+00
      2.000    25.7179    30.8631  1020.0106     2.5239     4.7089     98.300   -0.00152    4.79028    4.77781      8.137     0.0441    8.91047   4.812167 2.9885e+01    20.0020    20.0019 3.0606e+01      2.022          1       7123    1531.72 1.0253e+02  47428.934    296.732 1564098333      -0.03     -0.707   40.10173  -72.60536    31.0136  1020.0171    20.0085    25.7174 0.0000e+00
      1.000    25.7297    30.8681  1020.0064     2.5201     5.2357     98.253   -0.00043    5.32793    5.31460      8.148     1.1825    9.98051   4.813384 8.7008e+01    20.0022    20.0021 8.6179e+01      1.008          1       7790    1531.74 9.9495e+01  47435.420    324.559 1564098360      -0.15     -0.413   40.10180  -72.60524    31.0146  1020.0098    20.0055    25.7295 0.0000e+00
