CalculateIndicators/WaterTemperature/Data/CTD_NYOS/NYOS1910_C08.cnv
* Sea-Bird SBE 9 Data File:
* FileName = C:\Seabird 9 CTD\Data\2019\201910_offhore\NYOS1910_C08.hex
* Software Version Seasave V 7.23.2
* Temperature SN = 4590
* Conductivity SN = 3228
* Number of Bytes Per Scan = 44
* Number of Voltage Words = 5
* Number of Scans Averaged by the Deck Unit = 1
* NMEA Latitude = 40 16.99 N
* NMEA Longitude = 071 58.69 W
* NMEA UTC (Time) = Oct 07 2019  02:47:03
* NMEA baud rate = 4800
** Ship: seawolf
** Station: 2.3
** Operator: SW
# nquan = 35
# nvalues = 108                         
# units = specified
# name 0 = depSM: Depth [salt water, m]
# name 1 = t090C: Temperature [ITS-90, deg C]
# name 2 = sal00: Salinity, Practical [PSU]
# name 3 = density00: Density [density, kg/m^3]
# name 4 = sbeox0V: Oxygen raw, SBE 43 [V]
# name 5 = sbeox0ML/L: Oxygen, SBE 43 [ml/l]
# name 6 = sbeox0PS: Oxygen, SBE 43 [% saturation]
# name 7 = sbox0dV/dT: Oxygen, SBE 43 [dov/dt]
# name 8 = oxsolML/L: Oxygen Saturation, Garcia & Gordon [ml/l]
# name 9 = oxsatML/L: Oxygen Saturation, Weiss [ml/l]
# name 10 = ph: pH
# name 11 = flECO-AFL: Fluorescence, WET Labs ECO-AFL/FL [mg/m^3]
# name 12 = n2satML/L: Nitrogen Saturation [ml/l]
# name 13 = c0S/m: Conductivity [S/m]
# name 14 = cpar: CPAR/Corrected Irradiance [%]
# name 15 = sigma-é00: Density [sigma-theta, kg/m^3]
# name 16 = sigma-t00: Density [sigma-t, kg/m^3 ]
# name 17 = par: PAR/Irradiance, Biospherical/Licor
# name 18 = prDM: Pressure, Digiquartz [db]
# name 19 = pumps: Pump Status
# name 20 = scan: Scan Count
# name 21 = svCM: Sound Velocity [Chen-Millero, m/s]
# name 22 = spar: SPAR, Biospherical/Licor
# name 23 = specc: Specific Conductance [uS/cm]
# name 24 = timeS: Time, Elapsed [seconds]
# name 25 = timeY: Time, System [seconds]
# name 26 = accM: Acceleration [m/s^2]
# name 27 = dz/dtM: Descent Rate [m/s]
# name 28 = latitude: Latitude [deg]
# name 29 = longitude: Longitude [deg]
# name 30 = gsw_saA0: Absolute Salinity [g/kg]
# name 31 = gsw_densityA0: density, TEOS-10 [density, kg/m^3]
# name 32 = gsw_sigma0A0: density, TEOS-10 [sigma-0, kg/m^3 ]
# name 33 = gsw_ptA0: potential temperature [ITS-90, deg C]
# name 34 = flag: flag
# span 0 =      1.000,     55.000       
# span 1 =    11.5062,    21.0877       
# span 2 =    33.4836,    34.8773       
# span 3 =  1024.1037,  1025.9031       
# span 4 =     1.9508,     2.5253       
# span 5 =     4.4026,     5.7723       
# span 6 =     71.440,     99.182       
# span 7 =   -0.03354,    0.04673       
# span 8 =    5.07947,    6.16879       
# span 9 =    5.06900,    6.16897       
# span 10 =      8.014,      8.281      
# span 11 =     0.0808,     1.7471      
# span 12 =    9.35389,   11.17312      
# span 13 =   3.811687,   4.876353      
# span 14 = -9.648e+02, 1.2757e+05      
# span 15 =    24.0951,    25.6547      
# span 16 =    24.0949,    25.6535      
# span 17 = 1.0000e-12, 3.7614e-01      
# span 18 =      1.005,     55.400      
# span 19 =          1,          1      
# span 20 =          3,      14662      
# span 21 =    1494.41,    1524.76      
# span 22 = -1.089e+00, 3.9891e+00      
# span 23 =  51924.503,  53062.237      
# span 24 =      0.099,    610.880      
# span 25 = 1570416423, 1570417034      
# span 26 =      -1.20,       0.98      
# span 27 =     -1.184,      1.213      
# span 28 =   40.28321,   40.28529      
# span 29 =  -71.97820,  -71.97673      
# span 30 =    33.5469,    35.0732      
# span 31 =  1024.1085,  1025.8991      
# span 32 =    24.0999,    25.6509      
# span 33 =    11.4993,    21.0809      
# span 34 = 0.0000e+00, 0.0000e+00      
# interval = meters: 1                  
# start_time = Oct 07 2019 02:47:03 [System UTC, first data scan.]
# bad_flag = -9.990e-29
*END*
[from data line 42]
     44.000    17.0653    34.2160  1025.0916     2.2920     4.9156     87.375   -0.01430    5.62613    5.62016      8.209     0.2585   10.26887   4.396071 9.9167e+04    24.8978    24.8961 1.0000e-12     44.344          1       2550    1512.86 8.8191e-01  52393.540    106.212 1570416529      -0.00      0.395   40.28356  -71.97794    34.2715  1025.0156    24.8217    17.0580 0.0000e+00
     45.000    15.9871    34.0653  1025.2325     2.2499     4.9036     85.349   -0.01466    5.74537    5.74060      8.180     0.2438   10.46855   4.276265 1.8482e+04    25.0333    25.0317 1.0000e-12     45.356          1       2619    1509.43 3.2860e+00  52282.391    109.075 1570416532      -0.03      0.400   40.28357  -71.97793    34.1379  1025.1699    24.9707    15.9800 0.0000e+00
     46.000    15.3529    33.9322  1025.2769     2.2255     4.8498     84.152   -0.01472    5.76313    5.75855      8.167     0.2445   10.49801   4.198929 -3.099e+02    25.0728    25.0712 1.0000e-12     46.363          1       2662    1507.31 3.9603e+00  52164.009    110.859 1570416534       0.28      0.564   40.28358  -71.97792    33.9901  1025.2034    24.9992    15.3458 0.0000e+00
     47.000    14.7963    33.8639  1025.3508     2.2174     4.8841     84.650   -0.00611    5.76982    5.76531      8.164     0.2535   10.50935   4.141705 2.5320e-11    25.1417    25.1402 1.0000e-12     47.364          1       2708    1505.49 3.9495e+00  52130.132    112.808 1570416536       0.11      0.606   40.28358  -71.97792    33.9528  1025.3010    25.0919    14.7893 0.0000e+00
     48.000    14.6715    33.8355  1025.3604     2.2049     4.8813     84.256   -0.00436    5.79338    5.78911      8.155     0.2683   10.54875   4.129430 2.5320e-11    25.1467    25.1452 1.0000e-12     48.377          1       2792    1505.07 3.9495e+00  52105.522    116.296 1570416539       0.58      0.520   40.28360  -71.97790    33.9488  1025.3295    25.1158    14.6644 0.0000e+00
     49.000    14.5458    33.8178  1025.3782     2.1973     4.8883     83.901   -0.00450    5.82643    5.82250      8.153     0.2721   10.60420   4.116457 5.5954e+04    25.1599    25.1584 1.0000e-12     49.382          1       2833    1504.67 1.7156e+00  52095.799    118.016 1570416541      -0.10      0.577   40.28361  -71.97790    33.9391  1025.3535    25.1352    14.5385 0.0000e+00
     50.000    14.1343    33.7347  1025.4057     2.1405     4.8492     79.205   -0.02294    6.12267    6.12216      8.124     0.2423   11.09797   4.066649 1.0537e+05    25.1827    25.1812 1.0000e-12     50.399          1       2922    1503.26 -2.080e-01  52030.859    121.726 1570416545       0.10      0.172   40.28362  -71.97790    33.8384  1025.3677    25.1445    14.1271 0.0000e+00
     51.000    12.7464    33.5268  1025.5307     2.0777     4.6050     74.832   -0.03354    6.15391    6.15385      8.096     0.2305   11.14897   3.905829 1.0777e+04    25.3013    25.3000 1.0000e-12     51.401          1       2963    1498.44 3.4064e+00  51924.503    123.418 1570416546       0.26      0.576   40.28362  -71.97789    33.5469  1025.4284    25.1993    12.7396 0.0000e+00
     52.000    11.8256    33.5292  1025.7147     2.0460     4.5837     74.502   -0.02314    6.15250    6.15241      8.094     0.2167   11.14691   3.825984 5.1526e+03    25.4803    25.4791 1.0000e-12     52.403          1       3001    1495.33 3.7003e+00  52067.328    124.989 1570416548      -0.02      0.672   40.28363  -71.97788    33.5999  1025.6509    25.4163    11.8190 0.0000e+00
     53.000    11.5869    33.5591  1025.7876     2.0020     4.5412     73.668   -0.01213    6.16440    6.16458      8.063     0.1512   11.16489   3.811687 9.4839e+04    25.5484    25.5471 1.0000e-12     53.415          1       3111    1494.56 2.0174e-01  52146.416    129.599 1570416553       0.26      0.533   40.28365  -71.97787    33.6757  1025.7589    25.5196    11.5803 0.0000e+00
     54.000    11.5181    33.6396  1025.8674     1.9718     4.4026     71.440   -0.01806    6.16274    6.16286      8.058     0.1352   11.16261   3.814967 9.9999e+04    25.6236    25.6223 1.0000e-12     54.436          1       3155    1494.44 0.0000e+00  52270.190    131.417 1570416554       0.06      0.568   40.28366  -71.97786    33.7702  1025.8493    25.6054    11.5114 0.0000e+00
     55.000    11.5062    33.6768  1025.9031     1.9508     4.4095     71.503   -0.00883    6.16683    6.16696      8.057     0.1509   11.17016   3.819580 2.3678e+03    25.6547    25.6535 1.0000e-12     55.400          1       4139    1494.46 3.8009e+00  52324.916    172.401 1570416595      -0.55      0.866   40.28379  -71.97771    33.8262  1025.8991    25.6509    11.4993 0.0000e+00
     54.000    11.5185    33.6342  1025.8631     1.9557     4.5085     73.086    0.00217    6.16879    6.16897 -9.990e-29     0.1601   11.17312   3.817232 1.2125e+02    25.6193    25.6180 1.0000e-12     54.426          1       4625    1494.43 3.9444e+00  52262.683    192.676 1570416616      -1.20     -0.340   40.28386  -71.97764    33.7922  1025.8662    25.6224    11.5117 0.0000e+00
     53.000    11.5405    33.5633  1025.7994     1.9747     4.5930     74.589    0.00702    6.15790    6.15790      8.014     0.2004   11.15561   3.812089 2.5320e-11    25.5601    25.5589 1.0000e-12     53.424          1       4874    1494.41 3.9495e+00  52159.608    203.052 1570416626      -0.15     -0.470   40.28390  -71.97762    33.7219  1025.8032    25.5639    11.5338 0.0000e+00
     52.000    11.6489    33.4836  1025.7128     2.0391     4.5857     78.521    0.01851    5.84008    5.83632      8.029     0.2339   10.62674   3.814753 2.5320e-11    25.4781    25.4769 1.0000e-12     52.400          1       5139    1494.67 3.9495e+00  52030.161    214.064 1570416637      -0.22     -0.163   40.28394  -71.97760    33.6499  1025.7229    25.4883    11.6424 0.0000e+00
     51.000    11.8853    33.5420  1025.7093     2.1011     4.9291     84.568    0.04673    5.82829    5.82435      8.058     0.2601   10.60801   3.849345 -9.990e-29    25.4800    25.4787 1.0000e-12     51.393          1       5143    1495.53 3.9495e+00  52075.799    214.270 1570416637      -0.46     -0.655   40.28394  -71.97760    33.7746  1025.7705    25.5406    11.8788 0.0000e+00
     50.000    13.3866    33.7304  1025.5544     2.1383     5.0114     85.618    0.03842    5.85301    5.84936      8.071     0.2665   10.64883   4.016479 2.5320e-11    25.3304    25.3290 1.0000e-12     50.408          1       5180    1500.78 3.9495e+00  52122.320    215.808 1570416639      -0.22     -0.899   40.28394  -71.97760    34.0284  1025.6656    25.4417    13.3796 0.0000e+00
     49.000    14.3357    33.7694  1025.3856     2.1935     4.8724     85.402    0.01369    5.70532    5.70011      8.087     0.2386   10.40202   4.102478 2.5320e-11    25.1670    25.1655 1.0000e-12     49.382          1       5284    1503.93 3.9495e+00  52052.839    220.140 1570416643      -0.78     -0.734   40.28396  -71.97760    33.9943  1025.4405    25.2221    14.3285 0.0000e+00
     48.000    14.5414    33.7911  1025.3541     2.2059     4.9298     86.178    0.01509    5.72049    5.71543      8.093     0.2396   10.42747   4.122988 2.5320e-11    25.1403    25.1388 1.0000e-12     48.388          1       5304    1504.61 3.9495e+00  52059.383    220.941 1570416644      -0.38     -1.184   40.28396  -71.97760    34.0034  1025.3994    25.1855    14.5344 0.0000e+00
     47.000    14.9125    33.8519  1025.3161     2.2238     4.8865     86.584    0.01170    5.64485    5.63908      8.100     0.2494   10.30041   4.166713 2.9046e+04    25.1072    25.1056 1.0000e-12     47.377          1       5354    1505.84 3.0846e+00  52101.228    223.025 1570416646       0.13     -0.843   40.28397  -71.97760    34.0797  1025.3730    25.1640    14.9055 0.0000e+00
     46.000    15.4404    33.9521  1025.2729     2.2805     4.9201     90.222    0.02454    5.45291    5.44527      8.114     0.2421    9.97983   4.227016 -9.990e-29    25.0687    25.0671 1.0000e-12     46.357          1       5439    1507.61 3.9757e+00  52181.280    226.600 1570416650      -0.58     -0.549   40.28398  -71.97760    34.1684  1025.3206    25.1166    15.4333 0.0000e+00
     45.000    16.0124    34.0756  1025.2339     2.2976     5.0434     91.345    0.02604    5.52120    5.51421      8.131     0.2554   10.09369   4.302740 -9.990e-29    25.0347    25.0331 1.0000e-12     45.365          1       5462    1509.51 3.9495e+00  52294.220    227.548 1570416651      -0.14     -0.945   40.28400  -71.97760    34.3515  1025.3268    25.1277    16.0053 0.0000e+00
     44.000    17.6502    34.3898  1025.0867     2.3615     4.9257     93.653    0.02406    5.26352    5.25443      8.155     0.2423    9.66099   4.501709 2.5320e-11    24.8934    24.8916 1.0000e-12     44.341          1       5572    1514.82 3.9495e+00  52581.173    232.126 1570416655      -0.36     -0.507   40.28402  -71.97758    34.6931  1025.1991    25.0058    17.6427 0.0000e+00
     43.000    18.2062    34.4509  1024.9910     2.3963     5.0232     96.138    0.03354    5.22498    5.21554      8.170     0.2736    9.59645   4.560540 2.5320e-11    24.8025    24.8007 1.0000e-12     43.345          1       5607    1516.49 3.9495e+00  52624.910    233.573 1570416657      -0.60     -0.992   40.28402  -71.97758    34.7225  1025.0788    24.8902    18.1988 0.0000e+00
     42.000    19.4703    34.7089  1024.8615     2.4052     4.9487     94.629    0.00963    5.22963    5.22023      8.182     0.2817    9.60402   4.715962 2.5885e-11    24.6783    24.6763 1.0000e-12     42.339          1       5716    1520.36 3.9139e+00  52893.472    238.107 1570416661      -0.08     -0.609   40.28404  -71.97758    34.9651  1024.9364    24.7531    19.4626 0.0000e+00
     41.000    19.8175    34.7995  1024.8373     2.4193     4.9389     94.882    0.00505    5.20621    5.19667      8.204     0.2651    9.56460   4.753680 2.7560e-11    24.6587    24.6567 1.0000e-12     41.336          1       6405    1521.43 3.9529e+00  52994.962    266.838 1570416690      -0.36     -0.752   40.28414  -71.97756    34.9893  1024.8612    24.6826    19.8100 0.0000e+00
     40.000    19.9053    34.7996  1024.8098     2.4513     4.9942     97.458    0.01957    5.12454    5.11441      8.227     0.2654    9.42783   4.765991 2.8310e-11    24.6357    24.6338 1.0000e-12     40.324          1       7331    1521.66 3.9495e+00  52989.672    305.423 1570416728      -0.04     -1.083   40.28427  -71.97752    35.0179  1024.8553    24.6811    19.8979 0.0000e+00
     39.000    20.5354    34.8741  1024.6949     2.4731     4.9900     97.717    0.00971    5.10666    5.09641      8.239     0.2370    9.39810   4.836581 2.4922e-11    24.5256    24.5236 1.0000e-12     39.306          1       7437    1523.46 3.9495e+00  53057.795    309.840 1570416733      -0.17     -0.546   40.28428  -71.97752    35.0732  1024.7254    24.5560    20.5281 0.0000e+00
     38.000    20.6739    34.8502  1024.6350     2.4828     4.9899     97.930    0.00670    5.09537    5.08503      8.243     0.2067    9.37939   4.846994 2.5320e-11    24.4700    24.4681 1.0000e-12     38.305          1       7488    1523.80 3.9495e+00  53017.198    311.972 1570416735      -0.62     -0.808   40.28430  -71.97752    35.0436  1024.6612    24.4962    20.6666 0.0000e+00
     37.000    20.8776    34.8627  1024.5850     2.4892     4.9830     97.926    0.00297    5.08857    5.07816      8.246     0.2178    9.36896   4.868634 2.5320e-11    24.4245    24.4226 1.0000e-12     37.298          1       7549    1524.35 3.9495e+00  53023.947    314.505 1570416738      -0.33     -0.683   40.28430  -71.97751    35.0513  1024.6076    24.4470    20.8705 0.0000e+00
     36.000    20.9733    34.8433  1024.5399     2.4947     4.9854     98.062    0.00151    5.08391    5.07344      8.252     0.1939    9.36219   4.875131 -9.990e-29    24.3837    24.3819 1.0000e-12     36.288          1       7604    1524.57 3.9495e+00  52992.816    316.787 1570416740      -0.67     -0.814   40.28430  -71.97750    35.0254  1024.5576    24.4014    20.9664 0.0000e+00
     35.000    21.0603    34.7425  1024.4351     2.4998     5.0038     98.326    0.00183    5.08901    5.07856      8.254     0.1685    9.37121   4.870475 2.5320e-11    24.2833    24.2815 1.0000e-12     35.280          1       7655    1524.67 3.9495e+00  52851.879    318.931 1570416742      -0.04     -0.659   40.28431  -71.97750    34.9170  1024.4473    24.2955    21.0536 0.0000e+00
     34.000    21.0425    34.6304  1024.3503     2.5068     5.0309     98.731    0.00270    5.09551    5.08508      8.256     0.1346    9.38275   4.853525 2.5320e-11    24.2028    24.2010 1.0000e-12     34.269          1       7723    1524.48 3.9495e+00  52700.375    321.747 1570416745      -0.38     -0.561   40.28432  -71.97750    34.7954  1024.3558    24.2083    21.0359 0.0000e+00
     33.000    20.9958    34.5443  1024.2931     2.5079     5.0261     98.604    0.00052    5.09728    5.08685      8.257     0.1226    9.38589   4.838339 2.5320e-11    24.1498    24.1481 1.0000e-12     33.257          1       7786    1524.24 3.9495e+00  52584.912    324.374 1570416748       0.12     -0.365   40.28434  -71.97749    34.7116  1024.3006    24.1574    20.9895 0.0000e+00
     32.000    20.9944    34.5456  1024.2901     2.5083     5.0278     98.566   -0.00012    5.10095    5.09054      8.260     0.1190    9.39241   4.838223 -9.990e-29    24.1512    24.1495 1.0000e-12     32.255          1       7836    1524.23 3.9495e+00  52586.336    326.474 1570416750      -0.34     -0.570   40.28434  -71.97748    34.7121  1024.2970    24.1581    20.9883 0.0000e+00
     31.000    20.9681    34.4960  1024.2551     2.5102     5.0369     98.735    0.00105    5.10139    5.09097 -9.990e-29     0.1029    9.39320   4.828868 2.5320e-11    24.1205    24.1189 1.0000e-12     31.239          1       7892    1524.08 3.9495e+00  52519.950    328.799 1570416752       0.21     -0.426   40.28436  -71.97748    34.6585  1024.2592    24.1247    20.9622 0.0000e+00
     30.000    20.9568    34.4795  1024.2411     2.5101     5.0329     98.645    0.00008    5.10205    5.09163      8.262     0.1049    9.39438   4.825922 2.5320e-11    24.1109    24.1093 1.0000e-12     30.236          1       7950    1524.02 3.9495e+00  52497.419    331.197 1570416754      -0.11     -0.418   40.28436  -71.97748    34.6443  1024.2471    24.1169    20.9511 0.0000e+00
     29.000    20.9526    34.4714  1024.2318     2.5162     5.0611     99.182    0.00349    5.10281    5.09239      8.264     0.0943    9.39573   4.824077 2.5320e-11    24.1059    24.1044 1.0000e-12     29.217          1       8014    1523.98 3.9495e+00  52486.397    333.856 1570416757      -0.68     -0.396   40.28436  -71.97748    34.6332  1024.2354    24.1096    20.9470 0.0000e+00
     28.000    20.9459    34.4605  1024.2209     2.5167     5.0534     99.032    0.00120    5.10277    5.09236      8.266     0.1064    9.39567   4.822200 2.5320e-11    24.0994    24.0979 1.0000e-12     28.228          1       8034    1523.93 3.9495e+00  52471.240    334.704 1570416758      -0.45     -0.955   40.28437  -71.97748    34.6239  1024.2259    24.1043    20.9405 0.0000e+00
     27.000    20.9452    34.4579  1024.2147     2.5156     5.0476     98.913    0.00050    5.10303    5.09261      8.266     0.1019    9.39612   4.821795 5.9014e+04    24.0975    24.0961 1.0000e-12     27.215          1       8100    1523.91 1.4981e+00  52467.268    337.439 1570416760       0.03     -0.588   40.28438  -71.97747    34.6215  1024.2198    24.1026    20.9400 0.0000e+00
