CalculateIndicators/WaterTemperature/Data/CTD_NYOS/NYOS190727_5_4.cnv
* Sea-Bird SBE 9 Data File:
* FileName = C:\Seabird 9 CTD\Data\2019\201907_offshore\NYOS190727_5_4.hex
* Software Version Seasave V 7.23.2
* Temperature SN = 4590
* Conductivity SN = 3228
* Number of Bytes Per Scan = 44
* Number of Voltage Words = 5
* Number of Scans Averaged by the Deck Unit = 1
* NMEA Latitude = 39 38.60 N
* NMEA Longitude = 072 47.00 W
* NMEA UTC (Time) = Jul 27 2019  07:20:06
* NMEA baud rate = 4800
** Ship: Seawolf
** Station: 5-4
** Operator: lis
# nquan = 35
# nvalues = 127                         
# units = specified
# name 0 = depSM: Depth [salt water, m]
# name 1 = t090C: Temperature [ITS-90, deg C]
# name 2 = sal00: Salinity, Practical [PSU]
# name 3 = density00: Density [density, kg/m^3]
# name 4 = sbeox0V: Oxygen raw, SBE 43 [V]
# name 5 = sbeox0ML/L: Oxygen, SBE 43 [ml/l]
# name 6 = sbeox0PS: Oxygen, SBE 43 [% saturation]
# name 7 = sbox0dV/dT: Oxygen, SBE 43 [dov/dt]
# name 8 = oxsolML/L: Oxygen Saturation, Garcia & Gordon [ml/l]
# name 9 = oxsatML/L: Oxygen Saturation, Weiss [ml/l]
# name 10 = ph: pH
# name 11 = flECO-AFL: Fluorescence, WET Labs ECO-AFL/FL [mg/m^3]
# name 12 = n2satML/L: Nitrogen Saturation [ml/l]
# name 13 = c0S/m: Conductivity [S/m]
# name 14 = cpar: CPAR/Corrected Irradiance [%]
# name 15 = sigma-é00: Density [sigma-theta, kg/m^3]
# name 16 = sigma-t00: Density [sigma-t, kg/m^3 ]
# name 17 = par: PAR/Irradiance, Biospherical/Licor
# name 18 = prDM: Pressure, Digiquartz [db]
# name 19 = pumps: Pump Status
# name 20 = scan: Scan Count
# name 21 = svCM: Sound Velocity [Chen-Millero, m/s]
# name 22 = spar: SPAR, Biospherical/Licor
# name 23 = specc: Specific Conductance [uS/cm]
# name 24 = timeS: Time, Elapsed [seconds]
# name 25 = timeY: Time, System [seconds]
# name 26 = accM: Acceleration [m/s^2]
# name 27 = dz/dtM: Descent Rate [m/s]
# name 28 = latitude: Latitude [deg]
# name 29 = longitude: Longitude [deg]
# name 30 = gsw_saA0: Absolute Salinity [g/kg]
# name 31 = gsw_densityA0: density, TEOS-10 [density, kg/m^3]
# name 32 = gsw_sigma0A0: density, TEOS-10 [sigma-0, kg/m^3 ]
# name 33 = gsw_ptA0: potential temperature [ITS-90, deg C]
# name 34 = flag: flag
# span 0 =      2.000,     65.000       
# span 1 =     6.6716,    24.7979       
# span 2 =    31.2306,    34.7261       
# span 3 =  1020.5797,  1026.0532       
# span 4 =     1.7623,     2.8167       
# span 5 =     2.9343,     7.0502       
# span 6 =     60.398,    118.740       
# span 7 =   -0.05033,    0.18247       
# span 8 =    4.85277,    6.90031       
# span 9 =    4.84047,    6.91017       
# span 10 =      7.941,      8.223      
# span 11 =     0.0043,     1.1412      
# span 12 =    9.00937,   12.39208      
# span 13 =   3.302468,   4.799827      
# span 14 = -7.686e+03, 1.0070e+05      
# span 15 =    20.5582,    25.7597      
# span 16 =    20.5578,    25.7591      
# span 17 = -5.736e-03, 1.8370e-01      
# span 18 =      2.016,     65.499      
# span 19 =          0,          1      
# span 20 =         46,       8891      
# span 21 =    1475.36,    1530.03      
# span 22 = 3.2974e-01, 4.2720e+00      
# span 23 =  47945.310,  53185.817      
# span 24 =      1.879,    370.406      
# span 25 = 1564212008, 1564212376      
# span 26 =      -0.36,       0.45      
# span 27 =     -0.872,      1.082      
# span 28 =   39.64349,   39.64428      
# span 29 =  -72.78345,  -72.78262      
# span 30 =    31.3782,    34.6748      
# span 31 =  1020.5832,  1026.0555      
# span 32 =    20.5617,    25.7582      
# span 33 =     6.6671,    24.7970      
# span 34 = 0.0000e+00, 0.0000e+00      
# interval = meters: 1                  
# start_time = Jul 27 2019 07:20:06 [System UTC, first data scan.]
# bad_flag = -9.990e-29
*END*
[from data line 42]
     44.000     6.6750    32.8359  1025.9617     2.0507     5.2686     76.369   -0.01305    6.89883    6.90870      7.973     0.0796   12.38934   3.303894 2.5320e-11    25.7579    25.7573 1.0000e-12     44.344          1       2606    1475.41 3.9495e+00  52167.983    108.549 1564212115      -0.04      0.674   39.64366  -72.78338    32.9794  1025.9541    25.7503     6.6712 0.0000e+00
     45.000     6.6765    32.8385  1025.9681     2.0362     5.2404     75.955   -0.01105    6.89932    6.90919      7.970     0.0823   12.39017   3.304516 2.5320e-11    25.7597    25.7591 1.0000e-12     45.351          1       2639    1475.43 3.9495e+00  52171.905    109.932 1564212116       0.07      0.707   39.64366  -72.78338    32.9843  1025.9624    25.7539     6.6726 0.0000e+00
     46.000     6.6785    32.8372  1025.9715     2.0269     5.2481     76.064   -0.00734    6.89957    6.90944 -9.990e-29     0.0753   12.39058   3.304732 2.5320e-11    25.7584    25.7579 1.0000e-12     46.357          1       2674    1475.46 3.9495e+00  52170.284    111.373 1564212117      -0.07      0.721   39.64366  -72.78338    32.9843  1025.9668    25.7537     6.6745 0.0000e+00
     47.000     6.6754    32.8357  1025.9754     2.0204     5.2614     76.252   -0.00404    6.89995    6.90983 -9.990e-29     0.0707   12.39124   3.304544 2.5320e-11    25.7577    25.7571 1.0000e-12     47.369          1       2714    1475.46 3.9495e+00  52169.657    113.023 1564212119       0.01      0.594   39.64366  -72.78338    32.9847  1025.9721    25.7544     6.6713 0.0000e+00
     48.000     6.6742    32.8346  1025.9792     2.0165     5.2618     76.258   -0.00280    6.90009    6.90997 -9.990e-29 -9.990e-29   12.39147   3.304484 -9.990e-29    25.7569    25.7564 1.0000e-12     48.374          1       2750    1475.47 3.9495e+00  52168.999    114.545 1564212121      -0.02      0.667   39.64366  -72.78338    32.9848  1025.9770    25.7547     6.6700 0.0000e+00
     49.000     6.6721    32.8337  1025.9835     2.0145     5.2708     76.387   -0.00137    6.90010    6.90998 -9.990e-29 -9.990e-29   12.39149   3.304371 2.5320e-11    25.7565    25.7560 1.0000e-12     49.388          1       2786    1475.47 3.9495e+00  52169.073    116.052 1564212122       0.09      0.635   39.64366  -72.78338    32.9850  1025.9821    25.7552     6.6678 0.0000e+00
     50.000     6.6718    32.8331  1025.9877     2.0134     5.2695     76.368   -0.00112    6.90011    6.90999 -9.990e-29 -9.990e-29   12.39152   3.304393 2.5320e-11    25.7561    25.7556 1.0000e-12     50.388          1       2813    1475.49 3.9495e+00  52169.014    117.148 1564212123       0.18      0.839   39.64366  -72.78338    32.9851  1025.9868    25.7552     6.6674 0.0000e+00
     51.000     6.6716    32.8324  1025.9918     2.0124     5.2707     76.390   -0.00076    6.89974    6.90961 -9.990e-29     0.0838   12.39090   3.304413 2.7550e-11    25.7556    25.7550 1.0000e-12     51.393          1       2845    1475.50 3.9495e+00  52168.707    118.496 1564212125      -0.15      0.809   39.64366  -72.78337    32.9850  1025.9914    25.7552     6.6671 0.0000e+00
     52.000     6.6720    32.8317  1025.9958 -9.990e-29     5.2785     76.514   -0.00002    6.89878    6.90863 -9.990e-29     0.0870   12.38931   3.304518 2.9145e-11    25.7550    25.7544 1.0000e-12     52.412          1       2895    1475.52 3.9495e+00  52168.309    120.580 1564212127      -0.04      0.439   39.64366  -72.78336    32.9852  1025.9962    25.7554     6.6675 0.0000e+00
     53.000     6.6754    32.8320  1026.0003     2.0116     5.2748     76.480   -0.00012    6.89695    6.90679 -9.990e-29     0.0726   12.38627   3.304940 -9.990e-29    25.7548    25.7542 1.0000e-12     53.417          1       2928    1475.55 3.9495e+00  52168.521    121.951 1564212128       0.28      0.661   39.64366  -72.78336    32.9862  1026.0012    25.7557     6.6707 0.0000e+00
     54.000     6.6779    32.8321  1026.0047     2.0106     5.2611     76.296   -0.00095    6.89571    6.90553 -9.990e-29     0.0711   12.38420   3.305249 -9.990e-29    25.7546    25.7539 1.0000e-12     54.420          1       2954    1475.58 3.9495e+00  52168.651    123.054 1564212129       0.09      0.886   39.64366  -72.78336    32.9867  1026.0058    25.7557     6.6732 0.0000e+00
     55.000     6.6856    32.8335  1026.0094     2.0096     5.2570     76.254   -0.00093    6.89411    6.90390 -9.990e-29     0.0708   12.38154   3.306163 2.5320e-11    25.7547    25.7540 1.0000e-12     55.427          1       2986    1475.63 3.9495e+00  52169.191    124.373 1564212130      -0.13      0.816   39.64366  -72.78336    32.9890  1026.0112    25.7566     6.6807 0.0000e+00
     56.000     6.6982    32.8356  1026.0140     2.0088     5.2587     76.292   -0.00047    6.89284    6.90262      7.954     0.0516   12.37943   3.307536 2.5320e-11    25.7547    25.7540 1.0000e-12     56.438          1       3025    1475.70 3.9495e+00  52169.445    126.002 1564212132      -0.05      0.622   39.64366  -72.78335    32.9915  1026.0162    25.7569     6.6933 0.0000e+00
     57.000     6.7092    32.8371  1026.0184     2.0080     5.2540     76.252   -0.00053    6.89034    6.90007      7.953     0.0514   12.37526   3.308682 2.5320e-11    25.7544    25.7538 1.0000e-12     57.447          1       3065    1475.76 3.9495e+00  52169.288    127.666 1564212134      -0.03      0.610   39.64366  -72.78334    32.9931  1026.0207    25.7567     6.7042 0.0000e+00
     58.000     6.7161    32.8385  1026.0232     2.0062     5.2443     76.112   -0.00095    6.89028    6.90002      7.949     0.0620   12.37517   3.309527 2.5320e-11    25.7546    25.7540 1.0000e-12     58.460          1       3101    1475.80 3.9495e+00  52170.088    129.152 1564212135       0.15      0.635   39.64366  -72.78334    32.9952  1026.0261    25.7575     6.7110 0.0000e+00
     59.000     6.7291    32.8412  1026.0283     2.0047     5.2326     75.943   -0.00159    6.89017    6.89991      7.949     0.0704   12.37500   3.310969 2.5320e-11    25.7551    25.7544 1.0000e-12     59.461          1       3125    1475.87 3.9495e+00  52171.204    130.185 1564212136       0.23      0.867   39.64366  -72.78334    32.9982  1026.0313    25.7582     6.7239 0.0000e+00
     60.000     6.7308    32.8406  1026.0322     2.0040     5.2375     76.013   -0.00089    6.89028    6.90002 -9.990e-29     0.0706   12.37518   3.311036 3.1788e-11    25.7544    25.7537 1.0000e-12     60.463          1       3153    1475.89 3.9495e+00  52170.511    131.317 1564212137      -0.08      0.943   39.64366  -72.78334    32.9969  1026.0347    25.7569     6.7255 0.0000e+00
     61.000     6.7313    32.8400  1026.0363     2.0031     5.2411     76.079   -0.00029    6.88896    6.89867      7.949     0.0557   12.37296   3.311062 2.7379e-11    25.7539    25.7532 1.0000e-12     61.482          1       3210    1475.91 3.7611e+00  52170.298    133.707 1564212140      -0.18      0.373   39.64366  -72.78334    32.9962  1026.0387    25.7563     6.7259 0.0000e+00
     62.000     6.7329    32.8411  1026.0416     2.0023     5.2371     76.046   -0.00033    6.88668    6.89636      7.947     0.0593   12.36918   3.311401 -9.990e-29    25.7545    25.7538 1.0000e-12     62.495          1       3253    1475.94 3.9536e+00  52172.004    135.484 1564212142       0.45      0.552   39.64366  -72.78334    32.9979  1026.0445    25.7575     6.7275 0.0000e+00
     63.000     6.7376    32.8413  1026.0458     2.0013     5.2269     75.887   -0.00104    6.88775    6.89745      7.946     0.0566   12.37098   3.311904 -9.990e-29    25.7541    25.7534 1.0000e-12     63.490          1       3274    1475.97 3.5813e+00  52171.748    136.355 1564212142       0.36      0.954   39.64368  -72.78332    32.9985  1026.0489    25.7573     6.7320 0.0000e+00
     64.000     6.7421    32.8425  1026.0508     1.9999     5.2202     75.780   -0.00127    6.88857    6.89828      7.945     0.0527   12.37235   3.312403 5.0640e-11    25.7545    25.7538 1.0000e-12     64.495          1       3297    1476.01 2.0219e+00  52173.105    137.345 1564212143      -0.05      1.082   39.64368  -72.78332    32.9991  1026.0535    25.7573     6.7365 0.0000e+00
     65.000     6.7460    32.8403  1026.0532     1.9986     5.2253     75.858   -0.00030    6.88828    6.89799      7.944     0.0772   12.37187   3.312541 2.5990e-11    25.7523    25.7515 1.0000e-12     65.499          1       3520    1476.04 4.1240e+00  52169.427    146.632 1564212153      -0.30      0.113   39.64368  -72.78331    32.9964  1026.0555    25.7546     6.7403 0.0000e+00
     64.000     6.7471    32.8404  1026.0484     1.9993     5.2343     75.999    0.00041    6.88733    6.89702      7.943     0.0741   12.37028   3.312568 2.5336e-11    25.7521    25.7514 1.0000e-12     64.506          1       3795    1476.03 3.9487e+00  52168.551    158.064 1564212164      -0.15     -0.362   39.64371  -72.78328    32.9961  1026.0505    25.7542     6.7415 0.0000e+00
     63.000     6.7493    32.8406  1026.0437     1.9994     5.2324     75.962    0.00025    6.88820    6.89790 -9.990e-29     0.0704   12.37175   3.312720 2.5320e-11    25.7520    25.7513 1.0000e-12     63.496          1       4409    1476.02 3.9495e+00  52167.635    183.674 1564212190       0.04     -0.373   39.64377  -72.78323    32.9962  1026.0456    25.7540     6.7438 0.0000e+00
     62.000     6.7463    32.8393  1026.0384     1.9991     5.2277     75.871   -0.00010    6.89021    6.89994 -9.990e-29     0.0636   12.37510   3.312247 2.5320e-11    25.7514    25.7507 1.0000e-12     62.475          1       4574    1475.99 3.9495e+00  52165.907    190.534 1564212197      -0.29     -0.257   39.64378  -72.78322    32.9943  1026.0399    25.7529     6.7409 0.0000e+00
     61.000     6.7380    32.8380  1026.0338     1.9995     5.2340     75.958    0.00034    6.89062    6.90036 -9.990e-29     0.0701   12.37577   3.311374 2.5320e-11    25.7514    25.7507 1.0000e-12     61.479          1       4596    1475.94 3.9495e+00  52165.536    191.478 1564212198      -0.35     -0.753   39.64378  -72.78322    32.9932  1026.0355    25.7531     6.7326 0.0000e+00
     60.000     6.7352    32.8373  1026.0290     1.9994     5.2298     75.892    0.00000    6.89115    6.90089 -9.990e-29     0.0840   12.37666   3.311021 -9.990e-29    25.7513    25.7506 1.0000e-12     60.476          1       4625    1475.91 3.9495e+00  52164.673    192.684 1564212199       0.07     -0.872   39.64380  -72.78322    32.9925  1026.0307    25.7529     6.7299 0.0000e+00
     59.000     6.7303    32.8372  1026.0250     1.9996     5.2315     75.903    0.00008    6.89240    6.90216 -9.990e-29     0.0597   12.37875   3.310542 -9.990e-29    25.7518    25.7511 1.0000e-12     59.461          1       4667    1475.87 3.9495e+00  52165.180    194.434 1564212201       0.13     -0.589   39.64380  -72.78322    32.9924  1026.0266    25.7534     6.7251 0.0000e+00
     58.000     6.7245    32.8356  1026.0198     2.0000     5.2347     75.932    0.00019    6.89400    6.90378 -9.990e-29     0.0711   12.38141   3.309828 2.5320e-11    25.7512    25.7506 1.0000e-12     58.451          1       4709    1475.83 3.9495e+00  52163.704    196.156 1564212202      -0.07     -0.575   39.64380  -72.78321    32.9905  1026.0212    25.7527     6.7195 0.0000e+00
     57.000     6.7192    32.8340  1026.0146     2.0007     5.2419     76.009    0.00051    6.89638    6.90620 -9.990e-29     0.0713   12.38536   3.309159 2.5320e-11    25.7507    25.7500 1.0000e-12     57.446          1       4741    1475.79 3.9495e+00  52162.085    197.488 1564212204      -0.13     -0.713   39.64380  -72.78320    32.9887  1026.0159    25.7520     6.7142 0.0000e+00
     56.000     6.7117    32.8330  1026.0102     2.0018     5.2475     76.082    0.00068    6.89713    6.90696 -9.990e-29     0.0655   12.38664   3.308376 2.5320e-11    25.7509    25.7503 1.0000e-12     56.442          1       4773    1475.74 3.9495e+00  52162.139    198.813 1564212205       0.05     -0.781   39.64380  -72.78320    32.9877  1026.0115    25.7522     6.7068 0.0000e+00
     55.000     6.6966    32.8310  1026.0060     2.0040     5.2633     76.289    0.00135    6.89912    6.90897      7.942     0.0687   12.38995   3.306772 2.5320e-11    25.7513    25.7506 1.0000e-12     55.430          1       4813    1475.67 3.9495e+00  52162.678    200.507 1564212207       0.08     -0.603   39.64382  -72.78320    32.9850  1026.0067    25.7520     6.6918 0.0000e+00
     54.000     6.6898    32.8276  1025.9995     2.0052     5.2601     76.234    0.00071    6.89991    6.90977      7.941     0.0742   12.39127   3.305833 2.5320e-11    25.7494    25.7488 1.0000e-12     54.419          1       4852    1475.62 3.9495e+00  52158.903    202.126 1564212208      -0.08     -0.605   39.64382  -72.78320    32.9818  1026.0004    25.7503     6.6850 0.0000e+00
     53.000     6.6808    32.8261  1025.9949     2.0069     5.2706     76.387    0.00115    6.89992    6.90979      7.942     0.0882   12.39130   3.304882 2.5320e-11    25.7495    25.7489 1.0000e-12     53.414          1       4881    1475.57 3.9495e+00  52158.645    203.332 1564212209      -0.17     -0.767   39.64382  -72.78320    32.9804  1025.9959    25.7504     6.6761 0.0000e+00
     52.000     6.6760    32.8250  1025.9900     2.0074     5.2675     76.340    0.00075    6.90001    6.90988      7.942     0.0904   12.39145   3.304349 6.6587e+03    25.7492    25.7486 1.0000e-12     52.413          1       4912    1475.53 3.6427e+00  52157.607    204.623 1564212211       0.10     -0.821   39.64382  -72.78320    32.9796  1025.9913    25.7504     6.6714 0.0000e+00
     51.000     6.6750    32.8243  1025.9850     2.0083     5.2669     76.329    0.00043    6.90023    6.91010      7.942     0.0759   12.39182   3.304193 4.7414e+04    25.7488    25.7482 1.0000e-12     51.391          1       4966    1475.51 2.0376e+00  52156.231    206.865 1564212213       0.08     -0.378   39.64384  -72.78318    32.9792  1025.9864    25.7503     6.6706 0.0000e+00
     50.000     6.6741    32.8239  1025.9802     2.0086     5.2659     76.315    0.00024    6.90018    6.91005      7.943     0.0818   12.39174   3.304043 6.4050e+04    25.7486    25.7480 1.0000e-12     50.396          1       4997    1475.49 1.2616e+00  52155.187    208.170 1564212214      -0.36     -0.662   39.64384  -72.78318    32.9790  1025.9818    25.7502     6.6697 0.0000e+00
     49.000     6.6743    32.8234  1025.9751     2.0091     5.2679     76.346    0.00036    6.89998    6.90985      7.944     0.0763   12.39141   3.304002 -7.686e+03    25.7482    25.7476 1.0000e-12     49.389          1       5388    1475.47 4.2720e+00  52153.729    224.459 1564212231      -0.05     -0.565   39.64387  -72.78313    32.9789  1025.9770    25.7500     6.6700 0.0000e+00
     48.000     6.6750    32.8232  1025.9701     2.0100     5.2691     76.372    0.00037    6.89929    6.90914      7.945     0.0705   12.39027   3.304026 2.5320e-11    25.7478    25.7473 1.0000e-12     48.374          1       5722    1475.46 3.9495e+00  52152.440    238.386 1564212244      -0.05     -0.656   39.64390  -72.78308    32.9789  1025.9722    25.7499     6.6708 0.0000e+00
     47.000     6.6759    32.8231  1025.9653     2.0095     5.2599     76.235   -0.00030    6.89962    6.90948      7.945     0.0774   12.39082   3.304063 2.5320e-11    25.7476    25.7471 1.0000e-12     47.366          1       5761    1475.44 3.9495e+00  52151.411    239.987 1564212246      -0.01     -0.677   39.64390  -72.78308    32.9789  1025.9675    25.7498     6.6718 0.0000e+00
