CalculateIndicators/WaterTemperature/Data/CTD_NYOS/NYOS190727_5_4.cnv
* Sea-Bird SBE 9 Data File:
* FileName = C:\Seabird 9 CTD\Data\2019\201907_offshore\NYOS190727_5_4.hex
* Software Version Seasave V 7.23.2
* Temperature SN = 4590
* Conductivity SN = 3228
* Number of Bytes Per Scan = 44
* Number of Voltage Words = 5
* Number of Scans Averaged by the Deck Unit = 1
* NMEA Latitude = 39 38.60 N
* NMEA Longitude = 072 47.00 W
* NMEA UTC (Time) = Jul 27 2019  07:20:06
* NMEA baud rate = 4800
** Ship: Seawolf
** Station: 5-4
** Operator: lis
# nquan = 35
# nvalues = 127                         
# units = specified
# name 0 = depSM: Depth [salt water, m]
# name 1 = t090C: Temperature [ITS-90, deg C]
# name 2 = sal00: Salinity, Practical [PSU]
# name 3 = density00: Density [density, kg/m^3]
# name 4 = sbeox0V: Oxygen raw, SBE 43 [V]
# name 5 = sbeox0ML/L: Oxygen, SBE 43 [ml/l]
# name 6 = sbeox0PS: Oxygen, SBE 43 [% saturation]
# name 7 = sbox0dV/dT: Oxygen, SBE 43 [dov/dt]
# name 8 = oxsolML/L: Oxygen Saturation, Garcia & Gordon [ml/l]
# name 9 = oxsatML/L: Oxygen Saturation, Weiss [ml/l]
# name 10 = ph: pH
# name 11 = flECO-AFL: Fluorescence, WET Labs ECO-AFL/FL [mg/m^3]
# name 12 = n2satML/L: Nitrogen Saturation [ml/l]
# name 13 = c0S/m: Conductivity [S/m]
# name 14 = cpar: CPAR/Corrected Irradiance [%]
# name 15 = sigma-é00: Density [sigma-theta, kg/m^3]
# name 16 = sigma-t00: Density [sigma-t, kg/m^3 ]
# name 17 = par: PAR/Irradiance, Biospherical/Licor
# name 18 = prDM: Pressure, Digiquartz [db]
# name 19 = pumps: Pump Status
# name 20 = scan: Scan Count
# name 21 = svCM: Sound Velocity [Chen-Millero, m/s]
# name 22 = spar: SPAR, Biospherical/Licor
# name 23 = specc: Specific Conductance [uS/cm]
# name 24 = timeS: Time, Elapsed [seconds]
# name 25 = timeY: Time, System [seconds]
# name 26 = accM: Acceleration [m/s^2]
# name 27 = dz/dtM: Descent Rate [m/s]
# name 28 = latitude: Latitude [deg]
# name 29 = longitude: Longitude [deg]
# name 30 = gsw_saA0: Absolute Salinity [g/kg]
# name 31 = gsw_densityA0: density, TEOS-10 [density, kg/m^3]
# name 32 = gsw_sigma0A0: density, TEOS-10 [sigma-0, kg/m^3 ]
# name 33 = gsw_ptA0: potential temperature [ITS-90, deg C]
# name 34 = flag: flag
# span 0 =      2.000,     65.000       
# span 1 =     6.6716,    24.7979       
# span 2 =    31.2306,    34.7261       
# span 3 =  1020.5797,  1026.0532       
# span 4 =     1.7623,     2.8167       
# span 5 =     2.9343,     7.0502       
# span 6 =     60.398,    118.740       
# span 7 =   -0.05033,    0.18247       
# span 8 =    4.85277,    6.90031       
# span 9 =    4.84047,    6.91017       
# span 10 =      7.941,      8.223      
# span 11 =     0.0043,     1.1412      
# span 12 =    9.00937,   12.39208      
# span 13 =   3.302468,   4.799827      
# span 14 = -7.686e+03, 1.0070e+05      
# span 15 =    20.5582,    25.7597      
# span 16 =    20.5578,    25.7591      
# span 17 = -5.736e-03, 1.8370e-01      
# span 18 =      2.016,     65.499      
# span 19 =          0,          1      
# span 20 =         46,       8891      
# span 21 =    1475.36,    1530.03      
# span 22 = 3.2974e-01, 4.2720e+00      
# span 23 =  47945.310,  53185.817      
# span 24 =      1.879,    370.406      
# span 25 = 1564212008, 1564212376      
# span 26 =      -0.36,       0.45      
# span 27 =     -0.872,      1.082      
# span 28 =   39.64349,   39.64428      
# span 29 =  -72.78345,  -72.78262      
# span 30 =    31.3782,    34.6748      
# span 31 =  1020.5832,  1026.0555      
# span 32 =    20.5617,    25.7582      
# span 33 =     6.6671,    24.7970      
# span 34 = 0.0000e+00, 0.0000e+00      
# interval = meters: 1                  
# start_time = Jul 27 2019 07:20:06 [System UTC, first data scan.]
# bad_flag = -9.990e-29
*END*
      2.000    24.7911    31.3032  1020.6213     1.9486     3.5004     72.081    0.02308    4.85609    4.84378      8.173     0.0321    9.01590   4.785371 2.2182e+04    20.6127    20.6126 1.2250e-01      2.016          0         46    1529.95 2.7103e+00  48043.784      1.879 1564212008       0.08     -0.015   39.64349  -72.78338    31.4552  1020.6278    20.6192    24.7907 0.0000e+00
      3.000    24.7953    31.3455  1020.6563     1.8141     3.1362     64.568    0.00701    4.85719    4.84487 -9.990e-29     0.0428    9.01819   4.791304 9.7487e+02    20.6434    20.6432 3.7541e-02      3.020          0        377    1530.02 3.8951e+00  48102.133     15.679 1564212022       0.20      0.447   39.64356  -72.78340    31.4956  1020.6612    20.6483    24.7947 0.0000e+00
      4.000    24.7979    31.2810  1020.6113     1.7623     2.9343     60.398   -0.01957    4.85831    4.84599      8.178     0.0222    9.02015   4.782093 -1.452e-01    20.5941    20.5938 -5.736e-03      4.034          0        462    1529.98 3.9495e+00  48014.034     19.190 1564212025      -0.09      0.300   39.64358  -72.78340    31.4258  1020.6124    20.5952    24.7970 0.0000e+00
      5.000    24.7908    31.2306  1020.5797     1.7727     3.0534     62.615    0.00693    4.87626    4.86404      8.179     0.0270    9.04724   4.775003 2.5320e-11    20.5582    20.5578 1.0000e-12      5.044          0        509    1529.92 3.9495e+00  47945.310     21.164 1564212027       0.16      0.553   39.64359  -72.78340    31.3782  1020.5832    20.5617    24.7898 0.0000e+00
      6.000    24.7908    31.2491  1020.5981     1.7994     3.1745     64.920    0.02225    4.88989    4.87772      8.180     0.0390    9.06917   4.778047 2.5320e-11    20.5723    20.5719 1.0000e-12      6.048          0        537    1529.96 3.9495e+00  47971.128     22.319 1564212028       0.23      0.763   39.64360  -72.78340    31.4003  1020.6042    20.5783    24.7895 0.0000e+00
      7.000    24.6356    31.4164  1020.7747     1.8001     3.1330     64.033    0.00782    4.89276    4.88060      8.180     0.0446    9.07379   4.785438 2.5320e-11    20.7445    20.7440 1.0000e-12      7.045          0        565    1529.78 3.9495e+00  48203.161     23.492 1564212029      -0.05      0.884   39.64360  -72.78340    31.5632  1020.7769    20.7468    24.6341 0.0000e+00
      8.000    24.2299    31.6586  1021.0818     1.8824     3.5314     70.287    0.03701    5.02374    5.01222      8.187     0.0662    9.28627   4.778472 2.5320e-11    21.0473    21.0468 1.0000e-12      8.069          0        626    1529.05 3.9495e+00  48542.316     26.033 1564212032      -0.13      0.294   39.64362  -72.78340    31.7968  1021.0770    21.0424    24.2282 0.0000e+00
      9.000    23.8825    31.7985  1021.2930     2.0111     4.0547     79.215    0.06941    5.11789    5.10697      8.191     0.1835    9.44000   4.760931 -9.990e-29    21.2541    21.2535 1.0000e-12      9.070          0        662    1528.35 3.9495e+00  48740.932     27.526 1564212034       0.29      0.640   39.64362  -72.78342    31.9140  1021.2707    21.2319    23.8806 0.0000e+00
     10.000    22.7100    32.1563  1021.9042     2.1191     4.5065     87.417    0.10649    5.15527    5.14461      8.193     0.0784    9.50159   4.691525 2.5320e-11    21.8609    21.8603 1.0000e-12     10.078          0        690    1525.76 3.9495e+00  49259.300     28.700 1564212035       0.07      0.839   39.64363  -72.78342    32.2371  1021.8549    21.8116    22.7080 0.0000e+00
     11.000    21.8242    32.4068  1022.3452     2.1414     4.3373     83.639    0.04068    5.18590    5.17555      8.194     0.0899    9.54899   4.638704 2.5320e-11    22.2974    22.2968 1.0000e-12     11.083          0        718    1523.73 3.9495e+00  49630.043     29.878 1564212036      -0.01      0.864   39.64364  -72.78342    32.4854  1022.2937    22.2460    21.8220 0.0000e+00
     12.000    21.1408    32.5655  1022.6566     2.1470     4.2697     81.568    0.00905    5.23464    5.22480      8.196     0.1025    9.62555   4.593466 2.5320e-11    22.6044    22.6038 1.0000e-12     12.092          0        750    1522.09 3.9495e+00  49873.437     31.216 1564212037      -0.08      0.781   39.64364  -72.78342    32.6448  1022.6051    22.5529    21.1385 0.0000e+00
     13.000    20.4276    33.0114  1023.1902     2.0785     4.0298     74.849   -0.03182    5.38849    5.38037      8.205     0.1154    9.87185   4.581938 2.5320e-11    23.1336    23.1329 1.0000e-12     13.098          0        794    1520.65 3.9495e+00  50515.109     33.055 1564212039      -0.16      0.573   39.64365  -72.78342    33.1048  1023.1478    23.0911    20.4251 0.0000e+00
     14.000    19.2323    33.8223  1024.1238     2.0341     4.2350     74.721   -0.01135    5.66615    5.66083      8.222     0.1118   10.33063   4.561698 -9.990e-29    24.0628    24.0621 1.0000e-12     14.117          0        851    1518.24 3.9495e+00  51686.606     35.424 1564212042       0.21      0.368   39.64366  -72.78342    33.8902  1024.0591    23.9979    19.2298 0.0000e+00
     15.000    17.2491    34.5881  1025.2038     2.1363     4.8011     83.767    0.02910    5.73154    5.72613      8.221     0.1137   10.45486   4.447993 -9.990e-29    25.1374    25.1368 1.0000e-12     15.115          0        878    1513.34 3.9495e+00  52870.876     36.557 1564212043       0.28      0.752   39.64366  -72.78344    34.5813  1025.0789    25.0128    17.2466 0.0000e+00
     16.000    15.8780    34.7261  1025.6335     2.5426     6.7949    118.740    0.18247    5.72533    5.71983      8.221     0.0995   10.44500   4.325194 2.5320e-11    25.5634    25.5628 1.0000e-12     16.113          0       1013    1509.34 3.9495e+00  53185.817     42.157 1564212048       0.01      0.739   39.64369  -72.78344    34.6748  1025.4733    25.4025    15.8755 0.0000e+00
     17.000    14.2377    32.7763  1024.4967     2.7970     6.7064    112.568   -0.01187    5.95668    5.95371      8.223     0.1004   10.83018   3.973546 2.5320e-11    24.4206    24.4201 1.0000e-12     17.132          1       1612    1501.92 3.9495e+00  50674.024     67.146 1564212073       0.07      0.137   39.64371  -72.78345    32.9039  1024.4807    24.4047    14.2353 0.0000e+00
     18.000    13.1896    32.7976  1024.7310     2.7899     7.0502    114.697    0.00829    6.14686    6.14611      8.223     0.1049   11.14601   3.873586 2.5320e-11    24.6502    24.6497 1.0000e-12     18.148          1       1713    1498.52 3.9495e+00  50831.415     71.334 1564212077       0.39      0.396   39.64370  -72.78344    32.8659  1024.6689    24.5880    13.1872 0.0000e+00
     19.000    12.4240    32.7727  1024.8653     2.7916     7.0402    114.436    0.00508    6.15207    6.15147      8.221     0.1070   11.15372   3.802592 -9.990e-29    24.7798    24.7793 1.0000e-12     19.141          1       1734    1495.93 3.9495e+00  50902.304     72.226 1564212078       0.18      0.808   39.64370  -72.78344    32.8546  1024.8133    24.7277    12.4215 0.0000e+00
     20.000    12.0081    32.7927  1024.9643     2.7809     6.9105    112.675   -0.00537    6.13318    6.13246      8.211     0.1177   11.12066   3.768181 -9.990e-29    24.8741    24.8736 1.0000e-12     20.156          1       1775    1494.55 3.9495e+00  50991.363     73.926 1564212080      -0.19      0.625   39.64370  -72.78344    32.8869  1024.9215    24.8312    12.0055 0.0000e+00
     21.000    11.8757    32.9121  1025.0862     2.7455     6.7768    109.225   -0.02048    6.20462    6.20479      8.208     0.1697   11.23914   3.772855 2.5320e-11    24.9915    24.9910 1.0000e-12     21.167          1       1814    1494.25 3.9495e+00  51179.099     75.522 1564212082       0.17      0.598   39.64370  -72.78344    33.0489  1025.0758    24.9810    11.8730 0.0000e+00
     22.000    11.9964    33.0225  1025.1539     2.7142     6.6919    106.735   -0.02861    6.26964    6.27062      8.202     0.2716   11.34722   3.793602 2.5320e-11    25.0546    25.0541 1.0000e-12     22.170          1       1841    1494.82 3.9495e+00  51314.468     76.680 1564212083       0.15      0.812   39.64370  -72.78344    33.1436  1025.1310    25.0317    11.9936 0.0000e+00
     23.000    11.6493    33.0312  1025.2295     2.6925     6.7967    106.853   -0.01963    6.36078    6.36291      8.196     0.3230   11.49893   3.760007 2.5320e-11    25.1256    25.1251 1.0000e-12     23.174          1       1872    1493.64 3.9495e+00  51381.800     77.952 1564212084      -0.09      0.833   39.64369  -72.78344    33.1241  1025.1846    25.0807    11.6464 0.0000e+00
     24.000    10.9662    32.9835  1025.3206     2.6718     6.8608    106.652   -0.01380    6.43282    6.43589      8.192     0.3526   11.61878   3.691847 2.5320e-11    25.2118    25.2113 1.0000e-12     24.188          1       1911    1491.22 3.9495e+00  51427.508     79.585 1564212086      -0.06      0.618   39.64368  -72.78344    33.0628  1025.2649    25.1561    10.9633 0.0000e+00
     25.000    10.1883    32.8979  1025.3931     2.6654     6.9924    107.656   -0.00450    6.49512    6.49901      8.188     0.3363   11.72228   3.612014 2.5320e-11    25.2794    25.2789 1.0000e-12     25.193          1       1949    1488.36 3.9495e+00  51446.884     81.162 1564212087      -0.02      0.644   39.64368  -72.78344    32.9638  1025.3268    25.2130    10.1854 0.0000e+00
     26.000     9.7669    32.8514  1025.4322     2.6557     6.9868    106.981   -0.00639    6.53087    6.53528      8.185     0.3293   11.78123   3.571298 2.5320e-11    25.3136    25.3131 1.0000e-12     26.209          1       1986    1486.80 3.9495e+00  51461.164     82.696 1564212089       0.10      0.619   39.64368  -72.78344    32.9329  1025.3779    25.2593     9.7640 0.0000e+00
     27.000     9.4887    32.8167  1025.4550     2.6478     6.9807    106.574   -0.00675    6.55011    6.55477      8.181     0.3699   11.81323   3.542524 2.5320e-11    25.3317    25.3312 1.0000e-12     27.204          1       2011    1485.76 3.9495e+00  51468.045     83.739 1564212090       0.22      0.855   39.64368  -72.78344    32.8914  1025.3953    25.2720     9.4858 0.0000e+00
     28.000     9.1449    32.8275  1025.5230     2.6260     6.9198    104.774   -0.01260    6.60462    6.61004      8.174     0.4949   11.90356   3.514848 -9.990e-29    25.3950    25.3945 1.0000e-12     28.215          1       2048    1484.53 3.9495e+00  51554.127     85.310 1564212091      -0.23      0.711   39.64368  -72.78342    32.9209  1025.4777    25.3496     9.1419 0.0000e+00
     29.000     8.9095    32.8069  1025.5485     2.6002     6.8628    103.246   -0.01479    6.64700    6.65303      8.162     0.6693   11.97360   3.491330 2.5320e-11    25.4156    25.4151 1.0000e-12     29.230          1       2091    1483.65 3.9495e+00  51574.994     87.069 1564212093       0.21      0.524   39.64368  -72.78342    32.8927  1025.4971    25.3643     8.9065 0.0000e+00
     30.000     8.5835    32.8016  1025.5991     2.5743     6.7826    101.496   -0.01834    6.68270    6.68925      8.148     0.8596   12.03274   3.462966 2.5320e-11    25.4615    25.4610 1.0000e-12     30.229          1       2120    1482.45 3.9495e+00  51639.262     88.302 1564212094       0.08      0.783   39.64366  -72.78342    32.8971  1025.5551    25.4175     8.5804 0.0000e+00
     31.000     8.3584    32.8060  1025.6411     2.5289     6.5910     97.942   -0.02766    6.72968    6.73691      8.114     1.1264   12.11050   3.443618 2.5320e-11    25.4988    25.4983 1.0000e-12     31.243          1       2157    1481.62 3.9495e+00  51696.583     89.846 1564212096      -0.11      0.676   39.64366  -72.78342    32.9020  1025.5974    25.4550     8.3553 0.0000e+00
     32.000     8.1033    32.7946  1025.6747     2.4611     6.2451     92.040   -0.04499    6.78526    6.79330      8.095     1.0393   12.20255   3.420121 2.5320e-11    25.5275    25.5270 1.0000e-12     32.251          1       2190    1480.66 3.9495e+00  51739.617     91.213 1564212097       0.15      0.690   39.64366  -72.78342    32.8905  1025.6308    25.4836     8.1001 0.0000e+00
     33.000     7.8739    32.7942  1025.7124     2.4075     6.0230     88.571   -0.05033    6.80022    6.80848      8.094     0.8993   12.22735   3.400142 -9.990e-29    25.5605    25.5601 1.0000e-12     33.253          1       2219    1479.81 3.9495e+00  51794.187     92.405 1564212098       0.04      0.836   39.64366  -72.78342    32.8918  1025.6696    25.5177     7.8707 0.0000e+00
     34.000     7.5082    32.7688  1025.7491     2.3757     6.1685     90.585   -0.02596    6.80960    6.81801      8.091     0.8376   12.24274   3.365362 -9.990e-29    25.5923    25.5918 1.0000e-12     34.263          1       2254    1478.39 3.9495e+00  51847.905     93.871 1564212100      -0.12      0.724   39.64366  -72.78341    32.8616  1025.7025    25.5456     7.5050 0.0000e+00
     35.000     7.3141    32.7636  1025.7768     2.3478     6.2120     90.807   -0.01528    6.84098    6.84990      8.071     0.6851   12.29432   3.349574 2.5320e-11    25.6151    25.6147 1.0000e-12     35.273          1       2296    1477.66 3.9495e+00  51889.761     95.617 1564212102      -0.03      0.577   39.64366  -72.78340    32.8738  1025.7437    25.5821     7.3109 0.0000e+00
     36.000     7.2532    32.7735  1025.7975     2.3066     5.9834     87.221   -0.02559    6.86002    6.86925      8.048     0.6332   12.32560   3.345589 2.5320e-11    25.6313    25.6308 1.0000e-12     36.284          1       2333    1477.45 3.9495e+00  51920.084     97.148 1564212103       0.12      0.629   39.64366  -72.78340    32.8877  1025.7677    25.6014     7.2499 0.0000e+00
     37.000     7.0870    32.7885  1025.8367     2.2660     5.7783     84.100   -0.03283    6.87085    6.88025      8.037     0.5972   12.34341   3.332406 2.5320e-11    25.6657    25.6652 1.0000e-12     37.286          1       2361    1476.84 3.9495e+00  51985.275     98.325 1564212104       0.12      0.808   39.64366  -72.78340    32.9016  1025.8057    25.6347     7.0837 0.0000e+00
     38.000     6.9630    32.8048  1025.8710     2.2212     5.6255     81.735   -0.03368    6.88267    6.89226      8.022     0.4781   12.36289   3.323732 2.5320e-11    25.6952    25.6947 1.0000e-12     38.293          1       2393    1476.39 3.9495e+00  52041.768     99.681 1564212106      -0.11      0.786   39.64366  -72.78340    32.9246  1025.8451    25.6693     6.9596 0.0000e+00
     39.000     6.8653    32.8125  1025.8948     2.1750     5.5192     80.065   -0.02946    6.89340    6.90316      8.008     0.3701   12.38058   3.316322 2.5320e-11    25.7143    25.7138 1.0000e-12     39.306          1       2431    1476.04 -9.990e-29  52079.484    101.269 1564212107      -0.00      0.624   39.64366  -72.78340    32.9361  1025.8718    25.6913     6.8618 0.0000e+00
     40.000     6.7877    32.8165  1025.9129     2.1416     5.4477     78.967   -0.02570    6.89873    6.90858      8.000     0.2963   12.38936   3.310258 2.5320e-11    25.7277    25.7273 1.0000e-12     40.310          1       2464    1475.76 -9.990e-29  52106.757    102.632 1564212109       0.06      0.722   39.64366  -72.78340    32.9432  1025.8923    25.7071     6.7842 0.0000e+00
     41.000     6.7216    32.8199  1025.9290     2.1114     5.3983     78.233   -0.02064    6.90028    6.91015      7.992     0.2389   12.39184   3.305256 4.5665e-11    25.7391    25.7386 1.0000e-12     41.320          1       2501    1475.52 2.8742e+00  52130.266    104.156 1564212110      -0.07      0.680   39.64366  -72.78340    32.9511  1025.9119    25.7220     6.7180 0.0000e+00
     42.000     6.6826    32.8219  1025.9403     2.0888     5.3730     77.877   -0.01559    6.89936    6.90923      7.985     0.1634   12.39022   3.302512 -9.990e-29    25.7458    25.7453 1.0000e-12     42.328          1       2537    1475.39 3.6455e+00  52144.402    105.657 1564212112       0.05      0.656   39.64366  -72.78340    32.9577  1025.9268    25.7323     6.6789 0.0000e+00
