CalculateIndicators/WaterTemperature/Data/CTD_NYOS/NYOS190726_5_6.cnv
* Sea-Bird SBE 9 Data File:
* FileName = C:\Seabird 9 CTD\Data\2019\201907_offshore\NYOS190726_5_6.hex
* Software Version Seasave V 7.23.2
* Temperature SN = 4590
* Conductivity SN = 3228
* Number of Bytes Per Scan = 44
* Number of Voltage Words = 5
* Number of Scans Averaged by the Deck Unit = 1
* NMEA Latitude = 39 01.09 N
* NMEA Longitude = 072 33.17 W
* NMEA UTC (Time) = Jul 27 2019  00:18:59
* NMEA baud rate = 4800
** Ship: Seawolf
** Station: 5-6
** Operator: lis
# nquan = 35
# nvalues = 1167                        
# units = specified
# name 0 = depSM: Depth [salt water, m]
# name 1 = t090C: Temperature [ITS-90, deg C]
# name 2 = sal00: Salinity, Practical [PSU]
# name 3 = density00: Density [density, kg/m^3]
# name 4 = sbeox0V: Oxygen raw, SBE 43 [V]
# name 5 = sbeox0ML/L: Oxygen, SBE 43 [ml/l]
# name 6 = sbeox0PS: Oxygen, SBE 43 [% saturation]
# name 7 = sbox0dV/dT: Oxygen, SBE 43 [dov/dt]
# name 8 = oxsolML/L: Oxygen Saturation, Garcia & Gordon [ml/l]
# name 9 = oxsatML/L: Oxygen Saturation, Weiss [ml/l]
# name 10 = ph: pH
# name 11 = flECO-AFL: Fluorescence, WET Labs ECO-AFL/FL [mg/m^3]
# name 12 = n2satML/L: Nitrogen Saturation [ml/l]
# name 13 = c0S/m: Conductivity [S/m]
# name 14 = cpar: CPAR/Corrected Irradiance [%]
# name 15 = sigma-é00: Density [sigma-theta, kg/m^3]
# name 16 = sigma-t00: Density [sigma-t, kg/m^3 ]
# name 17 = par: PAR/Irradiance, Biospherical/Licor
# name 18 = prDM: Pressure, Digiquartz [db]
# name 19 = pumps: Pump Status
# name 20 = scan: Scan Count
# name 21 = svCM: Sound Velocity [Chen-Millero, m/s]
# name 22 = spar: SPAR, Biospherical/Licor
# name 23 = specc: Specific Conductance [uS/cm]
# name 24 = timeS: Time, Elapsed [seconds]
# name 25 = timeY: Time, System [seconds]
# name 26 = accM: Acceleration [m/s^2]
# name 27 = dz/dtM: Descent Rate [m/s]
# name 28 = latitude: Latitude [deg]
# name 29 = longitude: Longitude [deg]
# name 30 = gsw_saA0: Absolute Salinity [g/kg]
# name 31 = gsw_densityA0: density, TEOS-10 [density, kg/m^3]
# name 32 = gsw_sigma0A0: density, TEOS-10 [sigma-0, kg/m^3 ]
# name 33 = gsw_ptA0: potential temperature [ITS-90, deg C]
# name 34 = flag: flag
# span 0 =      2.000,    585.000       
# span 1 =     5.9856,    26.6468       
# span 2 =    33.4912,    35.8889       
# span 3 =  1021.7021,  1030.3045       
# span 4 =     1.4012,     2.8245       
# span 5 =     2.8621,     5.9058       
# span 6 =     46.432,    115.164       
# span 7 =   -0.04006,    0.04410       
# span 8 =    4.64699,    6.90796       
# span 9 =    4.63491,    6.92092       
# span 10 =      7.905,      8.274      
# span 11 =    -0.0745,     0.6332      
# span 12 =    8.64184,   12.37684      
# span 13 =   3.467108,   5.405222      
# span 14 = -3.609e+03, 1.0314e+05      
# span 15 =    21.6936,    27.6087      
# span 16 =    21.6935,    27.6020      
# span 17 = 1.0000e-12, 6.9816e-01      
# span 18 =      2.017,    590.295      
# span 19 =          1,          1      
# span 20 =        259,      33526      
# span 21 =    1484.43,    1537.11      
# span 22 = -1.198e-01, 6.1919e+00      
# span 23 =  51007.324,  55944.721      
# span 24 =     10.763,   1396.859      
# span 25 = 1564186750, 1564188136      
# span 26 =      -0.60,       0.56      
# span 27 =     -1.738,      1.357      
# span 28 =   39.01432,   39.01814      
# span 29 =  -72.55306,  -72.55220      
# span 30 =    33.6528,    36.0650      
# span 31 =  1021.7069,  1030.3076      
# span 32 =    21.6983,    27.6107      
# span 33 =     5.9331,    26.6464      
# span 34 = 0.0000e+00, 0.0000e+00      
# interval = meters: 1                  
# start_time = Jul 27 2019 00:19:00 [System UTC, first data scan.]
# bad_flag = -9.990e-29
*END*
[from data line 1161]
      7.000    26.3019    34.2069  1022.3713     2.5022     4.5252     97.220   -0.00118    4.65457    4.64245      8.238    -0.0151    8.65782   5.334122 -9.990e-29    22.3416    22.3411 1.0000e-12      7.050          1      33172    1536.76 3.9495e+00  51981.342   1382.130 1564188122      -0.06     -0.596   39.01438  -72.55220    34.3693  1022.3742    22.3443    26.3004 0.0000e+00
      6.000    26.3769    34.0184  1022.2014     2.5006     4.5152     97.091   -0.00169    4.65047    4.63834      8.237    -0.0098    8.65248   5.314765 2.5320e-11    22.1757    22.1753 1.0000e-12      6.048          1      33205    1536.71 3.9495e+00  51724.290   1383.487 1564188123       0.01     -0.739   39.01438  -72.55220    34.1738  1022.1998    22.1741    26.3755 0.0000e+00
      5.000    26.4804    33.7322  1021.9490     2.5006     4.5159     97.145   -0.00050    4.64857    4.63643      8.234    -0.0066    8.64970   5.286130 2.5320e-11    21.9277    21.9274 1.0000e-12      5.037          1      33243    1536.63 3.9495e+00  51336.400   1385.081 1564188125       0.01     -0.626   39.01438  -72.55220    33.8911  1021.9509    21.9295    26.4793 0.0000e+00
      4.000    26.5866    33.5756  1021.7933     2.5006     4.5171     97.185    0.00035    4.64796    4.63581 -9.990e-29    -0.0249    8.64893   5.275907 4.1347e+04    21.7762    21.7760 1.0000e-12      4.034          1      33283    1536.69 2.1955e+00  51122.899   1386.754 1564188126       0.11     -0.616   39.01436  -72.55220    33.7401  1021.7999    21.7829    26.5857 0.0000e+00
      3.000    26.6420    33.5025  1021.7165     2.5007     4.5150     97.147   -0.00021    4.64760    4.63545 -9.990e-29    -0.0067    8.64837   5.271246 -3.609e+03    21.7037    21.7034 1.0000e-12      3.020          1      33349    1536.73 4.1026e+00  51022.981   1389.489 1564188129      -0.06     -0.294   39.01435  -72.55220    33.6664  1021.7229    21.7101    26.6413 0.0000e+00
      2.000    26.6468    33.4912  1021.7021     2.5043     4.5279     97.426    0.00156    4.64753    4.63539      8.236    -0.0161    8.64831   5.269785 1.4928e+04    21.6936    21.6935 1.2790e-01      2.020          1      33526    1536.71 3.3531e+00  51007.324   1396.859 1564188136      -0.03     -0.261   39.01432  -72.55220    33.6528  1021.7069    21.6983    26.6464 0.0000e+00
