CalculateIndicators/WaterTemperature/Data/CTD_NYOS/NYOS190726_4_5.cnv
* Sea-Bird SBE 9 Data File:
* FileName = C:\Seabird 9 CTD\Data\2019\201907_offshore\NYOS190726_4_5.hex
* Software Version Seasave V 7.23.2
* Temperature SN = 4590
* Conductivity SN = 3228
* Number of Bytes Per Scan = 44
* Number of Voltage Words = 5
* Number of Scans Averaged by the Deck Unit = 1
* NMEA Latitude = 39 31.62 N
* NMEA Longitude = 072 23.81 W
* NMEA UTC (Time) = Jul 26 2019  07:58:18
* NMEA baud rate = 4800
** Ship: seawolf
** Station: 4-5
** Operator: lissssssssssss
# nquan = 35
# nvalues = 973                         
# units = specified
# name 0 = depSM: Depth [salt water, m]
# name 1 = t090C: Temperature [ITS-90, deg C]
# name 2 = sal00: Salinity, Practical [PSU]
# name 3 = density00: Density [density, kg/m^3]
# name 4 = sbeox0V: Oxygen raw, SBE 43 [V]
# name 5 = sbeox0ML/L: Oxygen, SBE 43 [ml/l]
# name 6 = sbeox0PS: Oxygen, SBE 43 [% saturation]
# name 7 = sbox0dV/dT: Oxygen, SBE 43 [dov/dt]
# name 8 = oxsolML/L: Oxygen Saturation, Garcia & Gordon [ml/l]
# name 9 = oxsatML/L: Oxygen Saturation, Weiss [ml/l]
# name 10 = ph: pH
# name 11 = flECO-AFL: Fluorescence, WET Labs ECO-AFL/FL [mg/m^3]
# name 12 = n2satML/L: Nitrogen Saturation [ml/l]
# name 13 = c0S/m: Conductivity [S/m]
# name 14 = cpar: CPAR/Corrected Irradiance [%]
# name 15 = sigma-é00: Density [sigma-theta, kg/m^3]
# name 16 = sigma-t00: Density [sigma-t, kg/m^3 ]
# name 17 = par: PAR/Irradiance, Biospherical/Licor
# name 18 = prDM: Pressure, Digiquartz [db]
# name 19 = pumps: Pump Status
# name 20 = scan: Scan Count
# name 21 = svCM: Sound Velocity [Chen-Millero, m/s]
# name 22 = spar: SPAR, Biospherical/Licor
# name 23 = specc: Specific Conductance [uS/cm]
# name 24 = timeS: Time, Elapsed [seconds]
# name 25 = timeY: Time, System [seconds]
# name 26 = accM: Acceleration [m/s^2]
# name 27 = dz/dtM: Descent Rate [m/s]
# name 28 = latitude: Latitude [deg]
# name 29 = longitude: Longitude [deg]
# name 30 = gsw_saA0: Absolute Salinity [g/kg]
# name 31 = gsw_densityA0: density, TEOS-10 [density, kg/m^3]
# name 32 = gsw_sigma0A0: density, TEOS-10 [sigma-0, kg/m^3 ]
# name 33 = gsw_ptA0: potential temperature [ITS-90, deg C]
# name 34 = flag: flag
# span 0 =      2.000,    488.000       
# span 1 =     7.5183,    24.8949       
# span 2 =    31.5796,    35.7402       
# span 3 =  1020.7994,  1029.7031       
# span 4 =     1.4159,     2.8306       
# span 5 =     2.8264,     6.2599       
# span 6 =     47.184,    116.715       
# span 7 =   -0.04848,    0.24232       
# span 8 =    4.83015,    6.65683       
# span 9 =    4.81791,    6.66568       
# span 10 =      7.939,      8.266      
# span 11 =    -0.0667,     1.3888      
# span 12 =    8.96609,   11.96142      
# span 13 =   3.612307,   4.896596      
# span 14 = -4.030e+04, 1.5456e+05      
# span 15 =    20.7908,    27.4698      
# span 16 =    20.7907,    27.4627      
# span 17 = -3.351e-05, 1.2236e-03      
# span 18 =      2.016,    492.330      
# span 19 =          0,          1      
# span 20 =        327,      32706      
# span 21 =    1489.01,    1530.88      
# span 22 = -3.021e+00, 5.5727e+00      
# span 23 =  48420.848,  55540.768      
# span 24 =     13.579,   1362.716      
# span 25 = 1564127912, 1564129262      
# span 26 =      -0.47,       0.44      
# span 27 =     -1.618,      1.210      
# span 28 =   39.52415,   39.52701      
# span 29 =  -72.40244,  -72.39708      
# span 30 =    31.7323,    35.9145      
# span 31 =  1020.8054,  1029.7060      
# span 32 =    20.7968,    27.4728      
# span 33 =     7.4690,    24.8943      
# span 34 = 0.0000e+00, 0.0000e+00      
# interval = meters: 1                  
# start_time = Jul 26 2019 07:58:19 [System UTC, first data scan.]
# bad_flag = -9.990e-29
*END*
[from data line 747]
    227.000    10.8060    35.3764  1028.1331     1.4276     2.9467     47.676    0.00026    6.18076    6.18261      7.987    -0.0279   11.17241   3.933602 -9.990e-29    27.1090    27.1040 1.0000e-12    228.872          1      22135    1496.92 3.9495e+00  54921.912    922.244 1564128821      -0.01     -1.217   39.52482  -72.40050    35.5477  1028.1393    27.1153    10.7779 0.0000e+00
    226.000    10.8139    35.3774  1028.1278     1.4287     2.9521     47.797    0.00080    6.17632    6.17810      7.987    -0.0391   11.16501   3.934435 -9.990e-29    27.1083    27.1033 1.0000e-12    227.866          1      22156    1496.93 3.9495e+00  54921.010    923.141 1564128822       0.09     -1.187   39.52482  -72.40052    35.5489  1028.1342    27.1148    10.7859 0.0000e+00
    225.000    10.8480    35.3828  1028.1213     1.4304     2.9559     47.932    0.00129    6.16683    6.16849      7.988    -0.0280   11.14925   3.938560 -9.990e-29    27.1064    27.1014 1.0000e-12    226.853          1      22183    1497.04 3.9495e+00  54921.537    924.233 1564128823       0.19     -1.015   39.52482  -72.40052    35.5579  1028.1304    27.1156    10.8201 0.0000e+00
    224.000    10.8878    35.3872  1028.1128     1.4333     2.9700     48.209    0.00241    6.16056    6.16214      7.990    -0.0276   11.13884   3.942731 -9.990e-29    27.1027    27.0976 1.0000e-12    225.838          1      22211    1497.17 3.9495e+00  54919.464    925.398 1564128824       0.03     -0.863   39.52482  -72.40052    35.5618  1028.1215    27.1115    10.8599 0.0000e+00
    223.000    10.9246    35.3919  1028.1051     1.4337     2.9619     48.104    0.00151    6.15727    6.15880      7.991    -0.0282   11.13335   3.946957 -9.990e-29    27.0997    27.0946 1.0000e-12    224.827          1      22233    1497.29 3.9495e+00  54918.476    926.339 1564128825      -0.21     -0.948   39.52482  -72.40052    35.5690  1028.1157    27.1104    10.8968 0.0000e+00
    222.000    10.9779    35.3974  1028.0949     1.4339     2.9527     47.972    0.00047    6.15502    6.15652 -9.990e-29    -0.0276   11.12961   3.952807 -9.990e-29    27.0942    27.0892 1.0000e-12    223.827          1      22251    1497.47 3.9495e+00  54915.246    927.098 1564128826      -0.28     -1.149   39.52482  -72.40052    35.5767  1028.1073    27.1067    10.9502 0.0000e+00
    221.000    11.0180    35.4002  1028.0851     1.4343     2.9517     47.963    0.00029    6.15418    6.15567 -9.990e-29    -0.0371   11.12822   3.956611 -9.990e-29    27.0890    27.0840 1.0000e-12    222.821          1      22270    1497.60 3.9495e+00  54910.854    927.875 1564128827      -0.08     -1.301   39.52482  -72.40052    35.5765  1028.0952    27.0993    10.9903 0.0000e+00
    220.000    11.0392    35.4037  1028.0793     1.4355     2.9572     48.076    0.00076    6.15103    6.15248 -9.990e-29    -0.0337   11.12296   3.958952 9.9999e+04    27.0880    27.0830 1.0000e-12    221.806          1      22291    1497.65 6.8663e-01  54911.483    928.730 1564128828       0.13     -1.257   39.52482  -72.40053    35.5799  1028.0893    27.0980    11.0116 0.0000e+00
    219.000    11.0622    35.4061  1028.0724     1.4370     2.9648     48.260    0.00163    6.14347    6.14482 -9.990e-29    -0.0281   11.11037   3.961361 9.3972e+04    27.0855    27.0805 1.0000e-12    220.798          1      22310    1497.72 1.6468e-01  54909.667    929.550 1564128828      -0.01     -1.194   39.52482  -72.40054    35.5823  1028.0824    27.0957    11.0347 0.0000e+00
    218.000    11.0754    35.4080  1028.0668     1.4386     2.9664     48.360    0.00192    6.13389    6.13511      7.993    -0.0277   11.09440   3.962625 2.4729e+03    27.0846    27.0796 1.0000e-12    219.798          1      22330    1497.75 3.8168e+00  54909.302    930.359 1564128829      -0.04     -1.240   39.52480  -72.40054    35.5827  1028.0757    27.0936    11.0480 0.0000e+00
    217.000    11.0900    35.4097  1028.0609     1.4406     2.9636     48.427    0.00183    6.11967    6.12070      7.996    -0.0308   11.07081   3.964337 1.0589e+04    27.0833    27.0783 1.0000e-12    218.783          1      22354    1497.79 3.4612e+00  54908.388    931.383 1564128830       0.23     -1.121   39.52480  -72.40056    35.5861  1028.0711    27.0935    11.0627 0.0000e+00
    216.000    11.1508    35.4198  1028.0528     1.4442     2.9708     48.694    0.00265    6.10099    6.10179      7.999    -0.0342   11.03971   3.971499 -1.902e+02    27.0799    27.0749 1.0000e-12    217.765          1      22380    1498.00 3.9583e+00  54910.110    932.456 1564128831       0.03     -0.921   39.52480  -72.40056    35.5996  1028.0656    27.0928    11.1235 0.0000e+00
    215.000    11.2171    35.4300  1028.0438     1.4481     2.9900     49.052    0.00397    6.09554    6.09625      7.999    -0.0314   11.03066   3.979409 2.5320e-11    27.0758    27.0707 1.0000e-12    216.761          1      22399    1498.22 3.9495e+00  54911.921    933.270 1564128832      -0.28     -1.043   39.52480  -72.40056    35.6151  1028.0606    27.0927    11.1899 0.0000e+00
    214.000    11.2990    35.4374  1028.0296     1.4518     3.0047     49.335    0.00478    6.09053    6.09118      7.999    -0.0232   11.02229   3.987987 2.5320e-11    27.0665    27.0614 1.0000e-12    215.759          1      22417    1498.50 3.9495e+00  54906.982    933.999 1564128833      -0.26     -1.260   39.52480  -72.40056    35.6221  1028.0461    27.0830    11.2718 0.0000e+00
    213.000    11.3802    35.4462  1028.0165     1.4565     3.0222     49.643    0.00544    6.08783    6.08845      8.002    -0.0284   11.01785   3.997321 2.5320e-11    27.0583    27.0532 1.0000e-12    214.755          1      22436    1498.77 3.9495e+00  54903.804    934.801 1564128834       0.05     -1.336   39.52480  -72.40056    35.6372  1028.0380    27.0797    11.3530 0.0000e+00
    212.000    11.5034    35.4593  1027.9986     1.4615     3.0337     49.854    0.00518    6.08514    6.08572      8.004    -0.0416   11.01336   4.009730 2.5320e-11    27.0452    27.0401 1.0000e-12    213.738          1      22461    1499.20 3.9495e+00  54898.447    935.842 1564128835       0.29     -1.117   39.52480  -72.40056    35.6424  1028.0139    27.0607    11.4761 0.0000e+00
    211.000    11.5460    35.4682  1027.9929     1.4656     3.0388     49.949    0.00434    6.08385    6.08442      8.007    -0.0404   11.01121   4.014818 2.5320e-11    27.0444    27.0393 1.0000e-12    212.726          1      22487    1499.34 3.9495e+00  54903.760    936.913 1564128836       0.01     -0.920   39.52480  -72.40057    35.6524  1028.0090    27.0605    11.5187 0.0000e+00
    210.000    11.5746    35.4682  1027.9829     1.4693     3.0451     50.057    0.00379    6.08332    6.08388      8.008    -0.0410   11.01032   4.017210 2.5320e-11    27.0389    27.0338 1.0000e-12    211.720          1      22509    1499.42 3.9495e+00  54897.525    937.836 1564128837      -0.15     -1.016   39.52480  -72.40058    35.6490  1027.9964    27.0525    11.5475 0.0000e+00
    209.000    11.5920    35.4709  1027.9771     1.4722     3.0529     50.192    0.00373    6.08242    6.08297      8.008    -0.0425   11.00881   4.019060 2.5320e-11    27.0377    27.0326 1.0000e-12    210.711          1      22530    1499.47 3.9495e+00  54897.580    938.719 1564128838      -0.07     -1.114   39.52480  -72.40058    35.6510  1027.9901    27.0508    11.5650 0.0000e+00
    208.000    11.6010    35.4727  1027.9723     1.4739     3.0514     50.172    0.00293    6.08176    6.08230 -9.990e-29    -0.0375   11.00771   4.019872 2.5320e-11    27.0374    27.0324 1.0000e-12    209.703          1      22551    1499.49 3.9495e+00  54898.019    939.570 1564128838      -0.05     -1.156   39.52480  -72.40058    35.6508  1027.9837    27.0490    11.5741 0.0000e+00
    207.000    11.6060    35.4737  1027.9676     1.4748     3.0439     50.053    0.00168    6.08139    6.08192 -9.990e-29    -0.0490   11.00709   4.020301 2.5320e-11    27.0373    27.0322 1.0000e-12    208.699          1      22571    1499.49 3.9495e+00  54897.862    940.414 1564128839      -0.02     -1.191   39.52480  -72.40058    35.6508  1027.9783    27.0480    11.5792 0.0000e+00
    206.000    11.6111    35.4750  1027.9631     1.4757     3.0406     50.003    0.00101    6.08076    6.08129 -9.990e-29    -0.0479   11.00605   4.020848 2.5320e-11    27.0373    27.0322 1.0000e-12    207.690          1      22594    1499.49 3.9495e+00  54898.098    941.368 1564128840       0.13     -1.139   39.52480  -72.40058    35.6517  1027.9735    27.0477    11.5844 0.0000e+00
    205.000    11.6180    35.4763  1027.9583     1.4766     3.0391     50.017    0.00083    6.07609    6.07656      8.007    -0.0245   10.99824   4.021483 -9.990e-29    27.0370    27.0320 1.0000e-12    206.673          1      22620    1499.50 3.9495e+00  54898.082    942.463 1564128841       0.13     -0.968   39.52480  -72.40060    35.6518  1027.9677    27.0464    11.5914 0.0000e+00
    204.000    11.6214    35.4772  1027.9538     1.4771     3.0330     50.009    0.00069    6.06498    6.06530      8.007    -0.0497   10.97977   4.021755 -9.990e-29    27.0371    27.0321 1.0000e-12    205.666          1      22643    1499.50 3.9495e+00  54898.183    943.398 1564128842      -0.14     -0.975   39.52480  -72.40060    35.6517  1027.9625    27.0457    11.5949 0.0000e+00
    203.000    11.6265    35.4779  1027.9489     1.4780     3.0340     50.058    0.00079    6.06100    6.06127      8.009    -0.0354   10.97314   4.022235 -9.990e-29    27.0366    27.0316 1.0000e-12    204.665          1      22663    1499.50 3.9495e+00  54897.578    944.264 1564128843      -0.11     -1.123   39.52480  -72.40060    35.6520  1027.9572    27.0450    11.6001 0.0000e+00
    202.000    11.6511    35.4828  1027.9435     1.4797     3.0399     50.195    0.00128    6.05606    6.05627      8.012    -0.0357   10.96494   4.025616 2.5320e-11    27.0358    27.0308 1.0000e-12    203.651          1      22688    1499.57 3.9495e+00  54899.563    945.303 1564128844       0.16     -1.067   39.52480  -72.40062    35.6623  1027.9559    27.0483    11.6249 0.0000e+00
    201.000    11.7392    35.4934  1027.9302     1.4822     3.0523     50.422    0.00217    6.05368    6.05387      8.012    -0.0491   10.96098   4.035326 9.2079e+03    27.0273    27.0223 1.0000e-12    202.635          1      22713    1499.87 3.4949e+00  54898.263    946.326 1564128845      -0.02     -0.949   39.52480  -72.40062    35.6741  1027.9435    27.0408    11.7130 0.0000e+00
    200.000    11.7691    35.4969  1027.9226     1.4839     3.0534     50.512    0.00229    6.04498    6.04504      8.012    -0.0501   10.94650   4.038360 9.7990e+04    27.0244    27.0194 1.0000e-12    201.633          1      22732    1499.96 7.7361e-02  54897.463    947.127 1564128846      -0.26     -1.080   39.52480  -72.40062    35.6758  1027.9346    27.0364    11.7429 0.0000e+00
    199.000    11.8012    35.4995  1027.9139     1.4864     3.0597     50.648    0.00246    6.04104    6.04106      8.013    -0.0421   10.93994   4.041667 9.9314e+04    27.0202    27.0153 1.0000e-12    200.629          1      22750    1500.06 1.3521e-02  54894.684    947.894 1564128847      -0.16     -1.261   39.52480  -72.40062    35.6781  1027.9256    27.0321    11.7751 0.0000e+00
    198.000    11.8220    35.5017  1027.9070     1.4897     3.0760     50.929    0.00342    6.03968    6.03968      8.015    -0.0365   10.93769   4.043639 5.3768e+03    27.0180    27.0131 1.0000e-12    199.618          1      22771    1500.11 3.5616e+00  54893.706    948.750 1564128848       0.11     -1.268   39.52480  -72.40062    35.6780  1027.9170    27.0280    11.7960 0.0000e+00
    197.000    11.8518    35.5075  1027.9012     1.4931     3.0880     51.148    0.00388    6.03749    6.03746      8.016    -0.0396   10.93402   4.047713 -6.758e+01    27.0168    27.0119 1.0000e-12    198.608          1      22793    1500.21 3.9544e+00  54895.992    949.657 1564128848       0.10     -1.150   39.52480  -72.40063    35.6900  1027.9160    27.0316    11.8259 0.0000e+00
    196.000    11.9200    35.5141  1027.8886     1.4965     3.0937     51.270    0.00355    6.03426    6.03419      8.017    -0.0497   10.92862   4.054587 -9.990e-29    27.0089    27.0040 1.0000e-12    197.603          1      22815    1500.43 3.9495e+00  54893.108    950.599 1564128849       0.05     -1.100   39.52479  -72.40064    35.6928  1027.9004    27.0208    11.8941 0.0000e+00
    195.000    11.9369    35.5157  1027.8820     1.5011     3.1060     51.548    0.00405    6.02541    6.02523      8.019    -0.0495   10.91390   4.056202 -9.990e-29    27.0069    27.0019 1.0000e-12    196.591          1      22841    1500.47 3.9495e+00  54891.632    951.672 1564128850       0.12     -0.998   39.52478  -72.40064    35.6929  1027.8927    27.0176    11.9112 0.0000e+00
    194.000    11.9555    35.5198  1027.8770     1.5057     3.1142     51.797    0.00435    6.01230    6.01196      8.021    -0.0476   10.89209   4.058339 -9.990e-29    27.0064    27.0015 1.0000e-12    195.579          1      22867    1500.53 3.9495e+00  54893.558    952.749 1564128852      -0.01     -0.922   39.52478  -72.40065    35.6966  1027.8874    27.0169    11.9299 0.0000e+00
    193.000    11.9811    35.5250  1027.8716     1.5104     3.1213     52.032    0.00450    5.99891    5.99839      8.024    -0.0377   10.86984   4.061573 2.5320e-11    27.0056    27.0007 1.0000e-12    194.569          1      22889    1500.60 3.9495e+00  54895.913    953.681 1564128852      -0.14     -1.000   39.52478  -72.40066    35.7043  1027.8838    27.0179    11.9556 0.0000e+00
    192.000    12.0367    35.5322  1027.8617     1.5145     3.1323     52.288    0.00503    5.99038    5.98975      8.024    -0.0511   10.85565   4.067869 2.5320e-11    27.0004    26.9955 1.0000e-12    193.563          1      22909    1500.78 3.9495e+00  54895.881    954.499 1564128853      -0.16     -1.131   39.52478  -72.40066    35.7133  1027.8754    27.0142    12.0113 0.0000e+00
    191.000    12.0864    35.5381  1027.8520     1.5194     3.1451     52.565    0.00536    5.98328    5.98256      8.024    -0.0395   10.84387   4.073775 2.5320e-11    26.9955    26.9906 1.0000e-12    192.558          1      22928    1500.94 3.9495e+00  54895.252    955.283 1564128854      -0.11     -1.244   39.52478  -72.40066    35.7241  1027.8695    27.0130    12.0610 0.0000e+00
    190.000    12.2019    35.5479  1027.8324     1.5262     3.1737     53.081    0.00683    5.97894    5.97817      8.028    -0.0370   10.83669   4.085951 5.3572e+04    26.9808    26.9758 1.0000e-12    191.553          1      22948    1501.33 1.7455e+00  54889.570    956.131 1564128855       0.07     -1.255   39.52478  -72.40066    35.7334  1027.8494    26.9978    12.1765 0.0000e+00
    189.000    12.2835    35.5566  1027.8185     1.5372     3.2229     53.930    0.00932    5.97613    5.97532      8.029    -0.0459   10.83201   4.095046 9.8737e+04    26.9716    26.9666 1.0000e-12    190.538          1      22972    1501.60 1.1200e-02  54886.949    957.142 1564128856       0.19     -1.097   39.52478  -72.40066    35.7448  1027.8376    26.9908    12.2581 0.0000e+00
    188.000    12.3793    35.5629  1027.7998     1.5525     3.2829     54.945    0.01140    5.97495    5.97413      8.033    -0.0374   10.83005   4.104534 7.4851e+03    26.9578    26.9528 1.0000e-12    189.537          1      23004    1501.92 3.6471e+00  54879.876    958.472 1564128857       0.24     -0.846   39.52478  -72.40068    35.7463  1027.8152    26.9733    12.3539 0.0000e+00
