CalculateIndicators/WaterTemperature/Data/CTD_NYOS/NYOS2006_C12.cnv
* Sea-Bird SBE19plus Data File:
* FileName = C:\Users\radar\Desktop\NYOS.2006\NYOS2006.ctd\NYOS2006_C12.hex
* Software Version 1.59
* Temperature SN =  4675
* Conductivity SN =  4675
* System UpLoad Time = Sep 27 2009 05:46:19
* NMEA Latitude = 40 23.3614 N
* NMEA Longitude = 072 42.5540 W
# nquan = 15
# nvalues = 92                          
# units = specified
# name 0 = depSM: Depth [salt water, m]
# name 1 = tv290C: Temperature [ITS-90, deg C]
# name 2 = sal00: Salinity, Practical [PSU]
# name 3 = density00: Density [density, kg/m^3]
# name 4 = c0S/m: Conductivity [S/m]
# name 5 = sigma-�00: Density [sigma-theta, kg/m^3]
# name 6 = sigma-t00: Density [sigma-t, kg/m^3 ]
# name 7 = prdM: Pressure, Strain Gauge [db]
# name 8 = scan: Scan Count
# name 9 = svCM: Sound Velocity [Chen-Millero, m/s]
# name 10 = specc: Specific Conductance [uS/cm]
# name 11 = timeS: Time, Elapsed [seconds]
# name 12 = accM: Acceleration [m/s^2]
# name 13 = dz/dtM: Descent Rate [m/s]
# name 14 = flag: flag
# span 0 =      1.000,     47.000       
# span 1 =     7.7635,    16.5284       
# span 2 =    30.7150,    32.3563       
# span 3 =  1022.4165,  1025.4460       
# span 4 =   3.353424,   3.971147       
# span 5 =    22.3979,    25.2308       
# span 6 =    22.3979,    25.2302       
# span 7 =      1.011,     47.327       
# span 8 =        277,        962       
# span 9 =    1478.82,    1506.66       
# span 10 =  47654.568,  51201.527      
# span 11 =     69.026,    240.374      
# span 12 =      -0.62,       0.56      
# span 13 =     -0.706,      0.696      
# span 14 = 0.0000e+00, 0.0000e+00      
# interval = meters: 1                  
# start_time = Jun 08 2020 15:27:48 [Instrument's time stamp, header]
# bad_flag = -9.990e-29
*END*
      2.000    16.4008    30.7709  1022.4165   3.946267    22.3979    22.3979      2.023        277    1506.19  47654.568     69.026       0.56      0.447 0.0000e+00
      3.000    16.1713    30.8511  1022.5334   3.935856    22.5235    22.5233      3.013        284    1505.60  47807.478     70.808      -0.05      0.587 0.0000e+00
      4.000    16.1217    30.8585  1022.5554   3.932164    22.5377    22.5376      4.026        291    1505.46  47817.897     72.458       0.04      0.609 0.0000e+00
      5.000    16.0883    30.8620  1022.5699   3.929748    22.5482    22.5480      5.018        298    1505.38  47826.667     74.245      -0.04      0.555 0.0000e+00
      6.000    16.0674    30.8593  1022.5772   3.927567    22.5498    22.5496      6.048        303    1505.32  47823.210     75.612       0.18      0.696 0.0000e+00
      7.000    16.0305    30.8642  1022.5933   3.925129    22.5635    22.5633      7.018        311    1505.23  47837.024     77.385      -0.23      0.584 0.0000e+00
      8.000    15.9988    30.8601  1022.6020   3.921591    22.5663    22.5661      8.063        316    1505.14  47831.948     78.807       0.11      0.684 0.0000e+00
      9.000    15.8838    30.7811  1022.5766   3.897660    22.5223    22.5220      9.024        324    1504.63  47717.252     80.829       0.05      0.358 0.0000e+00
     10.000    15.3238    30.8984  1022.7854   3.864878    22.7498    22.7495     10.051        330    1503.13  47958.616     82.270      -0.08      0.672 0.0000e+00
     11.000    15.0249    30.7150  1022.7300   3.803679    22.6571    22.6568     11.085        336    1501.71  47702.222     83.690       0.36      0.611 0.0000e+00
     12.000    13.3777    30.9376  1023.2404   3.682209    23.1242    23.1239     12.044        343    1496.60  48122.710     85.557      -0.16      0.495 0.0000e+00
     13.000    12.0585    31.1670  1023.6572   3.600524    23.5842    23.5839     13.092        349    1492.71  48672.746     86.982       0.23      0.642 0.0000e+00
     14.000    11.3671    31.5749  1024.1093   3.584257    24.0391    24.0388     14.056        357    1490.76  49364.393     89.113      -0.01      0.323 0.0000e+00
     15.000    11.3944    31.7075  1024.2107   3.602908    24.1466    24.1462     15.092        363    1491.05  49567.657     90.521       0.01      0.676 0.0000e+00
     16.000    11.5103    31.7434  1024.2243   3.616004    24.1499    24.1496     16.083        371    1491.48  49593.264     92.442       0.06      0.468 0.0000e+00
     17.000    11.2760    31.7376  1024.2649   3.595166    24.1871    24.1867     17.097        377    1490.69  49621.574     93.992       0.02      0.645 0.0000e+00
     18.000    10.8548    31.7190  1024.3285   3.556450    24.2446    24.2442     18.096        385    1489.20  49660.212     95.944      -0.10      0.511 0.0000e+00
     19.000    10.6239    31.7978  1024.4355   3.544448    24.3559    24.3555     19.112        392    1488.47  49830.601     97.661       0.17      0.577 0.0000e+00
     20.000    10.2828    31.7329  1024.4458   3.508161    24.3559    24.3555     20.099        399    1487.22  49785.381     99.552      -0.13      0.533 0.0000e+00
     21.000     9.8444    31.7720  1024.5532   3.474125    24.4575    24.4572     21.125        406    1485.69  49918.276    101.234      -0.03      0.615 0.0000e+00
     22.000     9.5199    31.7753  1024.6175   3.442550    24.5043    24.5039     22.095        413    1484.43  49968.516    103.117       0.14      0.351 0.0000e+00
     23.000     9.0928    31.9126  1024.7919   3.424411    24.6619    24.6615     23.122        420    1483.15  50214.939    104.868       0.15      0.415 0.0000e+00
     24.000     9.0816    32.0812  1024.9309   3.440240    24.8265    24.8262     24.159        427    1483.31  50518.744    106.480       0.39      0.611 0.0000e+00
     25.000     9.1451    32.1172  1024.9546   3.448958    24.8450    24.8446     25.127        435    1483.59  50556.904    108.583       0.05      0.334 0.0000e+00
     26.000     8.9453    32.1050  1024.9794   3.430733    24.8566    24.8562     26.149        442    1482.87  50563.341    110.366      -0.09      0.580 0.0000e+00
     27.000     8.7299    32.1177  1025.0278   3.412446    24.9055    24.9051     27.142        451    1482.08  50638.584    112.377       0.13      0.508 0.0000e+00
     28.000     8.4011    32.1181  1025.0810   3.384350    24.9526    24.9522     28.169        457    1480.89  50707.199    113.899       0.00      0.651 0.0000e+00
     29.000     8.0898    32.1910  1025.1897   3.363883    25.0527    25.0523     29.145        465    1479.80  50875.571    115.983       0.00      0.387 0.0000e+00
     30.000     7.9087    32.2646  1025.2773   3.356478    25.1384    25.1379     30.157        473    1479.23  51026.701    118.069       0.02      0.384 0.0000e+00
     31.000     7.8522    32.3004  1025.3183   3.355329    25.1759    25.1755     31.185        480    1479.08  51094.517    119.873       0.07      0.589 0.0000e+00
     32.000     7.8147    32.3158  1025.3405   3.353825    25.1921    25.1917     32.168        489    1478.97  51123.621    121.931       0.20      0.361 0.0000e+00
     33.000     7.7736    32.3464  1025.3748   3.353647    25.2237    25.2233     33.186        496    1478.87  51180.941    123.786      -0.14      0.547 0.0000e+00
     34.000     7.7694    32.3492  1025.3824   3.353881    25.2260    25.2256     34.193        505    1478.87  51185.765    126.026       0.00      0.476 0.0000e+00
     35.000     7.7667    32.3487  1025.3869   3.353884    25.2259    25.2254     35.191        513    1478.88  51186.028    128.026       0.25      0.460 0.0000e+00
     36.000     7.7656    32.3509  1025.3934   3.354168    25.2278    25.2273     36.201        520    1478.89  51190.188    129.635      -0.08      0.641 0.0000e+00
     37.000     7.7658    32.3508  1025.3980   3.354370    25.2278    25.2273     37.216        527    1478.91  51190.835    131.419       0.02      0.585 0.0000e+00
     38.000     7.7668    32.3516  1025.4030   3.354689    25.2282    25.2277     38.210        536    1478.93  51192.247    133.768      -0.05      0.403 0.0000e+00
     39.000     7.7679    32.3519  1025.4077   3.354927    25.2283    25.2278     39.218        543    1478.95  51192.983    135.610       0.17      0.521 0.0000e+00
     40.000     7.7679    32.3526  1025.4128   3.355086    25.2289    25.2283     40.226        551    1478.97  51194.696    137.393      -0.13      0.582 0.0000e+00
     41.000     7.7686    32.3530  1025.4177   3.355296    25.2291    25.2285     41.231        559    1478.99  51195.730    139.444       0.04      0.490 0.0000e+00
     42.000     7.7707    32.3532  1025.4223   3.355570    25.2291    25.2285     42.232        567    1479.01  51196.415    141.524      -0.04      0.479 0.0000e+00
     43.000     7.7719    32.3542  1025.4274   3.355836    25.2296    25.2290     43.239        576    1479.04  51197.888    143.704      -0.07      0.453 0.0000e+00
     44.000     7.7718    32.3538  1025.4317   3.355885    25.2293    25.2287     44.265        583    1479.05  51198.127    145.528       0.32      0.549 0.0000e+00
     45.000     7.7761    32.3532  1025.4353   3.356197    25.2278    25.2271     45.247        593    1479.08  51195.962    147.982      -0.07      0.358 0.0000e+00
     46.000     7.7729    32.3547  1025.4415   3.356154    25.2300    25.2294     46.255        602    1479.09  51200.616    150.198      -0.01      0.462 0.0000e+00
     47.000     7.7773    32.3553  1025.4460   3.356695    25.2294    25.2288     47.327        617    1479.12  51200.298    154.026       0.14      0.164 0.0000e+00
     46.000     7.7820    32.3563  1025.4415   3.357111    25.2304    25.2298     46.256        622    1479.13  51201.527    155.194      -0.62     -0.374 0.0000e+00
     45.000     7.7792    32.3526  1025.4344   3.356457    25.2273    25.2267     45.243        629    1479.09  51195.324    156.907       0.11     -0.578 0.0000e+00
     44.000     7.7759    32.3555  1025.4324   3.356458    25.2308    25.2302     44.255        640    1479.07  51200.874    159.774      -0.17     -0.323 0.0000e+00
     43.000     7.7765    32.3511  1025.4243   3.355968    25.2261    25.2255     43.251        648    1479.05  51191.696    161.824       0.15     -0.508 0.0000e+00
     42.000     7.7736    32.3513  1025.4203   3.355706    25.2271    25.2265     42.236        656    1479.02  51192.805    163.857       0.01     -0.490 0.0000e+00
     41.000     7.7703    32.3505  1025.4155   3.355309    25.2269    25.2263     41.227        665    1478.99  51191.692    165.987      -0.01     -0.489 0.0000e+00
     40.000     7.7701    32.3511  1025.4114   3.355325    25.2277    25.2272     40.216        673    1478.97  51192.630    167.979      -0.18     -0.485 0.0000e+00
     39.000     7.7691    32.3488  1025.4051   3.354944    25.2254    25.2249     39.230        681    1478.95  51187.657    170.069       0.13     -0.485 0.0000e+00
     38.000     7.7701    32.3496  1025.4010   3.355071    25.2263    25.2258     38.208        688    1478.94  51188.677    171.742      -0.06     -0.611 0.0000e+00
     37.000     7.7676    32.3471  1025.3947   3.354609    25.2247    25.2243     37.212        697    1478.91  51185.237    173.890       0.08     -0.453 0.0000e+00
     36.000     7.7671    32.3432  1025.3872   3.354110    25.2237    25.2232     36.197        704    1478.89  51181.329    175.839      -0.06     -0.515 0.0000e+00
     35.000     7.7636    32.3466  1025.3857   3.354151    25.2246    25.2242     35.209        713    1478.86  51184.163    178.035      -0.23     -0.365 0.0000e+00
     34.000     7.7639    32.3432  1025.3785   3.353760    25.2221    25.2216     34.191        720    1478.85  51178.483    179.757       0.11     -0.563 0.0000e+00
     33.000     7.7635    32.3442  1025.3746   3.353817    25.2235    25.2230     33.169        728    1478.83  51180.336    181.633      -0.33     -0.524 0.0000e+00
     32.000     7.7666    32.3373  1025.3641   3.353424    25.2165    25.2161     32.194        736    1478.82  51167.168    183.805       0.20     -0.476 0.0000e+00
     31.000     7.7919    32.3225  1025.3444   3.354249    25.2018    25.2014     31.170        744    1478.87  51140.120    185.695       0.07     -0.525 0.0000e+00
     30.000     7.8271    32.3048  1025.3208   3.355711    25.1829    25.1825     30.161        752    1478.97  51106.012    187.872      -0.17     -0.473 0.0000e+00
     29.000     7.8787    32.2912  1025.2978   3.359564    25.1644    25.1640     29.178        761    1479.14  51072.923    189.897       0.06     -0.485 0.0000e+00
     28.000     8.0602    32.2920  1025.2676   3.376203    25.1407    25.1403     28.146        766    1479.82  51033.976    191.367      -0.05     -0.673 0.0000e+00
     27.000     8.4076    32.2320  1025.1654   3.400754    25.0417    25.0413     27.150        775    1481.03  50868.403    193.456       0.05     -0.477 0.0000e+00
     26.000     8.6440    32.2243  1025.1187   3.421515    25.0006    25.0002     26.158        783    1481.90  50805.206    195.455      -0.06     -0.469 0.0000e+00
     25.000     8.9230    32.1927  1025.0478   3.441844    24.9320    24.9316     25.144        789    1482.86  50697.532    197.108       0.08     -0.632 0.0000e+00
     24.000     9.0289    32.0681  1024.9291   3.438271    24.8184    24.8180     24.120        796    1483.09  50498.545    198.673      -0.07     -0.653 0.0000e+00
     23.000     9.0007    31.9645  1024.8467   3.426550    24.7402    24.7398     23.140        804    1482.87  50355.366    200.665       0.04     -0.418 0.0000e+00
     22.000     9.2004    32.0004  1024.8393   3.448471    24.7416    24.7412     22.127        811    1483.64  50371.774    202.551       0.12     -0.552 0.0000e+00
     21.000     9.5672    31.9565  1024.7428   3.476280    24.6461    24.6458     21.107        818    1484.90  50231.897    204.198      -0.20     -0.615 0.0000e+00
     20.000     9.9505    31.9339  1024.6580   3.508498    24.5641    24.5636     20.122        825    1486.26  50121.961    206.017       0.10     -0.542 0.0000e+00
     19.000    10.3690    31.8846  1024.5462   3.539168    24.4616    24.4612     19.101        832    1487.67  49987.079    207.699       0.05     -0.607 0.0000e+00
     18.000    10.5883    31.8256  1024.4573   3.553102    24.3736    24.3732     18.099        840    1488.39  49856.245    209.644      -0.09     -0.497 0.0000e+00
     17.000    10.8313    31.8726  1024.4477   3.579297    24.3742    24.3739     17.098        846    1489.29  49891.782    211.294      -0.01     -0.599 0.0000e+00
     16.000    11.1374    31.7858  1024.3228   3.596039    24.2495    24.2492     16.089        854    1490.24  49711.841    213.138       0.11     -0.551 0.0000e+00
     15.000    11.2540    31.6661  1024.2042   3.593479    24.1368    24.1365     15.081        861    1490.50  49525.306    215.106      -0.14     -0.505 0.0000e+00
     14.000    11.2717    31.5742  1024.1250   3.584966    24.0604    24.0601     14.088        869    1490.43  49390.075    216.891       0.05     -0.568 0.0000e+00
     13.000    11.3150    31.5317  1024.0792   3.585290    24.0217    24.0214     13.061        874    1490.53  49326.157    218.203      -0.22     -0.706 0.0000e+00
     12.000    11.6601    31.6223  1024.0795   3.629948    24.0353    24.0350     12.068        881    1491.88  49411.037    219.907       0.19     -0.626 0.0000e+00
     11.000    13.0250    31.5348  1023.7514   3.744660    23.7113    23.7110     11.064        888    1496.38  49101.029    221.763      -0.05     -0.545 0.0000e+00
     10.000    14.4204    31.2229  1023.2356   3.829176    23.1673    23.1670     10.047        894    1500.45  48460.069    223.300      -0.11     -0.639 0.0000e+00
      9.000    14.9863    31.0837  1022.9948   3.869099    22.9650    22.9647      9.060        901    1502.27  48250.248    224.914       0.07     -0.621 0.0000e+00
      8.000    15.5107    30.9680  1022.7933   3.899195    22.7533    22.7530      8.040        907    1503.72  48019.729    226.511       0.07     -0.639 0.0000e+00
      7.000    15.8241    30.8927  1022.6615   3.917406    22.6289    22.6286      7.044        914    1504.61  47890.817    228.357      -0.09     -0.514 0.0000e+00
      6.000    15.9298    30.8651  1022.6123   3.922511    22.5851    22.5849      6.028        920    1504.90  47843.895    229.831      -0.05     -0.680 0.0000e+00
      5.000    15.9862    30.8628  1022.5933   3.926270    22.5713    22.5712      5.032        927    1505.06  47835.848    231.435       0.04     -0.622 0.0000e+00
      4.000    16.0302    30.8588  1022.5760   3.928694    22.5579    22.5578      4.027        934    1505.18  47825.340    233.274       0.11     -0.546 0.0000e+00
      3.000    16.0857    30.8610  1022.5612   3.933094    22.5439    22.5438      3.012        942    1505.33  47816.708    235.182      -0.03     -0.476 0.0000e+00
      2.000    16.1728    30.8825  1022.5524   3.944071    22.5382    22.5381      1.999        951    1505.63  47833.521    237.470      -0.30     -0.375 0.0000e+00
      1.000    16.5284    30.8555  1022.4483   3.971147    22.4422    22.4422      1.011        962    1506.66  47776.241    240.374      -0.39     -0.249 0.0000e+00
