CalculateIndicators/WaterTemperature/Data/CTD_NYOS/NYOS190728_6_4.cnv
* Sea-Bird SBE 9 Data File:
* FileName = C:\Seabird 9 CTD\Data\2019\201907_offshore\NYOS190728_6_4.hex
* Software Version Seasave V 7.23.2
* Temperature SN = 4590
* Conductivity SN = 3228
* Number of Bytes Per Scan = 44
* Number of Voltage Words = 5
* Number of Scans Averaged by the Deck Unit = 1
* NMEA Latitude = 39 28.75 N
* NMEA Longitude = 073 04.24 W
* NMEA UTC (Time) = Jul 28 2019  04:04:45
* NMEA baud rate = 4800
** Ship: Seawolf
** Station: 6.4
** Operator: lis
# nquan = 35
# nvalues = 126                         
# units = specified
# name 0 = depSM: Depth [salt water, m]
# name 1 = t090C: Temperature [ITS-90, deg C]
# name 2 = sal00: Salinity, Practical [PSU]
# name 3 = density00: Density [density, kg/m^3]
# name 4 = sbeox0V: Oxygen raw, SBE 43 [V]
# name 5 = sbeox0ML/L: Oxygen, SBE 43 [ml/l]
# name 6 = sbeox0PS: Oxygen, SBE 43 [% saturation]
# name 7 = sbox0dV/dT: Oxygen, SBE 43 [dov/dt]
# name 8 = oxsolML/L: Oxygen Saturation, Garcia & Gordon [ml/l]
# name 9 = oxsatML/L: Oxygen Saturation, Weiss [ml/l]
# name 10 = ph: pH
# name 11 = flECO-AFL: Fluorescence, WET Labs ECO-AFL/FL [mg/m^3]
# name 12 = n2satML/L: Nitrogen Saturation [ml/l]
# name 13 = c0S/m: Conductivity [S/m]
# name 14 = cpar: CPAR/Corrected Irradiance [%]
# name 15 = sigma-é00: Density [sigma-theta, kg/m^3]
# name 16 = sigma-t00: Density [sigma-t, kg/m^3 ]
# name 17 = par: PAR/Irradiance, Biospherical/Licor
# name 18 = prDM: Pressure, Digiquartz [db]
# name 19 = pumps: Pump Status
# name 20 = scan: Scan Count
# name 21 = svCM: Sound Velocity [Chen-Millero, m/s]
# name 22 = spar: SPAR, Biospherical/Licor
# name 23 = specc: Specific Conductance [uS/cm]
# name 24 = timeS: Time, Elapsed [seconds]
# name 25 = timeY: Time, System [seconds]
# name 26 = accM: Acceleration [m/s^2]
# name 27 = dz/dtM: Descent Rate [m/s]
# name 28 = latitude: Latitude [deg]
# name 29 = longitude: Longitude [deg]
# name 30 = gsw_saA0: Absolute Salinity [g/kg]
# name 31 = gsw_densityA0: density, TEOS-10 [density, kg/m^3]
# name 32 = gsw_sigma0A0: density, TEOS-10 [sigma-0, kg/m^3 ]
# name 33 = gsw_ptA0: potential temperature [ITS-90, deg C]
# name 34 = flag: flag
# span 0 =      1.000,     64.000       
# span 1 =     6.5509,    25.0983       
# span 2 =    30.6993,    32.9085       
# span 3 =  1020.0832,  1026.0011       
# span 4 =     1.9517,     2.8548       
# span 5 =     4.8041,     7.1128       
# span 6 =     72.527,    118.082       
# span 7 =   -0.04084,    0.05096       
# span 8 =    4.84313,    6.92429       
# span 9 =    4.83070,    6.93443       
# span 10 =      7.906,      8.230      
# span 11 =     0.0356,     1.1019      
# span 12 =    9.00006,   12.43264      
# span 13 =   3.282692,   4.733460      
# span 14 = -2.752e+02, 1.2367e+05      
# span 15 =    20.0791,    25.7092      
# span 16 =    20.0791,    25.7086      
# span 17 = 1.0000e-12, 3.7869e-01      
# span 18 =      1.019,     64.498      
# span 19 =          1,          1      
# span 20 =        145,       6523      
# span 21 =    1474.90,    1530.06      
# span 22 = 0.0000e+00, 3.9610e+00      
# span 23 =  47211.782,  52090.476      
# span 24 =      5.979,    271.742      
# span 25 = 1564286691, 1564286956      
# span 26 =      -0.28,       0.25      
# span 27 =     -0.812,      0.857      
# span 28 =   39.47921,   39.48040      
# span 29 =  -73.07072,  -73.07067      
# span 30 =    30.8637,    33.1092      
# span 31 =  1020.0877,  1026.0033      
# span 32 =    20.0834,    25.7087      
# span 33 =     6.5465,    25.0981      
# span 34 = 0.0000e+00, 0.0000e+00      
# interval = meters: 1                  
# start_time = Jul 28 2019 04:04:45 [System UTC, first data scan.]
# bad_flag = -9.990e-29
*END*
      2.000    25.0008    30.7529  1020.1439     2.5372     4.8133     99.041   -0.00160    4.85999    4.84760      8.177     0.0902    9.02779   4.729674 1.2367e+05    20.1353    20.1351 1.0000e-12      2.017          1        145    1529.88 9.3275e-02  47285.446      5.979 1564286691       0.19     -0.018   39.47921  -73.07070    30.9023  1020.1502    20.1416    25.0004 0.0000e+00
      3.000    24.6343    30.7727  1020.2717     2.5450     4.9044    100.023    0.00630    4.90319    4.89092      8.179     0.1428    9.09840   4.695628 4.7987e+03    20.2588    20.2586 1.0000e-12      3.022          1        289    1529.01 3.7999e+00  47317.877     12.007 1564286697       0.19      0.400   39.47924  -73.07070    30.9030  1020.2639    20.2510    24.6337 0.0000e+00
      4.000    24.3327    30.8843  1020.4493     2.5434     4.8727     99.454   -0.00156    4.89943    4.88716      8.175     0.1548    9.09147   4.683987 2.4937e-11    20.4321    20.4318 1.0000e-12      4.032          1        355    1528.40 3.9495e+00  47476.213     14.740 1564286699      -0.05      0.376   39.47926  -73.07070    31.0243  1020.4486    20.4313    24.3319 0.0000e+00
      5.000    24.4194    30.9510  1020.4786     2.5328     4.8535     98.719   -0.00564    4.91654    4.90432      8.176     0.1538    9.11948   4.701716 2.5330e-11    20.4571    20.4567 1.0000e-12      5.041          1        409    1528.71 3.9495e+00  47567.476     16.996 1564286702       0.08      0.460   39.47926  -73.07069    31.0953  1020.4808    20.4592    24.4184 0.0000e+00
      6.000    24.3212    30.9735  1020.5288     2.5447     4.9325    100.126    0.00672    4.92629    4.91411      8.176     0.1551    9.13577   4.694504 2.5320e-11    20.5029    20.5026 1.0000e-12      6.044          1        448    1528.50 3.9495e+00  47600.131     18.610 1564286703       0.06      0.612   39.47928  -73.07070    31.1097  1020.5248    20.4989    24.3199 0.0000e+00
      7.000    24.1487    31.0073  1020.6092     2.5560     4.9715    100.701    0.00660    4.93691    4.92476      8.178     0.1398    9.15333   4.682652 2.5320e-11    20.5790    20.5786 1.0000e-12      7.056          1        490    1528.13 3.9495e+00  47649.865     20.382 1564286705      -0.04      0.569   39.47928  -73.07070    31.1411  1020.6034    20.5732    24.1473 0.0000e+00
      8.000    24.0427    31.0077  1020.6448     2.5636     4.9935    100.991    0.00494    4.94448    4.93237      8.177     0.1465    9.16537   4.672949 2.5082e-11    20.6102    20.6098 1.0000e-12      8.060          1        526    1527.88 3.9495e+00  47652.712     21.894 1564286706       0.08      0.650   39.47929  -73.07070    31.1424  1020.6397    20.6052    24.0411 0.0000e+00
      9.000    23.9323    31.0216  1020.6918     2.5629     5.0012    100.701    0.00028    4.96641    4.95441      8.178     0.1830    9.20038   4.664971 2.5323e-11    20.6529    20.6524 1.0000e-12      9.071          1        564    1527.63 3.9495e+00  47674.149     23.478 1564286708      -0.05      0.647   39.47930  -73.07070    31.1597  1020.6893    20.6504    23.9304 0.0000e+00
     10.000    23.8501    31.0739  1020.7595     2.5722     5.0530    101.475    0.00459    4.97949    4.96755      8.179     0.1339    9.22161   4.663358 2.7135e-11    20.7162    20.7156 1.0000e-12     10.080          1        598    1527.50 3.9495e+00  47747.840     24.859 1564286709       0.14      0.684   39.47930  -73.07070    31.2048  1020.7515    20.7083    23.8480 0.0000e+00
     11.000    23.5755    31.1959  1020.9354     2.5795     5.1032    102.064    0.00742    4.99995    4.98810      8.180     0.1592    9.25556   4.654562 2.5369e-11    20.8879    20.8873 1.0000e-12     11.080          1        625    1526.96 3.9495e+00  47921.971     25.989 1564286711       0.09      0.857   39.47930  -73.07070    31.3316  1020.9306    20.8830    23.5733 0.0000e+00
     12.000    23.4114    31.2814  1021.0515     2.5935     5.2408    103.030    0.00909    5.08649    5.07509      8.184     0.1700    9.39890   4.649519 2.4932e-11    20.9996    20.9989 1.0000e-12     12.091          1        661    1526.65 3.9495e+00  48043.066     27.482 1564286712      -0.18      0.730   39.47932  -73.07070    31.4094  1021.0407    20.9888    23.4089 0.0000e+00
     13.000    23.0076    31.3129  1021.1947     2.6199     5.5466    104.948    0.01205    5.28437    5.27436      8.189     0.1696    9.72395   4.613436 2.4936e-11    21.1384    21.1377 1.0000e-12     13.101          1        705    1525.66 3.9495e+00  48096.394     29.319 1564286714      -0.01      0.547   39.47932  -73.07068    31.4225  1021.1702    21.1138    23.0050 0.0000e+00
     14.000    21.5948    31.4571  1021.6996     2.7018     6.0379    112.388    0.05096    5.37241    5.36317      8.193     0.1578    9.86750   4.490912 2.5330e-11    21.6385    21.6378 1.0000e-12     14.112          1        743    1522.11 3.9495e+00  48337.200     30.937 1564286716       0.11      0.597   39.47933  -73.07068    31.4961  1021.6217    21.5608    21.5921 0.0000e+00
     15.000    20.0737    31.7909  1022.3625     2.7443     6.1616    114.016    0.04416    5.40414    5.39521      8.196     0.1583    9.91919   4.391092 2.5320e-11    22.2971    22.2964 1.0000e-12     15.115          1        772    1518.34 3.9495e+00  48859.772     32.114 1564286717       0.16      0.793   39.47934  -73.07068    31.8298  1022.2834    22.2178    20.0709 0.0000e+00
     16.000    19.1273    32.0575  1022.8124     2.7594     6.1218    112.720    0.01931    5.43109    5.42245      8.198     0.1896    9.96261   4.337087 2.5320e-11    22.7424    22.7417 1.0000e-12     16.119          1        801    1515.99 3.9495e+00  49275.227     33.353 1564286718      -0.07      0.846   39.47934  -73.07068    32.1098  1022.7426    22.6724    19.1245 0.0000e+00
     17.000    18.5292    32.2496  1023.1128     2.7623     6.2466    111.590    0.00128    5.59809    5.59115      8.209     0.1784   10.23688   4.305992 2.6357e-11    23.0381    23.0374 1.0000e-12     17.133          1        847    1514.50 3.9495e+00  49574.571     35.244 1564286720      -0.16      0.538   39.47934  -73.07070    32.3159  1023.0529    22.9782    18.5262 0.0000e+00
     18.000    17.9825    32.4457  1023.4007     2.7829     6.5137    113.541    0.00823    5.73663    5.73113      8.218     0.1758   10.46600   4.275350 2.5312e-11    23.3213    23.3206 1.0000e-12     18.139          1        887    1513.13 3.9495e+00  49880.657     36.909 1564286721       0.22      0.579   39.47936  -73.07068    32.4886  1023.3221    23.2428    17.9794 0.0000e+00
     19.000    16.2480    32.7217  1024.0233     2.8311     6.7731    118.082    0.02981    5.73599    5.73053      8.221     0.2145   10.46395   4.140886 2.5320e-11    23.9392    23.9385 1.0000e-12     19.147          1        926    1508.23 3.9495e+00  50398.491     38.538 1564286723      -0.12      0.641   39.47936  -73.07068    32.7268  1023.9144    23.8302    16.2450 0.0000e+00
     20.000    15.2053    32.7640  1024.2939     2.8401     6.6865    116.462    0.00891    5.74138    5.73600      8.220     0.1996   10.47240   4.051365 2.5320e-11    24.2048    24.2042 1.0000e-12     20.160          1        965    1505.06 3.9495e+00  50553.062     40.147 1564286725       0.21      0.576   39.47938  -73.07070    32.7923  1024.2021    24.1131    15.2023 0.0000e+00
     21.000    15.2757    32.8504  1024.3493     2.8310     6.6245    114.551   -0.00634    5.78300    5.77807      8.221     0.1780   10.54173   4.073650 2.5089e-11    24.2559    24.2552 1.0000e-12     21.154          1        992    1505.39 3.9495e+00  50666.614     41.306 1564286726       0.08      0.825   39.47938  -73.07070    32.9339  1024.2995    24.2061    15.2725 0.0000e+00
     22.000    15.1377    32.9085  1024.4286     2.8219     6.8540    114.669   -0.00380    5.97723    5.97447      8.230     0.1360   10.86426   4.065479 2.5216e-11    24.3307    24.3300 1.0000e-12     22.174          1       1048    1505.04 3.9495e+00  50761.537     43.614 1564286728      -0.19      0.402   39.47940  -73.07070    32.9758  1024.3662    24.2683    15.1344 0.0000e+00
     23.000    14.0205    32.8234  1024.6042     2.8325     7.0417    116.549    0.00720    6.04179    6.03982      8.230     0.0978   10.97116   3.946770 2.6654e-11    24.5014    24.5007 1.0000e-12     23.180          1       1089    1501.36 3.9495e+00  50768.191     45.346 1564286730       0.25      0.581   39.47940  -73.07070    32.8349  1024.4988    24.3959    14.0172 0.0000e+00
     24.000    13.2494    32.8663  1024.7991     2.8294     7.0601    115.776    0.00081    6.09814    6.09684      8.230     0.0971   11.06476   3.884604 2.5359e-11    24.6914    24.6907 1.0000e-12     24.183          1       1120    1498.90 3.9495e+00  50922.867     46.627 1564286731       0.03      0.776   39.47941  -73.07070    32.9158  1024.7222    24.6145    13.2461 0.0000e+00
     25.000    12.8043    32.8649  1024.8904     2.8162     6.9932    114.142   -0.00816    6.12674    6.12578      8.228     0.1069   11.11233   3.843550 2.5094e-11    24.7780    24.7774 1.0000e-12     25.192          1       1156    1497.42 3.9495e+00  50980.821     48.113 1564286733      -0.07      0.695   39.47942  -73.07070    32.9123  1024.8117    24.6993    12.8010 0.0000e+00
     26.000    12.2314    32.8390  1024.9853     2.7920     6.9756    112.499   -0.01281    6.20074    6.20073      8.225     0.1158   11.23473   3.790578 2.8014e+04    24.8681    24.8675 1.0000e-12     26.200          1       1201    1495.47 2.8062e+00  51026.578     49.981 1564286735      -0.11      0.548   39.47942  -73.07070    32.9049  1024.9205    24.8033    12.2280 0.0000e+00
     27.000    11.8953    32.8225  1025.0402     2.7678     7.0126    111.440   -0.01273    6.29273    6.29391      8.219     0.1632   11.38694   3.758664 9.3366e+04    24.9183    24.9177 1.0000e-12     27.212          1       1246    1494.31 2.0496e-01  51054.044     51.890 1564286736       0.15      0.509   39.47944  -73.07070    32.8910  1024.9774    24.8555    11.8919 0.0000e+00
     28.000    11.3683    32.8473  1025.1608     2.7541     7.1128    111.310   -0.00939    6.39021    6.39263      8.214     0.2088   11.54917   3.712432 1.6614e+03    25.0341    25.0334 1.0000e-12     28.216          1       1280    1492.53 3.8829e+00  51172.494     53.306 1564286738       0.03      0.698   39.47944  -73.07070    32.9049  1025.0890    24.9623    11.3649 0.0000e+00
     29.000    10.8248    32.8514  1025.2657     2.7108     6.9292    107.229   -0.02484    6.46213    6.46552      8.211     0.2490   11.66823   3.664572 2.6439e-11    25.1342    25.1336 1.0000e-12     29.225          1       1317    1490.64 3.9495e+00  51269.923     54.815 1564286739       0.01      0.661   39.47945  -73.07070    32.9159  1025.1989    25.0673    10.8213 0.0000e+00
     30.000    10.0175    32.7758  1025.3491     2.6386     6.5764    101.537   -0.04084    6.47708    6.48072      8.186     0.2755   11.69238   3.583247 2.5604e-11    25.2125    25.2119 1.0000e-12     30.230          1       1358    1487.68 3.9495e+00  51310.471     56.531 1564286741      -0.12      0.604   39.47946  -73.07070    32.8242  1025.2696    25.1329    10.0141 0.0000e+00
     31.000     9.5579    32.8011  1025.4500     2.5662     6.4565     98.730   -0.03498    6.53949    6.54402      8.162     0.3822   11.79547   3.548662 2.5306e-11    25.3085    25.3080 1.0000e-12     31.247          1       1407    1486.06 3.9495e+00  51434.408     58.568 1564286743       0.15      0.450   39.47947  -73.07070    32.8895  1025.4012    25.2596     9.5545 0.0000e+00
     32.000     9.4832    32.8268  1025.4867     2.5380     6.4527     98.519   -0.02624    6.54971    6.55438      8.159     0.4526   11.81238   3.543547 2.4739e-11    25.3405    25.3399 1.0000e-12     32.246          1       1436    1485.84 3.9495e+00  51486.087     59.788 1564286744       0.18      0.750   39.47948  -73.07070    32.9048  1025.4296    25.2835     9.4797 0.0000e+00
     33.000     9.0950    32.8320  1025.5573     2.5140     6.5095     98.692   -0.01654    6.59568    6.60098      8.157     0.5351   11.88878   3.510678 2.5290e-11    25.4064    25.4058 1.0000e-12     33.253          1       1475    1484.43 3.9495e+00  51574.246     61.411 1564286746      -0.16      0.662   39.47948  -73.07070    32.9212  1025.5087    25.3577     9.0915 0.0000e+00
     34.000     8.8489    32.8166  1025.5884     2.5117     6.7041    101.063    0.00089    6.63360    6.63946      8.154     0.7618   11.95120   3.487577 2.5320e-11    25.4326    25.4321 1.0000e-12     34.266          1       1529    1483.52 3.9495e+00  51605.120     63.670 1564286748       0.05      0.422   39.47950  -73.07070    32.9072  1025.5408    25.3850     8.8454 0.0000e+00
     35.000     8.4596    32.7967  1025.6371     2.5120     6.7155    101.207    0.00168    6.63545    6.64135      8.142     1.0206   11.95413   3.452339 2.6836e-11    25.4765    25.4759 1.0000e-12     35.273          1       1569    1482.06 3.9495e+00  51663.178     65.343 1564286750       0.12      0.585   39.47950  -73.07070    32.8980  1025.5976    25.4370     8.4561 0.0000e+00
     36.000     8.4045    32.8270  1025.6737     2.4880     6.5199     97.826   -0.01419    6.66490    6.67122      8.132     1.1019   12.00292   3.451616 2.5310e-11    25.5084    25.5079 1.0000e-12     36.279          1       1603    1481.90 3.9495e+00  51719.130     66.760 1564286751       0.02      0.706   39.47951  -73.07070    32.9414  1025.6443    25.4790     8.4009 0.0000e+00
     37.000     8.3888    32.8344  1025.6865     2.4570     6.3585     95.321   -0.02104    6.67069    6.67709      8.129     1.0560   12.01250   3.451154 2.5094e-11    25.5166    25.5161 1.0000e-12     37.286          1       1639    1481.87 3.9495e+00  51733.853     68.234 1564286753      -0.01      0.688   39.47952  -73.07070    32.9507  1025.6585    25.4887     8.3851 0.0000e+00
     38.000     8.1907    32.8272  1025.7150     2.4243     6.2901     94.179   -0.01770    6.67887    6.68539      8.120     0.9593   12.02604   3.433431 2.5021e-11    25.5404    25.5398 1.0000e-12     38.294          1       1684    1481.13 3.9495e+00  51769.701     70.118 1564286755      -0.12      0.546   39.47952  -73.07070    32.9475  1025.6901    25.5155     8.1870 0.0000e+00
     39.000     8.1167    32.8198  1025.7248     2.3945     6.2479     93.329   -0.01339    6.69453    6.70128      8.101     0.7890   12.05195   3.427082 2.5330e-11    25.5455    25.5449 1.0000e-12     39.307          1       1735    1480.86 3.9495e+00  51777.026     72.234 1564286757       0.14      0.458   39.47954  -73.07070    32.9490  1025.7067    25.5274     8.1128 0.0000e+00
     40.000     8.0943    32.8277  1025.7389     2.3730     6.1764     92.043   -0.01504    6.71040    6.71738      8.095     0.7849   12.07818   3.426213 2.5320e-11    25.5550    25.5544 1.0000e-12     40.311          1       1769    1480.80 3.9495e+00  51794.193     73.659 1564286758       0.10      0.679   39.47954  -73.07070    32.9603  1025.7234    25.5395     8.0903 0.0000e+00
     41.000     8.0085    32.8233  1025.7526     2.3550     6.1540     91.436   -0.01317    6.73036    6.73763      8.093     0.8713   12.11132   3.418023 2.6012e-11    25.5640    25.5634 1.0000e-12     41.317          1       1803    1480.49 3.9495e+00  51808.675     75.081 1564286760      -0.02      0.716   39.47954  -73.07070    32.9530  1025.7349    25.5463     8.0045 0.0000e+00
     42.000     7.8794    32.8195  1025.7730     2.3311     6.1027     90.305   -0.01297    6.75793    6.76560      8.086     0.7846   12.15697   3.406544 2.5352e-11    25.5796    25.5790 1.0000e-12     42.325          1       1847    1480.01 3.9495e+00  51834.604     76.913 1564286761      -0.11      0.568   39.47956  -73.07070    32.9511  1025.7568    25.5635     7.8753 0.0000e+00
