CalculateIndicators/WaterTemperature/Data/CTD_NYOS/NYOS190728_7_6.cnv
* Sea-Bird SBE 9 Data File:
* FileName = C:\Seabird 9 CTD\Data\2019\201907_offshore\NYOS190728_7_6.hex
* Software Version Seasave V 7.23.2
* Temperature SN = 4590
* Conductivity SN = 3228
* Number of Bytes Per Scan = 44
* Number of Voltage Words = 5
* Number of Scans Averaged by the Deck Unit = 1
* NMEA Latitude = 38 32.06 N
* NMEA Longitude = 073 04.30 W
* NMEA UTC (Time) = Jul 28 2019  17:20:31
* NMEA baud rate = 4800
** Ship: Seawolf
** Station: 7.6
** Operator: ajb
# nquan = 35
# nvalues = 1194                        
# units = specified
# name 0 = depSM: Depth [salt water, m]
# name 1 = t090C: Temperature [ITS-90, deg C]
# name 2 = sal00: Salinity, Practical [PSU]
# name 3 = density00: Density [density, kg/m^3]
# name 4 = sbeox0V: Oxygen raw, SBE 43 [V]
# name 5 = sbeox0ML/L: Oxygen, SBE 43 [ml/l]
# name 6 = sbeox0PS: Oxygen, SBE 43 [% saturation]
# name 7 = sbox0dV/dT: Oxygen, SBE 43 [dov/dt]
# name 8 = oxsolML/L: Oxygen Saturation, Garcia & Gordon [ml/l]
# name 9 = oxsatML/L: Oxygen Saturation, Weiss [ml/l]
# name 10 = ph: pH
# name 11 = flECO-AFL: Fluorescence, WET Labs ECO-AFL/FL [mg/m^3]
# name 12 = n2satML/L: Nitrogen Saturation [ml/l]
# name 13 = c0S/m: Conductivity [S/m]
# name 14 = cpar: CPAR/Corrected Irradiance [%]
# name 15 = sigma-é00: Density [sigma-theta, kg/m^3]
# name 16 = sigma-t00: Density [sigma-t, kg/m^3 ]
# name 17 = par: PAR/Irradiance, Biospherical/Licor
# name 18 = prDM: Pressure, Digiquartz [db]
# name 19 = pumps: Pump Status
# name 20 = scan: Scan Count
# name 21 = svCM: Sound Velocity [Chen-Millero, m/s]
# name 22 = spar: SPAR, Biospherical/Licor
# name 23 = specc: Specific Conductance [uS/cm]
# name 24 = timeS: Time, Elapsed [seconds]
# name 25 = timeY: Time, System [seconds]
# name 26 = accM: Acceleration [m/s^2]
# name 27 = dz/dtM: Descent Rate [m/s]
# name 28 = latitude: Latitude [deg]
# name 29 = longitude: Longitude [deg]
# name 30 = gsw_saA0: Absolute Salinity [g/kg]
# name 31 = gsw_densityA0: density, TEOS-10 [density, kg/m^3]
# name 32 = gsw_sigma0A0: density, TEOS-10 [sigma-0, kg/m^3 ]
# name 33 = gsw_ptA0: potential temperature [ITS-90, deg C]
# name 34 = flag: flag
# span 0 =      1.000,    598.000       
# span 1 =     5.7108,    26.1287       
# span 2 =    34.6344,    35.7983       
# span 3 =  1022.9315,  1030.3958       
# span 4 =     1.4147,     2.8223       
# span 5 =     2.8954,     6.1551       
# span 6 =     47.180,    115.353       
# span 7 =   -0.05506,    0.04180       
# span 8 =    4.65093,    6.95328       
# span 9 =    4.63896,    6.96701       
# span 10 =      7.915,      8.286      
# span 11 =    -0.2176,     0.8841      
# span 12 =    8.64079,   12.45168      
# span 13 =   3.441793,   5.413088      
# span 14 = 4.6353e-14, 7.4296e+01      
# span 15 =    22.9272,    27.6353      
# span 16 =    22.9271,    27.6288      
# span 17 = 1.0000e-12, 1.5915e+03      
# span 18 =      1.019,    603.401      
# span 19 =          1,          1      
# span 20 =        647,      34773      
# span 21 =    1483.48,    1537.01      
# span 22 = 6.3045e+02, 2.1574e+03      
# span 23 =  52881.657,  56033.334      
# span 24 =     26.907,   1448.831      
# span 25 = 1564334458, 1564335880      
# span 26 =      -0.76,       0.54      
# span 27 =     -1.769,      1.256      
# span 28 =   38.53173,   38.53430      
# span 29 =  -73.07227,  -73.07172      
# span 30 =    34.8260,    35.9840      
# span 31 =  1022.9328,  1030.3989      
# span 32 =    22.9285,    27.6384      
# span 33 =     5.6583,    26.1284      
# span 34 = 0.0000e+00, 0.0000e+00      
# interval = meters: 1                  
# start_time = Jul 28 2019 17:20:31 [System UTC, first data scan.]
# bad_flag = -9.990e-29
*END*
[from data line 332]
    334.000     8.6504    35.1735  1028.8371     1.4643     3.3052     50.763    0.00162    6.51108    6.51763      7.918    -0.0502   11.72061   3.712674 4.8384e-14    27.3156    27.3099 1.0000e-12    336.809          1       8852    1490.66 2.0714e+03  55174.741    368.773 1564334800       0.01      1.194   38.53384  -73.07194    35.3326  1028.8338    27.3123     8.6142 0.0000e+00
    335.000     8.6249    35.1736  1028.8459     1.4657     3.3132     50.876    0.00182    6.51220    6.51877      7.916    -0.0421   11.72247   3.710579 4.6396e-14    27.3197    27.3140 1.0000e-12    337.818          1       8872    1490.59 2.1555e+03  55181.828    369.617 1564334801      -0.00      1.198   38.53384  -73.07194    35.3353  1028.8446    27.3184     8.5887 0.0000e+00
    336.000     8.6127    35.1720  1028.8513     1.4678     3.3237     51.017    0.00199    6.51482    6.52142      7.917    -0.0281   11.72681   3.709249 4.6412e-14    27.3203    27.3146 1.0000e-12    338.827          1       8892    1490.56 2.1547e+03  55183.229    370.461 1564334801      -0.00      1.195   38.53384  -73.07194    35.3329  1028.8493    27.3184     8.5764 0.0000e+00
    337.000     8.5730    35.1695  1028.8604     1.4704     3.3419     51.270    0.00267    6.51816    6.52482      7.917    -0.0409   11.73234   3.705131 4.8539e-14    27.3246    27.3189 1.0000e-12    339.836          1       8912    1490.42 2.0653e+03  55190.041    371.304 1564334802       0.00      1.196   38.53384  -73.07194    35.3283  1028.8568    27.3210     8.5367 0.0000e+00
    338.000     8.5523    35.1700  1028.8687     1.4724     3.3513     51.398    0.00279    6.52029    6.52698      7.918    -0.0428   11.73586   3.703564 4.6479e-14    27.3282    27.3226 1.0000e-12    340.845          1       8933    1490.36 2.1515e+03  55196.575    372.146 1564334803       0.00      1.198   38.53384  -73.07194    35.3318  1028.8675    27.3270     8.5159 0.0000e+00
    339.000     8.5432    35.1685  1028.8736     1.4743     3.3542     51.441    0.00237    6.52059    6.52729      7.918    -0.0447   11.73637   3.702570 4.6534e-14    27.3285    27.3228 1.0000e-12    341.854          1       8953    1490.34 2.1490e+03  55197.349    372.989 1564334804       0.00      1.198   38.53384  -73.07194    35.3299  1028.8720    27.3269     8.5067 0.0000e+00
    340.000     8.5194    35.1672  1028.8810     1.4761     3.3602     51.531    0.00228    6.52077    6.52747      7.917    -0.0398   11.73667   3.700234 4.6527e-14    27.3312    27.3255 1.0000e-12    342.864          1       8973    1490.27 2.1493e+03  55202.070    373.831 1564334805       0.00      1.198   38.53383  -73.07194    35.3283  1028.8792    27.3294     8.4829 0.0000e+00
    341.000     8.4987    35.1663  1028.8883     1.4772     3.3608     51.532    0.00188    6.52175    6.52846      7.919    -0.0304   11.73829   3.698280 4.6707e-14    27.3338    27.3281 1.0000e-12    343.873          1       8993    1490.21 2.1410e+03  55206.657    374.677 1564334806      -0.00      1.196   38.53382  -73.07194    35.3278  1028.8867    27.3322     8.4621 0.0000e+00
    342.000     8.4915    35.1661  1028.8938     1.4782     3.3594     51.491    0.00124    6.52419    6.53094      7.919    -0.0420   11.74233   3.697795 4.6720e-14    27.3346    27.3289 1.0000e-12    344.882          1       9014    1490.20 2.1404e+03  55208.702    375.523 1564334806      -0.00      1.194   38.53382  -73.07194    35.3292  1028.8936    27.3345     8.4549 0.0000e+00
    343.000     8.4911    35.1657  1028.8982     1.4785     3.3579     51.438    0.00074    6.52803    6.53484      7.918    -0.0422   11.74870   3.697821 4.6636e-14    27.3344    27.3287 1.0000e-12    345.892          1       9034    1490.21 2.1444e+03  55208.983    376.369 1564334807       0.00      1.193   38.53382  -73.07194    35.3295  1028.8984    27.3347     8.4544 0.0000e+00
    344.000     8.4887    35.1650  1028.9026     1.4790     3.3598     51.437    0.00049    6.53196    6.53883      7.919    -0.0514   11.75519   3.697567 4.8206e-14    27.3343    27.3286 1.0000e-12    346.901          1       9054    1490.22 2.0789e+03  55209.266    377.215 1564334808      -0.00      1.193   38.53382  -73.07194    35.3287  1028.9027    27.3345     8.4518 0.0000e+00
    345.000     8.4747    35.1634  1028.9082     1.4796     3.3650     51.507    0.00066    6.53315    6.54004      7.919    -0.0496   11.75717   3.696066 4.6353e-14    27.3353    27.3295 1.0000e-12    347.910          1       9074    1490.18 2.1574e+03  55211.195    378.060 1564334809      -0.00      1.193   38.53382  -73.07194    35.3262  1028.9077    27.3348     8.4378 0.0000e+00
    346.000     8.4600    35.1623  1028.9142     1.4815     3.3790     51.709    0.00129    6.53468    6.54159      7.918    -0.0430   11.75970   3.694526 4.8715e-14    27.3366    27.3309 1.0000e-12    348.920          1       9095    1490.14 2.0584e+03  55213.862    378.906 1564334810       0.00      1.194   38.53382  -73.07194    35.3240  1028.9129    27.3353     8.4230 0.0000e+00
    347.000     8.4258    35.1616  1028.9238     1.4835     3.3964     51.965    0.00222    6.53594    6.54287      7.919    -0.0434   11.76179   3.691310 4.6584e-14    27.3414    27.3357 1.0000e-12    349.929          1       9115    1490.03 2.1467e+03  55222.147    379.750 1564334811       0.00      1.194   38.53382  -73.07194    35.3234  1028.9225    27.3402     8.3888 0.0000e+00
    348.000     8.4096    35.1613  1028.9308     1.4847     3.3996     52.005    0.00203    6.53699    6.54394      7.919    -0.0440   11.76352   3.689963 4.6574e-14    27.3437    27.3380 1.0000e-12    350.938          1       9135    1489.98 2.1471e+03  55226.444    380.591 1564334812       0.00      1.198   38.53382  -73.07194    35.3248  1028.9308    27.3438     8.3725 0.0000e+00
    349.000     8.4014    35.1601  1028.9358     1.4863     3.4035     52.046    0.00168    6.53938    6.54636      7.919    -0.0554   11.76747   3.689098 4.6581e-14    27.3441    27.3383 1.0000e-12    351.947          1       9155    1489.97 2.1468e+03  55227.550    381.433 1564334812       0.00      1.199   38.53382  -73.07194    35.3233  1028.9355    27.3439     8.3642 0.0000e+00
    350.000     8.3929    35.1597  1028.9414     1.4873     3.4078     52.102    0.00165    6.54054    6.54754      7.919    -0.0473   11.76939   3.688347 4.6498e-14    27.3451    27.3393 1.0000e-12    352.957          1       9176    1489.96 2.1507e+03  55229.771    382.272 1564334813       0.00      1.200   38.53380  -73.07194    35.3233  1028.9415    27.3452     8.3556 0.0000e+00
    351.000     8.3841    35.1593  1028.9471     1.4884     3.4081     52.097    0.00121    6.54180    6.54882      7.918    -0.0413   11.77147   3.687585 4.8511e-14    27.3461    27.3404 1.0000e-12    353.966          1       9196    1489.94 2.0702e+03  55232.129    383.112 1564334814       0.00      1.203   38.53380  -73.07194    35.3235  1028.9476    27.3467     8.3467 0.0000e+00
    352.000     8.3741    35.1582  1028.9524     1.4896     3.4159     52.193    0.00134    6.54490    6.55196      7.915    -0.0363   11.77662   3.686485 4.6624e-14    27.3468    27.3410 1.0000e-12    354.975          1       9216    1489.92 2.1450e+03  55233.679    383.956 1564334815      -0.01      1.199   38.53380  -73.07194    35.3213  1028.9521    27.3466     8.3366 0.0000e+00
    353.000     8.3603    35.1581  1028.9591     1.4904     3.4222     52.247    0.00134    6.54997    6.55712      7.917    -0.0284   11.78500   3.685332 4.7644e-14    27.3489    27.3431 1.0000e-12    355.985          1       9236    1489.88 2.1035e+03  55237.752    384.802 1564334816      -0.00      1.195   38.53380  -73.07194    35.3223  1028.9597    27.3495     8.3228 0.0000e+00
    354.000     8.3520    35.1575  1028.9646     1.4911     3.4237     52.219    0.00087    6.55651    6.56376      7.916    -0.0397   11.79583   3.684539 4.8039e-14    27.3497    27.3439 1.0000e-12    356.994          1       9257    1489.87 2.0866e+03  55239.691    385.646 1564334817 8.8666e-07      1.195   38.53380  -73.07194    35.3217  1028.9651    27.3503     8.3144 0.0000e+00
    355.000     8.3432    35.1568  1028.9699     1.4927     3.4351     52.353    0.00112    6.56152    6.56885      7.917    -0.0175   11.80408   3.683622 4.6503e-14    27.3505    27.3447 1.0000e-12    358.003          1       9277    1489.85 2.1503e+03  55241.463    386.492 1564334817      -0.00      1.194   38.53380  -73.07194    35.3202  1028.9699    27.3505     8.3055 0.0000e+00
    356.000     8.3094    35.1549  1028.9785     1.4949     3.4531     52.621    0.00206    6.56222    6.56955      7.919    -0.0317   11.80524   3.680114 4.6548e-14    27.3542    27.3484 1.0000e-12    359.013          1       9297    1489.74 2.1483e+03  55248.097    387.338 1564334818       0.00      1.193   38.53380  -73.07194    35.3161  1028.9767    27.3524     8.2717 0.0000e+00
    357.000     8.2805    35.1539  1028.9870     1.4977     3.4720     52.892    0.00280    6.56425    6.57162      7.919    -0.0349   11.80861   3.677233 4.6495e-14    27.3579    27.3521 1.0000e-12    360.022          1       9317    1489.64 2.1508e+03  55254.577    388.184 1564334819       0.00      1.193   38.53380  -73.07194    35.3137  1028.9840    27.3550     8.2428 0.0000e+00
    358.000     8.2229    35.1528  1028.9999     1.5005     3.4896     53.142    0.00337    6.56664    6.57404      7.921    -0.0306   11.81256   3.671848 4.6430e-14    27.3659    27.3601 1.0000e-12    361.032          1       9338    1489.44 2.1538e+03  55268.575    389.032 1564334820      -0.00      1.192   38.53380  -73.07194    35.3133  1028.9976    27.3635     8.1852 0.0000e+00
    359.000     8.2131    35.1533  1029.0065     1.5032     3.5009     53.293    0.00338    6.56914    6.57659 -9.990e-29    -0.0398   11.81670   3.671233 4.9690e-14    27.3678    27.3620 1.0000e-12    362.041          1       9358    1489.42 2.0207e+03  55272.371    389.878 1564334821       0.00      1.192   38.53380  -73.07194    35.3161  1029.0059    27.3672     8.1753 0.0000e+00
    360.000     8.2051    35.1522  1029.0115     1.5054     3.5040     53.336    0.00289    6.56961    6.57707 -9.990e-29    -0.0398   11.81748   3.670386 4.7035e-14    27.3681    27.3623 1.0000e-12    363.050          1       9378    1489.41 2.1269e+03  55273.580    390.725 1564334822      -0.00      1.193   38.53379  -73.07194    35.3145  1029.0105    27.3672     8.1672 0.0000e+00
    361.000     8.1887    35.1515  1029.0181     1.5076     3.5099     53.415    0.00262    6.57109    6.57856 -9.990e-29    -0.0182   11.81993   3.668851 4.9087e-14    27.3700    27.3642 1.0000e-12    364.060          1       9399    1489.36 2.0440e+03  55277.370    391.573 1564334823      -0.00      1.191   38.53378  -73.07194    35.3140  1029.0173    27.3693     8.1508 0.0000e+00
    362.000     8.1704    35.1506  1029.0249     1.5096     3.5177     53.523    0.00256    6.57244    6.57994 -9.990e-29    -0.0323   11.82216   3.667058 4.6572e-14    27.3721    27.3664 1.0000e-12    365.069          1       9419    1489.31 2.1472e+03  55281.487    392.418 1564334823       0.00      1.192   38.53378  -73.07194    35.3127  1029.0238    27.3711     8.1324 0.0000e+00
    363.000     8.1619    35.1507  1029.0309     1.5109     3.5180     53.518    0.00206    6.57358    6.58109 -9.990e-29    -0.0397   11.82406   3.666471 4.6613e-14    27.3735    27.3677 1.0000e-12    366.078          1       9439    1489.29 2.1453e+03  55284.555    393.261 1564334824       0.00      1.196   38.53378  -73.07194    35.3144  1029.0311    27.3737     8.1238 0.0000e+00
    364.000     8.1572    35.1498  1029.0355     1.5120     3.5178     53.492    0.00146    6.57628    6.58383 -9.990e-29    -0.0398   11.82851   3.665964 4.6519e-14    27.3735    27.3677 1.0000e-12    367.088          1       9460    1489.29 2.1497e+03  55285.083    394.109 1564334825      -0.01      1.194   38.53378  -73.07194    35.3132  1029.0354    27.3735     8.1190 0.0000e+00
    365.000     8.1448    35.1493  1029.0417     1.5130     3.5217     53.524    0.00127    6.57964    6.58725 -9.990e-29    -0.0398   11.83408   3.664822 4.6433e-14    27.3750    27.3692 1.0000e-12    368.097          1       9480    1489.26 2.1537e+03  55288.288    394.953 1564334826       0.00      1.192   38.53378  -73.07194    35.3129  1029.0417    27.3751     8.1066 0.0000e+00
    366.000     8.1396    35.1490  1029.0469     1.5138     3.5265     53.561    0.00116    6.58416    6.59184 -9.990e-29    -0.0398   11.84155   3.664407 4.9899e-14    27.3757    27.3699 1.0000e-12    369.106          1       9500    1489.26 2.0146e+03  55290.009    395.798 1564334827       0.00      1.195   38.53378  -73.07194    35.3133  1029.0474    27.3762     8.1012 0.0000e+00
    367.000     8.1245    35.1477  1029.0528     1.5146     3.5290     53.576    0.00093    6.58680    6.59452      7.921    -0.0398   11.84591   3.662816 5.4550e-14    27.3769    27.3711 1.0000e-12    370.115          1       9520    1489.22 1.8373e+03  55292.704    396.646 1564334828      -0.00      1.193   38.53378  -73.07194    35.3108  1029.0524    27.3766     8.0861 0.0000e+00
    368.000     8.1082    35.1472  1029.0596     1.5165     3.5414     53.743    0.00133    6.58952    6.59728      7.921    -0.0311   11.85040   3.661242 4.6688e-14    27.3790    27.3732 1.0000e-12    371.125          1       9541    1489.17 2.1424e+03  55296.872    397.495 1564334828      -0.00      1.191   38.53378  -73.07194    35.3098  1029.0588    27.3782     8.0698 0.0000e+00
    369.000     8.0785    35.1459  1029.0679     1.5189     3.5611     54.038    0.00233    6.58999    6.59775      7.921    -0.0210   11.85117   3.658283 4.6437e-14    27.3825    27.3767 1.0000e-12    372.134          1       9561    1489.07 2.1534e+03  55303.464    398.344 1564334829      -0.00      1.188   38.53378  -73.07194    35.3073  1029.0662    27.3808     8.0400 0.0000e+00
    370.000     8.0530    35.1460  1029.0766     1.5217     3.5788     54.305    0.00307    6.59019    6.59796      7.921    -0.0227   11.85152   3.656085 4.6476e-14    27.3864    27.3806 1.0000e-12    373.144          1       9582    1488.99 2.1517e+03  55310.905    399.193 1564334830       0.00      1.188   38.53378  -73.07194    35.3088  1029.0759    27.3858     8.0145 0.0000e+00
    371.000     8.0355    35.1452  1029.0833     1.5235     3.5836     54.373    0.00284    6.59077    6.59855      7.921    -0.0381   11.85248   3.654364 4.6493e-14    27.3884    27.3826 1.0000e-12    374.153          1       9602    1488.95 2.1509e+03  55314.982    400.042 1564334831 -5.207e-07      1.189   38.53378  -73.07194    35.3075  1029.0823    27.3874     7.9969 0.0000e+00
    372.000     8.0242    35.1453  1029.0897     1.5254     3.5857     54.391    0.00226    6.59242    6.60023      7.921    -0.0278   11.85521   3.653529 4.6511e-14    27.3902    27.3844 1.0000e-12    375.162          1       9622    1488.92 2.1500e+03  55318.710    400.889 1564334832       0.00      1.189   38.53378  -73.07194    35.3093  1029.0900    27.3905     7.9856 0.0000e+00
    373.000     8.0232    35.1449  1029.0942     1.5265     3.5861     54.389    0.00187    6.59338    6.60120      7.921    -0.0392   11.85679   3.653488 4.6501e-14    27.3901    27.3843 1.0000e-12    376.172          1       9643    1488.93 2.1505e+03  55319.167    401.738 1564334833       0.00      1.191   38.53378  -73.07194    35.3094  1029.0949    27.3908     7.9844 0.0000e+00
    374.000     8.0208    35.1444  1029.0988     1.5274     3.5836     54.338    0.00118    6.59507    6.60292      7.921    -0.0310   11.85960   3.653291 4.6466e-14    27.3901    27.3843 1.0000e-12    377.182          1       9663    1488.94 2.1521e+03  55319.785    402.592 1564334834      -0.01      1.187   38.53377  -73.07194    35.3092  1029.0996    27.3910     7.9820 0.0000e+00
