CalculateIndicators/WaterTemperature/Data/CTD_NYOS/NYOS190728_6_4.cnv
* Sea-Bird SBE 9 Data File:
* FileName = C:\Seabird 9 CTD\Data\2019\201907_offshore\NYOS190728_6_4.hex
* Software Version Seasave V 7.23.2
* Temperature SN = 4590
* Conductivity SN = 3228
* Number of Bytes Per Scan = 44
* Number of Voltage Words = 5
* Number of Scans Averaged by the Deck Unit = 1
* NMEA Latitude = 39 28.75 N
* NMEA Longitude = 073 04.24 W
* NMEA UTC (Time) = Jul 28 2019  04:04:45
* NMEA baud rate = 4800
** Ship: Seawolf
** Station: 6.4
** Operator: lis
# nquan = 35
# nvalues = 126                         
# units = specified
# name 0 = depSM: Depth [salt water, m]
# name 1 = t090C: Temperature [ITS-90, deg C]
# name 2 = sal00: Salinity, Practical [PSU]
# name 3 = density00: Density [density, kg/m^3]
# name 4 = sbeox0V: Oxygen raw, SBE 43 [V]
# name 5 = sbeox0ML/L: Oxygen, SBE 43 [ml/l]
# name 6 = sbeox0PS: Oxygen, SBE 43 [% saturation]
# name 7 = sbox0dV/dT: Oxygen, SBE 43 [dov/dt]
# name 8 = oxsolML/L: Oxygen Saturation, Garcia & Gordon [ml/l]
# name 9 = oxsatML/L: Oxygen Saturation, Weiss [ml/l]
# name 10 = ph: pH
# name 11 = flECO-AFL: Fluorescence, WET Labs ECO-AFL/FL [mg/m^3]
# name 12 = n2satML/L: Nitrogen Saturation [ml/l]
# name 13 = c0S/m: Conductivity [S/m]
# name 14 = cpar: CPAR/Corrected Irradiance [%]
# name 15 = sigma-é00: Density [sigma-theta, kg/m^3]
# name 16 = sigma-t00: Density [sigma-t, kg/m^3 ]
# name 17 = par: PAR/Irradiance, Biospherical/Licor
# name 18 = prDM: Pressure, Digiquartz [db]
# name 19 = pumps: Pump Status
# name 20 = scan: Scan Count
# name 21 = svCM: Sound Velocity [Chen-Millero, m/s]
# name 22 = spar: SPAR, Biospherical/Licor
# name 23 = specc: Specific Conductance [uS/cm]
# name 24 = timeS: Time, Elapsed [seconds]
# name 25 = timeY: Time, System [seconds]
# name 26 = accM: Acceleration [m/s^2]
# name 27 = dz/dtM: Descent Rate [m/s]
# name 28 = latitude: Latitude [deg]
# name 29 = longitude: Longitude [deg]
# name 30 = gsw_saA0: Absolute Salinity [g/kg]
# name 31 = gsw_densityA0: density, TEOS-10 [density, kg/m^3]
# name 32 = gsw_sigma0A0: density, TEOS-10 [sigma-0, kg/m^3 ]
# name 33 = gsw_ptA0: potential temperature [ITS-90, deg C]
# name 34 = flag: flag
# span 0 =      1.000,     64.000       
# span 1 =     6.5509,    25.0983       
# span 2 =    30.6993,    32.9085       
# span 3 =  1020.0832,  1026.0011       
# span 4 =     1.9517,     2.8548       
# span 5 =     4.8041,     7.1128       
# span 6 =     72.527,    118.082       
# span 7 =   -0.04084,    0.05096       
# span 8 =    4.84313,    6.92429       
# span 9 =    4.83070,    6.93443       
# span 10 =      7.906,      8.230      
# span 11 =     0.0356,     1.1019      
# span 12 =    9.00006,   12.43264      
# span 13 =   3.282692,   4.733460      
# span 14 = -2.752e+02, 1.2367e+05      
# span 15 =    20.0791,    25.7092      
# span 16 =    20.0791,    25.7086      
# span 17 = 1.0000e-12, 3.7869e-01      
# span 18 =      1.019,     64.498      
# span 19 =          1,          1      
# span 20 =        145,       6523      
# span 21 =    1474.90,    1530.06      
# span 22 = 0.0000e+00, 3.9610e+00      
# span 23 =  47211.782,  52090.476      
# span 24 =      5.979,    271.742      
# span 25 = 1564286691, 1564286956      
# span 26 =      -0.28,       0.25      
# span 27 =     -0.812,      0.857      
# span 28 =   39.47921,   39.48040      
# span 29 =  -73.07072,  -73.07067      
# span 30 =    30.8637,    33.1092      
# span 31 =  1020.0877,  1026.0033      
# span 32 =    20.0834,    25.7087      
# span 33 =     6.5465,    25.0981      
# span 34 = 0.0000e+00, 0.0000e+00      
# interval = meters: 1                  
# start_time = Jul 28 2019 04:04:45 [System UTC, first data scan.]
# bad_flag = -9.990e-29
*END*
[from data line 83]
     43.000     7.5619    32.7728  1025.7864     2.2089     5.9591     88.545    0.01760    6.73011    6.73735      8.002     0.6643   12.11126   3.377923 2.5320e-11    25.5881    25.5875 1.0000e-12     43.335          1       4404    1478.75 3.9495e+00  51846.168    183.463 1564286868       0.07     -0.510   39.48004  -73.07070    32.9424  1025.7999    25.6016     7.5579 0.0000e+00
     42.000     7.6617    32.7804  1025.7735     2.2435     6.0435     90.167    0.01737    6.70262    6.70946      8.018     0.7593   12.06570   3.387951 2.6651e-11    25.5800    25.5794 1.0000e-12     42.325          1       4451    1479.13 3.9495e+00  51831.864    185.423 1564286870      -0.10     -0.506   39.48004  -73.07070    32.9568  1025.7923    25.5988     7.6577 0.0000e+00
     41.000     7.8248    32.7802  1025.7454     2.2772     6.1720     92.310    0.02094    6.68619    6.69278      8.028     0.7850   12.03859   3.402005 5.0561e+03    25.5566    25.5560 1.0000e-12     41.318          1       4490    1479.73 3.5501e+00  51790.956    187.039 1564286872       0.00     -0.622   39.48005  -73.07070    32.9543  1025.7625    25.5738     7.8209 0.0000e+00
     40.000     7.9611    32.7930  1025.7311     2.3021     6.2169     93.050    0.01751    6.68128    6.68779      8.033     0.8688   12.03050   3.415508 7.4199e+04    25.5471    25.5465 1.0000e-12     40.310          1       4525    1480.25 5.1784e-01  51776.287    188.500 1564286873      -0.10     -0.663   39.48006  -73.07070    32.9712  1025.7514    25.5673     7.9572 0.0000e+00
     39.000     8.0569    32.7873  1025.7080     2.3238     6.2618     93.820    0.01548    6.67425    6.68066      8.038     0.9263   12.01885   3.422809 3.2075e+03    25.5286    25.5281 1.0000e-12     39.307          1       4560    1480.59 3.7501e+00  51744.711    189.955 1564286874       0.07     -0.712   39.48006  -73.07070    32.9595  1025.7237    25.5444     8.0531 0.0000e+00
     38.000     8.1052    32.7857  1025.6951     2.3470     6.2844     94.409    0.01178    6.65664    6.66280      8.045     1.0209   11.98970   3.426632 2.5306e-11    25.5203    25.5198 1.0000e-12     38.294          1       4606    1480.76 3.9506e+00  51730.552    191.893 1564286876       0.04     -0.510   39.48008  -73.07070    32.9554  1025.7088    25.5341     8.1014 0.0000e+00
     37.000     8.1779    32.7891  1025.6824     2.3722     6.3617     95.814    0.01323    6.63965    6.64555      8.054     1.0952   11.96174   3.433415 2.5320e-11    25.5123    25.5118 1.0000e-12     37.288          1       4652    1481.02 3.9495e+00  51717.756    193.787 1564286878       0.01     -0.535   39.48008  -73.07070    32.9599  1025.6970    25.5269     8.1743 0.0000e+00
     36.000     8.3247    32.7911  1025.6575     2.4011     6.4699     97.555    0.01561    6.63206    6.63782      8.068     1.0079   11.94956   3.446690 2.5802e-11    25.4922    25.4916 1.0000e-12     36.275          1       4696    1481.56 3.9495e+00  51686.277    195.610 1564286880      -0.09     -0.536   39.48009  -73.07070    32.9638  1025.6737    25.5084     8.3211 0.0000e+00
     35.000     8.3792    32.7787  1025.6351     2.4290     6.5868     99.514    0.01997    6.61904    6.62460      8.076     0.8261   11.92811   3.449873 2.5332e-11    25.4744    25.4739 1.0000e-12     35.274          1       4727    1481.73 3.9495e+00  51655.713    196.922 1564286881      -0.12     -0.725   39.48010  -73.07070    32.9471  1025.6480    25.4872     8.3756 0.0000e+00
     34.000     8.4319    32.7524  1025.6020     2.4678     6.7163    101.958    0.02431    6.58751    6.59264      8.085     0.6838   11.87584   3.451955 2.5320e-11    25.4459    25.4454 1.0000e-12     34.265          1       4765    1481.88 3.9495e+00  51605.848    198.493 1564286883       0.13     -0.675   39.48010  -73.07070    32.9203  1025.6146    25.4585     8.4284 0.0000e+00
     33.000     8.5710    32.7442  1025.5699     2.5119     6.7928    103.964    0.02405    6.53386    6.53825      8.092     0.6161   11.78690   3.464170 2.5320e-11    25.4185    25.4180 1.0000e-12     33.254          1       4809    1482.38 3.9495e+00  51562.539    200.344 1564286885      -0.04     -0.530   39.48012  -73.07070    32.9201  1025.5887    25.4374     8.5676 0.0000e+00
     32.000     8.8482    32.7624  1025.5369     2.5206     6.6399    102.144    0.00784    6.50026    6.50418      8.089     0.4593   11.73131   3.491394 2.5320e-11    25.3903    25.3898 1.0000e-12     32.251          1       4850    1483.42 3.9495e+00  51527.465    202.056 1564286887       0.03     -0.592   39.48012  -73.07070    32.9488  1025.5640    25.4175     8.8449 0.0000e+00
     31.000     9.2247    32.7746  1025.4828     2.5025     6.3716     98.733   -0.01030    6.45360    6.45683      8.089     0.3175   11.65466   3.525861 2.6439e-11    25.3411    25.3406 1.0000e-12     31.235          1       4905    1484.81 3.9495e+00  51464.563    204.333 1564286889       0.01     -0.409   39.48012  -73.07070    32.9603  1025.5095    25.3678     9.2214 0.0000e+00
     30.000     9.4510    32.7606  1025.4311     2.5125     6.3952    100.860    0.00372    6.34081    6.34256      8.095     0.2891   11.46742   3.544108 2.5325e-11    25.2940    25.2935 1.0000e-12     30.231          1       4940    1485.61 3.9495e+00  51398.049    205.804 1564286890      -0.22     -0.639   39.48014  -73.07070    32.9412  1025.4539    25.3169     9.4477 0.0000e+00
     29.000     9.5542    32.7199  1025.3779     2.5394     6.5333    103.797    0.01730    6.29441    6.29555      8.104     0.2402   11.39058   3.550562 2.5320e-11    25.2455    25.2450 1.0000e-12     29.226          1       4970    1485.92 3.9495e+00  51319.516    207.050 1564286892      -0.04     -0.799   39.48014  -73.07070    32.9133  1025.4110    25.2786     9.5510 0.0000e+00
     28.000    10.3624    32.7669  1025.2746     2.6069     6.8193    109.346    0.03672    6.23741    6.23782      8.120     0.1938   11.29603   3.630212 2.5320e-11    25.1473    25.1467 1.0000e-12     28.221          1       5010    1488.87 3.9495e+00  51233.436    208.708 1564286893       0.17     -0.648   39.48015  -73.07070    32.9882  1025.3295    25.2022    10.3591 0.0000e+00
     27.000    11.0084    32.7998  1025.1842     2.7005     6.9804    113.729    0.03736    6.13749    6.13662      8.143     0.1435   11.13082   3.690938 -9.990e-29    25.0618    25.0612 1.0000e-12     27.202          1       5069    1491.20 3.9495e+00  51164.531    211.182 1564286896      -0.14     -0.332   39.48016  -73.07070    33.0147  1025.2341    25.1117    11.0051 0.0000e+00
     26.000    11.5318    32.7821  1025.0714     2.7281     6.9012    113.381    0.02400    6.08669    6.08521      8.147     0.1023   11.04640   3.736856 2.5320e-11    24.9538    24.9532 1.0000e-12     26.203          1       5102    1492.99 3.9495e+00  51053.371    212.528 1564286897      -0.16     -0.681   39.48016  -73.07070    33.0006  1025.1244    25.0069    11.5286 0.0000e+00
     25.000    11.9735    32.7694  1024.9753     2.7572     6.8644    114.015    0.01848    6.02070    6.01844      8.151     0.0946   10.93682   3.775969 2.6457e-11    24.8625    24.8619 1.0000e-12     25.194          1       5140    1494.48 3.9495e+00  50967.233    214.126 1564286899       0.10     -0.655   39.48017  -73.07070    32.9910  1025.0309    24.9181    11.9703 0.0000e+00
     24.000    12.4841    32.7928  1024.8922     2.7848     6.8703    115.060    0.01681    5.97103    5.96815      8.155     0.1088   10.85483   3.825618 2.5317e-11    24.7841    24.7835 1.0000e-12     24.184          1       5180    1496.24 3.9495e+00  50924.352    215.797 1564286900      -0.07     -0.586   39.48018  -73.07070    33.0213  1024.9531    24.8451    12.4809 0.0000e+00
     23.000    13.0221    32.7945  1024.7840     2.8107     6.7798    115.826    0.01462    5.85374    5.84956      8.154     0.1244   10.65969   3.874262 2.5320e-11    24.6807    24.6801 1.0000e-12     23.180          1       5224    1498.03 3.9495e+00  50852.792    217.611 1564286902       0.12     -0.561   39.48018  -73.07070    33.0156  1024.8394    24.7361    13.0190 0.0000e+00
     22.000    13.7779    32.7924  1024.6260     2.8402     6.7215    116.852    0.01289    5.75217    5.74683      8.154     0.1631   10.49197   3.947312 2.5320e-11    24.5277    24.5270 1.0000e-12     22.163          1       5282    1500.52 3.9495e+00  50753.462    220.034 1564286905      -0.18     -0.357   39.48020  -73.07070    33.0482  1024.7083    24.6098    13.7748 0.0000e+00
     21.000    14.7889    32.8549  1024.4579     2.8214     6.5714    113.828   -0.00821    5.77312    5.76796      8.158     0.1927   10.52752   4.047648 2.5320e-11    24.3641    24.3634 1.0000e-12     21.166          1       5312    1503.85 3.9495e+00  50723.305    221.304 1564286906      -0.17     -0.709   39.48020  -73.07070    33.1092  1024.5389    24.4453    14.7858 0.0000e+00
     20.000    15.0907    32.7512  1024.3088     2.8188     6.4834    113.914   -0.00462    5.69207    5.68608      8.155     0.2119   10.39272   4.058859 8.7828e+04    24.2198    24.2191 1.0000e-12     20.155          1       5352    1504.68 3.9230e-01  50547.652    222.977 1564286907       0.14     -0.632   39.48020  -73.07070    32.9562  1024.3524    24.2634    15.0877 0.0000e+00
     19.000    15.0514    32.6821  1024.2596     2.8548     6.4638    117.719    0.02138    5.49078    5.48269      8.147     0.1940   10.06115   4.048525 1.3265e+02    24.1751    24.1744 1.0000e-12     19.143          1       5395    1504.46 3.8969e+00  50455.595    224.770 1564286909      -0.10     -0.541   39.48022  -73.07070    32.8961  1024.3103    24.2258    15.0486 0.0000e+00
     18.000    15.9016    32.6998  1024.0804     2.8418     6.2578    115.132    0.00054    5.43500    5.42632      8.144     0.1705    9.97083   4.135905 1.1562e+02    24.0008    24.0001 1.0000e-12     18.142          1       5430    1507.12 3.9432e+00  50398.526    226.195 1564286911      -0.03     -0.694   39.48022  -73.07070    32.9690  1024.1735    24.0936    15.8988 0.0000e+00
     17.000    17.7919    32.3647  1023.3795     2.7884     5.9226    110.182   -0.02592    5.37513    5.36587      8.138     0.1751    9.87325   4.272788 2.5345e-11    23.3045    23.3038 1.0000e-12     17.133          1       5478    1512.46 3.9495e+00  49782.919    228.194 1564286913       0.10     -0.513   39.48023  -73.07070    32.6200  1023.4631    23.3882    17.7890 0.0000e+00
     16.000    18.7928    32.0370  1022.8810     2.7556     5.7606    109.656   -0.01109    5.25357    5.24328      8.132     0.1544    9.67415   4.325853 2.5320e-11    22.8107    22.8100 1.0000e-12     16.118          1       5537    1515.01 3.9495e+00  49265.311    230.668 1564286915      -0.05     -0.380   39.48024  -73.07070    32.2756  1022.9527    22.8825    18.7900 0.0000e+00
     15.000    19.1268    31.9464  1022.7235     2.7532     5.6913    110.241   -0.00034    5.16251    5.15155      8.129     0.1634    9.52454   4.345312 2.5320e-11    22.6576    22.6570 1.0000e-12     15.116          1       5570    1515.85 3.9495e+00  49121.041    232.032 1564286917      -0.28     -0.656   39.48024  -73.07070    32.1784  1022.7905    22.7247    19.1242 0.0000e+00
     14.000    20.3311    31.6853  1022.2091     2.7050     5.3953    106.159   -0.02295    5.08140    5.06997      8.125     0.1684    9.39050   4.429132 2.6049e-11    22.1480    22.1473 1.0000e-12     14.111          1       5610    1518.91 3.9495e+00  48703.558    233.695 1564286918       0.16     -0.628   39.48026  -73.07070    31.9439  1022.2967    22.2356    20.3285 0.0000e+00
     13.000    21.8937    31.4230  1021.5885     2.6328     5.0998    102.174   -0.02863    4.99129    4.97939      8.124     0.1472    9.24154   4.542961 2.5284e-11    21.5320    21.5313 1.0000e-12     13.097          1       5671    1522.86 3.9495e+00  48279.624    236.244 1564286921      -0.15     -0.349   39.48026  -73.07069    31.6843  1021.6784    21.6220    21.8912 0.0000e+00
     12.000    22.8566    31.2988  1021.2222     2.5956     5.0142    100.771   -0.02233    4.97582    4.96386      8.125     0.1548    9.21610   4.615411 2.5320e-11    21.1702    21.1695 1.0000e-12     12.093          1       5712    1525.24 3.9495e+00  48080.456    237.949 1564286922      -0.04     -0.579   39.48027  -73.07068    31.5461  1021.3016    21.2496    22.8542 0.0000e+00
     11.000    23.3085    31.2589  1021.0596     2.5780     4.9998    100.718   -0.00991    4.96417    4.95214      8.127     0.1680    9.19776   4.649769 1.5380e+04    21.0120    21.0113 1.0000e-12     11.084          1       5757    1526.34 3.2987e+00  48013.998    239.832 1564286924       0.03     -0.535   39.48028  -73.07068    31.4847  1021.1225    21.0749    23.3063 0.0000e+00
     10.000    23.4534    31.2161  1020.9814     2.5777     5.0136    101.340    0.00019    4.94729    4.93518      8.128     0.1985    9.17045   4.655353 1.0054e+05    20.9382    20.9377 1.0000e-12     10.076          1       5797    1526.65 5.6349e-01  47952.012    241.490 1564286926      -0.11     -0.588   39.48028  -73.07068    31.4242  1021.0311    20.9879    23.4513 0.0000e+00
      9.000    23.6051    31.1130  1020.8554     2.5690     4.9500    100.532   -0.00499    4.92374    4.91155      8.128     0.1924    9.13166   4.655021 -9.990e-29    20.8165    20.8159 1.0000e-12      9.072          1       5832    1526.91 3.8121e+00  47806.051    242.978 1564286927       0.04     -0.684   39.48029  -73.07068    31.3148  1020.9007    20.8618    23.6032 0.0000e+00
      8.000    23.8680    31.0270  1020.7101     2.5553     4.8822     99.684   -0.00700    4.89762    4.88532      8.129     0.1499    9.09011   4.667583 -9.990e-29    20.6757    20.6752 1.0000e-12      8.060          1       5877    1527.46 3.8555e+00  47682.919    244.832 1564286929       0.03     -0.534   39.48030  -73.07068    31.2245  1020.7523    20.7177    23.8663 0.0000e+00
      7.000    24.1947    30.9646  1020.5635     2.5457     4.8300     99.197   -0.00649    4.86913    4.85674      8.131     0.0991    9.04324   4.688561 2.5320e-11    20.5331    20.5327 1.0000e-12      7.053          1       5917    1528.20 3.9495e+00  47590.082    246.479 1564286931      -0.04     -0.608   39.48030  -73.07068    31.1532  1020.5990    20.5688    24.1932 0.0000e+00
      6.000    24.5331    30.7526  1020.2997     2.5376     4.8041     98.849   -0.00545    4.86003    4.84763      8.134     0.0856    9.02824   4.692912 2.5320e-11    20.2740    20.2736 1.0000e-12      6.045          1       5954    1528.79 3.9495e+00  47293.513    248.028 1564286933      -0.03     -0.644   39.48031  -73.07068    30.9516  1020.3435    20.3176    24.5318 0.0000e+00
      5.000    24.8219    30.7229  1020.1875     2.5375     4.8131     99.126   -0.00065    4.85551    4.84310      8.137     0.0926    9.02073   4.713918 8.6492e+04    20.1658    20.1655 1.0000e-12      5.040          1       5988    1529.45 4.7836e-01  47247.290    249.465 1564286934      -0.02     -0.695   39.48032  -73.07068    30.9082  1020.2211    20.1995    24.8208 0.0000e+00
      4.000    24.9393    30.7082  1020.1371     2.5371     4.8114     99.117   -0.00029    4.85427    4.84185      8.138     0.0800    9.01868   4.722177 4.1024e+04    20.1199    20.1197 1.0000e-12      4.032          1       6028    1529.71 2.2445e+00  47225.517    251.123 1564286936       0.08     -0.627   39.48032  -73.07068    30.8888  1020.1671    20.1499    24.9384 0.0000e+00
      3.000    25.0216    30.6993  1020.1015     2.5374     4.8200     99.182    0.00043    4.85972    4.84731      8.141     0.0876    9.02752   4.727357 2.9655e+02    20.0885    20.0883 1.0000e-12      3.023          1       6079    1529.88 3.9371e+00  47211.782    253.234 1564286938       0.04     -0.471   39.48034  -73.07068    30.8708  1020.1247    20.1117    25.0210 0.0000e+00
