CalculateIndicators/WaterTemperature/Data/CTD_NYOS/NYOS1910_C02.cnv
* Sea-Bird SBE 9 Data File:
* FileName = C:\Seabird 9 CTD\Data\2019\201910_offhore\NYOS1910_C02.hex
* Software Version Seasave V 7.23.2
* Temperature SN = 4590
* Conductivity SN = 3228
* Number of Bytes Per Scan = 44
* Number of Voltage Words = 5
* Number of Scans Averaged by the Deck Unit = 1
* NMEA Latitude = 40 41.77 N
* NMEA Longitude = 071 47.95 W
* NMEA UTC (Time) = Oct 06 2019  04:07:11
* NMEA baud rate = 4800
** Ship: sw
** Station: 1.2
** Operator: Sarah
# nquan = 35
# nvalues = 98                          
# units = specified
# name 0 = depSM: Depth [salt water, m]
# name 1 = t090C: Temperature [ITS-90, deg C]
# name 2 = sal00: Salinity, Practical [PSU]
# name 3 = density00: Density [density, kg/m^3]
# name 4 = sbeox0V: Oxygen raw, SBE 43 [V]
# name 5 = sbeox0ML/L: Oxygen, SBE 43 [ml/l]
# name 6 = sbeox0PS: Oxygen, SBE 43 [% saturation]
# name 7 = sbox0dV/dT: Oxygen, SBE 43 [dov/dt]
# name 8 = oxsolML/L: Oxygen Saturation, Garcia & Gordon [ml/l]
# name 9 = oxsatML/L: Oxygen Saturation, Weiss [ml/l]
# name 10 = ph: pH
# name 11 = flECO-AFL: Fluorescence, WET Labs ECO-AFL/FL [mg/m^3]
# name 12 = n2satML/L: Nitrogen Saturation [ml/l]
# name 13 = c0S/m: Conductivity [S/m]
# name 14 = cpar: CPAR/Corrected Irradiance [%]
# name 15 = sigma-é00: Density [sigma-theta, kg/m^3]
# name 16 = sigma-t00: Density [sigma-t, kg/m^3 ]
# name 17 = par: PAR/Irradiance, Biospherical/Licor
# name 18 = prDM: Pressure, Digiquartz [db]
# name 19 = pumps: Pump Status
# name 20 = scan: Scan Count
# name 21 = svCM: Sound Velocity [Chen-Millero, m/s]
# name 22 = spar: SPAR, Biospherical/Licor
# name 23 = specc: Specific Conductance [uS/cm]
# name 24 = timeS: Time, Elapsed [seconds]
# name 25 = timeY: Time, System [seconds]
# name 26 = accM: Acceleration [m/s^2]
# name 27 = dz/dtM: Descent Rate [m/s]
# name 28 = latitude: Latitude [deg]
# name 29 = longitude: Longitude [deg]
# name 30 = gsw_saA0: Absolute Salinity [g/kg]
# name 31 = gsw_densityA0: density, TEOS-10 [density, kg/m^3]
# name 32 = gsw_sigma0A0: density, TEOS-10 [sigma-0, kg/m^3 ]
# name 33 = gsw_ptA0: potential temperature [ITS-90, deg C]
# name 34 = flag: flag
# span 0 =      1.000,     50.000       
# span 1 =     8.8591,    19.8179       
# span 2 =    32.5402,    33.6725       
# span 3 =  1023.3634,  1025.7100       
# span 4 =     1.6129,     2.5080       
# span 5 =     3.4544,     5.2672       
# span 6 =     56.001,     98.709       
# span 7 =   -0.07535,    0.12544       
# span 8 =    5.23407,    6.56849       
# span 9 =    5.22432,    6.57320       
# span 10 =      7.811,      8.261      
# span 11 =     0.0726,     0.2573      
# span 12 =    9.62177,   11.84611      
# span 13 =   3.474596,   4.610875      
# span 14 = -1.285e+04, 9.7436e+04      
# span 15 =    23.3568,    25.4846      
# span 16 =    23.3567,    25.4838      
# span 17 = 1.0000e-12, 3.9174e-01      
# span 18 =      1.021,     50.392      
# span 19 =          1,          1      
# span 20 =        541,      10803      
# span 21 =    1483.46,    1519.86      
# span 22 = 1.0165e-01, 4.4117e+00      
# span 23 =  50286.510,  51736.688      
# span 24 =     22.482,    450.097      
# span 25 = 1570334855, 1570335283      
# span 26 =      -0.32,       0.49      
# span 27 =     -0.730,      0.814      
# span 28 =   40.69624,   40.69645      
# span 29 =  -71.80021,  -71.79928      
# span 30 =    32.6221,    33.8331      
# span 31 =  1023.3690,  1025.7129      
# span 32 =    23.3614,    25.4882      
# span 33 =     8.8548,    19.8137      
# span 34 = 0.0000e+00, 0.0000e+00      
# interval = meters: 1                  
# start_time = Oct 06 2019 04:07:12 [System UTC, first data scan.]
# bad_flag = -9.990e-29
*END*
[from data line 83]
     15.000    19.5034    33.3748  1023.7175     2.4833     5.1420     97.099   -0.00294    5.29561    5.28615      8.248     0.2113    9.72937   4.543265 5.7858e+04    23.6518    23.6512 1.0000e-12     15.115          1       8772    1518.52 1.6644e+00  51059.130    365.443 1570335198      -0.13     -0.464   40.69640  -71.80006    33.5178  1023.7115    23.6459    19.5006 0.0000e+00
     14.000    19.4212    33.2524  1023.6408     2.4819     5.1578     97.197   -0.00098    5.30651    5.29710      8.246     0.2124    9.74828   4.520496 6.8192e+04    23.5795    23.5789 1.0000e-12     14.113          1       8811    1518.13 1.1318e+00  50896.184    367.069 1570335199       0.00     -0.611   40.69640  -71.80007    33.3958  1023.6355    23.5743    19.4187 0.0000e+00
     13.000    19.2761    33.0827  1023.5439     2.4819     5.1658     97.293    0.00032    5.30954    5.30013      8.246     0.2248    9.75397   4.486121 -4.186e+03    23.4870    23.4864 1.0000e-12     13.100          1       8870    1517.51 4.1228e+00  50671.500    369.531 1570335202       0.06     -0.378   40.69642  -71.80008    33.2276  1023.5405    23.4836    19.2738 0.0000e+00
     12.000    19.2557    33.0192  1023.4962     2.4860     5.1977     97.631    0.00195    5.32383    5.31450      8.243     0.2161    9.77871   4.476978 2.5320e-11    23.4437    23.4432 1.0000e-12     12.095          1       8919    1517.37 3.9495e+00  50585.453    371.600 1570335204      -0.06     -0.505   40.69642  -71.80008    33.1685  1023.4964    23.4439    19.2535 0.0000e+00
     11.000    19.2051    32.9587  1023.4585     2.4901     5.2169     97.825    0.00189    5.33288    5.32361 -9.990e-29     0.2077    9.79422   4.464122 -9.990e-29    23.4103    23.4098 1.0000e-12     11.085          1       8970    1517.14 3.9495e+00  50504.929    373.694 1570335206       0.02     -0.477   40.69642  -71.80008    33.1025  1023.4547    23.4065    19.2032 0.0000e+00
     10.000    19.0789    32.8772  1023.4238     2.4990     5.2419     98.245    0.00170    5.33556    5.32631      8.241     0.2101    9.79882   4.442891 4.7297e+04    23.3800    23.3795 1.0000e-12     10.081          1       9298    1516.67 2.6839e+00  50400.073    387.380 1570335220      -0.03     -0.303   40.69642  -71.80010    33.0269  1023.4248    23.3810    19.0771 0.0000e+00
      9.000    18.9456    32.8085  1023.4006     2.5030     5.2595     98.277   -0.00018    5.35168    5.34253      8.243     0.2091    9.82626   4.422149 -4.938e+03    23.3611    23.3607 1.0000e-12      9.066          1      10446    1516.20 4.1030e+00  50313.245    435.208 1570335268      -0.07     -0.261   40.69644  -71.80019    32.9607  1023.4037    23.3643    18.9440 0.0000e+00
      8.000    18.9141    32.7934  1023.3925     2.5019     5.2554     98.192   -0.00038    5.35219    5.34304 -9.990e-29     0.2325    9.82708   4.417407 2.5320e-11    23.3574    23.3571 1.0000e-12      8.064          1      10398    1516.07 3.9495e+00  50293.925    433.217 1570335266      -0.21     -0.495   40.69644  -71.80018    32.9466  1023.3965    23.3614    18.9127 0.0000e+00
      7.000    18.9014    32.7917  1023.3900     2.5023     5.2564     98.220   -0.00011    5.35167    5.34253      8.241     0.1872    9.82622   4.415948 2.5104e-11    23.3593    23.3590 1.0000e-12      7.054          1      10437    1516.02 3.9495e+00  50291.934    434.833 1570335267       0.03     -0.633   40.69644  -71.80018    32.9448  1023.3939    23.3632    18.9002 0.0000e+00
      6.000    18.8896    32.7883  1023.3859     2.5035     5.2641     98.371    0.00118    5.35126    5.34211      8.240     0.1993    9.82553   4.414432 2.5321e-11    23.3595    23.3593 1.0000e-12      6.045          1      10473    1515.96 3.9495e+00  50287.378    436.342 1570335269      -0.08     -0.646   40.69644  -71.80018    32.9419  1023.3902    23.3639    18.8886 0.0000e+00
      5.000    18.8948    32.7893  1023.3809     2.5038     5.2591     98.285    0.00007    5.35088    5.34172      8.239     0.1924    9.82489   4.415111 2.5320e-11    23.3590    23.3588 1.0000e-12      5.041          1      10507    1515.96 3.9495e+00  50288.006    437.730 1570335270       0.01     -0.730   40.69644  -71.80018    32.9438  1023.3859    23.3640    18.8939 0.0000e+00
      4.000    18.8994    32.7896  1023.3756     2.5032     5.2558     98.222   -0.00019    5.35101    5.34186      8.241     0.2359    9.82511   4.415582 -9.990e-29    23.3580    23.3579 1.0000e-12      4.030          1      10545    1515.96 3.9495e+00  50287.717    439.324 1570335272       0.04     -0.636   40.69644  -71.80018    32.9444  1023.3808    23.3633    18.8987 0.0000e+00
      3.000    18.9031    32.7893  1023.3700     2.5025     5.2521     98.151   -0.00048    5.35104    5.34188 -9.990e-29     0.2023    9.82515   4.415846 5.4596e-02    23.3568    23.3567 1.7920e-04      3.024          1      10583    1515.95 3.9495e+00  50286.517    440.900 1570335273       0.00     -0.642   40.69644  -71.80019    32.9440  1023.3752    23.3620    18.9026 0.0000e+00
      2.000    18.9016    32.7896  1023.3661     2.5019     5.2506     98.120   -0.00049    5.35117    5.34202      8.240     0.1920    9.82537   4.415708 4.0620e+00    23.3574    23.3573 1.6047e-01      2.015          1      10621    1515.93 3.9495e+00  50286.510    442.516 1570335275      -0.01     -0.620   40.69644  -71.80020    32.9444  1023.3714    23.3627    18.9013 0.0000e+00
      1.000    18.8997    32.7911  1023.3634     2.5051     5.2672     98.430    0.00131    5.35124    5.34209      8.242     0.1738    9.82548   4.415716 9.8688e+00    23.3590    23.3589 3.9174e-01      1.021          1      10803    1515.91 3.9495e+00  50288.242    450.097 1570335283       0.12     -0.287   40.69645  -71.80021    32.9464  1023.3690    23.3646    18.8995 0.0000e+00
