CalculateIndicators/WaterTemperature/Data/CTD_NYOS/NYOS190724_3_3.cnv
* Sea-Bird SBE 9 Data File:
* FileName = C:\Seabird 9 CTD\Data\2019\201907_offshore\NYOS190724_3_3.hex
* Software Version Seasave V 7.23.2
* Temperature SN = 4590
* Conductivity SN = 3228
* Number of Bytes Per Scan = 44
* Number of Voltage Words = 5
* Number of Scans Averaged by the Deck Unit = 1
* NMEA Latitude = 40 06.48 N
* NMEA Longitude = 072 15.87 W
* NMEA UTC (Time) = Jul 25 2019  03:33:43
* NMEA baud rate = 4800
** Ship: seawolf
** Station: 3-3
** Operator: LIS
# nquan = 35
# nvalues = 127                         
# units = specified
# name 0 = depSM: Depth [salt water, m]
# name 1 = t090C: Temperature [ITS-90, deg C]
# name 2 = sal00: Salinity, Practical [PSU]
# name 3 = density00: Density [density, kg/m^3]
# name 4 = sbeox0V: Oxygen raw, SBE 43 [V]
# name 5 = sbeox0ML/L: Oxygen, SBE 43 [ml/l]
# name 6 = sbeox0PS: Oxygen, SBE 43 [% saturation]
# name 7 = sbox0dV/dT: Oxygen, SBE 43 [dov/dt]
# name 8 = oxsolML/L: Oxygen Saturation, Garcia & Gordon [ml/l]
# name 9 = oxsatML/L: Oxygen Saturation, Weiss [ml/l]
# name 10 = ph: pH
# name 11 = flECO-AFL: Fluorescence, WET Labs ECO-AFL/FL [mg/m^3]
# name 12 = n2satML/L: Nitrogen Saturation [ml/l]
# name 13 = c0S/m: Conductivity [S/m]
# name 14 = cpar: CPAR/Corrected Irradiance [%]
# name 15 = sigma-é00: Density [sigma-theta, kg/m^3]
# name 16 = sigma-t00: Density [sigma-t, kg/m^3 ]
# name 17 = par: PAR/Irradiance, Biospherical/Licor
# name 18 = prDM: Pressure, Digiquartz [db]
# name 19 = pumps: Pump Status
# name 20 = scan: Scan Count
# name 21 = svCM: Sound Velocity [Chen-Millero, m/s]
# name 22 = spar: SPAR, Biospherical/Licor
# name 23 = specc: Specific Conductance [uS/cm]
# name 24 = timeS: Time, Elapsed [seconds]
# name 25 = timeY: Time, System [seconds]
# name 26 = accM: Acceleration [m/s^2]
# name 27 = dz/dtM: Descent Rate [m/s]
# name 28 = latitude: Latitude [deg]
# name 29 = longitude: Longitude [deg]
# name 30 = gsw_saA0: Absolute Salinity [g/kg]
# name 31 = gsw_densityA0: density, TEOS-10 [density, kg/m^3]
# name 32 = gsw_sigma0A0: density, TEOS-10 [sigma-0, kg/m^3 ]
# name 33 = gsw_ptA0: potential temperature [ITS-90, deg C]
# name 34 = flag: flag
# span 0 =      2.000,     65.000       
# span 1 =     6.7520,    24.3642       
# span 2 =    30.5817,    36.7196       
# span 3 =  1020.2513,  1027.0619       
# span 4 =     1.8616,     3.0552       
# span 5 =     3.3497,     9.1745       
# span 6 =     66.940,    151.371       
# span 7 =   -0.04862,    0.33036       
# span 8 =    4.89926,    6.89182       
# span 9 =    4.88701,    6.90145       
# span 10 =      7.943,      8.268      
# span 11 =     0.0217,     1.1008      
# span 12 =    9.09013,   12.37907      
# span 13 =   3.302351,   4.711811      
# span 14 = -1.666e+04, 1.0721e+05      
# span 15 =    20.2383,    26.9874      
# span 16 =    20.2382,    26.9867      
# span 17 = 1.0000e-12, 4.7099e-02      
# span 18 =      2.020,     65.490      
# span 19 =          0,          1      
# span 20 =        118,      10342      
# span 21 =    1475.67,    1528.76      
# span 22 = -2.848e-01, 4.6247e+00      
# span 23 =  47062.068,  55873.773      
# span 24 =      4.861,    430.865      
# span 25 = 1564025630, 1564026056      
# span 26 =      -0.79,       0.47      
# span 27 =     -1.110,      1.069      
# span 28 =   40.10805,   40.10889      
# span 29 =  -72.26456,  -72.26331      
# span 30 =    30.7271,    36.7024      
# span 31 =  1020.2465,  1026.9200      
# span 32 =    20.2336,    26.8408      
# span 33 =     6.7464,    24.3623      
# span 34 = 0.0000e+00, 0.0000e+00      
# interval = meters: 1                  
# start_time = Jul 25 2019 03:33:45 [System UTC, first data scan.]
# bad_flag = -9.990e-29
*END*
[from data line 42]
     44.000     6.8786    32.6930  1025.8221     2.2298     5.9115     85.842   -0.00983    6.88657    6.89611      8.019     0.0671   12.37040   3.308418 2.5243e-11    25.6185    25.6179 1.0000e-12     44.350          1       1863    1476.02 3.9495e+00  51908.247     77.602 1564025703       0.10      0.441   40.10820  -72.26436    32.8340  1025.8133    25.6096     6.8747 0.0000e+00
     45.000     6.8355    32.7264  1025.8588     2.1963     5.6637     82.214   -0.02271    6.88896    6.89854      8.011     0.0526   12.37435   3.307478 2.5320e-11    25.6505    25.6500 1.0000e-12     45.351          1       1896    1475.92 3.9495e+00  51968.405     78.972 1564025704       0.10      0.700   40.10820  -72.26436    32.8644  1025.8474    25.6391     6.8315 0.0000e+00
     46.000     6.7887    32.7308  1025.8731     2.1660     5.5795     80.990   -0.02084    6.88911    6.89868      8.006     0.0548   12.37464   3.304113 2.5320e-11    25.6602    25.6596 1.0000e-12     46.360          1       1933    1475.75 3.9495e+00  51987.965     80.506 1564025706      -0.07      0.676   40.10820  -72.26434    32.8717  1025.8640    25.6510     6.7846 0.0000e+00
     47.000     6.7692    32.7314  1025.8808     2.1441     5.5834     81.058   -0.01321    6.88815    6.89771 -9.990e-29     0.0509   12.37302   3.302848 2.5320e-11    25.6632    25.6626 1.0000e-12     47.372          1       1974    1475.69 3.9495e+00  51994.740     82.214 1564025707      -0.01      0.584   40.10820  -72.26434    32.8759  1025.8745    25.6569     6.7651 0.0000e+00
     48.000     6.7707    32.7300  1025.8809     2.1326     5.5859     81.103   -0.00917    6.88742    6.89698 -9.990e-29     0.0549   12.37183   3.302727 2.5320e-11    25.6614    25.6608 1.0000e-12     48.378          1       2007    1475.71 3.9495e+00  51993.091     83.592 1564025709       0.14      0.692   40.10822  -72.26434    32.8726  1025.8763    25.6541     6.7665 0.0000e+00
     49.000     6.7744    32.7299  1025.8882     2.1276     5.6090     81.442   -0.00533    6.88708    6.89663 -9.990e-29     0.0335   12.37126   3.303598 2.5320e-11    25.6613    25.6607 1.0000e-12     49.383          1       2037    1475.75 3.9495e+00  51992.487     84.814 1564025710       0.04      0.814   40.10822  -72.26433    32.8782  1025.8849    25.6581     6.7701 0.0000e+00
     50.000     6.7795    32.7296  1025.8919     2.1252     5.6327     81.798   -0.00221    6.88608    6.89561 -9.990e-29 -9.990e-29   12.36961   3.304179 2.5938e-11    25.6604    25.6598 1.0000e-12     50.388          1       2072    1475.78 3.9495e+00  51991.379     86.273 1564025711      -0.12      0.732   40.10822  -72.26432    32.8793  1025.8897    25.6582     6.7751 0.0000e+00
     51.000     6.7862    32.7297  1025.8958     2.1237     5.6478     82.023   -0.00037    6.88568    6.89520      7.992     0.0383   12.36895   3.305001 4.1911e+04    25.6596    25.6590 1.0000e-12     51.406          1       2129    1475.82 1.7016e+00  51990.445     88.683 1564025714      -0.05      0.361   40.10822  -72.26432    32.8814  1025.8952    25.6590     6.7817 0.0000e+00
     52.000     6.7907    32.7292  1025.8994     2.1197     5.6140     81.528   -0.00238    6.88599    6.89553      7.992     0.0457   12.36945   3.305437 -2.922e+02    25.6587    25.6581 1.0000e-12     52.412          1       2166    1475.86 3.9652e+00  51989.227     90.201 1564025715       0.29      0.621   40.10822  -72.26432    32.8814  1025.8992    25.6585     6.7861 0.0000e+00
     53.000     6.7915    32.7297  1025.9044     2.1166     5.5984     81.283   -0.00305    6.88757    6.89713      7.988     0.0382   12.37202   3.305667 2.5320e-11    25.6590    25.6584 1.0000e-12     53.413          1       2193    1475.88 3.9495e+00  51990.473     91.341 1564025717       0.09      0.851   40.10822  -72.26432    32.8827  1025.9047    25.6594     6.7868 0.0000e+00
     54.000     6.7904    32.7306  1025.9098     2.1130     5.5965     81.241   -0.00221    6.88878    6.89836      7.983     0.0377   12.37399   3.305708 2.5320e-11    25.6598    25.6592 1.0000e-12     54.425          1       2227    1475.89 3.9495e+00  51992.669     92.757 1564025718      -0.14      0.756   40.10823  -72.26430    32.8837  1025.9103    25.6603     6.7856 0.0000e+00
     55.000     6.7798    32.7337  1025.9183     2.1014     5.5074     79.941   -0.00693    6.88927    6.89886      7.979     0.0459   12.37481   3.305078 2.5320e-11    25.6636    25.6630 1.0000e-12     55.432          1       2262    1475.87 3.9495e+00  52000.643     94.208 1564025719       0.03      0.686   40.10824  -72.26430    32.8865  1025.9185    25.6639     6.7749 0.0000e+00
     56.000     6.7701    32.7355  1025.9257     2.0859     5.4329     78.857   -0.00901    6.88960    6.89919      7.974     0.0335   12.37535   3.304490 2.5320e-11    25.6664    25.6657 1.0000e-12     56.438          1       2303    1475.85 3.9495e+00  52006.548     95.937 1564025721      -0.12      0.603   40.10824  -72.26430    32.8888  1025.9263    25.6670     6.7652 0.0000e+00
     57.000     6.7668    32.7352  1025.9306     2.0720     5.4145     78.584   -0.00633    6.89004    6.89964      7.968     0.0532   12.37608   3.304272 2.7550e-11    25.6666    25.6660 1.0000e-12     57.455          1       2353    1475.86 3.9495e+00  52007.795     98.001 1564025723       0.13      0.446   40.10824  -72.26430    32.8891  1025.9316    25.6677     6.7617 0.0000e+00
     58.000     6.7644    32.7351  1025.9354     2.0659     5.4035     78.424   -0.00539    6.89011    6.89971      7.966     0.0281   12.37621   3.304124 2.5311e-11    25.6669    25.6662 1.0000e-12     58.457          1       2383    1475.86 3.9495e+00  52009.017     99.235 1564025724       0.21      0.736   40.10824  -72.26428    32.8892  1025.9366    25.6681     6.7593 0.0000e+00
     59.000     6.7631    32.7348  1025.9400     2.0616     5.4045     78.435   -0.00394    6.89041    6.90001      7.963     0.0297   12.37671   3.304035 2.5320e-11    25.6668    25.6661 1.0000e-12     59.459          1       2414    1475.87 3.9495e+00  52009.527    100.531 1564025726      -0.07      0.806   40.10824  -72.26428    32.8891  1025.9413    25.6681     6.7579 0.0000e+00
     60.000     6.7623    32.7340  1025.9441     2.0577     5.4157     78.597   -0.00165    6.89049    6.90010      7.960     0.0396   12.37685   3.303949 -9.990e-29    25.6663    25.6656 1.0000e-12     60.475          1       2465    1475.89 2.5376e+00  52009.368    102.668 1564025728      -0.09      0.443   40.10826  -72.26428    32.8884  1025.9456    25.6678     6.7570 0.0000e+00
     61.000     6.7599    32.7340  1025.9491     2.0533     5.4002     78.365   -0.00180    6.89111    6.90072      7.959     0.0441   12.37787   3.303814 -9.990e-29    25.6666    25.6659 1.0000e-12     61.480          1       2522    1475.89 3.1995e+00  52010.661    105.027 1564025730      -0.10      0.403   40.10826  -72.26427    32.8887  1025.9507    25.6683     6.7545 0.0000e+00
     62.000     6.7572    32.7328  1025.9531     2.0470     5.3741     77.978   -0.00233    6.89182    6.90144 -9.990e-29     0.0328   12.37904   3.303502 2.5320e-11    25.6660    25.6653 1.0000e-12     62.495          1       2589    1475.90 3.9835e+00  52010.357    107.850 1564025733       0.35      0.326   40.10826  -72.26426    32.8874  1025.9547    25.6677     6.7517 0.0000e+00
     63.000     6.7534    32.7330  1025.9584     2.0406     5.3424     77.518   -0.00326    6.89182    6.90145 -9.990e-29     0.0416   12.37907   3.303258 3.9384e+04    25.6667    25.6660 1.0000e-12     63.495          1       2633    1475.90 2.3159e+00  52012.311    109.682 1564025735      -0.10      0.493   40.10826  -72.26426    32.8878  1025.9602    25.6685     6.7479 0.0000e+00
     64.000     6.7520    32.7323  1025.9627     2.0339     5.3317     77.368   -0.00204    6.89130    6.90091 -9.990e-29     0.0369   12.37820   3.303134 -1.152e+03    25.6663    25.6656 1.0000e-12     64.503          1       2705    1475.91 3.9638e+00  52012.408    112.648 1564025738       0.12      0.333   40.10826  -72.26426    32.8873  1025.9646    25.6683     6.7464 0.0000e+00
     65.000     6.7567    32.7297  1025.9646     2.0371     5.3664     77.875    0.00037    6.89112    6.90073      7.943     0.0217   12.37795   3.303427 -1.447e+02    25.6637    25.6629 1.0000e-12     65.490          1       3502    1475.94 3.9765e+00  52008.058    145.882 1564025771      -0.03      0.203   40.10833  -72.26414    32.8856  1025.9671    25.6663     6.7510 0.0000e+00
     64.000     6.7561    32.7289  1025.9592     2.0374     5.3606     77.789   -0.00027    6.89126    6.90087      7.943     0.0258   12.37816   3.303164 2.5320e-11    25.6632    25.6625 1.0000e-12     64.492          1       3441    1475.92 3.9495e+00  52005.921    143.329 1564025769      -0.79     -0.192   40.10832  -72.26416    32.8838  1025.9612    25.6649     6.7505 0.0000e+00
     63.000     6.7564    32.7300  1025.9556     2.0374     5.3674     77.886    0.00038    6.89131    6.90092      7.945     0.0422   12.37825   3.303323 2.5320e-11    25.6639    25.6632 1.0000e-12     63.499          1       3434    1475.91 3.9495e+00  52007.220    143.030 1564025768      -0.60     -0.860   40.10832  -72.26416    32.8856  1025.9581    25.6664     6.7509 0.0000e+00
     62.000     6.7568    32.7298  1025.9508     2.0367     5.3566     77.730   -0.00035    6.89126    6.90087 -9.990e-29     0.0370   12.37817   3.303259 2.5320e-11    25.6637    25.6630 1.0000e-12     62.499          1       3461    1475.89 3.9495e+00  52006.102    144.147 1564025769       0.14     -1.007   40.10832  -72.26416    32.8851  1025.9530    25.6659     6.7513 0.0000e+00
     61.000     6.7563    32.7297  1025.9461     2.0373     5.3651     77.857    0.00035    6.89101    6.90062 -9.990e-29     0.0546   12.37775   3.303168 2.5320e-11    25.6637    25.6630 1.0000e-12     61.475          1       3511    1475.87 3.9495e+00  52005.392    146.234 1564025771       0.08     -0.415   40.10832  -72.26416    32.8850  1025.9483    25.6659     6.7509 0.0000e+00
     60.000     6.7569    32.7297  1025.9414     2.0381     5.3675     77.895    0.00041    6.89072    6.90033 -9.990e-29     0.0400   12.37728   3.303190 -9.990e-29    25.6636    25.6629 1.0000e-12     60.476          1       3551    1475.86 3.9495e+00  52004.636    147.923 1564025773       0.02     -0.590   40.10834  -72.26415    32.8852  1025.9437    25.6659     6.7516 0.0000e+00
     59.000     6.7586    32.7295  1025.9364     2.0404     5.3825     78.111    0.00120    6.89079    6.90040 -9.990e-29     0.0256   12.37740   3.303277 2.5320e-11    25.6633    25.6626 1.0000e-12     59.454          1       3606    1475.85 3.9495e+00  52003.222    150.202 1564025775      -0.02     -0.382   40.10834  -72.26414    32.8851  1025.9387    25.6656     6.7534 0.0000e+00
     58.000     6.7606    32.7295  1025.9315     2.0420     5.3902     78.222    0.00145    6.89091    6.90052 -9.990e-29     0.0311   12.37759   3.303402 2.5320e-11    25.6630    25.6623 1.0000e-12     58.450          1       3632    1475.84 3.9495e+00  52001.975    151.274 1564025776      -0.46     -0.716   40.10834  -72.26414    32.8850  1025.9337    25.6652     6.7555 0.0000e+00
     57.000     6.7605    32.7293  1025.9267     2.0425     5.3876     78.190    0.00107    6.89041    6.90001 -9.990e-29     0.0417   12.37677   3.303325 2.5320e-11    25.6628    25.6621 1.0000e-12     57.456          1       3651    1475.82 3.9495e+00  52001.003    152.084 1564025777      -0.34     -1.069   40.10834  -72.26412    32.8847  1025.9290    25.6650     6.7554 0.0000e+00
     56.000     6.7592    32.7293  1025.9223     2.0427     5.3798     78.087    0.00036    6.88955    6.89913 -9.990e-29     0.0421   12.37537   3.303163 2.5320e-11    25.6630    25.6623 1.0000e-12     56.450          1       3682    1475.80 3.9495e+00  52000.711    153.359 1564025779       0.26     -0.940   40.10834  -72.26412    32.8846  1025.9245    25.6651     6.7542 0.0000e+00
     55.000     6.7676    32.7279  1025.9154     2.0530     5.4503     79.125    0.00389    6.88820    6.89776 -9.990e-29     0.0335   12.37315   3.303769 3.7759e+04    25.6607    25.6601 1.0000e-12     55.430          1       3760    1475.82 2.3740e+00  51995.587    156.642 1564025782       0.01     -0.211   40.10834  -72.26412    32.8837  1025.9179    25.6633     6.7628 0.0000e+00
     54.000     6.7776    32.7256  1025.9076     2.0708     5.5332     80.336    0.00599    6.88757    6.89712      7.954     0.0409   12.37213   3.304394 7.3943e+04    25.6576    25.6569 1.0000e-12     54.427          1       3834    1475.83 9.5120e-01  51988.967    159.719 1564025785       0.02     -0.313   40.10836  -72.26411    32.8815  1025.9103    25.6603     6.7728 0.0000e+00
     53.000     6.7833    32.7243  1025.9012     2.0905     5.5543     80.655    0.00181    6.88649    6.89602      7.958     0.0413   12.37045   3.304717 -1.666e+04    25.6558    25.6552 1.0000e-12     53.410          1       3962    1475.84 4.6247e+00  51984.868    165.039 1564025790      -0.22     -0.141   40.10836  -72.26410    32.8801  1025.9037    25.6584     6.7786 0.0000e+00
     52.000     6.7905    32.7201  1025.8923     2.0970     5.6212     81.612    0.00599    6.88768    6.89722      7.961     0.0512   12.37241   3.304902 2.9115e-11    25.6515    25.6509 1.0000e-12     52.406          1       3983    1475.85 3.9495e+00  51976.217    165.937 1564025791      -0.31     -0.701   40.10836  -72.26410    32.8757  1025.8947    25.6540     6.7859 0.0000e+00
     51.000     6.7899    32.7180  1025.8861     2.1027     5.6377     81.849    0.00569    6.88789    6.89743      7.962     0.0383   12.37277   3.304585 2.5378e-11    25.6500    25.6494 1.0000e-12     51.403          1       4009    1475.83 3.9495e+00  51972.759    167.004 1564025792      -0.11     -0.896   40.10836  -72.26409    32.8733  1025.8883    25.6522     6.7854 0.0000e+00
     50.000     6.7844    32.7169  1025.8813     2.1075     5.6395     81.869    0.00425    6.88834    6.89789      7.963     0.0525   12.37351   3.303956 6.1928e+04    25.6498    25.6492 1.0000e-12     50.395          1       4041    1475.79 1.5036e+00  51972.007    168.329 1564025793       0.17     -0.831   40.10836  -72.26408    32.8722  1025.8835    25.6520     6.7799 0.0000e+00
     49.000     6.7807    32.7158  1025.8763     2.1118     5.6235     81.638    0.00129    6.88836    6.89791      7.971     0.0435   12.37355   3.303478 8.5046e+03    25.6494    25.6488 1.0000e-12     49.393          1       4471    1475.75 3.5603e+00  51970.629    186.232 1564025811       0.02     -0.525   40.10839  -72.26403    32.8708  1025.8783    25.6514     6.7764 0.0000e+00
     48.000     6.7768    32.7147  1025.8713     2.1141     5.6210     81.594    0.00048    6.88902    6.89858      7.973     0.0487   12.37468   3.302983 5.0166e+02    25.6490    25.6485 1.0000e-12     48.380          1       5682    1475.72 3.9267e+00  51969.376    236.704 1564025862      -0.05     -0.603   40.10848  -72.26386    32.8696  1025.8732    25.6509     6.7726 0.0000e+00
     47.000     6.7714    32.7134  1025.8663     2.1156     5.6247     81.690    0.00073    6.88550    6.89501      7.973     0.0584   12.36886   3.302351 2.5320e-11    25.6487    25.6482 1.0000e-12     47.359          1       5796    1475.68 3.9495e+00  51968.324    241.443 1564025867      -0.11     -0.493   40.10848  -72.26384    32.8683  1025.8682    25.6506     6.7673 0.0000e+00
