CalculateIndicators/WaterTemperature/Data/CTD_NYOS/NYOS1910_C04.cnv
* Sea-Bird SBE 9 Data File:
* FileName = C:\Seabird 9 CTD\Data\2019\201910_offhore\NYOS1910_C04.hex
* Software Version Seasave V 7.23.2
* Temperature SN = 4590
* Conductivity SN = 3228
* Number of Bytes Per Scan = 44
* Number of Voltage Words = 5
* Number of Scans Averaged by the Deck Unit = 1
* NMEA Latitude = 40 05.89 N
* NMEA Longitude = 071 34.14 W
* NMEA UTC (Time) = Oct 06 2019  12:01:24
* NMEA baud rate = 4800
** Ship: seawolf
** Station: 1.4
** Operator: EIH
# nquan = 35
# nvalues = 162                         
# units = specified
# name 0 = depSM: Depth [salt water, m]
# name 1 = t090C: Temperature [ITS-90, deg C]
# name 2 = sal00: Salinity, Practical [PSU]
# name 3 = density00: Density [density, kg/m^3]
# name 4 = sbeox0V: Oxygen raw, SBE 43 [V]
# name 5 = sbeox0ML/L: Oxygen, SBE 43 [ml/l]
# name 6 = sbeox0PS: Oxygen, SBE 43 [% saturation]
# name 7 = sbox0dV/dT: Oxygen, SBE 43 [dov/dt]
# name 8 = oxsolML/L: Oxygen Saturation, Garcia & Gordon [ml/l]
# name 9 = oxsatML/L: Oxygen Saturation, Weiss [ml/l]
# name 10 = ph: pH
# name 11 = flECO-AFL: Fluorescence, WET Labs ECO-AFL/FL [mg/m^3]
# name 12 = n2satML/L: Nitrogen Saturation [ml/l]
# name 13 = c0S/m: Conductivity [S/m]
# name 14 = cpar: CPAR/Corrected Irradiance [%]
# name 15 = sigma-é00: Density [sigma-theta, kg/m^3]
# name 16 = sigma-t00: Density [sigma-t, kg/m^3 ]
# name 17 = par: PAR/Irradiance, Biospherical/Licor
# name 18 = prDM: Pressure, Digiquartz [db]
# name 19 = pumps: Pump Status
# name 20 = scan: Scan Count
# name 21 = svCM: Sound Velocity [Chen-Millero, m/s]
# name 22 = spar: SPAR, Biospherical/Licor
# name 23 = specc: Specific Conductance [uS/cm]
# name 24 = timeS: Time, Elapsed [seconds]
# name 25 = timeY: Time, System [seconds]
# name 26 = accM: Acceleration [m/s^2]
# name 27 = dz/dtM: Descent Rate [m/s]
# name 28 = latitude: Latitude [deg]
# name 29 = longitude: Longitude [deg]
# name 30 = gsw_saA0: Absolute Salinity [g/kg]
# name 31 = gsw_densityA0: density, TEOS-10 [density, kg/m^3]
# name 32 = gsw_sigma0A0: density, TEOS-10 [sigma-0, kg/m^3 ]
# name 33 = gsw_ptA0: potential temperature [ITS-90, deg C]
# name 34 = flag: flag
# span 0 =      1.000,     82.000       
# span 1 =    10.4347,    20.9965       
# span 2 =    33.1323,    35.5566       
# span 3 =  1024.1186,  1026.8233       
# span 4 =     1.7381,     2.5067       
# span 5 =     3.5282,     5.1107       
# span 6 =     61.898,     98.264       
# span 7 =   -0.02190,    0.01566       
# span 8 =    5.07668,    6.32552       
# span 9 =    5.06623,    6.32743       
# span 10 =      8.018,      8.284      
# span 11 =     0.0042,     0.3009      
# span 12 =    9.34817,   11.43722      
# span 13 =   3.667194,   4.874946      
# span 14 = -3.479e-06, 4.0634e+01      
# span 15 =    24.1095,    26.4595      
# span 16 =    24.1092,    26.4568      
# span 17 = -4.523e-05, 5.0783e+02      
# span 18 =      1.031,     82.643      
# span 19 =          1,          1      
# span 20 =        110,      20126      
# span 21 =    1490.01,    1524.45      
# span 22 = 3.3788e+02, 1.4241e+03      
# span 23 =  51693.455,  54479.048      
# span 24 =      4.542,    838.537      
# span 25 = 1570363290, 1570364124      
# span 26 =      -0.61,       0.41      
# span 27 =     -0.716,      0.697      
# span 28 =   40.09825,   40.09977      
# span 29 =  -71.56901,  -71.56873      
# span 30 =    33.2763,    35.7268      
# span 31 =  1024.1239,  1026.8275      
# span 32 =    24.1146,    26.4637      
# span 33 =    10.4285,    20.9915      
# span 34 = 0.0000e+00, 0.0000e+00      
# interval = meters: 1                  
# start_time = Oct 06 2019 12:01:25 [System UTC, first data scan.]
# bad_flag = -9.990e-29
*END*
[from data line 83]
     80.000    14.8513    35.5500  1026.7863     1.7539     3.5812     62.922    0.00296    5.69157    5.68718      8.097     0.0230   10.36145   4.341002 7.4787e-14    26.4315    26.4289 1.0000e-12     80.634          1       7299    1508.18 1.3372e+03  54457.255    304.098 1570363589      -0.05     -0.248   40.09886  -71.56890    35.7209  1026.7929    26.4381    14.8391 0.0000e+00
     79.000    14.8335    35.5248  1026.7664     1.7649     3.6097     63.326    0.00164    5.70023    5.69591      8.099     0.0289   10.37625   4.336139 7.5060e-14    26.4160    26.4133 1.0000e-12     79.625          1       7387    1508.08 1.3323e+03  54424.325    307.760 1570363593      -0.11     -0.267   40.09887  -71.56890    35.6929  1026.7709    26.4205    14.8215 0.0000e+00
     78.000    14.7591    35.4697  1026.7358     1.7741     3.6466     63.852    0.00231    5.71089    5.70667 -9.990e-29     0.0204   10.39440   4.322361 7.5112e-14    26.3897    26.3871 1.0000e-12     78.619          1       7471    1507.76 1.3313e+03  54357.224    311.239 1570363597       0.01     -0.408   40.09888  -71.56890    35.6344  1026.7379    26.3918    14.7473 0.0000e+00
     77.000    14.7090    35.4399  1026.7194     1.7821     3.6710     64.237    0.00219    5.71475    5.71057 -9.990e-29     0.0203   10.40099   4.313954 7.5053e-14    26.3776    26.3751 1.0000e-12     77.612          1       7554    1507.55 1.3324e+03  54321.969    314.712 1570363600      -0.18     -0.252   40.09889  -71.56890    35.6031  1026.7204    26.3786    14.6974 0.0000e+00
     76.000    14.6606    35.4161  1026.7071     1.7878     3.6849     64.380    0.00092    5.72370    5.71961 -9.990e-29     0.0198   10.41615   4.306754 7.4432e-14    26.3697    26.3672 1.0000e-12     76.600          1       7654    1507.35 1.3435e+03  54294.329    318.882 1570363604      -0.02     -0.292   40.09890  -71.56890    35.5814  1026.7098    26.3724    14.6491 0.0000e+00
     75.000    14.6139    35.3948  1026.6964     1.7902     3.6934     64.493    0.00085    5.72691    5.72284      8.099     0.0207   10.42160   4.299745 7.5513e-14    26.3633    26.3609 1.0000e-12     75.596          1       7717    1507.16 1.3243e+03  54270.207    321.510 1570363607       0.04     -0.354   40.09890  -71.56890    35.5597  1026.6989    26.3658    14.6027 0.0000e+00
     74.000    14.5712    35.3741  1026.6853     1.7889     3.7054     64.047   -0.00301    5.78539    5.78192      8.098     0.0211   10.52024   4.293402 9.2097e-05    26.3566    26.3542 1.2205e-03     74.577          1       7845    1506.99 1.3413e+03  54246.424    326.849 1570363612      -0.31     -0.128   40.09892  -71.56890    35.5405  1026.6890    26.3604    14.5601 0.0000e+00
     73.000    14.2322    35.1545  1026.5841     1.8050     3.8042     66.124    0.00930    5.75316    5.74933      8.094     0.0296   10.46626   4.229591 8.9186e-04    26.2593    26.2570 1.1693e-02     73.587          1       7870    1505.62 1.3120e+03  53986.657    327.880 1570363613      -0.25     -0.716   40.09892  -71.56890    35.2571  1026.5396    26.2147    14.2215 0.0000e+00
     72.000    14.0615    35.0952  1026.5703     1.8097     3.8440     65.913    0.00447    5.83191    5.82883      8.092     0.0306   10.60007   4.209940 1.7940e-03    26.2496    26.2474 2.3926e-02     72.570          1       7967    1504.98 1.3312e+03  53926.003    331.914 1570363617      -0.06     -0.311   40.09894  -71.56890    35.2304  1026.5511    26.2304    14.0511 0.0000e+00
     71.000    13.7834    34.9465  1026.5098     1.8225     3.9251     66.582    0.00434    5.89514    5.89266      8.090     0.0333   10.70760   4.167974 2.6122e-03    26.1932    26.1911 3.4899e-02     71.563          1       8041    1503.89 1.3362e+03  53757.164    335.006 1570363620      -0.18     -0.380   40.09894  -71.56890    35.0922  1026.4992    26.1825    13.7732 0.0000e+00
     70.000    13.5325    34.7908  1026.4372     1.8385     4.0053     67.706    0.00714    5.91583    5.91355      8.088     0.0403   10.74270   4.124420 3.5771e-03    26.1247    26.1227 4.7268e-02     70.549          1       8096    1502.87 1.3218e+03  53576.044    337.310 1570363623      -0.00     -0.427   40.09894  -71.56890    34.9112  1026.4075    26.0949    13.5226 0.0000e+00
     69.000    13.2382    34.6420  1026.3781     1.8561     4.0794     68.627    0.00732    5.94437    5.94238      8.086     0.0457   10.79109   4.082549 4.6447e-03    26.0695    26.0675 6.0999e-02     69.546          1       8149    1501.71 1.3132e+03  53409.977    339.501 1570363625       0.10     -0.418   40.09894  -71.56890    34.7838  1026.3655    26.0568    13.2285 0.0000e+00
     68.000    12.9901    34.5176  1026.3275     1.8728     4.1118     69.109    0.00428    5.94984    5.94789      8.081     0.0597   10.80044   4.046066 5.7506e-03    26.0230    26.0211 7.6300e-02     68.537          1       8233    1500.72 1.3263e+03  53272.092    342.985 1570363628      -0.05     -0.268   40.09896  -71.56890    34.6633  1026.3182    26.0137    12.9808 0.0000e+00
     67.000    12.9635    34.4933  1026.3095     1.8761     4.1054     68.823    0.00025    5.96508    5.96330      8.079     0.0423   10.82624   4.041590 7.2539e-03    26.0094    26.0075 9.5651e-02     67.531          1       8311    1500.59 1.3194e+03  53241.689    346.236 1570363632      -0.03     -0.367   40.09896  -71.56890    34.6452  1026.3052    26.0051    12.9544 0.0000e+00
     66.000    12.9052    34.4565  1026.2882     1.8786     4.1166     68.912   -0.00005    5.97369    5.97199      8.077     0.0478   10.84082   4.031752 8.7609e-03    25.9925    25.9907 1.1664e-01     66.519          1       8431    1500.33 1.3314e+03  53198.937    351.253 1570363637      -0.05     -0.166   40.09898  -71.56890    34.6047  1026.2811    25.9854    12.8962 0.0000e+00
     65.000    12.7776    34.4052  1026.2694     1.8787     4.1484     69.030    0.00070    6.00945    6.00812      8.074     0.0476   10.90139   4.013665 1.0318e-02    25.9780    25.9763 1.3673e-01     65.515          1       8506    1499.83 1.3250e+03  53145.915    354.382 1570363640      -0.09     -0.361   40.09898  -71.56890    34.5484  1026.2586    25.9671    12.7688 0.0000e+00
     64.000    12.4195    34.2051  1026.1803     1.8964     4.2555     70.538    0.00601    6.03280    6.03168      8.070     0.0564   10.94124   3.958685 2.8844e-02    25.8928    25.8911 1.6671e-01     64.507          1       8613    1498.37 8.2230e+02  52920.780    358.827 1570363644      -0.06     -0.270   40.09900  -71.56890    34.3462  1026.1685    25.8810    12.4110 0.0000e+00
     63.000    12.3283    34.1422  1026.1448     1.9116     4.2937     70.963    0.00307    6.05062    6.04968      8.065     0.0553   10.97153   3.944095 5.1592e-02    25.8615    25.8599 1.9136e-01     63.498          1       8800    1497.97 3.4446e+02  52845.984    366.613 1570363652      -0.26     -0.154   40.09900  -71.56890    34.2889  1026.1375    25.8544    12.3200 0.0000e+00
     62.000    12.1332    34.0146  1026.0789     1.9368     4.4290     72.730    0.00723    6.08958    6.08900      8.063     0.0573   11.03813   3.912244 4.4998e-02    25.7999    25.7984 2.2378e-01     62.489          1       8931    1497.13 6.5346e+02  52698.974    372.070 1570363658      -0.07     -0.219   40.09902  -71.56888    34.1582  1026.0696    25.7906    12.1251 0.0000e+00
     61.000    11.9885    33.9260  1026.0333     1.9559     4.4721     73.351    0.00439    6.09694    6.09643      8.064     0.0642   11.05060   3.890426 3.2451e-02    25.7586    25.7571 2.5974e-01     61.482          1       9030    1496.52 1.0309e+03  52597.928    376.215 1570363662      -0.02     -0.285   40.09902  -71.56888    34.0782  1026.0310    25.7563    11.9806 0.0000e+00
     60.000    11.9293    33.8728  1025.9987     1.9645     4.4780     73.377    0.00103    6.10273    6.10229      8.059     0.0764   11.06038   3.879429 2.2586e-02    25.7284    25.7269 2.8992e-01     60.475          1       9306    1496.23 1.3033e+03  52532.476    387.691 1570363673      -0.14     -0.188   40.09905  -71.56888    34.0252  1025.9967    25.7264    11.9216 0.0000e+00
     59.000    11.8073    33.8123  1025.9702     1.9694     4.5362     73.731    0.00168    6.15234    6.15237      8.051     0.0777   11.14483   3.861520 2.3654e-02    25.7043    25.7029 3.1958e-01     59.467          1      11141    1495.73 1.3510e+03  52467.206    464.156 1570363750      -0.08     -0.497   40.09919  -71.56883    33.9617  1025.9661    25.7002    11.7998 0.0000e+00
     58.000    11.5930    33.6916  1025.9121     1.9830     4.5988     74.668    0.00380    6.15893    6.15903      8.050     0.0755   11.15598   3.829505 2.7361e-02    25.6503    25.6490 3.7248e-01     58.456          1      11319    1494.83 1.3611e+03  52332.886    471.571 1570363757      -0.02     -0.252   40.09920  -71.56882    33.8434  1025.9101    25.6483    11.5857 0.0000e+00
     57.000    11.5675    33.6692  1025.8948     1.9877     4.6015     74.492    0.00040    6.17724    6.17752      8.049     0.0862   11.18711   3.825284 3.1366e-02    25.6375    25.6362 4.2495e-01     57.450          1      11407    1494.69 1.3548e+03  52305.297    475.261 1570363761      -0.05     -0.415   40.09921  -71.56882    33.8256  1025.8965    25.6392    11.5603 0.0000e+00
     56.000    11.4623    33.6073  1025.8617     1.9940     4.6361     75.048    0.00248    6.17751    6.17778 -9.990e-29     0.0847   11.18777   3.808657 3.5667e-02    25.6087    25.6074 4.8395e-01     56.442          1      11473    1494.24 1.3568e+03  52235.592    478.001 1570363763       0.04     -0.374   40.09922  -71.56882    33.7580  1025.8591    25.6062    11.4553 0.0000e+00
     55.000    11.4487    33.5754  1025.8349     1.9991     4.6558     75.109    0.00082    6.19873    6.19921      8.046     0.0821   11.22384   3.804590 4.0449e-02    25.5864    25.5851 5.5534e-01     55.430          1      11557    1494.13 1.3730e+03  52192.772    481.485 1570363767      -0.03     -0.267   40.09922  -71.56882    33.7307  1025.8360    25.5875    11.4418 0.0000e+00
     54.000    11.3548    33.5237  1025.8073     2.0008     4.6809     75.229    0.00096    6.22216    6.22290      8.044     0.0943   11.26338   3.789910 4.6715e-02    25.5632    25.5620 6.3241e-01     54.426          1      11608    1493.73 1.3539e+03  52135.408    483.641 1570363769      -0.24     -0.475   40.09923  -71.56882    33.6716  1025.8029    25.5588    11.3482 0.0000e+00
     53.000    11.1897    33.4415  1025.7689     2.0033     4.7071     75.361    0.00084    6.24612    6.24712      8.043     0.1117   11.30372   3.766044 5.3228e-02    25.5292    25.5280 7.2390e-01     53.418          1      11671    1493.04 1.3601e+03  52047.835    486.250 1570363772       0.10     -0.374   40.09924  -71.56882    33.5860  1025.7621    25.5223    11.1832 0.0000e+00
     52.000    10.9496    33.3607  1025.7447     2.0062     4.7288     75.538    0.00114    6.26007    6.26123      8.041     0.1117   11.32719   3.735969 6.0315e-02    25.5092    25.5080 8.3053e-01     52.405          1      11758    1492.08 1.3773e+03  51975.119    489.870 1570363775      -0.04     -0.270   40.09924  -71.56882    33.5062  1025.7389    25.5034    10.9434 0.0000e+00
     51.000    10.9423    33.3665  1025.7460     2.0046     4.7381     75.225   -0.00098    6.29859    6.30017      8.039     0.1096   11.39226   3.736258 6.9066e-02    25.5150    25.5139 9.3367e-01     51.400          1      11803    1492.05 1.3519e+03  51984.192    491.750 1570363777      -0.09     -0.541   40.09924  -71.56882    33.5162  1025.7433    25.5123    10.9361 0.0000e+00
     50.000    10.7558    33.2733  1025.7019     1.9959     4.6993     74.464   -0.00364    6.31081    6.31255      8.035     0.1101   11.41263   3.708717 7.8348e-02    25.4751    25.4741 1.0645e+00     50.393          1      11855    1491.26 1.3585e+03  51885.711    493.921 1570363779       0.12     -0.448   40.09925  -71.56881    33.4112  1025.6903    25.4636    10.7498 0.0000e+00
     49.000    10.5686    33.2198  1025.6886     1.9884     4.6953     74.237   -0.00250    6.32477    6.32665      8.026     0.0932   11.43623   3.686702 8.9715e-02    25.4661    25.4651 1.2299e+00     49.385          1      11924    1490.51 1.3706e+03  51843.569    496.797 1570363782      -0.04     -0.337   40.09926  -71.56881    33.3617  1025.6802    25.4578    10.5628 0.0000e+00
     48.000    10.4668    33.1770  1025.6684     1.9877     4.7095     74.548    0.00039    6.31737    6.31913      8.020     0.1057   11.42437   3.673525 1.0096e-01    25.4504    25.4495 1.3767e+00     48.380          1      11987    1490.08 1.3640e+03  51801.523    499.437 1570363785      -0.30     -0.399   40.09926  -71.56880    33.3225  1025.6629    25.4449    10.4612 0.0000e+00
     47.000    10.4884    33.1392  1025.6306     2.0023     4.7962     76.053    0.00676    6.30628    6.30788      8.018     0.1805   11.40612   3.672573 1.1378e-01    25.4171    25.4162 1.5466e+00     47.365          1      12050    1490.10 1.3591e+03  51743.649    502.044 1570363787       0.13     -0.382   40.09926  -71.56880    33.2935  1025.6321    25.4187    10.4830 0.0000e+00
     46.000    10.6179    33.1323  1025.5982     2.0136     4.7893     76.211    0.00382    6.28424    6.28557      8.019     0.2036   11.36941   3.683931 1.3036e-01    25.3894    25.3884 1.7887e+00     46.361          1      12121    1490.53 1.3718e+03  51710.124    505.005 1570363790       0.07     -0.301   40.09926  -71.56880    33.2901  1025.6025    25.3937    10.6125 0.0000e+00
     45.000    10.7883    33.1561  1025.5822     2.0265     4.7934     76.778    0.00375    6.24321    6.24402      8.019     0.2457   11.30114   3.703035 1.4849e-01    25.3782    25.3772 2.0060e+00     45.353          1      12209    1491.15 1.3508e+03  51712.923    508.682 1570363794      -0.20     -0.354   40.09927  -71.56880    33.3269  1025.5966    25.3925    10.7829 0.0000e+00
     44.000    11.0758    33.1784  1025.5439     2.0348     4.8018     77.055    0.00280    6.23165    6.23232      8.024     0.2207   11.28185   3.730968 1.6925e-01    25.3446    25.3437 2.3116e+00     44.345          1      12280    1492.17 1.3662e+03  51693.455    511.642 1570363797       0.06     -0.328   40.09928  -71.56880    33.3450  1025.5551    25.3559    11.0704 0.0000e+00
     43.000    11.2702    33.2221  1025.5383     2.0524     4.8175     78.083    0.00489    6.16968    6.16960      8.030     0.2583   11.17845   3.754040 1.9046e-01    25.3438    25.3428 2.5542e+00     43.335          1      12390    1492.89 1.3415e+03  51721.995    516.202 1570363802      -0.36     -0.264   40.09928  -71.56880    33.3981  1025.5566    25.3621    11.2649 0.0000e+00
     42.000    11.5674    33.2492  1025.5005     2.0639     4.8370     78.478    0.00349    6.16358    6.16342      8.035     0.2770   11.16835   3.783581 2.1379e-01    25.3107    25.3097 2.9093e+00     42.330          1      12461    1493.94 1.3608e+03  51710.233    519.183 1570363805       0.05     -0.305   40.09928  -71.56880    33.4214  1025.5159    25.3261    11.5622 0.0000e+00
     41.000    11.7032    33.2744  1025.4904     2.0740     4.8427     78.732    0.00165    6.15096    6.15065      8.040     0.2708   11.14731   3.798741 2.4693e-01    25.3054    25.3044 3.3703e+00     41.322          1      12574    1494.42 1.3648e+03  51723.488    523.865 1570363809      -0.02     -0.231   40.09930  -71.56880    33.4483  1025.5072    25.3221    11.6980 0.0000e+00
     40.000    11.8108    33.3013  1025.4867     2.0820     4.8534     79.223    0.00276    6.12629    6.12569      8.049     0.2598   11.10611   3.811343 2.8114e-01    25.3063    25.3053 3.7104e+00     40.313          1      12703    1494.81 1.3200e+03  51743.543    529.243 1570363815      -0.61     -0.454   40.09930  -71.56878    33.4753  1025.5035    25.3230    11.8057 0.0000e+00
