CalculateIndicators/WaterTemperature/Data/CTD_NYOS/NYOS1910_C04.cnv
* Sea-Bird SBE 9 Data File:
* FileName = C:\Seabird 9 CTD\Data\2019\201910_offhore\NYOS1910_C04.hex
* Software Version Seasave V 7.23.2
* Temperature SN = 4590
* Conductivity SN = 3228
* Number of Bytes Per Scan = 44
* Number of Voltage Words = 5
* Number of Scans Averaged by the Deck Unit = 1
* NMEA Latitude = 40 05.89 N
* NMEA Longitude = 071 34.14 W
* NMEA UTC (Time) = Oct 06 2019  12:01:24
* NMEA baud rate = 4800
** Ship: seawolf
** Station: 1.4
** Operator: EIH
# nquan = 35
# nvalues = 162                         
# units = specified
# name 0 = depSM: Depth [salt water, m]
# name 1 = t090C: Temperature [ITS-90, deg C]
# name 2 = sal00: Salinity, Practical [PSU]
# name 3 = density00: Density [density, kg/m^3]
# name 4 = sbeox0V: Oxygen raw, SBE 43 [V]
# name 5 = sbeox0ML/L: Oxygen, SBE 43 [ml/l]
# name 6 = sbeox0PS: Oxygen, SBE 43 [% saturation]
# name 7 = sbox0dV/dT: Oxygen, SBE 43 [dov/dt]
# name 8 = oxsolML/L: Oxygen Saturation, Garcia & Gordon [ml/l]
# name 9 = oxsatML/L: Oxygen Saturation, Weiss [ml/l]
# name 10 = ph: pH
# name 11 = flECO-AFL: Fluorescence, WET Labs ECO-AFL/FL [mg/m^3]
# name 12 = n2satML/L: Nitrogen Saturation [ml/l]
# name 13 = c0S/m: Conductivity [S/m]
# name 14 = cpar: CPAR/Corrected Irradiance [%]
# name 15 = sigma-é00: Density [sigma-theta, kg/m^3]
# name 16 = sigma-t00: Density [sigma-t, kg/m^3 ]
# name 17 = par: PAR/Irradiance, Biospherical/Licor
# name 18 = prDM: Pressure, Digiquartz [db]
# name 19 = pumps: Pump Status
# name 20 = scan: Scan Count
# name 21 = svCM: Sound Velocity [Chen-Millero, m/s]
# name 22 = spar: SPAR, Biospherical/Licor
# name 23 = specc: Specific Conductance [uS/cm]
# name 24 = timeS: Time, Elapsed [seconds]
# name 25 = timeY: Time, System [seconds]
# name 26 = accM: Acceleration [m/s^2]
# name 27 = dz/dtM: Descent Rate [m/s]
# name 28 = latitude: Latitude [deg]
# name 29 = longitude: Longitude [deg]
# name 30 = gsw_saA0: Absolute Salinity [g/kg]
# name 31 = gsw_densityA0: density, TEOS-10 [density, kg/m^3]
# name 32 = gsw_sigma0A0: density, TEOS-10 [sigma-0, kg/m^3 ]
# name 33 = gsw_ptA0: potential temperature [ITS-90, deg C]
# name 34 = flag: flag
# span 0 =      1.000,     82.000       
# span 1 =    10.4347,    20.9965       
# span 2 =    33.1323,    35.5566       
# span 3 =  1024.1186,  1026.8233       
# span 4 =     1.7381,     2.5067       
# span 5 =     3.5282,     5.1107       
# span 6 =     61.898,     98.264       
# span 7 =   -0.02190,    0.01566       
# span 8 =    5.07668,    6.32552       
# span 9 =    5.06623,    6.32743       
# span 10 =      8.018,      8.284      
# span 11 =     0.0042,     0.3009      
# span 12 =    9.34817,   11.43722      
# span 13 =   3.667194,   4.874946      
# span 14 = -3.479e-06, 4.0634e+01      
# span 15 =    24.1095,    26.4595      
# span 16 =    24.1092,    26.4568      
# span 17 = -4.523e-05, 5.0783e+02      
# span 18 =      1.031,     82.643      
# span 19 =          1,          1      
# span 20 =        110,      20126      
# span 21 =    1490.01,    1524.45      
# span 22 = 3.3788e+02, 1.4241e+03      
# span 23 =  51693.455,  54479.048      
# span 24 =      4.542,    838.537      
# span 25 = 1570363290, 1570364124      
# span 26 =      -0.61,       0.41      
# span 27 =     -0.716,      0.697      
# span 28 =   40.09825,   40.09977      
# span 29 =  -71.56901,  -71.56873      
# span 30 =    33.2763,    35.7268      
# span 31 =  1024.1239,  1026.8275      
# span 32 =    24.1146,    26.4637      
# span 33 =    10.4285,    20.9915      
# span 34 = 0.0000e+00, 0.0000e+00      
# interval = meters: 1                  
# start_time = Oct 06 2019 12:01:25 [System UTC, first data scan.]
# bad_flag = -9.990e-29
*END*
[from data line 125]
     38.000    12.0029    33.3217  1025.4574     2.0913     4.8208     79.378    0.00093    6.07323    6.07201      8.057     0.2637   11.01739   3.829957 3.5259e-01    25.2861    25.2852 4.8478e+00     38.298          1      14265    1495.46 1.3748e+03  51740.667    594.339 1570363880       0.00     -0.335   40.09940  -71.56876    33.4851  1025.4660    25.2947    11.9980 0.0000e+00
     37.000    12.3687    33.3745  1025.4240     2.1070     4.8539     80.555    0.00500    6.02570    6.02393      8.062     0.2694   10.93825   3.870437 3.9530e-01    25.2574    25.2565 5.4720e+00     37.289          1      14365    1496.75 1.3843e+03  51758.917    598.498 1570363884      -0.03     -0.250   40.09940  -71.56876    33.5501  1025.4419    25.2754    12.3639 0.0000e+00
     36.000    12.6162    33.4238  1025.4099     2.1238     4.8584     81.304    0.00497    5.97560    5.97326      8.067     0.2705   10.85446   3.898603 4.3662e-01    25.2481    25.2472 5.9810e+00     36.283          1      14448    1497.64 1.3704e+03  51791.169    601.971 1570363887      -0.23     -0.404   40.09940  -71.56876    33.6009  1025.4289    25.2671    12.6114 0.0000e+00
     35.000    12.9590    33.4638  1025.3690     2.1339     4.8392     81.616    0.00387    5.92912    5.92626      8.068     0.2650   10.77676   3.936068 4.9943e-01    25.2119    25.2109 6.8895e+00     35.271          1      14508    1498.82 1.3793e+03  51797.370    604.438 1570363890       0.10     -0.406   40.09940  -71.56876    33.6545  1025.3985    25.2414    12.9543 0.0000e+00
     34.000    13.3913    33.5323  1025.3309     2.1347     4.8033     81.251    0.00045    5.91176    5.90871      8.073     0.2812   10.74777   3.982489 5.7531e-01    25.1786    25.1776 7.9337e+00     34.268          1      14589    1500.32 1.3790e+03  51834.488    607.844 1570363893       0.02     -0.277   40.09940  -71.56876    33.7119  1025.3516    25.1994    13.3866 0.0000e+00
     33.000    13.5859    33.5684  1025.3147     2.1448     4.7953     82.034    0.00400    5.84538    5.84159      8.077     0.2458   10.63700   4.005559 6.2810e-01    25.1672    25.1662 8.6362e+00     33.252          1      14685    1500.99 1.3810e+03  51859.208    611.848 1570363897      -0.10     -0.252   40.09942  -71.56878    33.7577  1025.3428    25.1952    13.5813 0.0000e+00
     32.000    13.9366    33.6166  1025.2751     2.1573     4.8386     82.786    0.00533    5.84469    5.84091      8.084     0.2733   10.63570   4.043241 2.2372e+00    25.1321    25.1312 9.9378e+00     32.251          1      14733    1502.18 5.1773e+02  51880.804    613.847 1570363899       0.03     -0.406   40.09942  -71.56877    33.8018  1025.3000    25.1570    13.9320 0.0000e+00
     31.000    14.2103    33.6631  1025.2493     2.1757     4.8097     83.411    0.00371    5.76660    5.76201      8.095     0.2636   10.50481   4.073342 2.7420e+00    25.1109    25.1100 1.1119e+01     31.246          1      14850    1503.10 4.0549e+02  51911.329    618.693 1570363904      -0.41     -0.292   40.09942  -71.56876    33.8417  1025.2691    25.1307    14.2058 0.0000e+00
     30.000    14.7657    33.7611  1025.2012     2.2017     4.8324     85.078    0.00877    5.68029    5.67481      8.104     0.2561   10.36063   4.139777 3.2585e+00    25.0677    25.0668 1.2739e+01     30.238          1      14931    1504.98 3.9135e+02  51983.405    622.067 1570363907       0.07     -0.464   40.09942  -71.56876    33.9674  1025.2420    25.1085    14.7613 0.0000e+00
     29.000    15.7469    33.9441  1025.1220     2.2583     4.8290     88.176    0.01566    5.47672    5.46930      8.127     0.2681   10.01942   4.254189 2.3924e+00    24.9936    24.9926 1.3421e+01     29.228          1      15101    1508.27 7.2337e+02  52131.724    629.152 1570363915      -0.33     -0.471   40.09944  -71.56878    34.1536  1025.1646    25.0361    15.7424 0.0000e+00
     28.000    17.0448    34.1684  1024.9894     2.3011     4.8787     89.881    0.01213    5.42828    5.42045      8.153     0.2408    9.93838   4.409037 1.6998e+00    24.8659    24.8648 1.4586e+01     28.222          1      15212    1512.48 1.0768e+03  52320.527    633.782 1570363919      -0.02     -0.443   40.09944  -71.56877    34.4087  1025.0547    24.9313    17.0402 0.0000e+00
     27.000    17.8829    34.3109  1024.8923     2.3505     4.8759     92.274    0.01480    5.28421    5.27519      8.165     0.2319    9.69638   4.506095 1.0972e+00    24.7738    24.7726 1.5112e+01     27.212          1      15330    1515.11 1.3755e+03  52449.337    638.728 1570363924       0.05     -0.427   40.09944  -71.56878    34.5361  1024.9453    24.8268    17.8783 0.0000e+00
     26.000    19.4461    34.5903  1024.7093     2.4004     4.8498     93.856    0.00668    5.16750    5.15766      8.190     0.2192    9.50014   4.694930 1.1137e+00    24.5956    24.5944 1.5332e+01     26.201          1      15480    1519.92 1.3770e+03  52722.869    644.939 1570363930      -0.16     -0.217   40.09946  -71.56878    34.8190  1024.7636    24.6502    19.4413 0.0000e+00
     25.000    20.0619    34.7437  1024.6597     2.4152     4.8607     94.311    0.00354    5.15389    5.14395      8.216     0.2264    9.47721   4.773615 1.2457e+00    24.5509    24.5497 1.7124e+01     25.201          1      15936    1521.78 1.3740e+03  52898.566    663.974 1570363949      -0.05     -0.470   40.09948  -71.56878    34.9552  1024.7002    24.5914    20.0572 0.0000e+00
     24.000    20.3790    34.8299  1024.6370     2.4303     4.8713     94.948    0.00283    5.13051    5.12043      8.243     0.2293    9.43772   4.812300 1.3816e+00    24.5327    24.5315 1.9199e+01     24.189          1      16785    1522.73 1.3896e+03  52997.881    699.333 1570363985       0.05     -0.388   40.09953  -71.56878    35.0097  1024.6531    24.5488    20.3745 0.0000e+00
     23.000    20.5992    34.8860  1024.6165     2.4494     4.8746     96.019    0.00592    5.07668    5.06623      8.251     0.2178    9.34817   4.841673 1.4148e+00    24.5166    24.5154 2.0024e+01     23.175          1      16966    1523.38 1.4152e+03  53062.254    706.868 1570363992      -0.25     -0.228   40.09954  -71.56878    35.0672  1024.6333    24.5334    20.5949 0.0000e+00
     22.000    20.9276    34.8862  1024.5234     2.4653     4.9338     96.880    0.00686    5.09264    5.08227      8.259     0.2115    9.37556   4.874938 1.6150e+00    24.4279    24.4268 2.2625e+01     22.173          1      17014    1524.25 1.4014e+03  53046.470    708.890 1570363994       0.04     -0.410   40.09954  -71.56877    35.0662  1024.5393    24.4438    20.9234 0.0000e+00
     21.000    20.8976    34.7626  1024.4332     2.4739     4.9448     96.815    0.00043    5.10741    5.09711      8.267     0.1790    9.40091   4.854812 1.6779e+00    24.3420    24.3410 2.3649e+01     21.162          1      17112    1524.02 1.4094e+03  52879.902    712.964 1570363998      -0.04     -0.215   40.09955  -71.56877    34.9286  1024.4389    24.3478    20.8936 0.0000e+00
     20.000    20.8157    34.7060  1024.4079     2.4752     4.9788     96.901    0.00051    5.13800    5.12784      8.272     0.1664    9.45381   4.839201 1.9302e+00    24.3210    24.3200 2.6998e+01     20.155          1      17190    1523.72 1.3989e+03  52806.476    716.200 1570364002      -0.03     -0.344   40.09956  -71.56876    34.8700  1024.4123    24.3255    20.8119 0.0000e+00
     19.000    20.7005    34.5980  1024.3523     2.4781     5.0236     97.120    0.00108    5.17256    5.16259      8.275     0.1528    9.51309   4.811496 2.2092e+00    24.2698    24.2688 3.0486e+01     19.150          1      17244    1523.27 1.3798e+03  52665.113    718.470 1570364004      -0.10     -0.466   40.09956  -71.56876    34.7402  1024.3407    24.2582    20.6969 0.0000e+00
     18.000    20.1675    34.2588  1024.2318     2.4934     5.0973     98.139    0.00448    5.19403    5.18417      8.279     0.1008    9.55000   4.716757 2.5434e+00    24.1535    24.1526 3.6211e+01     18.136          1      17327    1521.41 1.4241e+03  52230.115    721.934 1570364007       0.08     -0.218   40.09956  -71.56876    34.4056  1024.2252    24.1468    20.1641 0.0000e+00
     17.000    20.1369    34.2322  1024.2150     2.4945     5.0897     97.884    0.00068    5.19967    5.18984 -9.990e-29     0.0946    9.55967   4.710626 3.0799e+00    24.1410    24.1402 4.3331e+01     17.133          1      17374    1521.28 1.4073e+03  52195.363    723.886 1570364009      -0.37     -0.578   40.09956  -71.56876    34.3802  1024.2094    24.1354    20.1337 0.0000e+00
     16.000    20.0287    34.1668  1024.1892     2.4988     5.1102     98.252    0.00267    5.20107    5.19125 -9.990e-29     0.1053    9.56207   4.691884 3.4933e+00    24.1195    24.1187 4.9015e+01     16.127          1      17411    1520.89 1.4031e+03  52111.195    725.415 1570364011       0.12     -0.693   40.09956  -71.56876    34.3154  1024.1844    24.1146    20.0257 0.0000e+00
     15.000    20.0018    34.1518  1024.1805     2.5017     5.1078     98.207    0.00054    5.20101    5.19119 -9.990e-29     0.0987    9.56198   4.688058 3.7091e+00    24.1151    24.1144 5.1932e+01     15.116          1      17483    1520.78 1.4013e+03  52091.871    728.430 1570364014       0.00     -0.274   40.09958  -71.56876    34.3062  1024.1801    24.1147    19.9991 0.0000e+00
     14.000    20.0010    34.1494  1024.1745     2.5030     5.1107     98.264    0.00068    5.20104    5.19122 -9.990e-29     0.0954    9.56205   4.687985 3.8755e+00    24.1134    24.1128 5.4866e+01     14.107          1      17545    1520.76 1.4158e+03  52088.161    731.013 1570364016      -0.22     -0.491   40.09958  -71.56876    34.3067  1024.1762    24.1152    19.9984 0.0000e+00
     13.000    20.0003    34.1485  1024.1696     2.5027     5.1070     98.190   -0.00002    5.20116    5.19134 -9.990e-29     0.1002    9.56224   4.687855 4.5810e+00    24.1129    24.1123 6.4402e+01     13.104          1      17582    1520.74 1.4059e+03  52086.531    732.530 1570364018      -0.01     -0.651   40.09958  -71.56876    34.3065  1024.1719    24.1152    19.9979 0.0000e+00
     12.000    19.9989    34.1477  1024.1649     2.5031     5.1090     98.228    0.00029    5.20117    5.19135      8.279     0.0941    9.56227   4.687715 4.6305e+00    24.1126    24.1120 6.4347e+01     12.094          1      17648    1520.72 1.3902e+03  52084.986    735.292 1570364021       0.08     -0.329   40.09958  -71.56876    34.3069  1024.1681    24.1158    19.9966 0.0000e+00
     11.000    19.9970    34.1471  1024.1605     2.5020     5.1028     98.099   -0.00054    5.20169    5.19187      8.279     0.1002    9.56313   4.687556 4.4672e+00    24.1126    24.1121 6.3283e+01     11.086          1      17755    1520.70 1.4167e+03  52083.825    739.754 1570364025      -0.15     -0.235   40.09958  -71.56876    34.3074  1024.1646    24.1167    19.9950 0.0000e+00
     10.000    19.9924    34.1461  1024.1566     2.5005     5.1001     98.046   -0.00019    5.20176    5.19194      8.280     0.1007    9.56326   4.687059 7.5484e+00    24.1130    24.1125 7.9900e+01     10.080          1      18273    1520.67 1.2724e+03  52082.231    761.317 1570364047      -0.07     -0.122   40.09963  -71.56876    34.3075  1024.1614    24.1178    19.9906 0.0000e+00
      9.000    19.9965    34.1452  1024.1502     2.5014     5.0998     98.043   -0.00047    5.20159    5.19177      8.284     0.1031    9.56298   4.687358 2.4316e+01    24.1112    24.1107 9.6856e+01      9.068          1      19508    1520.66 3.3788e+02  52080.281    812.808 1570364098      -0.04     -0.242   40.09972  -71.56874    34.3069  1024.1555    24.1163    19.9949 0.0000e+00
      8.000    19.9942    34.1459  1024.1471     2.5023     5.1058     98.157    0.00051    5.20163    5.19181      8.284     0.0963    9.56305   4.687161 1.7621e+01    24.1123    24.1119 1.0644e+02      8.063          1      19481    1520.64 7.1518e+02  52080.858    811.673 1570364097       0.03     -0.367   40.09972  -71.56874    34.3076  1024.1523    24.1174    19.9927 0.0000e+00
      7.000    19.9942    34.1456  1024.1425     2.5028     5.1048     98.134    0.00009    5.20184    5.19202      8.284     0.0911    9.56340   4.687091 9.5618e+00    24.1120    24.1117 1.2553e+02      7.055          1      19569    1520.62 1.3392e+03  52080.018    815.324 1570364101      -0.01     -0.257   40.09972  -71.56874    34.3074  1024.1477    24.1172    19.9929 0.0000e+00
      6.000    19.9919    34.1454  1024.1386     2.5031     5.1051     98.138    0.00001    5.20195    5.19213      8.284     0.0805    9.56358   4.686790 9.9185e+00    24.1124    24.1121 1.3994e+02      6.047          1      19654    1520.60 1.4116e+03  52079.405    818.863 1570364104      -0.06     -0.294   40.09972  -71.56874    34.3071  1024.1437    24.1175    19.9908 0.0000e+00
      5.000    19.9905    34.1455  1024.1346     2.5033     5.1048     98.131    0.00001    5.20206    5.19225      8.284     0.0665    9.56377   4.686619 1.2101e+01    24.1128    24.1125 1.7120e+02      5.039          1      19742    1520.58 1.4127e+03  52079.053    822.545 1570364108      -0.14     -0.248   40.09974  -71.56874    34.3072  1024.1397    24.1179    19.9896 0.0000e+00
      4.000    19.9896    34.1455  1024.1304     2.5048     5.1089     98.207    0.00023    5.20216    5.19235      8.284     0.0733    9.56393   4.686486 1.4917e+01    24.1130    24.1128 2.1067e+02      4.030          1      19831    1520.56 1.4122e+03  52078.688    826.249 1570364112      -0.07     -0.257   40.09974  -71.56874    34.3073  1024.1356    24.1181    19.9888 0.0000e+00
      3.000    19.9887    34.1457  1024.1264     2.5042     5.1051     98.134   -0.00018    5.20208    5.19226 -9.990e-29     0.0586    9.56379   4.686378 1.6707e+01    24.1133    24.1132 2.3753e+02      3.022          1      19911    1520.54 1.4210e+03  52078.526    829.582 1570364115      -0.11     -0.248   40.09974  -71.56874    34.3075  1024.1316    24.1185    19.9881 0.0000e+00
      2.000    19.9898    34.1450  1024.1201     2.5021     5.0965     97.971   -0.00089    5.20204    5.19222 -9.990e-29     0.0713    9.56372   4.686363 1.7019e+01    24.1127    24.1126 1.6820e+02      2.030          1      20126    1520.52 1.3253e+03  52077.371    838.537 1570364124      -0.41     -0.307   40.09977  -71.56873    34.3068  1024.1264    24.1176    19.9894 0.0000e+00
