CalculateIndicators/WaterTemperature/Data/CTD_NYOS/NYOS2006_C20.cnv
* Sea-Bird SBE19plus Data File:
* FileName = C:\Users\radar\Desktop\NYOS.2006\NYOS2006.ctd\NYOS2006_C20.hex
* Software Version 1.59
* Temperature SN =  4675
* Conductivity SN =  4675
* System UpLoad Time = Jun 10 2020 07:19:58
* NMEA Latitude = 40 06.5540 N
* NMEA Longitude = 073 38.9000 W
# nquan = 15
# nvalues = 78                          
# units = specified
# name 0 = depSM: Depth [salt water, m]
# name 1 = tv290C: Temperature [ITS-90, deg C]
# name 2 = sal00: Salinity, Practical [PSU]
# name 3 = density00: Density [density, kg/m^3]
# name 4 = c0S/m: Conductivity [S/m]
# name 5 = sigma-�00: Density [sigma-theta, kg/m^3]
# name 6 = sigma-t00: Density [sigma-t, kg/m^3 ]
# name 7 = prdM: Pressure, Strain Gauge [db]
# name 8 = scan: Scan Count
# name 9 = svCM: Sound Velocity [Chen-Millero, m/s]
# name 10 = specc: Specific Conductance [uS/cm]
# name 11 = timeS: Time, Elapsed [seconds]
# name 12 = accM: Acceleration [m/s^2]
# name 13 = dz/dtM: Descent Rate [m/s]
# name 14 = flag: flag
# span 0 =      1.000,     40.000       
# span 1 =     9.1683,    18.4755       
# span 2 =    30.6159,    32.3870       
# span 3 =  1021.8396,  1025.2222       
# span 4 =   3.479951,   4.120844       
# span 5 =    21.8322,    25.0423       
# span 6 =    21.8321,    25.0416       
# span 7 =      0.991,     40.259       
# span 8 =        217,        779       
# span 9 =    1484.28,    1512.29       
# span 10 =  47327.328,  50924.893      
# span 11 =     53.958,    194.475      
# span 12 =      -0.89,       0.65      
# span 13 =     -0.868,      0.726      
# span 14 = 0.0000e+00, 0.0000e+00      
# interval = meters: 1                  
# start_time = Jun 09 2020 16:32:55 [Instrument's time stamp, header]
# bad_flag = -9.990e-29
*END*
      2.000    18.4755    30.6582  1021.8442   4.119346    21.8354    21.8353      1.991        217    1512.29  47373.103     53.958       0.25      0.260 0.0000e+00
      3.000    18.4340    30.6419  1021.8466   4.113265    21.8322    21.8321      3.041        222    1512.17  47351.847     55.371       0.38      0.576 0.0000e+00
      4.000    18.3674    30.6160  1021.8502   4.101766    21.8323    21.8321      3.997        231    1511.92  47327.328     57.417      -0.03      0.348 0.0000e+00
      5.000    18.0994    30.6159  1021.9153   4.079683    21.8925    21.8923      5.031        237    1511.20  47335.481     58.935      -0.02      0.639 0.0000e+00
      6.000    17.9585    30.6432  1021.9751   4.070230    21.9481    21.9478      6.032        244    1510.82  47384.469     60.650       0.24      0.496 0.0000e+00
      7.000    17.8640    30.6613  1022.0160   4.063855    21.9866    21.9863      7.042        250    1510.58  47420.155     62.180      -0.10      0.703 0.0000e+00
      8.000    17.6037    30.6192  1022.0540   4.031229    22.0099    22.0097      8.047        257    1509.72  47367.087     63.902       0.14      0.541 0.0000e+00
      9.000    16.5835    30.6982  1022.3607   3.941385    22.2943    22.2939      9.045        263    1506.63  47522.875     65.619      -0.14      0.613 0.0000e+00
     10.000    14.5811    30.9795  1022.9941   3.802213    22.9790    22.9787     10.054        269    1500.98  48174.797     67.014       0.27      0.637 0.0000e+00
     11.000    13.4046    31.5357  1023.6795   3.756656    23.6364    23.6362     11.061        276    1497.65  49049.203     68.661      -0.27      0.664 0.0000e+00
     12.000    12.8388    31.6113  1023.8537   3.714119    23.7983    23.7980     12.074        282    1495.84  49216.229     70.248       0.41      0.550 0.0000e+00
     13.000    12.2759    31.8634  1024.1633   3.690832    24.0943    24.0939     13.065        289    1494.21  49631.724     72.084      -0.14      0.529 0.0000e+00
     14.000    11.8547    31.8315  1024.2186   3.651491    24.1556    24.1553     14.086        296    1492.78  49665.614     73.631       0.30      0.658 0.0000e+00
     15.000    11.3845    31.8701  1024.3383   3.615057    24.2709    24.2706     15.093        302    1491.21  49790.007     75.137      -0.04      0.696 0.0000e+00
     16.000    11.0807    31.9515  1024.4608   3.598549    24.3957    24.3954     16.065        309    1490.26  49967.454     77.011      -0.11      0.496 0.0000e+00
     17.000    11.0322    31.9332  1024.4607   3.592950    24.3768    24.3764     17.101        315    1490.06  49925.541     78.588       0.05      0.585 0.0000e+00
     18.000    10.9349    31.9362  1024.4836   3.586314    24.4004    24.4000     18.123        323    1489.75  49954.807     80.437       0.30      0.550 0.0000e+00
     19.000    10.8668    31.9810  1024.5353   3.586028    24.4497    24.4493     19.083        331    1489.58  50034.090     82.447      -0.19      0.495 0.0000e+00
     20.000    10.8707    32.0184  1024.5681   3.590959    24.4789    24.4785     20.113        337    1489.66  50088.261     84.016      -0.04      0.628 0.0000e+00
     21.000    10.8657    32.0112  1024.5684   3.589685    24.4708    24.4704     21.124        344    1489.63  50073.206     85.770       0.13      0.566 0.0000e+00
     22.000    10.7807    32.0396  1024.6092   3.586122    24.5095    24.5091     22.122        352    1489.40  50131.491     87.650      -0.07      0.542 0.0000e+00
     23.000    10.7712    32.1175  1024.6762   3.593899    24.5732    24.5728     23.122        358    1489.47  50245.672     89.359       0.09      0.569 0.0000e+00
     24.000    10.8073    32.1591  1024.7070   3.601290    24.5978    24.5973     24.127        366    1489.66  50296.045     91.240      -0.16      0.534 0.0000e+00
     25.000    10.8072    32.1501  1024.7061   3.598916    24.5943    24.5938     25.150        372    1489.64  50290.015     92.780       0.47      0.563 0.0000e+00
     26.000    10.6378    32.1574  1024.7459   3.584599    24.6039    24.6034     26.127        380    1489.05  50284.637     94.804      -0.13      0.466 0.0000e+00
     27.000    10.4941    32.2068  1024.8108   3.578532    24.6924    24.6920     27.187        386    1488.68  50425.224     96.217       0.65      0.646 0.0000e+00
     28.000    10.4252    32.2024  1024.8259   3.570348    24.6964    24.6959     28.120        396    1488.39  50423.874     98.643      -0.09      0.219 0.0000e+00
     29.000    10.2704    32.2077  1024.8592   3.558495    24.7284    24.7279     29.169        401    1487.89  50462.629     99.997       0.00      0.672 0.0000e+00
     30.000    10.1502    32.2017  1024.8797   3.547016    24.7422    24.7417     30.170        410    1487.46  50473.882    102.211      -0.02      0.439 0.0000e+00
     31.000     9.9840    32.1704  1024.8874   3.528975    24.7456    24.7450     31.176        418    1486.84  50461.207    104.223       0.17      0.487 0.0000e+00
     32.000     9.8296    32.2038  1024.9434   3.519224    24.7996    24.7990     32.175        425    1486.34  50542.462    106.059      -0.11      0.558 0.0000e+00
     33.000     9.7698    32.2023  1024.9566   3.514119    24.8055    24.8049     33.195        432    1486.14  50547.315    107.761       0.06      0.596 0.0000e+00
     34.000     9.7151    32.1936  1024.9648   3.507304    24.8087    24.8081     34.172        443    1485.91  50548.468    110.394      -0.11      0.292 0.0000e+00
     35.000     9.4024    32.2801  1025.0849   3.489638    24.9268    24.9262     35.207        449    1484.94  50732.735    111.930       0.04      0.621 0.0000e+00
     36.000     9.2983    32.3571  1025.1674   3.487918    25.0018    25.0012     36.181        457    1484.65  50860.050    114.118      -0.03      0.393 0.0000e+00
     37.000     9.3175    32.3806  1025.1873   3.492305    25.0201    25.0194     37.231        463    1484.77  50895.441    115.407       0.24      0.726 0.0000e+00
     38.000     9.3408    32.3599  1025.1722   3.492224    24.9985    24.9978     38.183        474    1484.84  50858.735    118.219       0.01      0.167 0.0000e+00
     39.000     9.2979    32.3529  1025.1782   3.487816    24.9977    24.9970     39.221        480    1484.69  50854.184    119.872       0.06      0.517 0.0000e+00
     40.000     9.1683    32.3785  1025.2222   3.479951    25.0423    25.0416     40.259        495    1484.28  50924.893    123.530       0.04      0.176 0.0000e+00
     39.000     9.2224    32.3870  1025.2165   3.485363    25.0382    25.0376     39.234        502    1484.46  50921.658    125.217      -0.44     -0.429 0.0000e+00
     38.000     9.2819    32.3769  1025.1947   3.489695    25.0202    25.0196     38.210        509    1484.64  50893.383    126.997      -0.04     -0.496 0.0000e+00
     37.000     9.3188    32.3757  1025.1832   3.492906    25.0148    25.0142     37.187        516    1484.76  50885.836    128.846      -0.28     -0.575 0.0000e+00
     36.000     9.3333    32.3573  1025.1620   3.492098    24.9986    24.9979     36.229        526    1484.78  50856.967    131.284      -0.06     -0.256 0.0000e+00
     35.000     9.3073    32.3425  1025.1499   3.488425    24.9905    24.9899     35.195        532    1484.65  50839.517    132.850       0.01     -0.591 0.0000e+00
     34.000     9.3146    32.3602  1025.1568   3.492297    25.0036    25.0030     34.176        540    1484.71  50863.337    134.706      -0.45     -0.489 0.0000e+00
     33.000     9.6566    32.2483  1025.0114   3.510832    24.8584    24.8579     33.195        549    1485.78  50631.250    136.952       0.01     -0.337 0.0000e+00
     32.000     9.7238    32.2199  1024.9735   3.513963    24.8272    24.8266     32.178        556    1485.97  50581.166    138.725       0.01     -0.556 0.0000e+00
     31.000     9.7744    32.2237  1024.9633   3.519023    24.8232    24.8226     31.169        563    1486.15  50579.159    140.578      -0.35     -0.460 0.0000e+00
     30.000     9.9190    32.2347  1024.9438   3.532902    24.8021    24.8016     30.169        572    1486.67  50555.592    142.865      -0.10     -0.377 0.0000e+00
     29.000    10.0180    32.2600  1024.9422   3.544567    24.8119    24.8113     29.139        579    1487.05  50583.343    144.448      -0.33     -0.704 0.0000e+00
     28.000    10.2053    32.2440  1024.8941   3.559409    24.7610    24.7605     28.214        588    1487.68  50513.100    146.712      -0.06     -0.283 0.0000e+00
     27.000    10.2602    32.2809  1024.9087   3.568506    24.7878    24.7873     27.080        591    1487.92  50567.830    147.503      -0.84     -0.868 0.0000e+00
     26.000    10.4559    32.2383  1024.8381   3.580734    24.7196    24.7191     26.127        602    1488.54  50468.867    150.174      -0.80     -0.287 0.0000e+00
     25.000    10.6317    32.2389  1024.8041   3.596461    24.6866    24.6861     25.151        609    1489.15  50431.946    152.032       0.10     -0.534 0.0000e+00
     24.000    10.7412    32.1873  1024.7403   3.600747    24.6331    24.6326     24.123        615    1489.47  50349.988    153.440      -0.62     -0.627 0.0000e+00
     23.000    10.7861    32.1197  1024.6759   3.596982    24.5712    24.5708     23.130        622    1489.51  50244.319    155.214      -0.05     -0.646 0.0000e+00
     22.000    10.7658    32.0579  1024.6264   3.588763    24.5233    24.5229     22.087        629    1489.36  50154.248    156.984      -0.86     -0.608 0.0000e+00
     21.000    10.7769    32.0363  1024.6024   3.588345    24.5066    24.5061     21.122        637    1489.37  50124.973    158.961      -0.09     -0.583 0.0000e+00
     20.000    10.8376    32.0276  1024.5812   3.592103    24.4945    24.4941     20.066        643    1489.55  50111.305    160.474      -0.89     -0.602 0.0000e+00
     19.000    10.8397    31.9804  1024.5392   3.587468    24.4550    24.4546     19.141        652    1489.48  50039.876    162.805       0.03     -0.184 0.0000e+00
     18.000    10.8542    31.9609  1024.5172   3.586549    24.4348    24.4344     18.088        659    1489.49  50004.517    164.379      -0.26     -0.503 0.0000e+00
     17.000    10.8792    31.9627  1024.5094   3.589401    24.4327    24.4324     17.085        665    1489.57  50003.681    166.095      -0.60     -0.561 0.0000e+00
     16.000    10.9868    31.9531  1024.4792   3.597636    24.4052    24.4048     16.095        673    1489.91  49969.575    167.998       0.19     -0.582 0.0000e+00
     15.000    11.0476    31.9702  1024.4760   3.606213    24.4039    24.4036     15.062        680    1490.16  49976.484    169.779      -0.56     -0.559 0.0000e+00
     14.000    11.3907    32.0645  1024.4847   3.646725    24.4259    24.4256     14.101        688    1491.44  50071.565    171.759       0.44     -0.563 0.0000e+00
     13.000    11.6740    32.0666  1024.4298   3.673414    24.3699    24.3696     13.049        693    1492.42  50015.647    172.953      -0.47     -0.731 0.0000e+00
     12.000    12.2578    31.9651  1024.2405   3.713463    24.1893    24.1891     12.081        701    1494.26  49801.492    174.895       0.42     -0.550 0.0000e+00
     11.000    12.5393    31.8562  1024.0952   3.729624    24.0494    24.0491     11.057        707    1495.13  49603.572    176.562      -0.14     -0.618 0.0000e+00
     10.000    13.1232    31.7242  1023.8786   3.767160    23.8284    23.8281     10.051        713    1496.87  49332.551    178.123      -0.08     -0.619 0.0000e+00
      9.000    13.7332    31.6685  1023.7040   3.820593    23.6792    23.6789      9.052        720    1498.90  49206.597    179.803       0.11     -0.618 0.0000e+00
      8.000    15.1583    31.4972  1023.2720   3.932635    23.2399    23.2396      8.045        727    1503.24  48800.925    181.534      -0.04     -0.578 0.0000e+00
      7.000    16.7864    31.0475  1022.5676   4.024715    22.5281    22.5278      7.035        733    1507.69  48022.414    183.057      -0.08     -0.642 0.0000e+00
      6.000    17.6636    30.7111  1022.0997   4.063100    22.0621    22.0619      6.046        741    1509.99  47483.588    184.897       0.20     -0.559 0.0000e+00
      5.000    17.7931    30.6691  1022.0295   4.069424    22.0059    22.0057      5.009        746    1510.35  47427.461    186.254      -0.36     -0.655 0.0000e+00
      4.000    18.0436    30.6854  1021.9784   4.091865    21.9617    21.9615      4.040        754    1511.09  47439.660    188.223       0.37     -0.541 0.0000e+00
      3.000    18.1829    30.6877  1021.9415   4.104102    21.9304    21.9303      3.004        760    1511.49  47435.160    189.713      -0.16     -0.676 0.0000e+00
      2.000    18.4059    30.6591  1021.8624   4.118338    21.8515    21.8514      2.019        768    1512.08  47375.837    191.872       0.12     -0.436 0.0000e+00
      1.000    18.4559    30.6522  1021.8396   4.120844    21.8345    21.8345      0.991        779    1512.22  47363.709    194.475      -0.21     -0.325 0.0000e+00
