CalculateIndicators/WaterTemperature/Data/CTD_NYOS/NYOS2006_C08.cnv
* Sea-Bird SBE19plus Data File:
* FileName = C:\Users\radar\Desktop\NYOS2006.ctd\NYOS2006_C08.hex
* Software Version 1.59
* Temperature SN =  4675
* Conductivity SN =  4675
* System UpLoad Time = Sep 21 2009 07:20:49
* NMEA Latitude = 40 25.208 N
* NMEA Longitude = 72 30.075 W
# nquan = 15
# nvalues = 54                          
# units = specified
# name 0 = depSM: Depth [salt water, m]
# name 1 = tv290C: Temperature [ITS-90, deg C]
# name 2 = sal00: Salinity, Practical [PSU]
# name 3 = density00: Density [density, kg/m^3]
# name 4 = c0S/m: Conductivity [S/m]
# name 5 = sigma-�00: Density [sigma-theta, kg/m^3]
# name 6 = sigma-t00: Density [sigma-t, kg/m^3 ]
# name 7 = prdM: Pressure, Strain Gauge [db]
# name 8 = scan: Scan Count
# name 9 = svCM: Sound Velocity [Chen-Millero, m/s]
# name 10 = specc: Specific Conductance [uS/cm]
# name 11 = timeS: Time, Elapsed [seconds]
# name 12 = accM: Acceleration [m/s^2]
# name 13 = dz/dtM: Descent Rate [m/s]
# name 14 = flag: flag
# span 0 =      1.000,     28.000       
# span 1 =    10.2095,    14.0745       
# span 2 =    30.9912,    31.7101       
# span 3 =  1023.0985,  1024.4775       
# span 4 =   3.504196,   3.770273       
# span 5 =    23.0857,    24.3494       
# span 6 =    23.0856,    24.3489       
# span 7 =      1.009,     28.164       
# span 8 =        396,        786       
# span 9 =    1487.03,    1499.09       
# span 10 =  48202.313,  49768.328      
# span 11 =     98.676,    196.313      
# span 12 =      -0.90,       0.90      
# span 13 =     -0.854,      0.950      
# span 14 = 0.0000e+00, 0.0000e+00      
# interval = meters: 1                  
# start_time = Jun 02 2020 21:29:45 [Instrument's time stamp, header]
# bad_flag = -9.990e-29
*END*
      2.000    14.0745    31.0218  1023.1086   3.770273    23.0992    23.0992      1.981        396    1499.09  48239.646     98.676      -0.06      0.486 0.0000e+00
      3.000    14.0217    30.9918  1023.1014   3.761459    23.0857    23.0856      3.035        401    1498.88  48202.313    100.039       0.22      0.628 0.0000e+00
      4.000    13.8930    31.0081  1023.1448   3.751602    23.1273    23.1271      3.987        411    1498.49  48245.243    102.494      -0.06      0.261 0.0000e+00
      5.000    13.7710    31.0040  1023.1696   3.740870    23.1469    23.1468      5.038        416    1498.12  48249.944    103.761       0.08      0.704 0.0000e+00
      6.000    13.6618    31.0089  1023.2015   3.730447    23.1738    23.1736      6.014        423    1497.75  48272.922    105.527      -0.04      0.465 0.0000e+00
      7.000    13.4275    31.0126  1023.2532   3.711110    23.2214    23.2212      7.056        428    1497.03  48302.292    106.852       0.03      0.741 0.0000e+00
      8.000    13.2094    31.0356  1023.3231   3.690901    23.2857    23.2855      7.970        439    1496.26  48368.458    109.503      -0.03      0.146 0.0000e+00
      9.000    12.9618    30.9912  1023.3385   3.665527    23.2842    23.2840      9.055        441    1495.44  48307.515    110.063       0.90      0.725 0.0000e+00
     10.000    12.6164    31.1519  1023.5297   3.655517    23.4852    23.4850     10.102        446    1494.55  48600.464    111.335       0.47      0.950 0.0000e+00
     11.000    12.4842    31.2802  1023.6634   3.654070    23.6261    23.6258     11.078        455    1494.19  48824.791    113.608       0.88      0.488 0.0000e+00
     12.000    11.9315    31.1663  1023.6802   3.592569    23.6149    23.6146     12.067        461    1492.20  48699.060    115.045      -0.23      0.824 0.0000e+00
     13.000    11.3633    31.2512  1023.8531   3.552458    23.8018    23.8015     13.072        467    1490.35  48936.688    116.488       0.24      0.615 0.0000e+00
     14.000    10.9558    31.3413  1023.9984   3.528129    23.9363    23.9360     14.077        474    1489.06  49114.843    118.310      -0.22      0.570 0.0000e+00
     15.000    10.8406    31.4001  1024.0692   3.525162    24.0017    24.0014     15.072        482    1488.73  49216.464    120.154       0.49      0.468 0.0000e+00
     16.000    10.7908    31.4317  1024.1075   3.523685    24.0342    24.0339     16.099        486    1488.59  49268.984    121.301       0.09      0.874 0.0000e+00
     17.000    10.7206    31.4607  1024.1464   3.521353    24.0696    24.0693     17.107        493    1488.40  49323.336    122.928      -0.10      0.663 0.0000e+00
     18.000    10.6969    31.4804  1024.1705   3.522130    24.0881    24.0877     18.076        503    1488.35  49353.781    125.422      -0.03      0.307 0.0000e+00
     19.000    10.6929    31.5212  1024.2075   3.526572    24.1204    24.1200     19.109        507    1488.41  49412.205    126.559       0.39      0.715 0.0000e+00
     20.000    10.7030    31.5536  1024.2356   3.530496    24.1468    24.1464     20.111        514    1488.49  49462.227    128.238      -0.11      0.639 0.0000e+00
     21.000    10.6586    31.5446  1024.2407   3.525899    24.1429    24.1425     21.137        521    1488.34  49449.821    130.117       0.40      0.534 0.0000e+00
     22.000    10.5851    31.5851  1024.2893   3.523842    24.1906    24.1901     22.098        529    1488.15  49525.971    132.093      -0.22      0.537 0.0000e+00
     23.000    10.5589    31.5657  1024.2846   3.518570    24.1751    24.1746     23.162        534    1488.02  49494.922    133.241       0.43      0.765 0.0000e+00
     24.000    10.3558    31.6497  1024.3868   3.510637    24.2814    24.2810     24.108        543    1487.45  49661.385    135.408      -0.44      0.465 0.0000e+00
     25.000    10.2671    31.6795  1024.4298   3.505761    24.3168    24.3164     25.153        549    1487.18  49714.787    136.933       0.03      0.663 0.0000e+00
     26.000    10.2167    31.7085  1024.4659   3.504330    24.3474    24.3469     26.126        557    1487.04  49764.397    139.093       0.01      0.357 0.0000e+00
     27.000    10.2120    31.7085  1024.4711   3.504196    24.3485    24.3480     27.161        564    1487.04  49766.381    140.701      -0.03      0.587 0.0000e+00
     28.000    10.2095    31.7101  1024.4775   3.504607    24.3494    24.3489     28.164        584    1487.05  49768.328    145.639      -0.23     -0.292 0.0000e+00
     27.000    10.2146    31.7093  1024.4713   3.504978    24.3488    24.3483     27.151        588    1487.05  49767.313    146.715      -0.11     -0.216 0.0000e+00
     26.000    10.2189    31.7055  1024.4632   3.505062    24.3447    24.3443     26.159        601    1487.04  49759.948    149.958      -0.04     -0.368 0.0000e+00
     25.000    10.2212    31.7051  1024.4579   3.505208    24.3440    24.3435     25.133        608    1487.03  49758.235    151.720      -0.09     -0.461 0.0000e+00
     24.000    10.2333    31.7035  1024.4500   3.506244    24.3409    24.3405     24.139        618    1487.06  49753.700    154.310      -0.35     -0.371 0.0000e+00
     23.000    10.2731    31.6976  1024.4339   3.509522    24.3310    24.3305     23.129        624    1487.19  49740.474    155.775      -0.07     -0.680 0.0000e+00
     22.000    10.3879    31.6616  1024.3823   3.515960    24.2821    24.2816     22.112        631    1487.53  49665.422    157.442       0.09     -0.632 0.0000e+00
     21.000    10.5523    31.5901  1024.2945   3.523076    24.1987    24.1983     21.129        641    1488.02  49535.687    160.051      -0.07     -0.293 0.0000e+00
     20.000    10.5754    31.5839  1024.2807   3.524640    24.1898    24.1894     20.119        648    1488.08  49522.331    161.670      -0.06     -0.609 0.0000e+00
     19.000    10.6392    31.5659  1024.2515   3.528096    24.1661    24.1657     19.094        654    1488.27  49487.857    163.214       0.03     -0.660 0.0000e+00
     18.000    10.6884    31.4949  1024.1832   3.525039    24.1007    24.1003     18.112        664    1488.34  49375.336    165.731       0.04     -0.328 0.0000e+00
     17.000    10.6889    31.4806  1024.1674   3.523558    24.0899    24.0896     17.096        670    1488.31  49355.355    167.305      -0.20     -0.607 0.0000e+00
     16.000    10.6949    31.4696  1024.1532   3.523020    24.0806    24.0802     16.090        678    1488.30  49338.809    169.244       0.17     -0.519 0.0000e+00
     15.000    10.7434    31.4639  1024.1360   3.526596    24.0687    24.0684     15.079        686    1488.45  49323.704    171.135      -0.38     -0.514 0.0000e+00
     14.000    10.8071    31.4065  1024.0759   3.526271    24.0112    24.0109     14.086        693    1488.59  49228.172    172.883       0.19     -0.614 0.0000e+00
     13.000    10.8627    31.4287  1024.0780   3.534819    24.0177    24.0175     13.047        698    1488.81  49247.341    174.360      -0.31     -0.664 0.0000e+00
     12.000    11.2144    31.3788  1023.9730   3.561231    23.9155    23.9153     12.126        710    1489.99  49119.231    177.224      -0.26     -0.080 0.0000e+00
     11.000    11.3198    31.5520  1024.0804   3.593501    24.0380    24.0377     11.020        713    1490.62  49356.279    177.877      -0.89     -0.854 0.0000e+00
     10.000    12.3581    31.3355  1023.7248   3.656304    23.6770    23.6767     10.066        722    1493.81  48891.613    180.187       0.04     -0.367 0.0000e+00
      9.000    12.4699    31.2419  1023.6249   3.656932    23.5843    23.5841      9.044        729    1494.10  48747.225    181.894      -0.05     -0.631 0.0000e+00
      8.000    12.6308    31.2176  1023.5710   3.668662    23.5349    23.5347      8.053        736    1494.61  48691.055    183.644      -0.09     -0.532 0.0000e+00
      7.000    13.0184    31.1707  1023.4558   3.698027    23.4230    23.4228      7.045        743    1495.84  48573.429    185.551       0.02     -0.483 0.0000e+00
      6.000    13.3079    31.1039  1023.3428   3.716284    23.3170    23.3168      6.029        750    1496.72  48447.090    187.240      -0.56     -0.529 0.0000e+00
      5.000    13.5704    31.0800  1023.2685   3.736194    23.2460    23.2459      5.030        757    1497.54  48380.492    189.019       0.00     -0.575 0.0000e+00
      4.000    13.7567    31.0340  1023.1913   3.746963    23.1723    23.1722      4.022        765    1498.09  48292.363    190.897      -0.57     -0.434 0.0000e+00
      3.000    13.8593    31.0443  1023.1737   3.757022    23.1610    23.1609      3.013        771    1498.43  48296.944    192.619      -0.17     -0.595 0.0000e+00
      2.000    13.9495    31.0309  1023.1406   3.763127    23.1314    23.1314      1.980        778    1498.69  48265.894    194.225      -0.90     -0.551 0.0000e+00
      1.000    14.0458    31.0068  1023.0985   3.753098    23.1101    23.1100      1.009        786    1498.96  48240.128    196.313      -0.36     -0.340 0.0000e+00
