CalculateIndicators/WaterTemperature/Data/CTD_NYOS/NYOS1910_C06.cnv
* Sea-Bird SBE 9 Data File:
* FileName = C:\Seabird 9 CTD\Data\2019\201910_offhore\NYOS1910_C06.hex
* Software Version Seasave V 7.23.2
* Temperature SN = 4590
* Conductivity SN = 3228
* Number of Bytes Per Scan = 44
* Number of Voltage Words = 5
* Number of Scans Averaged by the Deck Unit = 1
* NMEA Latitude = 39 41.74 N
* NMEA Longitude = 071 45.79 W
* NMEA UTC (Time) = Oct 06 2019  19:11:59
* NMEA baud rate = 4800
** Ship: seawolf
** Station: 2.5
** Operator: EIH
# nquan = 35
# nvalues = 594                         
# units = specified
# name 0 = depSM: Depth [salt water, m]
# name 1 = t090C: Temperature [ITS-90, deg C]
# name 2 = sal00: Salinity, Practical [PSU]
# name 3 = density00: Density [density, kg/m^3]
# name 4 = sbeox0V: Oxygen raw, SBE 43 [V]
# name 5 = sbeox0ML/L: Oxygen, SBE 43 [ml/l]
# name 6 = sbeox0PS: Oxygen, SBE 43 [% saturation]
# name 7 = sbox0dV/dT: Oxygen, SBE 43 [dov/dt]
# name 8 = oxsolML/L: Oxygen Saturation, Garcia & Gordon [ml/l]
# name 9 = oxsatML/L: Oxygen Saturation, Weiss [ml/l]
# name 10 = ph: pH
# name 11 = flECO-AFL: Fluorescence, WET Labs ECO-AFL/FL [mg/m^3]
# name 12 = n2satML/L: Nitrogen Saturation [ml/l]
# name 13 = c0S/m: Conductivity [S/m]
# name 14 = cpar: CPAR/Corrected Irradiance [%]
# name 15 = sigma-é00: Density [sigma-theta, kg/m^3]
# name 16 = sigma-t00: Density [sigma-t, kg/m^3 ]
# name 17 = par: PAR/Irradiance, Biospherical/Licor
# name 18 = prDM: Pressure, Digiquartz [db]
# name 19 = pumps: Pump Status
# name 20 = scan: Scan Count
# name 21 = svCM: Sound Velocity [Chen-Millero, m/s]
# name 22 = spar: SPAR, Biospherical/Licor
# name 23 = specc: Specific Conductance [uS/cm]
# name 24 = timeS: Time, Elapsed [seconds]
# name 25 = timeY: Time, System [seconds]
# name 26 = accM: Acceleration [m/s^2]
# name 27 = dz/dtM: Descent Rate [m/s]
# name 28 = latitude: Latitude [deg]
# name 29 = longitude: Longitude [deg]
# name 30 = gsw_saA0: Absolute Salinity [g/kg]
# name 31 = gsw_densityA0: density, TEOS-10 [density, kg/m^3]
# name 32 = gsw_sigma0A0: density, TEOS-10 [sigma-0, kg/m^3 ]
# name 33 = gsw_ptA0: potential temperature [ITS-90, deg C]
# name 34 = flag: flag
# span 0 =      2.000,    300.000       
# span 1 =    12.0247,    23.0778       
# span 2 =    35.5376,    36.3534       
# span 3 =  1024.6261,  1028.3543       
# span 4 =     1.5140,     2.4930       
# span 5 =     3.1597,     4.7507       
# span 6 =     52.427,     97.471       
# span 7 =   -0.02518,    0.02415       
# span 8 =    4.87048,    6.02746       
# span 9 =    4.85920,    6.02731       
# span 10 =      8.025,      8.322      
# span 11 =    -0.0757,     0.4339      
# span 12 =    8.99531,   10.91723      
# span 13 =   4.070886,   5.235035      
# span 14 = 4.7846e-14, 7.8827e+01      
# span 15 =    24.6166,    27.0097      
# span 16 =    24.6159,    27.0020      
# span 17 = 1.0000e-12, 6.3558e+02      
# span 18 =      2.114,    302.523      
# span 19 =          1,          1      
# span 20 =        452,      54872      
# span 21 =    1502.55,    1531.71      
# span 22 = 4.5518e+02, 2.0787e+03      
# span 23 =  54349.508,  55257.825      
# span 24 =     18.772,   2286.295      
# span 25 = 1570389139, 1570391406      
# span 26 =      -1.08,       1.03      
# span 27 =     -1.214,      1.080      
# span 28 =   39.69586,   39.70541      
# span 29 =  -71.76424,  -71.76324      
# span 30 =    16.4942,    36.5408      
# span 31 =  1009.9214,  1028.3593      
# span 32 =     9.9120,    27.0148      
# span 33 =    11.9848,    23.0656      
# span 34 = 0.0000e+00, 0.0000e+00      
# interval = meters: 1                  
# start_time = Oct 06 2019 19:12:00 [System UTC, first data scan.]
# bad_flag = -9.990e-29
*END*
[from data line 332]
    263.000    12.8798    35.6564  1028.1076     1.5829     3.2878     55.604    0.00016    5.91297    5.91140      8.050    -0.0366   10.72647   4.165477 4.9054e-14    26.9332    26.9259 1.0000e-12    265.196          1      24117    1504.95 2.0386e+03  54975.552   1004.833 1570390125      -0.16     -0.431   39.69999  -71.76380    35.8289  1028.1144    26.9401    12.8433 0.0000e+00
    262.000    12.9099    35.6612  1028.1007     1.5838     3.2903     55.672    0.00043    5.91015    5.90855      8.051    -0.0315   10.72177   4.168970 4.9193e-14    26.9309    26.9236 1.0000e-12    264.185          1      24173    1505.04 2.0329e+03  54977.054   1007.165 1570390127       0.01     -0.517   39.70000  -71.76380    35.8344  1028.1080    26.9383    12.8735 0.0000e+00
    261.000    12.9294    35.6630  1028.0936     1.5856     3.2999     55.843    0.00110    5.90930    5.90769      8.053    -0.0450   10.72036   4.170993 4.8859e-14    26.9284    26.9210 1.0000e-12    263.169          1      24219    1505.10 2.0467e+03  54975.952   1009.089 1570390129      -0.12     -0.496   39.70000  -71.76380    35.8359  1028.1006    26.9355    12.8930 0.0000e+00
    260.000    12.9398    35.6659  1028.0892     1.5870     3.3009     55.879    0.00089    5.90725    5.90561      8.054    -0.0629   10.71693   4.172294 4.9101e-14    26.9285    26.9212 1.0000e-12    262.177          1      24264    1505.12 2.0367e+03  54977.779   1010.964 1570390131      -0.34     -0.606   39.70002  -71.76380    35.8389  1028.0964    26.9357    12.9035 0.0000e+00
    259.000    12.9477    35.6670  1028.0839     1.5893     3.3050     56.019    0.00120    5.89980    5.89807      8.054    -0.0601   10.70455   4.173060 4.8733e-14    26.9277    26.9204 1.0000e-12    261.168          1      24334    1505.13 2.0520e+03  54977.399   1013.886 1570390134      -0.92     -0.714   39.70002  -71.76380    35.8393  1028.0906    26.9344    12.9115 0.0000e+00
    258.000    12.9977    35.6743  1028.0748     1.5907     3.3038     56.020    0.00070    5.89753    5.89577      8.054    -0.0412   10.70072   4.178865 4.9166e-14    26.9233    26.9160 1.0000e-12    260.151          1      24390    1505.29 2.0339e+03  54979.463   1016.229 1570390136       0.07     -0.503   39.70003  -71.76380    35.8481  1028.0825    26.9311    12.9616 0.0000e+00
    257.000    13.0379    35.6802  1028.0665     1.5942     3.3171     56.283    0.00153    5.89357    5.89177      8.055    -0.0396   10.69411   4.183423 4.9219e-14    26.9197    26.9124 1.0000e-12    259.142          1      24457    1505.41 2.0317e+03  54980.856   1018.988 1570390139      -0.15     -0.409   39.70004  -71.76380    35.8542  1028.0745    26.9277    13.0019 0.0000e+00
    256.000    13.0582    35.6838  1028.0606     1.5990     3.3305     56.549    0.00181    5.88963    5.88778      8.058    -0.0399   10.68756   4.185783 4.8878e-14    26.9184    26.9111 1.0000e-12    258.124          1      24520    1505.46 2.0459e+03  54982.133   1021.604 1570390141      -0.65     -0.314   39.70006  -71.76380    35.8581  1028.0687    26.9266    13.0223 0.0000e+00
    255.000    13.0884    35.6874  1028.0527     1.6001     3.3266     56.510    0.00108    5.88668    5.88479      8.058    -0.0449   10.68263   4.189026 4.9135e-14    26.9150    26.9077 1.0000e-12    257.126          1      24559    1505.55 2.0353e+03  54981.974   1023.259 1570390143      -0.00     -0.598   39.70006  -71.76380    35.8611  1028.0604    26.9228    13.0525 0.0000e+00
    254.000    13.1278    35.6962  1028.0468     1.6044     3.3373     56.795    0.00179    5.87615    5.87414      8.059    -0.0565   10.66510   4.194157 4.9046e-14    26.9138    26.9065 1.0000e-12    256.097          1      24647    1505.68 2.0389e+03  54987.592   1026.906 1570390147      -0.55     -0.194   39.70008  -71.76380    35.8734  1028.0571    26.9243    13.0920 0.0000e+00
    253.000    13.1698    35.7002  1028.0367     1.6079     3.3595     57.160    0.00337    5.87737    5.87537      8.060    -0.0463   10.66712   4.198545 4.9486e-14    26.9084    26.9011 1.0000e-12    255.115          1      24663    1505.80 2.0208e+03  54986.390   1027.597 1570390147      -0.52     -0.849   39.70008  -71.76380    35.8762  1028.0461    26.9178    13.1341 0.0000e+00
    252.000    13.1991    35.7032  1028.0284     1.6131     3.3630     57.260    0.00213    5.87333    5.87129      8.061    -0.0455   10.66039   4.201494 4.9148e-14    26.9047    26.8975 1.0000e-12    254.099          1      24732    1505.89 2.0348e+03  54985.587   1030.479 1570390150      -0.39     -0.559   39.70009  -71.76380    35.8772  1028.0362    26.9126    13.1635 0.0000e+00
    251.000    13.2029    35.7042  1028.0239     1.6147     3.3572     57.175    0.00074    5.87186    5.86979      8.062    -0.0442   10.65794   4.201934 4.9134e-14    26.9047    26.8975 1.0000e-12    253.100          1      24774    1505.89 2.0353e+03  54985.767   1032.216 1570390152      -0.47     -0.923   39.70010  -71.76380    35.8782  1028.0318    26.9126    13.1675 0.0000e+00
    250.000    13.2515    35.7130  1028.0161     1.6173     3.3613     57.290    0.00068    5.86724    5.86512      8.062    -0.0441   10.65021   4.207766 4.9234e-14    26.9016    26.8943 1.0000e-12    252.076          1      24859    1506.04 2.0312e+03  54990.246   1035.767 1570390156      -0.10     -0.488   39.70011  -71.76380    35.8884  1028.0250    26.9106    13.2162 0.0000e+00
    249.000    13.2840    35.7167  1028.0077     1.6195     3.3658     57.390    0.00065    5.86476    5.86261      8.066    -0.0485   10.64609   4.211206 4.8789e-14    26.8978    26.8905 1.0000e-12    251.080          1      24921    1506.13 2.0497e+03  54989.882   1038.337 1570390158      -0.36     -0.699   39.70012  -71.76380    35.8911  1028.0159    26.9060    13.2487 0.0000e+00
    248.000    13.3047    35.7185  1028.0003     1.6232     3.3770     57.605    0.00099    5.86225    5.86007      8.066    -0.0441   10.64194   4.213300 4.8900e-14    26.8949    26.8877 1.0000e-12    250.067          1      25008    1506.19 2.0450e+03  54988.770   1041.947 1570390162      -0.63     -0.709   39.70014  -71.76380    35.8920  1028.0077    26.9024    13.2695 0.0000e+00
    247.000    13.3185    35.7179  1027.9924     1.6271     3.3910     57.852    0.00143    5.86145    5.85926      8.067    -0.0386   10.64060   4.214464 4.9201e-14    26.8916    26.8844 1.0000e-12    249.055          1      25079    1506.21 2.0326e+03  54985.374   1044.915 1570390165       0.03     -0.703   39.70015  -71.76380    35.8904  1027.9992    26.8983    13.2834 0.0000e+00
    246.000    13.3246    35.7182  1027.9869     1.6316     3.4027     58.068    0.00144    5.85975    5.85754 -9.990e-29    -0.0478   10.63778   4.215007 4.8793e-14    26.8905    26.8834 1.0000e-12    248.050          1      25172    1506.22 2.0495e+03  54984.287   1048.781 1570390169      -0.71     -0.815   39.70016  -71.76380    35.8903  1027.9933    26.8969    13.2896 0.0000e+00
    245.000    13.3574    35.7238  1027.9798     1.6362     3.4120     58.280    0.00135    5.85457    5.85230      8.068    -0.0517   10.62914   4.219025 4.8943e-14    26.8881    26.8809 1.0000e-12    247.041          1      25265    1506.32 2.0433e+03  54986.606   1052.675 1570390173      -0.07     -0.633   39.70019  -71.76380    35.8981  1027.9879    26.8962    13.3225 0.0000e+00
    244.000    13.4020    35.7291  1027.9702     1.6397     3.4135     58.353    0.00058    5.84974    5.84741      8.070    -0.0448   10.62107   4.223841 4.9160e-14    26.8830    26.8759 1.0000e-12    246.023          1      25374    1506.45 2.0342e+03  54986.911   1057.228 1570390177      -0.10     -0.270   39.70020  -71.76382    35.9024  1027.9774    26.8903    13.3672 0.0000e+00
    243.000    13.4218    35.7316  1027.9634     1.6425     3.4240     58.544    0.00106    5.84852    5.84617      8.071    -0.0407   10.61905   4.225949 4.9120e-14    26.8809    26.8737 1.0000e-12    245.017          1      25447    1506.50 2.0359e+03  54986.907   1060.241 1570390180       0.00     -0.401   39.70021  -71.76382    35.9042  1027.9702    26.8877    13.3871 0.0000e+00
    242.000    13.4329    35.7330  1027.9577     1.6453     3.4271     58.609    0.00051    5.84734    5.84498      8.071    -0.0429   10.61708   4.227063 4.8900e-14    26.8796    26.8725 1.0000e-12    244.002          1      25543    1506.52 2.0450e+03  54986.601   1064.263 1570390184      -0.10     -0.177   39.70023  -71.76382    35.9048  1027.9638    26.8858    13.3983 0.0000e+00
    241.000    13.4358    35.7335  1027.9530     1.6464     3.4309     58.678    0.00063    5.84711    5.84475 -9.990e-29    -0.0504   10.61671   4.227344 4.8893e-14    26.8794    26.8723 1.0000e-12    243.003          1      25590    1506.52 2.0453e+03  54986.251   1066.207 1570390186      -0.20     -0.590   39.70024  -71.76382    35.9051  1027.9590    26.8854    13.4013 0.0000e+00
    240.000    13.4431    35.7345  1027.9478     1.6473     3.4314     58.691    0.00046    5.84645    5.84408      8.072    -0.0531   10.61559   4.228102 4.9044e-14    26.8787    26.8716 1.0000e-12    241.992          1      25706    1506.53 2.0390e+03  54986.119   1071.023 1570390191      -0.19     -0.359   39.70026  -71.76384    35.9059  1027.9536    26.8845    13.4087 0.0000e+00
    239.000    13.4473    35.7354  1027.9431     1.6484     3.4327     58.727    0.00038    5.84517    5.84279      8.073    -0.0524   10.61348   4.228579 4.8848e-14    26.8785    26.8714 1.0000e-12    240.971          1      25797    1506.53 2.0472e+03  54986.147   1074.816 1570390195      -0.60     -0.263   39.70027  -71.76384    35.9069  1027.9490    26.8844    13.4131 0.0000e+00
    238.000    13.4534    35.7359  1027.9377     1.6488     3.4338     58.746    0.00034    5.84509    5.84270      8.074    -0.0526   10.61333   4.229179 4.9096e-14    26.8776    26.8705 1.0000e-12    239.980          1      25833    1506.53 2.0369e+03  54985.356   1076.325 1570390196      -0.17     -0.712   39.70028  -71.76384    35.9073  1027.9436    26.8834    13.4193 0.0000e+00
    237.000    13.4579    35.7367  1027.9329     1.6507     3.4384     58.837    0.00041    5.84390    5.84150      8.076    -0.0443   10.61135   4.229666 4.8696e-14    26.8772    26.8702 1.0000e-12    238.968          1      25933    1506.53 2.0536e+03  54985.153   1080.519 1570390200      -0.55     -0.622   39.70029  -71.76384    35.9081  1027.9387    26.8830    13.4240 0.0000e+00
    236.000    13.4680    35.7375  1027.9270     1.6528     3.4441     58.940    0.00047    5.84344    5.84104      8.076    -0.0435   10.61059   4.230686 4.8916e-14    26.8757    26.8688 1.0000e-12    237.955          1      26020    1506.55 2.0444e+03  54984.316   1084.135 1570390204      -0.11     -0.398   39.70031  -71.76384    35.9087  1027.9326    26.8814    13.4343 0.0000e+00
    235.000    13.4712    35.7377  1027.9219     1.6533     3.4422     58.908    0.00006    5.84341    5.84100      8.076    -0.0417   10.61054   4.230962 4.9107e-14    26.8752    26.8682 1.0000e-12    236.945          1      26089    1506.54 2.0364e+03  54983.507   1087.008 1570390207      -0.01     -0.411   39.70032  -71.76384    35.9087  1027.9274    26.8807    13.4376 0.0000e+00
    234.000    13.4721    35.7373  1027.9170     1.6543     3.4473     58.995    0.00043    5.84337    5.84096      8.076    -0.0312   10.61048   4.230941 4.9121e-14    26.8747    26.8677 1.0000e-12    235.932          1      26161    1506.53 2.0358e+03  54982.270   1090.017 1570390210      -0.38     -0.327   39.70034  -71.76384    35.9081  1027.9223    26.8800    13.4386 0.0000e+00
    233.000    13.4699    35.7360  1027.9120     1.6573     3.4594     59.195    0.00089    5.84405    5.84166      8.076    -0.0371   10.61163   4.230500 4.9028e-14    26.8741    26.8672 1.0000e-12    234.932          1      26235    1506.50 2.0397e+03  54980.198   1093.102 1570390213      -0.20     -0.427   39.70035  -71.76385    35.9064  1027.9170    26.8791    13.4366 0.0000e+00
    232.000    13.4655    35.7350  1027.9076     1.6594     3.4621     59.235    0.00043    5.84476    5.84237      8.076    -0.0318   10.61282   4.229920 4.8822e-14    26.8742    26.8673 1.0000e-12    233.917          1      26321    1506.47 2.0483e+03  54978.833   1096.649 1570390217       0.00     -0.423   39.70036  -71.76386    35.9054  1027.9127    26.8793    13.4323 0.0000e+00
    231.000    13.4618    35.7338  1027.9030     1.6608     3.4669     59.316    0.00051    5.84474    5.84235      8.076    -0.0400   10.61278   4.229382 4.9363e-14    26.8740    26.8672 1.0000e-12    232.910          1      26385    1506.44 2.0259e+03  54977.165   1099.331 1570390219       0.06     -0.368   39.70037  -71.76386    35.9043  1027.9081    26.8791    13.4287 0.0000e+00
    230.000    13.4621    35.7337  1027.8983     1.6631     3.4728     59.425    0.00056    5.84391    5.84151      8.076    -0.0382   10.61140   4.229359 4.9148e-14    26.8738    26.8670 1.0000e-12    231.895          1      26493    1506.42 2.0348e+03  54976.287   1103.853 1570390224      -0.03     -0.165   39.70040  -71.76386    35.9042  1027.9035    26.8790    13.4292 0.0000e+00
    229.000    13.4647    35.7337  1027.8933     1.6643     3.4763     59.489    0.00064    5.84356    5.84116      8.077    -0.0559   10.61083   4.229584 4.8988e-14    26.8732    26.8664 1.0000e-12    230.891          1      26544    1506.41 2.0414e+03  54975.318   1105.946 1570390226      -0.50     -0.493   39.70040  -71.76386    35.9043  1027.8985    26.8784    13.4320 0.0000e+00
    228.000    13.4763    35.7360  1027.8882     1.6660     3.4833     59.634    0.00122    5.84114    5.83871      8.078    -0.0401   10.60681   4.231087 4.9244e-14    26.8726    26.8658 1.0000e-12    229.891          1      26605    1506.44 2.0308e+03  54976.325   1108.492 1570390228      -0.40     -0.485   39.70041  -71.76387    35.9081  1027.8946    26.8790    13.4436 0.0000e+00
    227.000    13.4927    35.7350  1027.8795     1.6738     3.5164     60.207    0.00284    5.84053    5.83809      8.080    -0.0439   10.60582   4.232427 4.8936e-14    26.8684    26.8617 1.0000e-12    228.877          1      26686    1506.47 2.0435e+03  54971.996   1111.876 1570390232      -0.17     -0.515   39.70043  -71.76388    35.9058  1027.8848    26.8738    13.4602 0.0000e+00
    226.000    13.4816    35.7276  1027.8716     1.6856     3.5658     61.040    0.00494    5.84172    5.83928      8.081    -0.0494   10.60789   4.230222 4.8615e-14    26.8649    26.8582 1.0000e-12    227.861          1      26773    1506.41 2.0570e+03  54962.805   1115.482 1570390235      -0.65     -0.546   39.70044  -71.76388    35.8957  1027.8749    26.8683    13.4493 0.0000e+00
    225.000    13.4889    35.7284  1027.8662     1.6917     3.5763     61.239    0.00407    5.83985    5.83739      8.083    -0.0451   10.60474   4.231370 4.9010e-14    26.8640    26.8573 1.0000e-12    226.867          1      26823    1506.42 2.0405e+03  54962.252   1117.563 1570390237      -0.23     -0.669   39.70045  -71.76388    35.9002  1027.8724    26.8702    13.4567 0.0000e+00
    224.000    13.5132    35.7311  1027.8587     1.7009     3.5798     61.392    0.00157    5.83102    5.82846      8.085    -0.0490   10.59005   4.233975 4.8825e-14    26.8610    26.8544 1.0000e-12    225.835          1      26933    1506.49 2.0481e+03  54961.973   1122.182 1570390242      -0.05     -0.275   39.70048  -71.76388    35.9025  1027.8645    26.8669    13.4811 0.0000e+00
    223.000    13.5292    35.7320  1027.8515     1.7064     3.6179     62.017    0.00448    5.83374    5.83121      8.086    -0.0538   10.59458   4.235842 4.9010e-14    26.8584    26.8517 1.0000e-12    224.847          1      26954    1506.52 2.0404e+03  54960.301   1123.048 1570390243      -0.32     -0.706   39.70048  -71.76388    35.9056  1027.8591    26.8660    13.4972 0.0000e+00
