CalculateIndicators/WaterTemperature/Data/CTD_NYOS/NYOS2006_C19.cnv
* Sea-Bird SBE19plus Data File:
* FileName = C:\Users\radar\Desktop\NYOS.2006\NYOS2006.ctd\NYOS2006_C19.hex
* Software Version 1.59
* Temperature SN =  4675
* Conductivity SN =  4675
* System UpLoad Time = Jun 10 2020 07:18:27
* NMEA Latitude = 40 06.4940 N
* NMEA Longitude = 073 38.9140 W
# nquan = 15
# nvalues = 77                          
# units = specified
# name 0 = depSM: Depth [salt water, m]
# name 1 = tv290C: Temperature [ITS-90, deg C]
# name 2 = sal00: Salinity, Practical [PSU]
# name 3 = density00: Density [density, kg/m^3]
# name 4 = c0S/m: Conductivity [S/m]
# name 5 = sigma-�00: Density [sigma-theta, kg/m^3]
# name 6 = sigma-t00: Density [sigma-t, kg/m^3 ]
# name 7 = prdM: Pressure, Strain Gauge [db]
# name 8 = scan: Scan Count
# name 9 = svCM: Sound Velocity [Chen-Millero, m/s]
# name 10 = specc: Specific Conductance [uS/cm]
# name 11 = timeS: Time, Elapsed [seconds]
# name 12 = accM: Acceleration [m/s^2]
# name 13 = dz/dtM: Descent Rate [m/s]
# name 14 = flag: flag
# span 0 =      1.000,     39.000       
# span 1 =     9.2098,    18.5086       
# span 2 =    30.4785,    32.3943       
# span 3 =  1021.8393,  1025.2164       
# span 4 =   3.481366,   4.123707       
# span 5 =    21.8330,    25.0415       
# span 6 =    21.8329,    25.0408       
# span 7 =      0.901,     39.282       
# span 8 =        333,       1095       
# span 9 =    1484.39,    1512.38       
# span 10 =  47131.788,  50928.418      
# span 11 =     83.092,    273.420      
# span 12 =      -1.77,       1.09      
# span 13 =     -0.755,      0.860      
# span 14 = 0.0000e+00, 0.0000e+00      
# interval = meters: 1                  
# start_time = Jun 09 2020 16:28:11 [Instrument's time stamp, header]
# bad_flag = -9.990e-29
*END*
      1.000    18.5086    30.6682  1021.8393   4.123707    21.8346    21.8346      0.901        333    1512.38  47383.899     83.092      -0.64     -0.721 0.0000e+00
      2.000    18.4750    30.6561  1021.8428   4.118975    21.8330    21.8329      2.040        456    1512.29  47368.631    113.639       0.74      0.116 0.0000e+00
      3.000    18.3864    30.6303  1021.8494   4.107114    21.8343    21.8342      3.036        547    1512.01  47337.579    136.486       0.35      0.602 0.0000e+00
      4.000    18.1903    30.6236  1021.8962   4.088152    21.8799    21.8797      3.999        562    1511.45  47345.769    140.340      -0.23      0.457 0.0000e+00
      5.000    18.0052    30.6262  1021.9451   4.072847    21.9238    21.9236      5.036        568    1510.94  47357.383    141.684       0.17      0.708 0.0000e+00
      6.000    17.9124    30.6603  1021.9993   4.068226    21.9738    21.9735      6.024        575    1510.70  47414.061    143.473      -0.13      0.566 0.0000e+00
      7.000    17.8324    30.6413  1022.0110   4.056716    21.9763    21.9760      7.056        580    1510.43  47389.915    144.846       0.24      0.689 0.0000e+00
      8.000    17.3434    30.6744  1022.1562   4.012844    22.1472    22.1469      8.025        588    1509.01  47526.956    146.789      -0.27      0.526 0.0000e+00
      9.000    16.0269    30.4785  1022.3121   3.863975    22.1737    22.1734      9.073        593    1504.64  47131.788    148.040       0.46      0.705 0.0000e+00
     10.000    13.5596    31.6124  1023.6985   3.783762    23.7180    23.7177     10.036        601    1498.41  49221.467    149.927      -0.44      0.597 0.0000e+00
     11.000    13.4230    31.3671  1023.5513   3.736208    23.4549    23.4546     11.081        606    1497.40  48723.945    151.194       0.57      0.641 0.0000e+00
     12.000    12.5555    31.8030  1024.0574   3.710202    24.0160    24.0157     12.055        613    1495.11  49548.869    153.104      -0.16      0.514 0.0000e+00
     13.000    12.1402    31.8677  1024.1887   3.681372    24.1314    24.1311     13.079        620    1493.80  49674.913    154.667       0.07      0.672 0.0000e+00
     14.000    11.8302    31.8247  1024.2235   3.645422    24.1420    24.1417     14.075        627    1492.59  49632.744    156.397       0.09      0.463 0.0000e+00
     15.000    11.2868    31.8740  1024.3572   3.608422    24.2993    24.2990     15.084        632    1490.91  49826.672    157.766       0.04      0.740 0.0000e+00
     16.000    11.0918    31.9386  1024.4490   3.598402    24.3754    24.3751     16.088        639    1490.27  49931.570    159.589      -0.13      0.565 0.0000e+00
     17.000    11.0145    31.9336  1024.4635   3.592191    24.3855    24.3852     17.108        647    1490.00  49939.345    161.394       0.27      0.521 0.0000e+00
     18.000    10.9235    31.9495  1024.4961   3.587130    24.4156    24.4152     18.087        655    1489.73  49980.157    163.449      -0.17      0.505 0.0000e+00
     19.000    10.8812    31.9740  1024.5270   3.586979    24.4411    24.4408     19.113        660    1489.63  50020.606    164.813       0.39      0.678 0.0000e+00
     20.000    10.8857    32.0199  1024.5666   3.592595    24.4775    24.4771     20.104        667    1489.71  50088.238    166.597      -0.24      0.611 0.0000e+00
     21.000    10.8788    32.0018  1024.5592   3.589680    24.4591    24.4587     21.149        674    1489.66  50053.655    168.180       0.48      0.599 0.0000e+00
     22.000    10.7828    32.0407  1024.6097   3.587161    24.4966    24.4961     22.074        684    1489.41  50106.967    170.662       0.34      0.192 0.0000e+00
     23.000    10.7836    32.1403  1024.6915   3.597624    24.5965    24.5960     23.186        687    1489.55  50290.227    171.560       0.79      0.860 0.0000e+00
     24.000    10.8294    32.1534  1024.6986   3.602734    24.5875    24.5870     24.108        698    1489.74  50280.790    174.170       0.39      0.103 0.0000e+00
     25.000    10.7542    32.1421  1024.7088   3.593504    24.5832    24.5827     25.160        702    1489.44  50260.302    175.337       0.39      0.760 0.0000e+00
     26.000    10.5614    32.1526  1024.7529   3.578511    24.6345    24.6340     26.125        712    1488.82  50329.681    177.676       0.51      0.288 0.0000e+00
     27.000    10.4400    32.2052  1024.8195   3.573130    24.6953    24.6947     27.183        717    1488.47  50422.947    179.014       0.47      0.727 0.0000e+00
     28.000    10.3622    32.1884  1024.8250   3.563784    24.6940    24.6934     28.162        725    1488.17  50411.500    180.986       0.83      0.431 0.0000e+00
     29.000    10.2502    32.1976  1024.8549   3.555318    24.7262    24.7257     29.185        732    1487.81  50456.652    182.769       0.55      0.542 0.0000e+00
     30.000    10.1020    32.1353  1024.8368   3.534874    24.6884    24.6878     30.203        739    1487.19  50370.296    184.619       0.64      0.673 0.0000e+00
     31.000     9.8489    32.1681  1024.9082   3.516715    24.7603    24.7597     31.157        750    1486.34  50472.600    187.167       0.21      0.222 0.0000e+00
     32.000     9.7489    32.2058  1024.9580   3.512543    24.8137    24.8131     32.182        756    1486.05  50559.552    188.812      -0.04      0.612 0.0000e+00
     33.000     9.7028    32.2088  1024.9729   3.508687    24.8236    24.8230     33.188        765    1485.90  50573.343    190.934      -0.02      0.492 0.0000e+00
     34.000     9.5589    32.1810  1024.9802   3.491916    24.8135    24.8128     34.183        773    1485.32  50541.039    192.894       0.30      0.446 0.0000e+00
     35.000     9.2891    32.3334  1025.1441   3.485491    24.9909    24.9904     35.197        780    1484.61  50839.083    194.687       0.08      0.536 0.0000e+00
     36.000     9.2952    32.3605  1025.1702   3.488361    25.0080    25.0074     36.247        786    1484.65  50870.849    196.277       0.74      0.632 0.0000e+00
     37.000     9.3099    32.3575  1025.1704   3.489328    25.0023    25.0016     37.188        796    1484.71  50862.652    198.711       0.64      0.234 0.0000e+00
     38.000     9.3001    32.3506  1025.1713   3.487801    24.9987    24.9982     38.252        803    1484.68  50856.454    200.421       1.09      0.512 0.0000e+00
     39.000     9.2098    32.3603  1025.1972   3.481366    25.0203    25.0196     39.282        814    1484.39  50887.962    203.176       0.20      0.753 0.0000e+00
     38.000     9.2345    32.3943  1025.2164   3.486689    25.0415    25.0408     38.130        825    1484.48  50928.418    205.928      -1.77     -0.607 0.0000e+00
     37.000     9.2804    32.3689  1025.1839   3.488804    25.0156    25.0150     37.163        834    1484.62  50883.886    208.160      -1.09     -0.600 0.0000e+00
     36.000     9.3074    32.3666  1025.1735   3.490698    25.0105    25.0099     36.170        841    1484.69  50876.377    210.104      -1.13     -0.436 0.0000e+00
     35.000     9.3027    32.3478  1025.1550   3.488262    24.9965    24.9959     35.178        850    1484.63  50850.521    212.372      -0.92     -0.341 0.0000e+00
     34.000     9.3006    32.3409  1025.1447   3.488083    24.9900    24.9895     34.152        858    1484.62  50837.246    214.193      -0.95     -0.579 0.0000e+00
     33.000     9.3965    32.3382  1025.1227   3.497085    24.9750    24.9745     33.169        867    1484.95  50818.536    216.429      -0.81     -0.422 0.0000e+00
     32.000     9.6315    32.2559  1025.0169   3.509189    24.8705    24.8700     32.180        875    1485.67  50650.774    218.419       0.00     -0.575 0.0000e+00
     31.000     9.7260    32.2103  1024.9606   3.513374    24.8204    24.8199     31.176        883    1485.96  50568.809    220.534      -0.60     -0.426 0.0000e+00
     30.000     9.8399    32.2336  1024.9562   3.525706    24.8144    24.8139     30.171        891    1486.38  50569.227    222.497       0.05     -0.469 0.0000e+00
     29.000     9.9999    32.2699  1024.9528   3.544142    24.8244    24.8239     29.147        899    1486.99  50604.815    224.537      -0.26     -0.545 0.0000e+00
     28.000    10.1949    32.2381  1024.8915   3.557581    24.7613    24.7608     28.171        908    1487.63  50511.887    226.688      -0.09     -0.351 0.0000e+00
     27.000    10.2743    32.2503  1024.8830   3.565873    24.7602    24.7597     27.155        914    1487.92  50519.882    228.368       0.10     -0.599 0.0000e+00
     26.000    10.3553    32.2534  1024.8670   3.573377    24.7503    24.7498     26.118        921    1488.20  50511.348    229.904      -0.35     -0.638 0.0000e+00
     25.000    10.5137    32.2182  1024.8084   3.583708    24.6892    24.6887     25.183        930    1488.70  50419.931    232.221       0.18     -0.285 0.0000e+00
     24.000    10.6550    32.2212  1024.7813   3.597023    24.6731    24.6726     24.124        936    1489.20  50411.459    233.721      -0.20     -0.542 0.0000e+00
     23.000    10.7877    32.1521  1024.7002   3.601125    24.5970    24.5965     23.091        943    1489.57  50291.228    235.496      -0.53     -0.545 0.0000e+00
     22.000    10.8075    32.0803  1024.6370   3.594316    24.5401    24.5397     22.165        952    1489.53  50190.952    237.785       0.02     -0.257 0.0000e+00
     21.000    10.7683    32.0454  1024.6114   3.587890    24.5155    24.5151     21.096        957    1489.34  50139.069    238.877      -0.26     -0.755 0.0000e+00
     20.000    10.8224    32.0393  1024.5930   3.592194    24.5005    24.5000     20.139        966    1489.50  50120.593    241.167      -0.09     -0.246 0.0000e+00
     19.000    10.8695    31.9983  1024.5485   3.591686    24.4624    24.4620     19.103        972    1489.60  50057.306    242.745       0.07     -0.605 0.0000e+00
     18.000    10.8615    31.9638  1024.5182   3.587468    24.4356    24.4353     18.088        979    1489.52  50007.363    244.502      -0.25     -0.579 0.0000e+00
     17.000    10.8717    31.9554  1024.5052   3.587696    24.4284    24.4280     17.097        986    1489.53  49995.084    246.329       0.13     -0.564 0.0000e+00
     16.000    10.9338    31.9535  1024.4885   3.593056    24.4157    24.4153     16.102        994    1489.73  49980.939    248.296       0.02     -0.500 0.0000e+00
     15.000    10.9946    31.9501  1024.4706   3.598074    24.4032    24.4029     15.070       1000    1489.92  49967.166    249.757      -0.11     -0.670 0.0000e+00
     14.000    11.0657    31.9786  1024.4747   3.608673    24.4099    24.4096     14.093       1007    1490.21  49989.047    251.507       0.04     -0.534 0.0000e+00
     13.000    11.4201    32.0669  1024.4775   3.649180    24.4210    24.4207     13.075       1014    1491.51  50067.411    253.146       0.12     -0.623 0.0000e+00
     12.000    11.7367    32.0200  1024.3756   3.675201    24.3216    24.3213     12.054       1020    1492.61  49941.534    254.670      -0.38     -0.544 0.0000e+00
     11.000    12.2650    31.9614  1024.2315   3.713936    24.1800    24.1797     11.069       1027    1494.26  49784.573    256.568       0.20     -0.570 0.0000e+00
     10.000    12.5556    31.8932  1024.1147   3.736505    24.0809    24.0807     10.046       1033    1495.23  49664.283    257.962      -0.45     -0.684 0.0000e+00
      9.000    13.3876    31.7142  1023.8152   3.790330    23.7630    23.7628      9.058       1040    1497.70  49274.097    259.626       0.26     -0.675 0.0000e+00
      8.000    14.1778    31.7670  1023.6765   3.879271    23.6640    23.6637      8.013       1045    1500.55  49303.702    261.069      -0.34     -0.678 0.0000e+00
      7.000    17.0661    30.8956  1022.4025   4.027317    22.3146    22.3142      7.083       1054    1508.27  47704.257    263.253       0.34     -0.352 0.0000e+00
      6.000    17.2912    30.8523  1022.2934   4.047904    22.2713    22.2711      6.023       1059    1509.05  47731.800    264.513      -0.06     -0.696 0.0000e+00
      5.000    17.7626    30.6664  1022.0358   4.065986    22.0111    22.0109      5.044       1066    1510.24  47425.360    266.308      -0.02     -0.470 0.0000e+00
      4.000    17.8604    30.6730  1022.0124   4.074537    21.9959    21.9957      4.017       1072    1510.53  47434.229    267.822       0.07     -0.669 0.0000e+00
      3.000    18.0036    30.6709  1021.9720   4.086250    21.9529    21.9528      3.016       1079    1510.94  47407.767    269.534      -0.21     -0.505 0.0000e+00
      2.000    18.2811    30.6836  1021.9111   4.111080    21.9008    21.9007      2.023       1087    1511.75  47418.068    271.397       0.15     -0.527 0.0000e+00
      1.000    18.4116    30.6564  1021.8539   4.118278    21.8460    21.8459      1.002       1095    1512.08  47367.413    273.420       0.01     -0.415 0.0000e+00
