CalculateIndicators/WaterTemperature/Data/CTD_NYOS/NYOS190727_6_1.cnv
* Sea-Bird SBE 9 Data File:
* FileName = C:\Seabird 9 CTD\Data\2019\201907_offshore\NYOS190727_6_1.hex
* Software Version Seasave V 7.23.2
* Temperature SN = 4590
* Conductivity SN = 3228
* Number of Bytes Per Scan = 44
* Number of Voltage Words = 5
* Number of Scans Averaged by the Deck Unit = 1
* NMEA Latitude = 40 30.87 N
* NMEA Longitude = 073 27.20 W
* NMEA UTC (Time) = Jul 27 2019  18:27:44
* NMEA baud rate = 4800
** Ship: Seawolf
** Station: 6.1
** Operator: ajb
# nquan = 35
# nvalues = 31                          
# units = specified
# name 0 = depSM: Depth [salt water, m]
# name 1 = t090C: Temperature [ITS-90, deg C]
# name 2 = sal00: Salinity, Practical [PSU]
# name 3 = density00: Density [density, kg/m^3]
# name 4 = sbeox0V: Oxygen raw, SBE 43 [V]
# name 5 = sbeox0ML/L: Oxygen, SBE 43 [ml/l]
# name 6 = sbeox0PS: Oxygen, SBE 43 [% saturation]
# name 7 = sbox0dV/dT: Oxygen, SBE 43 [dov/dt]
# name 8 = oxsolML/L: Oxygen Saturation, Garcia & Gordon [ml/l]
# name 9 = oxsatML/L: Oxygen Saturation, Weiss [ml/l]
# name 10 = ph: pH
# name 11 = flECO-AFL: Fluorescence, WET Labs ECO-AFL/FL [mg/m^3]
# name 12 = n2satML/L: Nitrogen Saturation [ml/l]
# name 13 = c0S/m: Conductivity [S/m]
# name 14 = cpar: CPAR/Corrected Irradiance [%]
# name 15 = sigma-é00: Density [sigma-theta, kg/m^3]
# name 16 = sigma-t00: Density [sigma-t, kg/m^3 ]
# name 17 = par: PAR/Irradiance, Biospherical/Licor
# name 18 = prDM: Pressure, Digiquartz [db]
# name 19 = pumps: Pump Status
# name 20 = scan: Scan Count
# name 21 = svCM: Sound Velocity [Chen-Millero, m/s]
# name 22 = spar: SPAR, Biospherical/Licor
# name 23 = specc: Specific Conductance [uS/cm]
# name 24 = timeS: Time, Elapsed [seconds]
# name 25 = timeY: Time, System [seconds]
# name 26 = accM: Acceleration [m/s^2]
# name 27 = dz/dtM: Descent Rate [m/s]
# name 28 = latitude: Latitude [deg]
# name 29 = longitude: Longitude [deg]
# name 30 = gsw_saA0: Absolute Salinity [g/kg]
# name 31 = gsw_densityA0: density, TEOS-10 [density, kg/m^3]
# name 32 = gsw_sigma0A0: density, TEOS-10 [sigma-0, kg/m^3 ]
# name 33 = gsw_ptA0: potential temperature [ITS-90, deg C]
# name 34 = flag: flag
# span 0 =      2.000,     17.000       
# span 1 =    17.6293,    24.0033       
# span 2 =    30.2257,    30.7372       
# span 3 =  1020.0863,  1022.1744       
# span 4 =     2.3963,     2.9679       
# span 5 =     5.1429,     6.2974       
# span 6 =     92.859,    121.064       
# span 7 =   -0.06064,    0.08210       
# span 8 =    4.95148,    5.55212       
# span 9 =    4.93923,    5.54382       
# span 10 =      7.997,      8.192      
# span 11 =     0.2926,     2.5113      
# span 12 =    9.18476,   10.18137      
# span 13 =   4.055858,   4.573799      
# span 14 = 1.0490e+00, 8.9248e+01      
# span 15 =    20.0777,    22.0993      
# span 16 =    20.0775,    22.0986      
# span 17 = 2.1892e+01, 1.2615e+03      
# span 18 =      2.014,     17.121      
# span 19 =          1,          1      
# span 20 =        180,       3004      
# span 21 =    1510.13,    1526.90      
# span 22 = 7.8477e+02, 2.1313e+03      
# span 23 =  46597.248,  47542.624      
# span 24 =      7.449,    125.118      
# span 25 = 1564252072, 1564252189      
# span 26 =      -0.25,       0.30      
# span 27 =     -0.801,      0.769      
# span 28 =   40.51467,   40.51507      
# span 29 =  -73.45369,  -73.45344      
# span 30 =    30.3598,    30.9044      
# span 31 =  1020.0920,  1022.1966      
# span 32 =    20.0833,    22.1216      
# span 33 =    17.6265,    24.0029      
# span 34 = 0.0000e+00, 0.0000e+00      
# interval = meters: 1                  
# start_time = Jul 27 2019 18:27:45 [System UTC, first data scan.]
# bad_flag = -9.990e-29
*END*
      2.000    24.0033    30.2878  1020.0863     2.8560     5.6804    114.723   -0.00012    4.95148    4.93923      8.162     0.2926    9.18476   4.573799 5.9287e+01    20.0777    20.0775 1.2615e+03      2.014          1        180    1526.90 2.1277e+03  46660.096      7.449 1564252072       0.14     -0.022   40.51467  -73.45344    30.4334  1020.0920    20.0833    24.0029 0.0000e+00
      3.000    23.9402    30.2812  1020.1039     2.8540     5.8330    114.706   -0.00276    5.08516    5.07344      8.173     0.4241    9.40775   4.565658 4.8476e+01    20.0910    20.0908 1.0333e+03      3.030          1        501    1526.75 2.1313e+03  46652.583     20.836 1564252085       0.25      0.436   40.51470  -73.45346    30.4155  1020.1013    20.0883    23.9395 0.0000e+00
      4.000    23.5009    30.2617  1020.2198     2.9037     6.0612    119.345    0.02925    5.07871    5.06697      8.173     0.4499    9.39693   4.518109 3.6841e+01    20.2023    20.2021 7.8490e+02      4.033          1        505    1525.63 2.1305e+03  46634.127     21.011 1564252085       0.30      0.731   40.51470  -73.45346    30.3598  1020.1901    20.1728    23.5000 0.0000e+00
      5.000    22.8189    30.2716  1020.4244     2.9315     6.1663    120.831    0.03021    5.10331    5.09169      8.175     0.4623    9.43805   4.457316 2.6638e+01    20.4028    20.4025 5.5875e+02      5.030          1        539    1523.90 2.0972e+03  46664.462     22.398 1564252087       0.04      0.769   40.51470  -73.45347    30.3691  1020.3945    20.3728    22.8179 0.0000e+00
      6.000    22.1075    30.2752  1020.6291     2.9521     6.1946    120.116    0.00437    5.15730    5.14596      8.183     0.5019    9.52809   4.395065 1.9824e+01    20.6030    20.6027 4.2134e+02      6.047          1        639    1522.05 2.1252e+03  46688.268     26.570 1564252091       0.07      0.210   40.51471  -73.45348    30.3865  1020.6099    20.5838    22.1064 0.0000e+00
      7.000    21.8095    30.2713  1020.7120     2.9592     6.2551    120.548    0.00442    5.18890    5.17774      8.191     0.5911    9.58081   4.367290 1.5121e+01    20.6814    20.6810 3.2060e+02      7.056          1        703    1521.27 2.1205e+03  46692.288     29.230 1564252094       0.25      0.447   40.51472  -73.45348    30.3799  1020.6908    20.6603    21.8082 0.0000e+00
      8.000    21.4903    30.2722  1020.8034     2.9676     6.2949    121.064    0.00550    5.19963    5.18854      8.192     0.6957    9.59875   4.339185 1.1621e+01    20.7686    20.7682 2.4282e+02      8.060          1        742    1520.43 2.0903e+03  46704.495     30.864 1564252095      -0.04      0.611   40.51472  -73.45350    30.3853  1020.7857    20.7509    21.4888 0.0000e+00
      9.000    21.3088    30.2673  1020.8529     2.9679     6.2944    120.728    0.00029    5.21372    5.20271      8.192     0.8269    9.62224   4.322962 9.4192e+00    20.8136    20.8132 1.8823e+02      9.069          1        800    1519.95 2.0262e+03  46704.294     33.274 1564252098      -0.08      0.416   40.51473  -73.45350    30.3861  1020.8396    20.8003    21.3071 0.0000e+00
     10.000    21.1235    30.2644  1020.9046     2.9528     6.2974    119.556   -0.00669    5.26754    5.25690      8.183     1.1810    9.71141   4.306327 6.6937e+00    20.8609    20.8604 1.4192e+02     10.079          1        872    1519.46 2.1186e+03  46707.248     36.301 1564252101       0.07      0.327   40.51474  -73.45351    30.3863  1020.8936    20.8500    21.1216 0.0000e+00
     11.000    20.8991    30.2729  1020.9749     2.8942     6.1876    115.011   -0.02936    5.38010    5.37031      8.167     1.7946    9.89717   4.286518 4.6917e+00    20.9268    20.9263 9.9586e+01     11.091          1        923    1518.88 2.1229e+03  46727.590     38.400 1564252103       0.11      0.477   40.51474  -73.45352    30.3890  1020.9597    20.9116    20.8970 0.0000e+00
     12.000    20.3456    30.3494  1021.1821     2.8245     5.9729    109.994   -0.04875    5.43047    5.42111      8.151     1.9631    9.98023   4.243497 3.4371e+00    21.1296    21.1290 7.3014e+01     12.088          1        954    1517.45 2.1243e+03  46856.313     39.707 1564252104       0.13      0.714   40.51476  -73.45352    30.4422  1021.1491    21.0966    20.3434 0.0000e+00
     13.000    18.9120    30.5683  1021.7169     2.6740     5.6216    102.185   -0.05375    5.50181    5.49307      8.079     2.4425   10.09796   4.140565 2.9238e+00    21.6597    21.6592 6.2040e+01     13.102          1       1021    1513.64 2.1226e+03  47229.092     42.513 1564252107      -0.14      0.329   40.51476  -73.45352    30.6500  1021.6748    21.6176    18.9098 0.0000e+00
     14.000    18.1839    30.6724  1021.9791     2.5277     5.2265     94.393   -0.06064    5.53692    5.52849      8.036     2.3886   10.15607   4.088383 2.1383e+00    21.9173    21.9167 4.5288e+01     14.114          1       1082    1511.66 2.1179e+03  47415.494     45.054 1564252110       0.23      0.454   40.51476  -73.45352    30.7573  1021.9390    21.8773    18.1815 0.0000e+00
     15.000    17.9107    30.6964  1022.0673     2.4672     5.1429     92.859   -0.04453    5.53847    5.53006      8.031     2.3907   10.15845   4.067970 1.6581e+00    22.0011    22.0005 3.5203e+01     15.112          1       1119    1510.89 2.1235e+03  47466.784     46.589 1564252111      -0.06      0.621   40.51477  -73.45353    30.7906  1022.0342    21.9680    17.9082 0.0000e+00
     16.000    17.7303    30.7312  1022.1414     2.4223     5.1954     93.814   -0.00886    5.53801    5.52960      8.024     2.3225   10.15769   4.059112 1.2984e+00    22.0707    22.0701 2.7531e+01     16.122          1       1329    1510.41 2.1199e+03  47527.117     55.351 1564252120       0.02      0.258   40.51480  -73.45355    30.8517  1022.1281    22.0574    17.7277 0.0000e+00
     17.000    17.6293    30.7372  1022.1744     2.3963     5.2100     93.839    0.00565    5.55212    5.54382      7.997     2.4335   10.18137   4.056346 1.0490e+00    22.0993    22.0986 2.1892e+01     17.121          1       2877    1510.13 2.0907e+03  47542.624    119.820 1564252184      -0.25      0.200   40.51505  -73.45367    30.9044  1022.1966    22.1216    17.6265 0.0000e+00
     16.000    17.6720    30.7220  1022.1481     2.4079     5.2045     93.973    0.00110    5.53825    5.52982      8.011     2.3710   10.15846   4.055858 1.5806e+00    22.0774    22.0768 2.8362e+01     16.125          1       2277    1510.23 1.8408e+03  47518.038     94.843 1564252159      -0.20     -0.207   40.51496  -73.45363    30.8682  1022.1546    22.0838    17.6694 0.0000e+00
     15.000    17.7489    30.7091  1022.1156     2.4217     5.2004     94.968    0.00613    5.47601    5.46702      8.020     2.4469   10.05586   4.061548 2.0642e+00    22.0493    22.0487 3.7054e+01     15.112          1       2398    1510.42 1.7998e+03  47494.629     99.873 1564252164      -0.24     -0.492   40.51498  -73.45364    30.8585  1022.1245    22.0582    17.7464 0.0000e+00
     14.000    17.8485    30.6813  1022.0662     2.4598     5.2867     98.049    0.02267    5.39227    5.38257      8.032     2.5113    9.91775   4.067781 2.4086e+00    22.0045    22.0039 4.9394e+01     14.111          1       2423    1510.67 2.0593e+03  47449.295    100.902 1564252165      -0.20     -0.758   40.51498  -73.45364    30.8363  1022.0794    22.0176    17.8461 0.0000e+00
     13.000    18.2009    30.6271  1021.9357     2.5504     5.5897    105.069    0.05764    5.32078    5.31050      8.063     2.3374    9.80009   4.094870 7.7903e+00    21.8785    21.8780 6.5642e+01     13.106          1       2455    1511.64 9.1326e+02  47351.729    102.241 1564252167       0.12     -0.801   40.51498  -73.45364    30.7993  1021.9622    21.9049    18.1987 0.0000e+00
     12.000    19.3472    30.4482  1021.5119     2.7056     6.0028    114.265    0.08210    5.25360    5.24283      8.128     1.6320    9.68894   4.180424 9.5531e+00    21.4594    21.4589 8.5286e+01     12.093          1       2501    1514.74 9.6181e+02  47040.706    104.151 1564252169       0.08     -0.526   40.51499  -73.45365    30.6572  1021.5669    21.5141    19.3451 0.0000e+00
     11.000    20.3258    30.2730  1021.1251     2.8232     6.1870    118.572    0.06558    5.21795    5.20696      8.156     1.1207    9.62962   4.245742 5.1115e+00    21.0765    21.0760 1.0872e+02     11.083          1       2544    1517.29 2.1059e+03  46749.047    105.971 1564252170      -0.08     -0.546   40.51500  -73.45366    30.4746  1021.1746    21.1265    20.3238 0.0000e+00
     10.000    20.8023    30.2303  1020.9636     2.8824     6.2263    119.781    0.04435    5.19805    5.18693      8.163     0.8851    9.59650   4.283245 7.4219e+00    20.9199    20.9194 1.3162e+02     10.077          1       2579    1518.55 1.8799e+03  46672.039    107.420 1564252172      -0.08     -0.677   40.51500  -73.45366    30.4324  1021.0136    20.9699    20.8004 0.0000e+00
      9.000    21.0470    30.2357  1020.8987     2.9142     6.2250    119.989    0.02683    5.18797    5.17680      8.165     0.7490    9.57960   4.305240 2.0754e+01    20.8594    20.8590 1.6417e+02      9.070          1       2612    1519.21 7.8477e+02  46669.730    108.788 1564252173      -0.02     -0.731   40.51500  -73.45366    30.4323  1020.9444    20.9051    21.0453 0.0000e+00
      8.000    21.2744    30.2257  1020.8261     2.9343     6.2003    120.119    0.01629    5.16174    5.15042      8.164     0.6541    9.53588   4.323305 1.6651e+01    20.7912    20.7908 2.0013e+02      8.065          1       2646    1519.80 1.3912e+03  46647.779    110.212 1564252175       0.05     -0.724   40.51502  -73.45366    30.4134  1020.8650    20.8301    21.2729 0.0000e+00
      7.000    21.4251    30.2372  1020.7901     2.9466     6.0785    119.830    0.00665    5.07262    5.06084      8.158     0.5401    9.38724   4.337929 1.1660e+01    20.7594    20.7591 2.5053e+02      7.052          1       2688    1520.20 2.1295e+03  46657.402    111.973 1564252176       0.06     -0.570   40.51502  -73.45366    30.4218  1020.8265    20.7960    21.4237 0.0000e+00
      6.000    21.7373    30.2345  1020.6993     2.9478     5.9840    119.558    0.00384    5.00506    4.99299      8.149     0.4937    9.27469   4.367142 2.2244e+01    20.6732    20.6728 3.1034e+02      6.047          1       2723    1521.02 1.4872e+03  46643.626    113.428 1564252178      -0.14     -0.659   40.51502  -73.45366    30.4297  1020.7436    20.7175    21.7362 0.0000e+00
      5.000    22.6393    30.2337  1020.4454     2.9038     5.7532    115.474   -0.02479    4.98212    4.96997      8.146     0.4048    9.23617   4.452699 2.1331e+01    20.4238    20.4235 3.8606e+02      5.040          1       2759    1523.39 1.8382e+03  46618.004    114.924 1564252179       0.08     -0.697   40.51503  -73.45367    30.4583  1020.5115    20.4898    22.6383 0.0000e+00
      4.000    23.4385    30.2349  1020.2173     2.8759     5.6886    114.509   -0.01849    4.96780    4.95560      8.146     0.3620    9.21219   4.523397 2.6996e+01    20.1997    20.1995 5.4215e+02      4.033          1       2799    1525.44 2.0048e+03  46597.248    116.589 1564252181      -0.01     -0.603   40.51504  -73.45368    30.4423  1020.2701    20.2527    23.4377 0.0000e+00
      3.000    23.7272    30.2534  1020.1443     2.8680     5.7068    115.000   -0.00498    4.96246    4.95024      8.146     0.3460    9.20323   4.550277 4.3320e+01    20.1313    20.1311 7.2912e+02      3.026          1       2847    1526.18 1.8750e+03  46617.897    118.576 1564252183       0.09     -0.519   40.51504  -73.45368    30.4462  1020.1858    20.1728    23.7266 0.0000e+00
      2.000    23.9108    30.2674  1020.0976     2.8602     5.6891    114.766   -0.00266    4.95717    4.94494      8.148     0.3009    9.19435   4.565791 8.9248e+01    20.0891    20.0889 1.1486e+03      2.018          1       3004    1526.65 1.4200e+03  46633.725    125.118 1564252189      -0.07     -0.205   40.51507  -73.45369    30.4369  1020.1214    20.1127    23.9104 0.0000e+00
