CalculateIndicators/WaterTemperature/Data/CTD_NYOS/NYOS190725_4_3.cnv
* Sea-Bird SBE 9 Data File:
* FileName = C:\Seabird 9 CTD\Data\2019\201907_offshore\NYOS190725_4_3.hex
* Software Version Seasave V 7.23.2
* Temperature SN = 4590
* Conductivity SN = 3228
* Number of Bytes Per Scan = 44
* Number of Voltage Words = 5
* Number of Scans Averaged by the Deck Unit = 1
* NMEA Latitude = 40 06.06 N
* NMEA Longitude = 072 36.39 W
* NMEA UTC (Time) = Jul 25 2019  23:40:35
* NMEA baud rate = 4800
** Ship: seawolf
** Station: 4-3
** Operator: lissssss
# nquan = 35
# nvalues = 96                          
# units = specified
# name 0 = depSM: Depth [salt water, m]
# name 1 = t090C: Temperature [ITS-90, deg C]
# name 2 = sal00: Salinity, Practical [PSU]
# name 3 = density00: Density [density, kg/m^3]
# name 4 = sbeox0V: Oxygen raw, SBE 43 [V]
# name 5 = sbeox0ML/L: Oxygen, SBE 43 [ml/l]
# name 6 = sbeox0PS: Oxygen, SBE 43 [% saturation]
# name 7 = sbox0dV/dT: Oxygen, SBE 43 [dov/dt]
# name 8 = oxsolML/L: Oxygen Saturation, Garcia & Gordon [ml/l]
# name 9 = oxsatML/L: Oxygen Saturation, Weiss [ml/l]
# name 10 = ph: pH
# name 11 = flECO-AFL: Fluorescence, WET Labs ECO-AFL/FL [mg/m^3]
# name 12 = n2satML/L: Nitrogen Saturation [ml/l]
# name 13 = c0S/m: Conductivity [S/m]
# name 14 = cpar: CPAR/Corrected Irradiance [%]
# name 15 = sigma-é00: Density [sigma-theta, kg/m^3]
# name 16 = sigma-t00: Density [sigma-t, kg/m^3 ]
# name 17 = par: PAR/Irradiance, Biospherical/Licor
# name 18 = prDM: Pressure, Digiquartz [db]
# name 19 = pumps: Pump Status
# name 20 = scan: Scan Count
# name 21 = svCM: Sound Velocity [Chen-Millero, m/s]
# name 22 = spar: SPAR, Biospherical/Licor
# name 23 = specc: Specific Conductance [uS/cm]
# name 24 = timeS: Time, Elapsed [seconds]
# name 25 = timeY: Time, System [seconds]
# name 26 = accM: Acceleration [m/s^2]
# name 27 = dz/dtM: Descent Rate [m/s]
# name 28 = latitude: Latitude [deg]
# name 29 = longitude: Longitude [deg]
# name 30 = gsw_saA0: Absolute Salinity [g/kg]
# name 31 = gsw_densityA0: density, TEOS-10 [density, kg/m^3]
# name 32 = gsw_sigma0A0: density, TEOS-10 [sigma-0, kg/m^3 ]
# name 33 = gsw_ptA0: potential temperature [ITS-90, deg C]
# name 34 = flag: flag
# span 0 =      1.000,     49.000       
# span 1 =     6.6113,    25.7297       
# span 2 =    30.6140,    32.7048       
# span 3 =  1019.8343,  1025.8735       
# span 4 =     1.6844,     2.9270       
# span 5 =     2.7458,     7.6494       
# span 6 =     57.186,    120.705       
# span 7 =   -0.10731,    0.24398       
# span 8 =    4.79028,    6.91682       
# span 9 =    4.77781,    6.92676       
# span 10 =      7.873,      8.228      
# span 11 =     0.0441,     1.1825      
# span 12 =    8.91047,   12.42105      
# span 13 =   3.285154,   4.813384      
# span 14 = -2.204e-07, 8.7008e+01      
# span 15 =    19.8214,    25.6598      
# span 16 =    19.8212,    25.6593      
# span 17 = -2.481e-07, 8.6179e+01      
# span 18 =      1.008,     49.384      
# span 19 =          0,          1      
# span 20 =        225,       7790      
# span 21 =    1474.96,    1531.74      
# span 22 = 9.7952e+01, 1.2042e+02      
# span 23 =  47088.011,  51991.072      
# span 24 =      9.331,    324.559      
# span 25 = 1564098045, 1564098360      
# span 26 =      -0.37,       0.26      
# span 27 =     -0.922,      0.902      
# span 28 =   40.10110,   40.10180      
# span 29 =  -72.60645,  -72.60524      
# span 30 =    30.7584,    32.8389      
# span 31 =  1019.8359,  1025.8708      
# span 32 =    19.8230,    25.6484      
# span 33 =     6.6071,    25.7295      
# span 34 = 0.0000e+00, 0.0000e+00      
# interval = meters: 1                  
# start_time = Jul 25 2019 23:40:36 [System UTC, first data scan.]
# bad_flag = -9.990e-29
*END*
[from data line 42]
     44.000     6.6170    32.6992  1025.8615     1.9385     4.9190     71.130   -0.01045    6.91545    6.92540      7.924     0.1214   12.41856   3.286017 2.1104e-03    25.6576    25.6571 2.4164e-03     44.345          1       1899    1475.01 1.1331e+02  51987.794     79.065 1564098115       0.04      0.662   40.10116  -72.60612    32.8372  1025.8502    25.6463     6.6132 0.0000e+00
     45.000     6.6164    32.6966  1025.8642     1.9294     4.9333     71.332   -0.00623    6.91595    6.92589      7.921     0.1255   12.41940   3.286071 5.5942e-05    25.6557    25.6551 6.3953e-05     45.351          1       1937    1475.02 1.1109e+02  51984.983     80.649 1564098117      -0.08      0.654   40.10118  -72.60610    32.8379  1025.8555    25.6469     6.6125 0.0000e+00
     46.000     6.6145    32.6941  1025.8671     1.9219     4.9317     71.306   -0.00401    6.91629    6.92624 -9.990e-29     0.1200   12.41999   3.286016 -2.204e-07    25.6540    25.6534 -2.481e-07     46.364          1       1981    1475.02 1.0777e+02  51982.639     82.509 1564098118       0.02      0.525   40.10118  -72.60610    32.8386  1025.8609    25.6477     6.6105 0.0000e+00
     47.000     6.6117    32.6925  1025.8709     1.9175     4.9255     71.214   -0.00318    6.91639    6.92634 -9.990e-29     0.1280   12.42017   3.285843 8.8943e-13    25.6531    25.6525 1.0000e-12     47.368          1       2016    1475.03 1.1244e+02  51981.813     83.950 1564098120       0.12      0.670   40.10118  -72.60610    32.8389  1025.8661    25.6483     6.6076 0.0000e+00
     48.000     6.6113    32.6899  1025.8735     1.9138     4.9283     71.257   -0.00170    6.91633    6.92627 -9.990e-29     0.1274   12.42009   3.285848 9.3487e-13    25.6510    25.6505 1.0000e-12     48.372          1       2092    1475.04 1.0708e+02  51978.828     87.120 1564098123      -0.08      0.520   40.10120  -72.60610    32.8389  1025.8708    25.6484     6.6071 0.0000e+00
     49.000     6.6124    32.6751  1025.8664     1.9049     4.9218     71.160    0.00065    6.91650    6.92643      7.874     0.1442   12.42054   3.285396 9.3105e-13    25.6393    25.6387 1.0000e-12     49.384          1       2970    1475.04 1.0619e+02  51958.090    123.707 1564098160      -0.06     -0.111   40.10130  -72.60599    32.8323  1025.8702    25.6431     6.6082 0.0000e+00
     48.000     6.6119    32.6762  1025.8627     1.9079     4.9297     71.272    0.00049    6.91674    6.92668      7.873     0.1389   12.42093   3.285227 9.9717e-13    25.6402    25.6397 1.0000e-12     48.367          1       3058    1475.02 1.0049e+02  51959.054    127.389 1564098163      -0.28     -0.372   40.10131  -72.60597    32.8314  1025.8648    25.6424     6.6078 0.0000e+00
     47.000     6.6127    32.6766  1025.8582     1.9077     4.9227     71.169   -0.00011    6.91682    6.92676      7.873     0.1503   12.42105   3.285274 9.2297e-13    25.6404    25.6399 1.0000e-12     47.372          1       3043    1475.01 1.0837e+02  51958.729    126.764 1564098163      -0.14     -0.744   40.10131  -72.60598    32.8316  1025.8603    25.6425     6.6086 0.0000e+00
     46.000     6.6120    32.6765  1025.8536     1.9074     4.9194     71.126   -0.00020    6.91650    6.92643      7.873     0.1225   12.42052   3.285154 9.2072e-13    25.6403    25.6398 1.0000e-12     46.361          1       3094    1474.99 1.0885e+02  51958.002    128.867 1564098165       0.16     -0.483   40.10132  -72.60598    32.8315  1025.8556    25.6424     6.6080 0.0000e+00
     45.000     6.6127    32.6762  1025.8486     1.9076     4.9213     71.170    0.00016    6.91490    6.92481      7.873     0.1317   12.41788   3.285154 -9.990e-29    25.6400    25.6395 -9.990e-29     45.347          1       3147    1474.98 1.1064e+02  51956.729    131.067 1564098167      -0.21     -0.460   40.10132  -72.60597    32.8313  1025.8508    25.6422     6.6088 0.0000e+00
     44.000     6.6140    32.6761  1025.8437     1.9087     4.9299     71.325    0.00085    6.91197    6.92184      7.873     0.1490   12.41308   3.285213 -9.990e-29    25.6398    25.6393 -9.990e-29     44.343          1       3175    1474.97 1.1059e+02  51955.631    132.263 1564098168      -0.22     -0.751   40.10132  -72.60596    32.8312  1025.8459    25.6420     6.6101 0.0000e+00
     43.000     6.6162    32.6759  1025.8387     1.9103     4.9374     71.445    0.00118    6.91071    6.92055      7.873     0.1624   12.41098   3.285370 2.5428e-03    25.6394    25.6389 2.7618e-03     43.340          1       3201    1474.96 1.0907e+02  51954.024    133.322 1564098169      -0.08     -0.922   40.10132  -72.60596    32.8313  1025.8410    25.6417     6.6125 0.0000e+00
     42.000     6.6347    32.6748  1025.8307     1.9143     4.9594     71.834    0.00252    6.90401    6.91375      7.873     0.1789   12.39994   3.286927 1.1341e-02    25.6361    25.6356 1.2273e-02     42.333          1       3233    1475.01 1.0830e+02  51946.620    134.669 1564098171       0.18     -0.819   40.10134  -72.60595    32.8313  1025.8340    25.6393     6.6310 0.0000e+00
     41.000     6.6627    32.6738  1025.8216     1.9241     4.9969     72.633    0.00486    6.87967    6.88903      7.882     0.2585   12.35982   3.289336 2.6578e-02    25.6316    25.6312 2.8714e-02     41.320          1       3280    1475.11 1.0807e+02  51936.840    136.641 1564098173       0.07     -0.508   40.10134  -72.60594    32.8316  1025.8259    25.6359     6.6591 0.0000e+00
     40.000     6.7340    32.6707  1025.8051     1.9438     5.0852     74.338    0.01013    6.84074    6.84948      7.903     0.4346   12.29574   3.295613 4.3486e-02    25.6199    25.6194 4.4583e-02     40.311          1       3326    1475.37 1.0244e+02  51912.367    138.550 1564098174      -0.07     -0.522   40.10134  -72.60594    32.8331  1025.8131    25.6278     6.7305 0.0000e+00
     39.000     6.8974    32.6646  1025.7740     1.9756     5.2776     77.296    0.01950    6.82774    6.83626      7.917     0.4721   12.27452   3.310188 5.6505e-02    25.5935    25.5931 6.2079e-02     39.304          1       3362    1475.98 1.0983e+02  51859.387    140.048 1564098176      -0.08     -0.653   40.10134  -72.60594    32.8379  1025.7906    25.6101     6.8939 0.0000e+00
     38.000     7.0959    32.6434  1025.7260     2.0053     5.3204     77.913    0.01359    6.82854    6.83708      7.916     0.5436   12.27577   3.324966 8.1707e-02    25.5503    25.5498 8.5545e-02     38.303          1       3436    1476.71 1.0498e+02  51776.289    143.129 1564098179       0.04     -0.573   40.10135  -72.60593    32.8113  1025.7385    25.5628     7.0924 0.0000e+00
     37.000     7.2144    32.6266  1025.6920     2.0217     5.1760     76.502   -0.00066    6.76599    6.77356      7.955     0.7553   12.17266   3.332750 1.0499e-01    25.5211    25.5206 1.1227e-01     37.287          1       4070    1477.13 1.0699e+02  51720.906    169.527 1564098205      -0.37     -0.387   40.10142  -72.60584    32.7842  1025.6965    25.5255     7.2110 0.0000e+00
     36.000     7.3036    32.6277  1025.6760     2.0747     5.5938     83.040    0.02669    6.73648    6.74359      7.997     0.8284   12.12422   3.341726 1.3140e-01    25.5097    25.5093 1.4012e-01     36.279          1       4096    1477.46 1.0664e+02  51699.163    170.625 1564098207      -0.13     -0.703   40.10142  -72.60584    32.7979  1025.6904    25.5241     7.3003 0.0000e+00
     35.000     7.5252    32.6153  1025.6308     2.1838     6.4326     95.859    0.07886    6.71078    6.71748      8.017     0.8045   12.08195   3.360179 1.6489e-01    25.4693    25.4689 1.7594e-01     35.276          1       4124    1478.28 1.0671e+02  51625.193    171.784 1564098208      -0.06     -0.834   40.10142  -72.60584    32.7890  1025.6481    25.4866     7.5219 0.0000e+00
     34.000     7.7341    32.5937  1025.5797     2.3138     6.9819    104.346    0.09368    6.69122    6.69761      8.046     0.7735   12.04992   3.376545 2.1505e-01    25.4230    25.4226 2.2678e-01     34.269          1       4158    1479.04 1.0553e+02  51542.982    173.194 1564098209       0.13     -0.758   40.10144  -72.60582    32.7693  1025.5986    25.4419     7.7309 0.0000e+00
     33.000     7.9775    32.5625  1025.5156     2.4375     7.1598    107.437    0.07294    6.66418    6.67015      8.069     0.7605   12.00549   3.394998 2.7625e-01    25.3637    25.3632 2.8824e-01     33.257          1       4199    1479.91 1.0431e+02  51439.626    174.931 1564098211       0.03     -0.577   40.10144  -72.60582    32.7395  1025.5357    25.3838     7.9743 0.0000e+00
     32.000     8.1527    32.5322  1025.4616     2.5222     7.1706    108.302    0.05029    6.62099    6.62634      8.088     0.7821   11.93412   3.407596 3.2617e-01    25.3144    25.3139 3.4835e-01     32.251          1       4241    1480.53 1.0679e+02  51355.136    176.667 1564098213       0.02     -0.585   40.10144  -72.60582    32.7107  1025.4832    25.3360     8.1496 0.0000e+00
     31.000     8.3435    32.5139  1025.4144     2.6058     7.3249    111.633    0.04603    6.56185    6.56636      8.111     0.8045   11.83648   3.422814 4.0794e-01    25.2719    25.2715 4.3675e-01     31.239          1       4284    1481.21 1.0706e+02  51285.017    178.448 1564098214      -0.05     -0.554   40.10144  -72.60582    32.6953  1025.4384    25.2959     8.3404 0.0000e+00
     30.000     8.6283    32.5127  1025.3660     2.6773     7.5062    115.511    0.05036    6.49829    6.50190      8.118     0.7863   11.73143   3.448674 5.0536e-01    25.2283    25.2279 5.2830e-01     30.234          1       4318    1482.26 1.0458e+02  51219.647    179.887 1564098216      -0.08     -0.680   40.10145  -72.60581    32.7049  1025.3985    25.2608     8.6252 0.0000e+00
     29.000     8.9426    32.4983  1025.3018     2.7290     7.5592    116.753    0.04096    6.47449    6.47776      8.120     0.7770   11.69219   3.475308 6.1101e-01    25.1690    25.1686 6.3851e-01     29.227          1       4352    1483.39 1.0454e+02  51131.510    181.279 1564098217      -0.00     -0.723   40.10146  -72.60580    32.6946  1025.3377    25.2049     8.9396 0.0000e+00
     28.000     9.3891    32.4979  1025.2265     2.7658     7.4385    115.161    0.01522    6.45921    6.46227      8.125     0.7196   11.66707   3.514575 7.3132e-01    25.0985    25.0980 7.6496e-01     28.227          1       4562    1485.02 1.0462e+02  51038.579    190.028 1564098226      -0.06     -0.612   40.10147  -72.60577    32.6937  1025.2621    25.1341     9.3861 0.0000e+00
     27.000     9.7373    32.4967  1025.1646     2.8054     7.3126    114.963    0.00037    6.36080    6.36248      8.123     0.7512   11.50498   3.542927 8.7693e-01    25.0414    25.0410 8.9093e-01     27.210          1       5029    1486.28 1.0163e+02  50967.437    209.518 1564098245      -0.11     -0.628   40.10152  -72.60570    32.6687  1025.1819    25.0587     9.7343 0.0000e+00
     26.000    10.0439    32.4249  1025.0532     2.7768     6.9656    111.386   -0.01583    6.25315    6.25343      8.125     0.8723   11.32703   3.564035 1.0002e+00    24.9348    24.9343 1.0409e+00     26.205          1       5067    1487.29 1.0401e+02  50807.723    211.066 1564098247       0.07     -0.606   40.10152  -72.60570    32.6071  1025.0789    24.9604    10.0410 0.0000e+00
     25.000    10.6456    32.3945  1024.9230     2.8139     7.1439    117.293    0.02159    6.09070    6.08890      8.135     0.9225   11.05865   3.616601 1.2085e+00    24.8095    24.8090 1.2902e+00     25.189          1       5114    1489.39 1.0680e+02  50656.873    213.030 1564098249      -0.08     -0.478   40.10152  -72.60570    32.5983  1024.9657    24.8521    10.6427 0.0000e+00
     24.000    11.4399    32.3542  1024.7460     2.8470     7.1612    119.416    0.02834    5.99671    5.99379      8.136     0.7806   10.90325   3.686865 1.4225e+00    24.6372    24.6367 1.5032e+00     24.191          1       5146    1492.12 1.0572e+02  50468.546    214.374 1564098250      -0.08     -0.711   40.10152  -72.60569    32.5911  1024.8147    24.7061    11.4369 0.0000e+00
     23.000    12.5193    32.2954  1024.4957     2.8589     6.8827    117.247    0.00580    5.87038    5.86600      8.139     0.5679   10.69422   3.777968 1.6974e+00    24.3922    24.3916 1.7372e+00     23.173          1       5187    1495.75 1.0231e+02  50224.752    216.073 1564098252       0.09     -0.594   40.10152  -72.60568    32.5337  1024.5661    24.4625    12.5163 0.0000e+00
     22.000    13.2029    32.2564  1024.3275     2.8533     6.7736    116.294   -0.00000    5.82452    5.81964      8.140     0.4984   10.61811   3.838245 1.9480e+00    24.2284    24.2278 2.0146e+00     22.171          1       5216    1497.99 1.0340e+02  50077.700    217.286 1564098253      -0.27     -0.730   40.10154  -72.60568    32.5190  1024.4168    24.3180    13.1999 0.0000e+00
     21.000    14.0598    32.2163  1024.1182     2.8381     6.6290    114.520   -0.00952    5.78840    5.78313      8.143     0.3924   10.55810   3.911094 2.2241e+00    24.0242    24.0236 2.2903e+00     21.170          1       5248    1500.75 1.0309e+02  49919.630    218.642 1564098254       0.13     -0.788   40.10154  -72.60566    32.4719  1024.2026    24.1086    14.0568 0.0000e+00
     20.000    14.9057    32.2054  1023.9286     2.8330     6.5515    115.065    0.00013    5.69373    5.68745      8.142     0.2566   10.40129   3.984620 2.6156e+00    23.8394    23.8388 2.6636e+00     20.148          1       5308    1503.46 1.0177e+02  49809.728    221.105 1564098257      -0.02     -0.304   40.10154  -72.60566    32.4382  1023.9955    23.9064    14.9027 0.0000e+00
     19.000    15.3073    32.1924  1023.8270     2.8363     6.5431    115.385    0.00213    5.67069    5.66419      8.143     0.2607   10.36301   4.020673 2.7663e+00    23.7424    23.7418 2.9052e+00     19.150          1       5341    1504.70 1.0502e+02  49751.630    222.512 1564098258      -0.16     -0.659   40.10154  -72.60566    32.4313  1023.8986    23.8141    15.3045 0.0000e+00
     18.000    15.9095    32.1812  1023.6809     2.8508     6.5463    115.930    0.00086    5.64703    5.64030      8.153     0.2562   10.32364   4.071017 3.1868e+00    23.6010    23.6004 3.2240e+00     18.146          1       5569    1506.56 1.0120e+02  49679.431    231.988 1564098268      -0.01     -0.449   40.10157  -72.60562    32.3865  1023.7270    23.6471    15.9067 0.0000e+00
     17.000    16.3291    32.1894  1023.5885     2.8903     6.4102    118.073    0.00796    5.42942    5.42062      8.158     0.3046    9.96386   4.106891 3.5168e+00    23.5130    23.5124 3.5956e+00     17.130          1       5969    1507.85 1.0223e+02  49652.677    248.655 1564098285      -0.25     -0.416   40.10162  -72.60556    32.3619  1023.6095    23.5341    16.3265 0.0000e+00
     16.000    16.9401    32.1599  1023.4205     2.9270     6.2936    120.705    0.02446    5.21396    5.20336      8.148     0.2304    9.60951   4.164322 3.8420e+00    23.3498    23.3492 4.0214e+00     16.124          1       6003    1509.66 1.0467e+02  49562.452    250.069 1564098286      -0.03     -0.616   40.10162  -72.60556    32.3700  1023.4703    23.3996    16.9375 0.0000e+00
     15.000    18.4887    31.9665  1022.8966     2.8845     5.8720    115.205   -0.01888    5.09663    5.08526      8.140     0.1507    9.41609   4.293414 4.2313e+00    22.8310    22.8303 4.4286e+00     15.113          1       6038    1514.02 1.0466e+02  49188.828    251.554 1564098287      -0.07     -0.656   40.10162  -72.60554    32.2427  1022.9972    22.9313    18.4861 0.0000e+00
