CalculateIndicators/WaterTemperature/Data/CTD_NYOS/NYOS190727_5_2.cnv
* Sea-Bird SBE 9 Data File:
* FileName = C:\Seabird 9 CTD\Data\2019\201907_offshore\NYOS190727_5_2.hex
* Software Version Seasave V 7.23.2
* Temperature SN = 4590
* Conductivity SN = 3228
* Number of Bytes Per Scan = 44
* Number of Voltage Words = 5
* Number of Scans Averaged by the Deck Unit = 1
* NMEA Latitude = 40 16.04 N
* NMEA Longitude = 073 00.76 W
* NMEA UTC (Time) = Jul 27 2019  13:05:07
* NMEA baud rate = 4800
** Ship: Seawolf
** Station: 5-3
** Operator: eih
# nquan = 35
# nvalues = 74                          
# units = specified
# name 0 = depSM: Depth [salt water, m]
# name 1 = t090C: Temperature [ITS-90, deg C]
# name 2 = sal00: Salinity, Practical [PSU]
# name 3 = density00: Density [density, kg/m^3]
# name 4 = sbeox0V: Oxygen raw, SBE 43 [V]
# name 5 = sbeox0ML/L: Oxygen, SBE 43 [ml/l]
# name 6 = sbeox0PS: Oxygen, SBE 43 [% saturation]
# name 7 = sbox0dV/dT: Oxygen, SBE 43 [dov/dt]
# name 8 = oxsolML/L: Oxygen Saturation, Garcia & Gordon [ml/l]
# name 9 = oxsatML/L: Oxygen Saturation, Weiss [ml/l]
# name 10 = ph: pH
# name 11 = flECO-AFL: Fluorescence, WET Labs ECO-AFL/FL [mg/m^3]
# name 12 = n2satML/L: Nitrogen Saturation [ml/l]
# name 13 = c0S/m: Conductivity [S/m]
# name 14 = cpar: CPAR/Corrected Irradiance [%]
# name 15 = sigma-é00: Density [sigma-theta, kg/m^3]
# name 16 = sigma-t00: Density [sigma-t, kg/m^3 ]
# name 17 = par: PAR/Irradiance, Biospherical/Licor
# name 18 = prDM: Pressure, Digiquartz [db]
# name 19 = pumps: Pump Status
# name 20 = scan: Scan Count
# name 21 = svCM: Sound Velocity [Chen-Millero, m/s]
# name 22 = spar: SPAR, Biospherical/Licor
# name 23 = specc: Specific Conductance [uS/cm]
# name 24 = timeS: Time, Elapsed [seconds]
# name 25 = timeY: Time, System [seconds]
# name 26 = accM: Acceleration [m/s^2]
# name 27 = dz/dtM: Descent Rate [m/s]
# name 28 = latitude: Latitude [deg]
# name 29 = longitude: Longitude [deg]
# name 30 = gsw_saA0: Absolute Salinity [g/kg]
# name 31 = gsw_densityA0: density, TEOS-10 [density, kg/m^3]
# name 32 = gsw_sigma0A0: density, TEOS-10 [sigma-0, kg/m^3 ]
# name 33 = gsw_ptA0: potential temperature [ITS-90, deg C]
# name 34 = flag: flag
# span 0 =      1.000,     38.000       
# span 1 =     8.3288,    23.6430       
# span 2 =    31.1813,    32.4922       
# span 3 =  1020.8655,  1025.4291       
# span 4 =     1.8576,     2.9040       
# span 5 =     4.3726,     7.2609       
# span 6 =     65.929,    121.895       
# span 7 =   -0.08628,    0.36730       
# span 8 =    4.95951,    6.65895       
# span 9 =    4.94749,    6.66482       
# span 10 =      7.879,      8.248      
# span 11 =     0.0146,     1.3524      
# span 12 =    9.18849,   11.99720      
# span 13 =   3.416869,   4.666698      
# span 14 = 1.0743e-01, 5.2276e+01      
# span 15 =    20.8567,    25.2564      
# span 16 =    20.8566,    25.2559      
# span 17 = 1.9862e+00, 9.9049e+02      
# span 18 =      1.042,     38.295      
# span 19 =         -0,          1      
# span 20 =        559,      10361      
# span 21 =    1481.21,    1526.96      
# span 22 = 1.8550e+03, 1.9352e+03      
# span 23 =  47895.862,  51259.511      
# span 24 =     23.242,    431.670      
# span 25 = 1564232731, 1564233139      
# span 26 =      -0.40,       0.33      
# span 27 =     -0.888,      0.876      
# span 28 =   40.26700,   40.26732      
# span 29 =  -73.01264,  -73.01243      
# span 30 =    31.3346,    32.6449      
# span 31 =  1020.8740,  1025.4318      
# span 32 =    20.8654,    25.2584      
# span 33 =     8.3250,    23.6426      
# span 34 = 0.0000e+00, 0.0000e+00      
# interval = meters: 1                  
# start_time = Jul 27 2019 13:05:08 [System UTC, first data scan.]
# bad_flag = -9.990e-29
*END*
[from data line 42]
     32.000     8.3970    32.4768  1025.3820     1.8912     4.6427     69.854   -0.00027    6.64631    6.65198      7.888     0.5423   11.97649   3.421595 2.6305e-01    25.2350    25.2345 4.9792e+00     32.248          1       3888    1481.38 1.8926e+03  51220.965    161.943 1564232870      -0.03     -0.166   40.26712  -73.01256    32.6323  1025.3859    25.2389     8.3939 0.0000e+00
     31.000     8.4238    32.4722  1025.3698     1.8765     4.5659     68.716   -0.00315    6.64456    6.65020      7.886     0.4364   11.97361   3.423441 3.1227e-01    25.2274    25.2269 5.8978e+00     31.246          1       4042    1481.45 1.8891e+03  51207.822    168.360 1564232876       0.01     -0.317   40.26712  -73.01256    32.6275  1025.3735    25.2311     8.4207 0.0000e+00
     30.000     8.4412    32.4698  1025.3606     1.8638     4.5427     68.401   -0.00070    6.64128    6.64688      7.882     0.3729   11.96825   3.424610 3.6719e-01    25.2228    25.2224 6.9268e+00     30.239          1       4935    1481.50 1.8864e+03  51199.790    205.589 1564232913       0.01     -0.417   40.26710  -73.01254    32.6242  1025.3638    25.2260     8.4382 0.0000e+00
     29.000     8.4622    32.4650  1025.3491     1.8592     4.5175     68.049   -0.00143    6.63866    6.64421      7.879     0.3172   11.96397   3.426010 4.2679e-01    25.2160    25.2155 8.2348e+00     29.220          1       5151    1481.56 1.9302e+03  51187.728    214.603 1564232922      -0.05     -0.194   40.26710  -73.01254    32.6200  1025.3527    25.2196     8.4593 0.0000e+00
     28.000     8.4681    32.4640  1025.3429     1.8578     4.5160     68.034   -0.00099    6.63791    6.64345      7.879     0.3553   11.96275   3.426351 4.6937e-01    25.2143    25.2138 9.0407e+00     28.215          1       5171    1481.56 1.9263e+03  51184.315    215.406 1564232923      -0.40     -0.620   40.26710  -73.01254    32.6186  1025.3462    25.2176     8.4653 0.0000e+00
     27.000     8.4708    32.4628  1025.3369     1.8576     4.5202     68.110   -0.00033    6.63667    6.64219      7.881     0.3522   11.96071   3.426442 5.7886e-01    25.2129    25.2125 1.1013e+01     27.221          1       5197    1481.56 1.9036e+03  51181.383    216.520 1564232924      -0.03     -0.888   40.26710  -73.01252    32.6175  1025.3403    25.2163     8.4681 0.0000e+00
     26.000     8.4814    32.4593  1025.3280     1.8599     4.5377     68.419    0.00116    6.63223    6.63768      7.881     0.4086   11.95346   3.427044 6.7576e-01    25.2086    25.2082 1.2731e+01     26.196          1       5259    1481.57 1.8833e+03  51173.467    219.073 1564232927       0.14     -0.280   40.26708  -73.01253    32.6145  1025.3317    25.2124     8.4788 0.0000e+00
     25.000     8.5214    32.4515  1025.3112     1.8678     4.5750     69.064    0.00314    6.62434    6.62967      7.884     0.6418   11.94050   3.429850 8.0299e-01    25.1965    25.1961 1.5286e+01     25.195          1       5328    1481.70 1.9036e+03  51152.885    221.940 1564232930      -0.20     -0.309   40.26708  -73.01253    32.6076  1025.3158    25.2010     8.5189 0.0000e+00
     24.000     8.5706    32.4444  1025.2937     1.8836     4.6629     70.452    0.00761    6.61865    6.62390      7.893     0.8925   11.93108   3.433606 9.8222e-01    25.1835    25.1832 1.8804e+01     24.194          1       5380    1481.86 1.9146e+03  51131.371    224.135 1564232932      -0.13     -0.587   40.26708  -73.01252    32.6022  1025.2996    25.1894     8.5681 0.0000e+00
     23.000     8.6072    32.4430  1025.2824     1.9253     4.8725     73.830    0.01735    6.59959    6.60455      7.924     1.1498   11.89976   3.436757 1.2325e+00    25.1769    25.1765 2.3264e+01     23.180          1       5445    1481.98 1.8875e+03  51120.782    226.815 1564232934       0.05     -0.371   40.26708  -73.01252    32.6021  1025.2893    25.1838     8.6049 0.0000e+00
     22.000     8.8924    32.4207  1025.2168     2.2178     5.7864     88.010    0.01486    6.57427    6.57887      8.016     1.3524   11.85801   3.459684 1.5020e+00    25.1160    25.1156 2.8761e+01     22.177          1       5945    1483.00 1.9163e+03  51027.225    247.679 1564232955      -0.23     -0.228   40.26708  -73.01252    32.5806  1025.2246    25.1238     8.8901 0.0000e+00
     21.000     9.0086    32.4101  1025.1859     2.2587     5.8369     89.489    0.01183    6.52254    6.52639      8.041     1.2331   11.77272   3.468950 1.9128e+00    25.0897    25.0893 3.6480e+01     21.160          1       6383    1483.40 1.9068e+03  50987.220    265.924 1564232974       0.03     -0.470   40.26708  -73.01252    32.5713  1025.1947    25.0986     9.0064 0.0000e+00
     20.000     9.1459    32.3997  1025.1516     2.3154     6.2194     95.651    0.03748    6.50222    6.50577      8.049     1.1794   11.73941   3.480280 2.2675e+00    25.0600    25.0597 4.3660e+01     20.156          1       6390    1483.88 1.9253e+03  50943.312    266.198 1564232974      -0.27     -0.621   40.26708  -73.01252    32.5641  1025.1631    25.0715     9.1438 0.0000e+00
     19.000     9.2819    32.3945  1025.1215     2.3596     6.2989     97.130    0.03253    6.48500    6.48830      8.055     1.1216   11.71111   3.492122 2.8063e+00    25.0346    25.0343 5.4082e+01     19.151          1       6426    1484.35 1.9271e+03  50907.808    267.712 1564232975       0.11     -0.695   40.26708  -73.01252    32.5632  1025.1365    25.0495     9.2798 0.0000e+00
     18.000     9.4789    32.3589  1025.0577     2.3768     6.1139     94.619    0.00728    6.46161    6.46458      8.061     1.0700   11.67265   3.506330 3.5152e+00    24.9755    24.9752 6.7332e+01     18.134          1       6470    1485.02 1.9158e+03  50817.815    269.553 1564232977      -0.09     -0.507   40.26708  -73.01252    32.5312  1025.0756    24.9933     9.4770 0.0000e+00
     17.000     9.5770    32.3477  1025.0286     2.3870     6.1109     95.023    0.00696    6.43104    6.43358      8.066     1.0252   11.62228   3.513551 4.2740e+00    24.9509    24.9506 8.1393e+01     17.139          1       6504    1485.35 1.9047e+03  50781.672    270.959 1564232979       0.01     -0.696   40.26708  -73.01252    32.5170  1025.0443    24.9666     9.5752 0.0000e+00
     16.000     9.9923    32.2991  1024.9175     2.4587     6.3681    101.013    0.02887    6.30477    6.30557      8.082     0.8131   11.41440   3.547099 5.1372e+00    24.8444    24.8441 9.8243e+01     16.123          1       6578    1486.78 1.9125e+03  50634.517    274.022 1564232982       0.07     -0.265   40.26708  -73.01252    32.4858  1024.9471    24.8741     9.9905 0.0000e+00
     15.000    10.7780    32.2312  1024.7270     2.5941     6.8694    110.174    0.05106    6.23536    6.23526      8.102     0.7063   11.29966   3.611140 6.3081e+00    24.6590    24.6587 1.2105e+02     15.118          1       6641    1489.49 1.9190e+03  50399.422    276.670 1564232984       0.01     -0.404   40.26706  -73.01252    32.4301  1024.7666    24.6984    10.7763 0.0000e+00
     14.000    11.8690    32.1770  1024.4849     2.7684     7.0478    114.679    0.01839    6.14644    6.14524      8.155     0.4965   11.15239   3.701997 7.0585e+00    24.4216    24.4213 1.3514e+02     14.113          1       7073    1493.23 1.9145e+03  50147.395    294.651 1564233002      -0.14     -0.232   40.26706  -73.01251    32.3675  1024.5187    24.4554    11.8672 0.0000e+00
     13.000    12.7910    32.2274  1024.3450     2.8843     7.0818    118.792    0.00807    5.96180    5.95844      8.199     0.3727   10.84615   3.788667 8.2349e+00    24.2864    24.2861 1.5843e+02     13.102          1       7926    1496.42 1.9238e+03  50087.267    330.192 1564233038       0.04     -0.250   40.26706  -73.01248    32.4056  1024.3693    24.3108    12.7893 0.0000e+00
     12.000    14.0117    32.1442  1024.0324     2.8907     6.8170    117.519   -0.00434    5.80051    5.79534      8.207     0.3358   10.57879   3.893097 9.3183e+00    23.9787    23.9784 1.7928e+02     12.091          1       8021    1500.36 1.9242e+03  49819.295    334.185 1564233042      -0.04     -0.269   40.26706  -73.01248    32.3496  1024.0783    24.0246    14.0100 0.0000e+00
     11.000    14.6382    32.1723  1023.9191     2.8993     6.7181    118.796    0.00723    5.65536    5.64858      8.208     0.3440   10.34028   3.952848 1.0980e+01    23.8701    23.8697 2.1008e+02     11.087          1       8078    1502.41 1.9135e+03  49788.342    336.527 1564233044      -0.13     -0.443   40.26706  -73.01246    32.3749  1023.9630    23.9139    14.6366 0.0000e+00
     10.000    16.2795    31.9418  1023.3777     2.9040     6.4202    117.975   -0.00043    5.44120    5.43234      8.203     0.3806    9.98719   4.081723 1.3239e+01    23.3333    23.3330 2.5477e+02     10.077          1       8153    1507.29 1.9243e+03  49312.053    339.682 1564233047       0.07     -0.290   40.26706  -73.01246    32.1842  1023.4530    23.4087    16.2779 0.0000e+00
      9.000    18.4107    31.5961  1022.6066     2.8167     5.9366    110.426   -0.03838    5.37609    5.36667      8.191     0.4345    9.87937   4.240127 1.6035e+01    22.5669    22.5665 3.0913e+02      9.071          1       8220    1513.28 1.9280e+03  48678.125    342.444 1564233050      -0.04     -0.412   40.26706  -73.01246    31.8588  1022.6983    22.6587    18.4092 0.0000e+00
      8.000    19.7606    31.5019  1022.1890     2.7513     5.6831    108.482   -0.02163    5.24062    5.23017      8.179     0.3564    9.65524   4.350967 1.7868e+01    22.1540    22.1536 3.4286e+02      8.063          1       8312    1516.99 1.9185e+03  48476.842    346.273 1564233054       0.05     -0.229   40.26706  -73.01246    31.7422  1022.2637    22.2287    19.7591 0.0000e+00
      7.000    20.2931    31.4724  1022.0263     2.7222     5.6549    109.276    0.00796    5.17517    5.16428      8.174     0.2257    9.54656   4.390859 1.9733e+01    21.9956    21.9953 3.7982e+02      7.053          1       8458    1518.45 1.9252e+03  48407.455    352.388 1564233060      -0.16     -0.170   40.26706  -73.01246    31.6654  1022.0651    22.0346    20.2918 0.0000e+00
      6.000    22.3546    31.3068  1021.3408     2.6170     5.1614    102.419   -0.01330    5.03918    5.02750      8.166     0.1136    9.32127   4.561609 2.1549e+01    21.3147    21.3143 4.1304e+02      6.049          1       8740    1523.82 1.9163e+03  48103.939    364.124 1564233072      -0.10     -0.185   40.26706  -73.01245    31.4968  1021.3771    21.3511    22.3534 0.0000e+00
      5.000    22.8799    31.2786  1021.1695     2.5979     5.0807    101.925   -0.00592    4.98465    4.97273      8.178     0.0654    9.23046   4.603717 2.0882e+01    21.1478    21.1476 3.9904e+02      5.042          1       9357    1525.16 1.9109e+03  48049.490    389.846 1564233097      -0.01     -0.340   40.26704  -73.01244    31.4423  1021.1858    21.1642    22.8789 0.0000e+00
      4.000    23.5070    31.2660  1020.9776     2.5690     4.9855    100.515   -0.00528    4.96001    4.94799      8.179     0.0224    9.18936   4.660498 2.1854e+01    20.9602    20.9600 4.2285e+02      4.029          1       9530    1526.74 1.9352e+03  48016.386    397.024 1564233105      -0.05     -0.210   40.26704  -73.01244    31.4269  1020.9915    20.9743    23.5062 0.0000e+00
      3.000    23.5672    31.2728  1020.9609     2.5671     4.9905    100.626   -0.00210    4.95951    4.94749      8.179     0.0258    9.18849   4.666698 2.7178e+01    20.9479    20.9477 5.2381e+02      3.024          1       9591    1526.88 1.9276e+03  48024.198    399.581 1564233107      -0.01     -0.422   40.26704  -73.01244    31.4312  1020.9729    20.9600    23.5666 0.0000e+00
      2.000    23.5671    31.2772  1020.9598     2.5716     5.0127    101.009    0.00031    4.96266    4.95066      8.185     0.0283    9.19371   4.666580 3.5846e+01    20.9513    20.9511 6.8574e+02      2.018          1       9725    1526.87 1.9116e+03  48030.042    405.168 1564233113      -0.12     -0.221   40.26704  -73.01244    31.4307  1020.9682    20.9595    23.5667 0.0000e+00
      1.000    23.5573    31.2803  1020.9606     2.5701     4.9837    100.455   -0.00682    4.96106    4.94906      8.188     0.0146    9.19104   4.664453 3.6666e+01    20.9563    20.9562 7.0102e+02      1.042          1      10361    1526.83 1.9136e+03  48033.888    431.670 1564233139      -0.24     -0.345   40.26700  -73.01243    31.4219  1020.9602    20.9557    23.5571 0.0000e+00
