CalculateIndicators/WaterTemperature/Data/CTD_NYOS/NYOS190725_4_3.cnv
* Sea-Bird SBE 9 Data File:
* FileName = C:\Seabird 9 CTD\Data\2019\201907_offshore\NYOS190725_4_3.hex
* Software Version Seasave V 7.23.2
* Temperature SN = 4590
* Conductivity SN = 3228
* Number of Bytes Per Scan = 44
* Number of Voltage Words = 5
* Number of Scans Averaged by the Deck Unit = 1
* NMEA Latitude = 40 06.06 N
* NMEA Longitude = 072 36.39 W
* NMEA UTC (Time) = Jul 25 2019  23:40:35
* NMEA baud rate = 4800
** Ship: seawolf
** Station: 4-3
** Operator: lissssss
# nquan = 35
# nvalues = 96                          
# units = specified
# name 0 = depSM: Depth [salt water, m]
# name 1 = t090C: Temperature [ITS-90, deg C]
# name 2 = sal00: Salinity, Practical [PSU]
# name 3 = density00: Density [density, kg/m^3]
# name 4 = sbeox0V: Oxygen raw, SBE 43 [V]
# name 5 = sbeox0ML/L: Oxygen, SBE 43 [ml/l]
# name 6 = sbeox0PS: Oxygen, SBE 43 [% saturation]
# name 7 = sbox0dV/dT: Oxygen, SBE 43 [dov/dt]
# name 8 = oxsolML/L: Oxygen Saturation, Garcia & Gordon [ml/l]
# name 9 = oxsatML/L: Oxygen Saturation, Weiss [ml/l]
# name 10 = ph: pH
# name 11 = flECO-AFL: Fluorescence, WET Labs ECO-AFL/FL [mg/m^3]
# name 12 = n2satML/L: Nitrogen Saturation [ml/l]
# name 13 = c0S/m: Conductivity [S/m]
# name 14 = cpar: CPAR/Corrected Irradiance [%]
# name 15 = sigma-é00: Density [sigma-theta, kg/m^3]
# name 16 = sigma-t00: Density [sigma-t, kg/m^3 ]
# name 17 = par: PAR/Irradiance, Biospherical/Licor
# name 18 = prDM: Pressure, Digiquartz [db]
# name 19 = pumps: Pump Status
# name 20 = scan: Scan Count
# name 21 = svCM: Sound Velocity [Chen-Millero, m/s]
# name 22 = spar: SPAR, Biospherical/Licor
# name 23 = specc: Specific Conductance [uS/cm]
# name 24 = timeS: Time, Elapsed [seconds]
# name 25 = timeY: Time, System [seconds]
# name 26 = accM: Acceleration [m/s^2]
# name 27 = dz/dtM: Descent Rate [m/s]
# name 28 = latitude: Latitude [deg]
# name 29 = longitude: Longitude [deg]
# name 30 = gsw_saA0: Absolute Salinity [g/kg]
# name 31 = gsw_densityA0: density, TEOS-10 [density, kg/m^3]
# name 32 = gsw_sigma0A0: density, TEOS-10 [sigma-0, kg/m^3 ]
# name 33 = gsw_ptA0: potential temperature [ITS-90, deg C]
# name 34 = flag: flag
# span 0 =      1.000,     49.000       
# span 1 =     6.6113,    25.7297       
# span 2 =    30.6140,    32.7048       
# span 3 =  1019.8343,  1025.8735       
# span 4 =     1.6844,     2.9270       
# span 5 =     2.7458,     7.6494       
# span 6 =     57.186,    120.705       
# span 7 =   -0.10731,    0.24398       
# span 8 =    4.79028,    6.91682       
# span 9 =    4.77781,    6.92676       
# span 10 =      7.873,      8.228      
# span 11 =     0.0441,     1.1825      
# span 12 =    8.91047,   12.42105      
# span 13 =   3.285154,   4.813384      
# span 14 = -2.204e-07, 8.7008e+01      
# span 15 =    19.8214,    25.6598      
# span 16 =    19.8212,    25.6593      
# span 17 = -2.481e-07, 8.6179e+01      
# span 18 =      1.008,     49.384      
# span 19 =          0,          1      
# span 20 =        225,       7790      
# span 21 =    1474.96,    1531.74      
# span 22 = 9.7952e+01, 1.2042e+02      
# span 23 =  47088.011,  51991.072      
# span 24 =      9.331,    324.559      
# span 25 = 1564098045, 1564098360      
# span 26 =      -0.37,       0.26      
# span 27 =     -0.922,      0.902      
# span 28 =   40.10110,   40.10180      
# span 29 =  -72.60645,  -72.60524      
# span 30 =    30.7584,    32.8389      
# span 31 =  1019.8359,  1025.8708      
# span 32 =    19.8230,    25.6484      
# span 33 =     6.6071,    25.7295      
# span 34 = 0.0000e+00, 0.0000e+00      
# interval = meters: 1                  
# start_time = Jul 25 2019 23:40:36 [System UTC, first data scan.]
# bad_flag = -9.990e-29
*END*
      2.000    25.7250    30.6514  1019.8491     1.6844     2.7458     57.186   -0.00964    4.80147    4.78897      8.152     0.0781    8.93141   4.782660 3.9489e+01    19.8405    19.8404 4.6555e+01      2.018          0        225    1531.51 1.1788e+02  47138.089      9.331 1564098045       0.13      0.038   40.10110  -72.60645    30.7961  1019.8519    19.8433    25.7245 0.0000e+00
      3.000    25.6998    30.6158  1019.8343     1.7386     2.9762     61.998    0.02638    4.80050    4.78800      8.154     0.0694    8.92975   4.775170 3.0213e+01    19.8214    19.8212 3.6297e+01      3.026          0        385    1531.43 1.2008e+02  47089.802     16.018 1564098052       0.25      0.494   40.10110  -72.60640    30.7588  1019.8359    19.8230    25.6992 0.0000e+00
      4.000    25.6567    30.6140  1019.8503     1.7876     3.1257     65.119    0.03868    4.79989    4.78740      8.154     0.0765    8.92865   4.771138 2.4926e+01    19.8332    19.8329 2.9814e+01      4.031          0        414    1531.35 1.1956e+02  47088.011     17.202 1564098053       0.10      0.686   40.10110  -72.60640    30.7584  1019.8531    19.8359    25.6559 0.0000e+00
      5.000    25.6899    30.6280  1019.8552     1.7917     3.0541     63.557    0.00919    4.80543    4.79295      8.156     0.0756    8.93738   4.776514 2.0605e+01    19.8337    19.8334 2.4415e+01      5.037          0        448    1531.46 1.1849e+02  47107.325     18.639 1564098055      -0.05      0.717   40.10110  -72.60639    30.7746  1019.8595    19.8380    25.6888 0.0000e+00
      6.000    25.6966    30.6385  1019.8654     1.7818     2.9894     61.983   -0.00929    4.82283    4.81041      8.158     0.0825    8.96384   4.778396 1.7695e+01    19.8397    19.8393 2.1220e+01      6.051          0        485    1531.50 1.1995e+02  47122.151     20.149 1564098056       0.03      0.649   40.10110  -72.60638    30.7833  1019.8684    19.8426    25.6953 0.0000e+00
      7.000    25.6810    30.6376  1019.8738     1.7969     3.0786     63.820    0.00855    4.82385    4.81143      8.158     0.0874    8.96513   4.776948 1.4832e+01    19.8435    19.8430 1.7860e+01      7.050          0        513    1531.48 1.2042e+02  47120.270     21.336 1564098057       0.12      0.799   40.10110  -72.60636    30.7831  1019.8774    19.8473    25.6795 0.0000e+00
      8.000    25.3512    30.9174  1020.1888     1.7943     3.0567     63.206    0.00030    4.83616    4.82378      8.161     0.0810    8.98432   4.784354 1.2800e+01    20.1546    20.1541 1.5192e+01      8.061          0        551    1531.00 1.1868e+02  47510.250     22.918 1564098059      -0.18      0.682   40.10110  -72.60636    31.0600  1020.1893    20.1549    25.3495 0.0000e+00
      9.000    25.2720    31.0088  1020.2859     1.8375     3.2232     66.163    0.01308    4.87117    4.85885      8.165     0.0963    9.04362   4.789216 1.1404e+01    20.2472    20.2466 1.3444e+01      9.072          0        591    1530.93 1.1787e+02  47636.344     24.576 1564098060       0.13      0.580   40.10110  -72.60636    31.1491  1020.2844    20.2457    25.2701 0.0000e+00
     10.000    25.0923    31.1346  1020.4391     2.2241     4.8192     98.583    0.22598    4.88825    4.87596      8.166     0.0956    9.07217   4.789273 1.0172e+01    20.3960    20.3954 1.1888e+01     10.077          0        623    1530.64 1.1689e+02  47811.473     25.915 1564098062       0.04      0.742   40.10110  -72.60635    31.2728  1020.4357    20.3926    25.0902 0.0000e+00
     11.000    24.7900    31.0887  1020.4991     2.4821     5.5399    112.569    0.24398    4.92173    4.90955      8.170     0.1031    9.12746   4.750121 9.7274e+00    20.4517    20.4510 1.0760e+01     11.087          1        655    1529.87 1.1062e+02  47753.047     27.244 1564098063       0.03      0.744   40.10110  -72.60634    31.1941  1020.4713    20.4240    24.7876 0.0000e+00
     12.000    24.5413    31.0224  1020.5272     2.5484     5.3594    106.176    0.08727    5.04850    5.03689      8.179     0.0988    9.33620   4.720626 8.2135e+00    20.4755    20.4747 9.6228e+00     12.090          1        685    1529.20 1.1726e+02  47666.280     28.488 1564098064       0.02      0.808   40.10110  -72.60634    31.1486  1020.5154    20.4637    24.5388 0.0000e+00
     13.000    24.1301    31.0754  1020.6919     2.6317     5.6039    107.986    0.04696    5.18851    5.17776      8.193     0.1233    9.56674   4.685255 7.5680e+00    20.6356    20.6348 9.0996e+00     13.102          1        723    1528.25 1.2024e+02  47746.433     30.102 1564098066      -0.13      0.652   40.10110  -72.60634    31.1717  1020.6576    20.6015    24.1273 0.0000e+00
     14.000    22.3018    31.3795  1021.4465     2.7291     6.1644    114.821    0.06498    5.36833    5.35899      8.205     0.1756    9.86323   4.547169 6.9069e+00    21.3857    21.3850 8.1288e+00     14.109          1        762    1523.90 1.1767e+02  48208.413     31.702 1564098068       0.08      0.617   40.10110  -72.60632    31.4208  1021.3705    21.3097    22.2990 0.0000e+00
     15.000    20.8208    31.6259  1022.0408     2.7691     6.3816    114.215    0.02676    5.58727    5.57999      8.222     0.2887   10.22373   4.439940 6.3568e+00    21.9753    21.9746 7.4121e+00     15.117          1        800    1520.22 1.1661e+02  48598.913     33.272 1564098069      -0.04      0.651   40.10110  -72.60630    31.6626  1021.9606    21.8952    20.8180 0.0000e+00
     16.000    18.9258    31.8941  1022.7361     2.8357     6.7443    119.414    0.04515    5.64781    5.64113      8.222     0.2787   10.32393   4.286395 5.4225e+00    22.6659    22.6653 6.4268e+00     16.127          1        836    1515.21 1.1851e+02  49064.430     34.775 1564098071       0.08      0.648   40.10110  -72.60630    31.8454  1022.5902    22.5199    18.9230 0.0000e+00
     17.000    16.9625    32.2171  1023.4636     2.8527     6.7218    118.272    0.02335    5.68345    5.67712      8.223     0.2670   10.38319   4.145499 4.5970e+00    23.3885    23.3879 5.4188e+00     17.130          1        866    1509.81 1.1790e+02  49640.256     36.036 1564098072       0.07      0.776   40.10110  -72.60630    32.1888  1023.3313    23.2561    16.9597 0.0000e+00
     18.000    16.3228    32.2618  1023.6499     2.8483     6.6357    115.838   -0.00049    5.72857    5.72271      8.223     0.2538   10.45806   4.095867 4.1290e+00    23.5701    23.5695 4.8480e+00     18.138          1        901    1507.93 1.1744e+02  49754.187     37.503 1564098073      -0.10      0.720   40.10110  -72.60629    32.2698  1023.5450    23.4652    16.3200 0.0000e+00
     19.000    15.8467    32.2608  1023.7608     2.8411     6.6714    115.257   -0.00384    5.78827    5.78305      8.224     0.2737   10.55700   4.053634 3.4232e+00    23.6763    23.6757 4.0424e+00     19.148          1        945    1506.47 1.1805e+02  49795.331     39.343 1564098075      -0.05      0.549   40.10110  -72.60627    32.2831  1023.6666    23.5822    15.8437 0.0000e+00
     20.000    15.3019    32.2775  1023.8982     2.8314     6.7835    114.877   -0.00472    5.90506    5.90112      8.228     0.3812   10.75072   4.007403 2.8589e+00    23.8092    23.8085 3.2826e+00     20.156          1        993    1504.80 1.1480e+02  49870.755     41.323 1564098077      -0.02      0.508   40.10110  -72.60626    32.3161  1023.8162    23.7271    15.2989 0.0000e+00
     21.000    14.7581    32.2883  1024.0283     2.8179     6.8831    114.014   -0.00838    6.03707    6.03467      8.224     0.6141   10.96933   3.958863 2.4620e+00    23.9344    23.9338 2.7746e+00     21.169          1       1034    1503.09 1.1291e+02  49940.831     43.055 1564098079       0.15      0.557   40.10110  -72.60625    32.3262  1023.9454    23.8516    14.7550 0.0000e+00
     22.000    14.0940    32.2953  1024.1772     2.8297     7.0123    115.706    0.00114    6.06039    6.05829      8.224     0.7176   11.00756   3.896921 1.8583e+00    24.0789    24.0783 2.1915e+00     22.172          1       1061    1500.97 1.1785e+02  50025.553     44.186 1564098080       0.22      0.797   40.10110  -72.60624    32.3120  1024.0778    23.9793    14.0909 0.0000e+00
     23.000    13.3223    32.3124  1024.3512     2.8495     7.2417    118.668    0.01775    6.10245    6.10085      8.225     0.7611   11.07735   3.828939 1.6959e+00    24.2480    24.2474 1.9670e+00     23.171          1       1089    1498.46 1.1596e+02  50143.036     45.335 1564098081      -0.04      0.902   40.10110  -72.60624    32.3290  1024.2511    24.1479    13.3192 0.0000e+00
     24.000    12.5312    32.3670  1024.5533     2.8320     7.2572    115.171   -0.00811    6.30027    6.30121      8.222     0.8670   11.40422   3.766603 1.6986e+00    24.4452    24.4446 1.9967e+00     24.190          1       1148    1495.89 1.1748e+02  50323.394     47.787 1564098084      -0.17      0.361   40.10110  -72.60622    32.4139  1024.4759    24.3677    12.5281 0.0000e+00
     25.000    11.6153    32.4017  1024.7559     2.8357     7.5252    117.101    0.00400    6.42635    6.42904      8.205     0.7918   11.61172   3.685270 1.2404e+00    24.6428    24.6422 1.4176e+00     25.196          1       1195    1492.80 1.1432e+02  50507.339     49.751 1564098086       0.26      0.540   40.10110  -72.60621    32.4212  1024.6566    24.5434    11.6122 0.0000e+00
     26.000    10.6167    32.4545  1024.9791     2.8053     7.2901    112.635   -0.01926    6.47236    6.47569      8.208     0.6662   11.68759   3.600629 1.0313e+00    24.8610    24.8605 1.2120e+00     26.204          1       1226    1489.37 1.1754e+02  50747.128     51.061 1564098087       0.06      0.749   40.10110  -72.60620    32.4635  1024.8706    24.7524    10.6137 0.0000e+00
     27.000    10.0527    32.5108  1025.1235     2.7993     7.3539    113.313   -0.01207    6.48986    6.49344      8.208     0.7126   11.71660   3.559081 8.6665e-01    25.0005    24.9999 1.0145e+00     27.211          1       1255    1487.44 1.1700e+02  50927.544     52.269 1564098088       0.07      0.804   40.10110  -72.60620    32.5485  1025.0367    24.9136    10.0496 0.0000e+00
     28.000     9.7061    32.5598  1025.2235     2.8005     7.4946    114.928   -0.00080    6.52108    6.52506      8.206     0.7450   11.76843   3.533887 7.5512e-01    25.0957    25.0952 8.7868e-01     28.212          1       1288    1486.26 1.1634e+02  51063.641     53.618 1564098090      -0.13      0.791   40.10110  -72.60620    32.6039  1025.1411    25.0134     9.7030 0.0000e+00
     29.000     9.3126    32.5538  1025.2871     2.7971     7.6020    114.854   -0.00165    6.61876    6.62413      8.205     0.7625   11.92987   3.501108 6.9119e-01    25.1545    25.1540 8.0291e-01     29.233          1       1354    1484.83 1.1605e+02  51133.125     56.376 1564098092      -0.03      0.251   40.10110  -72.60618    32.6238  1025.2247    25.0921     9.3095 0.0000e+00
     30.000     8.9275    32.5493  1025.3487     2.7927     7.6494    114.720   -0.00178    6.66792    6.67402      8.195     0.7586   12.01086   3.466730 4.9381e-01    25.2113    25.2108 5.6539e-01     30.237          1       1391    1483.42 1.1450e+02  51207.326     57.929 1564098094       0.23      0.613   40.10112  -72.60618    32.6185  1025.2854    25.1479     8.9244 0.0000e+00
     31.000     8.6755    32.5581  1025.3989     2.7694     7.4798    111.984   -0.01315    6.67938    6.68567      8.190     0.7432   12.02961   3.445415 3.8621e-01    25.2567    25.2562 4.2933e-01     31.242          1       1419    1482.51 1.1111e+02  51274.334     59.079 1564098095       0.13      0.822   40.10112  -72.60616    32.6265  1025.3348    25.1926     8.6723 0.0000e+00
     32.000     8.3603    32.5703  1025.4607     2.7254     7.1635    107.081   -0.03233    6.68984    6.69628      8.185     0.7445   12.04686   3.419745 3.2426e-01    25.3137    25.3132 3.7016e-01     32.245          1       1447    1481.36 1.1421e+02  51362.262     60.242 1564098096      -0.02      0.882   40.10112  -72.60616    32.6467  1025.4025    25.2555     8.3571 0.0000e+00
     33.000     8.1706    32.5972  1025.5145     2.6586     6.9261    102.973   -0.03788    6.72637    6.73337      8.169     0.7542   12.10700   3.407390 3.1421e-01    25.3628    25.3623 3.6582e-01     33.256          1       1489    1480.69 1.1643e+02  51444.131     62.015 1564098098      -0.19      0.607   40.10112  -72.60616    32.6914  1025.4701    25.3183     8.1673 0.0000e+00
     34.000     7.9777    32.6103  1025.5577     2.5964     6.8948    101.689   -0.02554    6.78029    6.78813      8.119     0.7546   12.19563   3.392387 2.5142e-01    25.4012    25.4007 2.8793e-01     34.270          1       1543    1479.99 1.1450e+02  51508.396     64.263 1564098100       0.09      0.423   40.10112  -72.60614    32.7108  1025.5180    25.3615     7.9744 0.0000e+00
     35.000     7.7342    32.6380  1025.6191     2.5354     6.6118     97.027   -0.03657    6.81448    6.82284      8.096     0.7719   12.25214   3.373582 1.7767e-01    25.4578    25.4573 1.9854e-01     35.276          1       1577    1479.11 1.1182e+02  51606.536     65.657 1564098102       0.20      0.663   40.10112  -72.60614    32.7368  1025.5778    25.4165     7.7309 0.0000e+00
     36.000     7.5581    32.6613  1025.6669     2.4233     5.8200     85.324   -0.07771    6.82106    6.82952      8.074     0.6653   12.26288   3.360754 1.3480e-01    25.5009    25.5004 1.5343e-01     36.278          1       1605    1478.48 1.1384e+02  51683.389     66.844 1564098103       0.06      0.829   40.10112  -72.60614    32.7637  1025.6283    25.4622     7.5547 0.0000e+00
     37.000     7.3022    32.6632  1025.7087     2.2642     4.9901     72.879   -0.10731    6.84746    6.85635      8.023     0.5163   12.30636   3.338990 1.2715e-01    25.5378    25.5374 1.4786e-01     37.289          1       1641    1477.52 1.1630e+02  51750.882     68.348 1564098104      -0.14      0.710   40.10114  -72.60614    32.7689  1025.6725    25.5016     7.2988 0.0000e+00
     38.000     7.2137    32.6736  1025.7337     2.1668     5.0854     73.836   -0.06780    6.88735    6.89686      8.005     0.4484   12.37205   3.333385 8.9686e-02    25.5581    25.5577 1.0334e-01     38.298          1       1679    1477.20 1.1514e+02  51788.889     69.928 1564098106       0.06      0.623   40.10114  -72.60614    32.7913  1025.7068    25.5312     7.2103 0.0000e+00
     39.000     7.0370    32.6859  1025.7720     2.1134     5.2179     75.599   -0.03846    6.90214    6.91189      7.985     0.3206   12.39645   3.318294 6.9590e-02    25.5917    25.5912 7.8415e-02     39.303          1       1714    1476.55 1.1272e+02  51853.151     71.386 1564098107      -0.00      0.693   40.10114  -72.60613    32.7937  1025.7372    25.5569     7.0335 0.0000e+00
     40.000     6.7724    32.7025  1025.8252     2.0498     5.0220     72.678   -0.03672    6.90988    6.91975      7.953     0.1872   12.40926   3.297659 5.8597e-02    25.6399    25.6395 6.4481e-02     40.314          1       1756    1475.56 1.1000e+02  51947.623     73.133 1564098109      -0.08      0.585   40.10114  -72.60612    32.8189  1025.7969    25.6117     6.7689 0.0000e+00
     41.000     6.6795    32.7048  1025.8438     2.0032     4.9381     71.413   -0.02973    6.91487    6.92481      7.940     0.1475   12.41751   3.290553 4.0147e-02    25.6539    25.6534 4.4047e-02     41.324          1       1795    1475.21 1.1048e+02  51976.808     74.745 1564098111       0.13      0.600   40.10115  -72.60612    32.8290  1025.8217    25.6317     6.6759 0.0000e+00
     42.000     6.6502    32.7032  1025.8511     1.9759     4.9166     71.101   -0.02282    6.91492    6.92486      7.933     0.1333   12.41762   3.288241 2.0818e-02    25.6564    25.6559 2.3703e-02     42.326          1       1826    1475.11 1.1392e+02  51983.062     76.054 1564098112       0.05      0.754   40.10116  -72.60612    32.8310  1025.8316    25.6370     6.6465 0.0000e+00
