CalculateIndicators/WaterTemperature/Data/CTD_NYOS/NYOS190728_7_6.cnv
* Sea-Bird SBE 9 Data File:
* FileName = C:\Seabird 9 CTD\Data\2019\201907_offshore\NYOS190728_7_6.hex
* Software Version Seasave V 7.23.2
* Temperature SN = 4590
* Conductivity SN = 3228
* Number of Bytes Per Scan = 44
* Number of Voltage Words = 5
* Number of Scans Averaged by the Deck Unit = 1
* NMEA Latitude = 38 32.06 N
* NMEA Longitude = 073 04.30 W
* NMEA UTC (Time) = Jul 28 2019  17:20:31
* NMEA baud rate = 4800
** Ship: Seawolf
** Station: 7.6
** Operator: ajb
# nquan = 35
# nvalues = 1194                        
# units = specified
# name 0 = depSM: Depth [salt water, m]
# name 1 = t090C: Temperature [ITS-90, deg C]
# name 2 = sal00: Salinity, Practical [PSU]
# name 3 = density00: Density [density, kg/m^3]
# name 4 = sbeox0V: Oxygen raw, SBE 43 [V]
# name 5 = sbeox0ML/L: Oxygen, SBE 43 [ml/l]
# name 6 = sbeox0PS: Oxygen, SBE 43 [% saturation]
# name 7 = sbox0dV/dT: Oxygen, SBE 43 [dov/dt]
# name 8 = oxsolML/L: Oxygen Saturation, Garcia & Gordon [ml/l]
# name 9 = oxsatML/L: Oxygen Saturation, Weiss [ml/l]
# name 10 = ph: pH
# name 11 = flECO-AFL: Fluorescence, WET Labs ECO-AFL/FL [mg/m^3]
# name 12 = n2satML/L: Nitrogen Saturation [ml/l]
# name 13 = c0S/m: Conductivity [S/m]
# name 14 = cpar: CPAR/Corrected Irradiance [%]
# name 15 = sigma-é00: Density [sigma-theta, kg/m^3]
# name 16 = sigma-t00: Density [sigma-t, kg/m^3 ]
# name 17 = par: PAR/Irradiance, Biospherical/Licor
# name 18 = prDM: Pressure, Digiquartz [db]
# name 19 = pumps: Pump Status
# name 20 = scan: Scan Count
# name 21 = svCM: Sound Velocity [Chen-Millero, m/s]
# name 22 = spar: SPAR, Biospherical/Licor
# name 23 = specc: Specific Conductance [uS/cm]
# name 24 = timeS: Time, Elapsed [seconds]
# name 25 = timeY: Time, System [seconds]
# name 26 = accM: Acceleration [m/s^2]
# name 27 = dz/dtM: Descent Rate [m/s]
# name 28 = latitude: Latitude [deg]
# name 29 = longitude: Longitude [deg]
# name 30 = gsw_saA0: Absolute Salinity [g/kg]
# name 31 = gsw_densityA0: density, TEOS-10 [density, kg/m^3]
# name 32 = gsw_sigma0A0: density, TEOS-10 [sigma-0, kg/m^3 ]
# name 33 = gsw_ptA0: potential temperature [ITS-90, deg C]
# name 34 = flag: flag
# span 0 =      1.000,    598.000       
# span 1 =     5.7108,    26.1287       
# span 2 =    34.6344,    35.7983       
# span 3 =  1022.9315,  1030.3958       
# span 4 =     1.4147,     2.8223       
# span 5 =     2.8954,     6.1551       
# span 6 =     47.180,    115.353       
# span 7 =   -0.05506,    0.04180       
# span 8 =    4.65093,    6.95328       
# span 9 =    4.63896,    6.96701       
# span 10 =      7.915,      8.286      
# span 11 =    -0.2176,     0.8841      
# span 12 =    8.64079,   12.45168      
# span 13 =   3.441793,   5.413088      
# span 14 = 4.6353e-14, 7.4296e+01      
# span 15 =    22.9272,    27.6353      
# span 16 =    22.9271,    27.6288      
# span 17 = 1.0000e-12, 1.5915e+03      
# span 18 =      1.019,    603.401      
# span 19 =          1,          1      
# span 20 =        647,      34773      
# span 21 =    1483.48,    1537.01      
# span 22 = 6.3045e+02, 2.1574e+03      
# span 23 =  52881.657,  56033.334      
# span 24 =     26.907,   1448.831      
# span 25 = 1564334458, 1564335880      
# span 26 =      -0.76,       0.54      
# span 27 =     -1.769,      1.256      
# span 28 =   38.53173,   38.53430      
# span 29 =  -73.07227,  -73.07172      
# span 30 =    34.8260,    35.9840      
# span 31 =  1022.9328,  1030.3989      
# span 32 =    22.9285,    27.6384      
# span 33 =     5.6583,    26.1284      
# span 34 = 0.0000e+00, 0.0000e+00      
# interval = meters: 1                  
# start_time = Jul 28 2019 17:20:31 [System UTC, first data scan.]
# bad_flag = -9.990e-29
*END*
[from data line 871]
    323.000     8.8340    35.1729  1028.7561     1.4589     3.2144     49.738   -0.00229    6.46270    6.46851      7.949    -0.0453   11.64062   3.730770 4.6778e-14    27.2859    27.2802 1.0000e-12    325.713          1      21159    1491.16 2.1380e+03  55122.151    881.588 1564335313       0.13     -1.368   38.53296  -73.07222    35.3466  1028.7643    27.2941     8.7986 0.0000e+00
    322.000     8.8500    35.1775  1028.7526     1.4569     3.2039     49.620   -0.00229    6.45701    6.46273      7.949    -0.0445   11.63116   3.732822 4.6638e-14    27.2870    27.2814 1.0000e-12    324.700          1      21182    1491.21 2.1442e+03  55124.462    882.560 1564335313       0.24     -1.168   38.53296  -73.07222    35.3528  1028.7619    27.2964     8.8147 0.0000e+00
    321.000     8.8871    35.1799  1028.7436     1.4555     3.2042     49.639   -0.00162    6.45497    6.46067      7.948    -0.0304   11.62781   3.736504 4.6677e-14    27.2829    27.2773 1.0000e-12    323.687          1      21209    1491.33 2.1424e+03  55118.280    883.649 1564335315       0.11     -0.963   38.53296  -73.07222    35.3553  1028.7531    27.2924     8.8518 0.0000e+00
    320.000     8.8890    35.1788  1028.7380     1.4537     3.1982     49.568   -0.00139    6.45212    6.45778      7.948    -0.0377   11.62309   3.736365 4.6687e-14    27.2817    27.2761 1.0000e-12    322.675          1      21233    1491.32 2.1419e+03  55115.252    884.659 1564335316      -0.08     -0.949   38.53296  -73.07222    35.3524  1028.7459    27.2898     8.8538 0.0000e+00
    319.000     8.9295    35.1836  1028.7304     1.4522     3.1858     49.402   -0.00189    6.44863    6.45423      7.948    -0.0237   11.61732   3.740950 4.8500e-14    27.2790    27.2734 1.0000e-12    321.668          1      21253    1491.46 2.0653e+03  55112.140    885.517 1564335316      -0.18     -1.068   38.53296  -73.07222    35.3610  1028.7413    27.2900     8.8943 0.0000e+00
    318.000     8.9394    35.1821  1028.7230     1.4510     3.1833     49.369   -0.00168    6.44800    6.45360      7.950    -0.0212   11.61627   3.741314 4.6782e-14    27.2762    27.2706 1.0000e-12    320.656          1      21272    1491.48 2.1375e+03  55106.885    886.288 1564335317      -0.17     -1.209   38.53296  -73.07222    35.3554  1028.7308    27.2841     8.9043 0.0000e+00
    317.000     8.9477    35.1827  1028.7175     1.4500     3.1788     49.332   -0.00151    6.44369    6.44923      7.949    -0.0276   11.60903   3.742129 4.6767e-14    27.2753    27.2697 1.0000e-12    319.648          1      21289    1491.49 2.1382e+03  55105.042    886.980 1564335318      -0.19     -1.331   38.53296  -73.07222    35.3563  1028.7255    27.2834     8.9127 0.0000e+00
    316.000     8.9613    35.1841  1028.7118     1.4488     3.1707     49.241   -0.00168    6.43922    6.44469      7.950    -0.0276   11.60172   3.743603 5.2100e-14    27.2743    27.2687 1.0000e-12    318.644          1      21304    1491.53 1.9285e+03  55103.399    887.615 1564335319      -0.20     -1.454   38.53295  -73.07222    35.3588  1028.7206    27.2832     8.9264 0.0000e+00
    315.000     8.9804    35.1839  1028.7038     1.4483     3.1737     49.260   -0.00139    6.44283    6.44835      7.950    -0.0276   11.60768   3.745351 5.5539e-14    27.2709    27.2654 1.0000e-12    317.643          1      21319    1491.58 1.8015e+03  55097.615    888.263 1564335319      -0.08     -1.553   38.53294  -73.07222    35.3587  1028.7129    27.2801     8.9455 0.0000e+00
    314.000     8.9888    35.1846  1028.6984     1.4468     3.1632     49.176   -0.00133    6.43232    6.43769      7.950    -0.0287   11.59021   3.746111 5.3135e-14    27.2702    27.2646 1.0000e-12    316.632          1      21339    1491.60 1.8888e+03  55096.128    889.063 1564335320       0.25     -1.474   38.53294  -73.07222    35.3588  1028.7069    27.2787     8.9541 0.0000e+00
    313.000     9.0275    35.1936  1028.6944     1.4458     3.1526     49.087   -0.00146    6.42239    6.42760      7.950    -0.0400   11.57384   3.750811 4.6564e-14    27.2710    27.2654 1.0000e-12    315.615          1      21363    1491.73 2.1468e+03  55099.089    890.082 1564335321       0.32     -1.132   38.53294  -73.07222    35.3703  1028.7049    27.2815     8.9928 0.0000e+00
    312.000     9.0329    35.1886  1028.6850     1.4442     3.1497     49.057   -0.00106    6.42045    6.42563      7.950    -0.0398   11.57060   3.750187 4.6629e-14    27.2662    27.2606 1.0000e-12    314.606          1      21387    1491.73 2.1446e+03  55090.211    891.093 1564335322      -0.00     -0.972   38.53294  -73.07222    35.3589  1028.6905    27.2717     8.9983 0.0000e+00
    311.000     9.0973    35.1987  1028.6776     1.4417     3.1292     48.742   -0.00224    6.41982    6.42500      7.950    -0.0383   11.56955   3.758432 4.8302e-14    27.2637    27.2581 1.0000e-12    313.599          1      21411    1491.96 2.0767e+03  55088.572    892.079 1564335323      -0.03     -1.024   38.53294  -73.07222    35.3821  1028.6932    27.2794     9.0626 0.0000e+00
    310.000     9.1700    35.1968  1028.6593     1.4395     3.1201     48.608   -0.00233    6.41885    6.42401      7.950    -0.0273   11.56794   3.764393 4.7343e-14    27.2505    27.2448 1.0000e-12    312.580          1      21435    1492.21 2.1132e+03  55068.755    893.087 1564335324       0.02     -1.000   38.53294  -73.07222    35.3731  1028.6693    27.2606     9.1352 0.0000e+00
    309.000     9.1783    35.1988  1028.6549     1.4380     3.1173     48.564   -0.00209    6.41889    6.42405      7.950    -0.0276   11.56800   3.765314 5.4753e-14    27.2507    27.2450 1.0000e-12    311.575          1      21454    1492.23 1.8324e+03  55068.914    893.893 1564335325      -0.22     -1.077   38.53294  -73.07222    35.3750  1028.6649    27.2608     9.1436 0.0000e+00
    308.000     9.1841    35.1997  1028.6500     1.4369     3.1153     48.537   -0.00182    6.41857    6.42373      7.950    -0.0364   11.56745   3.765732 4.9959e-14    27.2504    27.2448 1.0000e-12    310.572          1      21471    1492.23 2.0116e+03  55068.087    894.598 1564335326      -0.28     -1.275   38.53294  -73.07222    35.3741  1028.6586    27.2591     9.1496 0.0000e+00
    307.000     9.1859    35.2008  1028.6460     1.4367     3.1201     48.616   -0.00119    6.41785    6.42300      7.950    -0.0366   11.56626   3.765908 4.6791e-14    27.2509    27.2453 1.0000e-12    309.565          1      21489    1492.22 2.1371e+03  55068.414    895.335 1564335326      -0.04     -1.396   38.53294  -73.07222    35.3746  1028.6542    27.2591     9.1515 0.0000e+00
    306.000     9.1921    35.2012  1028.6407     1.4366     3.1265     48.718   -0.00043    6.41767    6.42282      7.950    -0.0276   11.56598   3.766436 4.6789e-14    27.2501    27.2445 1.0000e-12    308.551          1      21508    1492.23 2.1373e+03  55066.930    896.145 1564335327       0.13     -1.336   38.53294  -73.07222    35.3744  1028.6484    27.2580     9.1578 0.0000e+00
    305.000     9.1913    35.2013  1028.6363     1.4367     3.1299     48.776   -0.00001    6.41691    6.42205      7.950    -0.0276   11.56473   3.766277 4.9234e-14    27.2503    27.2448 1.0000e-12    307.545          1      21528    1492.21 2.0371e+03  55066.603    896.952 1564335328       0.05     -1.253   38.53294  -73.07222    35.3741  1028.6438    27.2579     9.1571 0.0000e+00
    304.000     9.1959    35.2029  1028.6323     1.4368     3.1291     48.785    0.00008    6.41411    6.41921 -9.990e-29    -0.0276   11.56005   3.766801 4.6788e-14    27.2508    27.2453 1.0000e-12    306.542          1      21548    1492.21 2.1377e+03  55067.192    897.809 1564335329       0.06     -1.230   38.53294  -73.07222    35.3755  1028.6396    27.2582     9.1618 0.0000e+00
    303.000     9.1986    35.2032  1028.6275     1.4372     3.1268     48.815    0.00026    6.40537    6.41033 -9.990e-29    -0.0271   11.54558   3.766953 4.6612e-14    27.2507    27.2451 1.0000e-12    305.523          1      21576    1492.21 2.1454e+03  55066.411    898.971 1564335330       0.28     -0.998   38.53294  -73.07222    35.3749  1028.6341    27.2573     9.1646 0.0000e+00
    302.000     9.2052    35.2024  1028.6213     1.4369     3.1227     48.775    0.00016    6.40229    6.40722 -9.990e-29    -0.0150   11.54048   3.767458 4.6603e-14    27.2490    27.2434 1.0000e-12    304.503          1      21603    1492.21 2.1458e+03  55063.032    900.081 1564335331      -0.10     -0.823   38.53294  -73.07222    35.3742  1028.6278    27.2556     9.1713 0.0000e+00
    301.000     9.2219    35.2076  1028.6179     1.4362     3.1142     48.630   -0.00056    6.40383    6.40877      7.950    -0.0375   11.54301   3.770010 4.8484e-14    27.2503    27.2447 1.0000e-12    303.502          1      21621    1492.27 2.0676e+03  55065.930    900.813 1564335332      -0.45     -1.058   38.53294  -73.07222    35.3847  1028.6286    27.2611     9.1881 0.0000e+00
    300.000     9.2643    35.2076  1028.6062     1.4352     3.1041     48.497   -0.00106    6.40055    6.40545      7.950    -0.0398   11.53754   3.773788 4.7311e-14    27.2434    27.2378 1.0000e-12    302.500          1      21636    1492.40 2.1142e+03  55055.659    901.462 1564335332      -0.40     -1.346   38.53294  -73.07222    35.3828  1028.6155    27.2527     9.2305 0.0000e+00
    299.000     9.2913    35.2094  1028.5984     1.4343     3.0954     48.391   -0.00140    6.39675    6.40160      7.951    -0.0398   11.53128   3.776541 4.6971e-14    27.2402    27.2347 1.0000e-12    301.495          1      21652    1492.49 2.1290e+03  55051.153    902.136 1564335333      -0.10     -1.508   38.53292  -73.07222    35.3853  1028.6083    27.2502     9.2576 0.0000e+00
    298.000     9.3044    35.2109  1028.5928     1.4337     3.0943     48.385   -0.00119    6.39509    6.39990      7.952    -0.0398   11.52852   3.777653 4.6978e-14    27.2393    27.2337 1.0000e-12    300.483          1      21671    1492.52 2.1287e+03  55049.796    902.909 1564335334       0.19     -1.453   38.53292  -73.07222    35.3845  1028.6008    27.2474     9.2708 0.0000e+00
    297.000     9.2984    35.2103  1028.5888     1.4328     3.0946     48.392   -0.00081    6.39482    6.39964      7.951    -0.0398   11.52808   3.776713 4.6871e-14    27.2398    27.2343 1.0000e-12    299.470          1      21691    1492.48 2.1335e+03  55049.536    903.762 1564335335       0.19     -1.271   38.53292  -73.07222    35.3811  1028.5946    27.2457     9.2649 0.0000e+00
    296.000     9.3237    35.2151  1028.5837     1.4314     3.0858     48.250   -0.00125    6.39541    6.40024      7.952    -0.0398   11.52905   3.780086 4.6748e-14    27.2394    27.2339 1.0000e-12    298.460          1      21712    1492.56 2.1391e+03  55049.917    904.605 1564335336       0.02     -1.186   38.53292  -73.07222    35.3918  1028.5941    27.2499     9.2902 0.0000e+00
    295.000     9.3522    35.2152  1028.5743     1.4310     3.0830     48.215   -0.00129    6.39431    6.39911      7.953    -0.0398   11.52725   3.782467 4.6742e-14    27.2348    27.2293 1.0000e-12    297.454          1      21731    1492.65 2.1394e+03  55043.114    905.422 1564335336      -0.04     -1.212   38.53292  -73.07222    35.3890  1028.5825    27.2430     9.3187 0.0000e+00
    294.000     9.3572    35.2155  1028.5691     1.4306     3.0872     48.291   -0.00055    6.39279    6.39757      7.953    -0.0392   11.52476   3.782816 4.9648e-14    27.2342    27.2287 1.0000e-12    296.444          1      21752    1492.65 2.0210e+03  55041.611    906.289 1564335337       0.06     -1.209   38.53292  -73.07222    35.3881  1028.5764    27.2415     9.3239 0.0000e+00
    293.000     9.3546    35.2162  1028.5656     1.4302     3.0861     48.284   -0.00041    6.39157    6.39633      7.953    -0.0280   11.52277   3.782441 4.6537e-14    27.2351    27.2297 1.0000e-12    295.431          1      21773    1492.63 2.1485e+03  55042.653    907.165 1564335338       0.03     -1.155   38.53292  -73.07222    35.3873  1028.5717    27.2412     9.3214 0.0000e+00
    292.000     9.3600    35.2161  1028.5600     1.4286     3.0747     48.115   -0.00097    6.39028    6.39503      7.954    -0.0386   11.52063   3.783009 4.6603e-14    27.2341    27.2286 1.0000e-12    294.426          1      21792    1492.63 2.1458e+03  55040.412    907.965 1564335339      -0.10     -1.187   38.53292  -73.07222    35.3882  1028.5670    27.2411     9.3269 0.0000e+00
    291.000     9.3657    35.2126  1028.5518     1.4264     3.0541     47.824   -0.00216    6.38610    6.39078      7.954    -0.0398   11.51373   3.783139 4.6618e-14    27.2305    27.2250 1.0000e-12    293.421          1      21812    1492.63 2.1451e+03  55033.758    908.785 1564335340      -0.02     -1.249   38.53292  -73.07222    35.3845  1028.5586    27.2372     9.3327 0.0000e+00
    290.000     9.3810    35.2110  1028.5434     1.4246     3.0443     47.690   -0.00235    6.38349    6.38813      7.952    -0.0336   11.50939   3.784386 4.9639e-14    27.2267    27.2213 1.0000e-12    292.405          1      21834    1492.67 2.0220e+03  55027.401    909.699 1564335341       0.13     -1.178   38.53292  -73.07222    35.3829  1028.5501    27.2335     9.3481 0.0000e+00
    289.000     9.3828    35.2107  1028.5383     1.4225     3.0385     47.609   -0.00212    6.38222    6.38684      7.953    -0.0233   11.50730   3.784505 4.6816e-14    27.2261    27.2207 1.0000e-12    291.395          1      21855    1492.66 2.1360e+03  55025.990    910.569 1564335342      -0.02     -1.119   38.53292  -73.07222    35.3828  1028.5452    27.2330     9.3500 0.0000e+00
    288.000     9.4084    35.2113  1028.5298     1.4197     3.0222     47.368   -0.00275    6.38028    6.38488      7.951    -0.0175   11.50407   3.787095 4.6845e-14    27.2223    27.2169 1.0000e-12    290.391          1      21874    1492.73 2.1347e+03  55020.215    911.367 1564335342      -0.12     -1.193   38.53292  -73.07222    35.3849  1028.5379    27.2305     9.3757 0.0000e+00
    287.000     9.4305    35.2123  1028.5223     1.4183     3.0161     47.275   -0.00285    6.37984    6.38443      7.952    -0.0393   11.50331   3.789228 4.6806e-14    27.2195    27.2141 1.0000e-12    289.383          1      21894    1492.80 2.1365e+03  55016.241    912.195 1564335343      -0.00     -1.246   38.53292  -73.07222    35.3858  1028.5303    27.2275     9.3978 0.0000e+00
    286.000     9.4447    35.2122  1028.5152     1.4168     3.0202     47.354   -0.00175    6.37790    6.38246      7.951    -0.0178   11.50008   3.790424 4.8554e-14    27.2170    27.2116 1.0000e-12    288.371          1      21915    1492.83 2.0642e+03  55012.127    913.098 1564335344       0.11     -1.181   38.53292  -73.07222    35.3848  1028.5225    27.2244     9.4121 0.0000e+00
    285.000     9.4570    35.2147  1028.5105     1.4158     3.0161     47.345   -0.00133    6.37054    6.37500      7.952    -0.0354   11.48787   3.791803 4.6750e-14    27.2169    27.2115 1.0000e-12    287.361          1      21938    1492.87 2.1391e+03  55012.348    914.025 1564335345       0.04     -1.100   38.53292  -73.07222    35.3874  1028.5179    27.2244     9.4245 0.0000e+00
    284.000     9.4657    35.2167  1028.5060     1.4157     3.0162     47.403   -0.00080    6.36280    6.36715      7.953    -0.0398   11.47504   3.792655 5.0174e-14    27.2169    27.2116 1.0000e-12    286.352          1      21959    1492.88 2.0006e+03  55012.460    914.909 1564335346      -0.04     -1.109   38.53291  -73.07222    35.3882  1028.5125    27.2235     9.4333 0.0000e+00
