CalculateIndicators/WaterTemperature/Data/CTD_NYOS/NYOS190727_6_2.cnv
* Sea-Bird SBE 9 Data File:
* FileName = C:\Seabird 9 CTD\Data\2019\201907_offshore\NYOS190727_6_2.hex
* Software Version Seasave V 7.23.2
* Temperature SN = 4590
* Conductivity SN = 3228
* Number of Bytes Per Scan = 44
* Number of Voltage Words = 5
* Number of Scans Averaged by the Deck Unit = 1
* NMEA Latitude = 40 10.16 N
* NMEA Longitude = 073 19.48 W
* NMEA UTC (Time) = Jul 27 2019  22:03:13
* NMEA baud rate = 4800
** Ship: Seawolf
** Station: 6.2
** Operator: lis
# nquan = 35
# nvalues = 77                          
# units = specified
# name 0 = depSM: Depth [salt water, m]
# name 1 = t090C: Temperature [ITS-90, deg C]
# name 2 = sal00: Salinity, Practical [PSU]
# name 3 = density00: Density [density, kg/m^3]
# name 4 = sbeox0V: Oxygen raw, SBE 43 [V]
# name 5 = sbeox0ML/L: Oxygen, SBE 43 [ml/l]
# name 6 = sbeox0PS: Oxygen, SBE 43 [% saturation]
# name 7 = sbox0dV/dT: Oxygen, SBE 43 [dov/dt]
# name 8 = oxsolML/L: Oxygen Saturation, Garcia & Gordon [ml/l]
# name 9 = oxsatML/L: Oxygen Saturation, Weiss [ml/l]
# name 10 = ph: pH
# name 11 = flECO-AFL: Fluorescence, WET Labs ECO-AFL/FL [mg/m^3]
# name 12 = n2satML/L: Nitrogen Saturation [ml/l]
# name 13 = c0S/m: Conductivity [S/m]
# name 14 = cpar: CPAR/Corrected Irradiance [%]
# name 15 = sigma-é00: Density [sigma-theta, kg/m^3]
# name 16 = sigma-t00: Density [sigma-t, kg/m^3 ]
# name 17 = par: PAR/Irradiance, Biospherical/Licor
# name 18 = prDM: Pressure, Digiquartz [db]
# name 19 = pumps: Pump Status
# name 20 = scan: Scan Count
# name 21 = svCM: Sound Velocity [Chen-Millero, m/s]
# name 22 = spar: SPAR, Biospherical/Licor
# name 23 = specc: Specific Conductance [uS/cm]
# name 24 = timeS: Time, Elapsed [seconds]
# name 25 = timeY: Time, System [seconds]
# name 26 = accM: Acceleration [m/s^2]
# name 27 = dz/dtM: Descent Rate [m/s]
# name 28 = latitude: Latitude [deg]
# name 29 = longitude: Longitude [deg]
# name 30 = gsw_saA0: Absolute Salinity [g/kg]
# name 31 = gsw_densityA0: density, TEOS-10 [density, kg/m^3]
# name 32 = gsw_sigma0A0: density, TEOS-10 [sigma-0, kg/m^3 ]
# name 33 = gsw_ptA0: potential temperature [ITS-90, deg C]
# name 34 = flag: flag
# span 0 =      2.000,     40.000       
# span 1 =     8.4417,    25.5786       
# span 2 =    30.5626,    37.5962       
# span 3 =  1019.8441,  1028.8468       
# span 4 =     1.6294,     2.9164       
# span 5 =     2.6293,     6.9203       
# span 6 =     54.682,    122.208       
# span 7 =   -0.06840,    0.11305       
# span 8 =    4.79787,    6.64274       
# span 9 =    4.78544,    6.64837       
# span 10 =      7.877,      8.223      
# span 11 =     0.0327,     1.5948      
# span 12 =    8.92058,   11.97055      
# span 13 =   3.425677,   4.836669      
# span 14 = 5.0464e-02, 2.6205e+01      
# span 15 =    19.8183,    28.7518      
# span 16 =    19.8179,    28.7514      
# span 17 = 6.3561e-01, 3.9199e+02      
# span 18 =      2.025,     40.304      
# span 19 =          0,          1      
# span 20 =          6,       3929      
# span 21 =    1481.51,    1531.53      
# span 22 = 5.9008e+02, 1.5115e+03      
# span 23 =  47018.849,  57560.267      
# span 24 =      0.222,    163.668      
# span 25 = 1564264993, 1564265157      
# span 26 =      -0.63,       0.36      
# span 27 =     -0.964,      0.858      
# span 28 =   40.16932,   40.17003      
# span 29 =  -73.32470,  -73.32444      
# span 30 =    30.7086,    37.6193      
# span 31 =  1019.8482,  1028.7515      
# span 32 =    19.8225,    28.6561      
# span 33 =     8.4376,    25.5773      
# span 34 = 0.0000e+00, 0.0000e+00      
# interval = meters: 1                  
# start_time = Jul 27 2019 22:03:13 [System UTC, first data scan.]
# bad_flag = -9.990e-29
*END*
[from data line 42]
     36.000     8.4439    32.4760  1025.3928     1.8962     4.6664     70.254    0.00065    6.64221    6.64782 -9.990e-29     0.7696   11.96966   3.425677 9.2034e-02    25.2275    25.2269 1.2880e+00     36.280          1       2610    1481.62 1.4037e+03  51212.039    108.706 1564265102       0.05     -0.481   40.16984  -73.32448    32.6302  1025.3957    25.2304     8.4403 0.0000e+00
     35.000     8.4460    32.4757  1025.3876     1.8962     4.6594     70.149   -0.00003    6.64207    6.64769 -9.990e-29     0.8071   11.96944   3.425787 1.0555e-01    25.2269    25.2263 1.5418e+00     35.270          1       2651    1481.61 1.4605e+03  51210.379    110.418 1564265103      -0.23     -0.553   40.16984  -73.32448    32.6299  1025.3905    25.2298     8.4425 0.0000e+00
     34.000     8.4459    32.4756  1025.3829     1.8969     4.6635     70.214    0.00029    6.64183    6.64744 -9.990e-29     0.7857   11.96905   3.425717 1.2496e-01    25.2268    25.2263 1.8296e+00     34.267          1       2680    1481.59 1.4641e+03  51209.629    111.618 1564265105      -0.09     -0.809   40.16984  -73.32448    32.6297  1025.3858    25.2296     8.4425 0.0000e+00
     33.000     8.4463    32.4755  1025.3782     1.8982     4.6736     70.364    0.00092    6.64202    6.64763 -9.990e-29     0.8195   11.96937   3.425701 1.4917e-01    25.2266    25.2261 2.1788e+00     33.257          1       2710    1481.58 1.4607e+03  51208.734    112.878 1564265106       0.01     -0.795   40.16985  -73.32448    32.6297  1025.3811    25.2295     8.4430 0.0000e+00
     32.000     8.4482    32.4751  1025.3730     1.8991     4.6726     70.352    0.00069    6.64170    6.64731      7.880     0.8197   11.96883   3.425795 1.7704e-01    25.2260    25.2255 2.5911e+00     32.256          1       2741    1481.57 1.4633e+03  51207.088    114.158 1564265107       0.06     -0.811   40.16986  -73.32448    32.6293  1025.3759    25.2289     8.4450 0.0000e+00
     31.000     8.4485    32.4748  1025.3681 -9.990e-29     4.6648     70.242   -0.00001    6.64107    6.64667      7.878     0.8225   11.96780   3.425746 2.1485e-01    25.2257    25.2253 3.1371e+00     31.239          1       2797    1481.55 1.4600e+03  51205.999    116.521 1564265110       0.14     -0.383   40.16987  -73.32448    32.6290  1025.3710    25.2286     8.4454 0.0000e+00
     30.000     8.4520    32.4745  1025.3627     1.8988     4.6622     70.204   -0.00020    6.64091    6.64651      7.877     0.8679   11.96754   3.426002 2.5695e-01    25.2250    25.2245 3.8010e+00     30.230          1       2840    1481.55 1.4791e+03  51204.145    118.304 1564265111      -0.32     -0.556   40.16988  -73.32446    32.6289  1025.3658    25.2280     8.4490 0.0000e+00
     29.000     8.4543    32.4740  1025.3574     1.9000     4.6745     70.391    0.00075    6.64076    6.64636 -9.990e-29     0.8771   11.96730   3.426096 3.0299e-01    25.2242    25.2238 4.4876e+00     29.230          1       2867    1481.54 1.4813e+03  51202.227    119.409 1564265112      -0.14     -0.845   40.16988  -73.32446    32.6282  1025.3604    25.2272     8.4514 0.0000e+00
     28.000     8.4548    32.4739  1025.3526     1.9017     4.6844     70.543    0.00129    6.64058    6.64618 -9.990e-29     0.8943   11.96701   3.426090 3.7103e-01    25.2240    25.2236 5.4394e+00     28.220          1       2900    1481.52 1.4661e+03  51201.320    120.775 1564265114       0.14     -0.791   40.16988  -73.32446    32.6281  1025.3556    25.2270     8.4520 0.0000e+00
     27.000     8.4563    32.4736  1025.3475     1.9024     4.6758     70.442    0.00043    6.63782    6.64337      7.878     0.9501   11.96246   3.426144 4.5011e-01    25.2235    25.2231 6.6265e+00     27.211          1       2942    1481.51 1.4721e+03  51199.919    122.561 1564265116       0.11     -0.582   40.16990  -73.32446    32.6278  1025.3505    25.2265     8.4536 0.0000e+00
     26.000     8.4601    32.4733  1025.3421     1.9058     4.6916     70.771    0.00173    6.62933    6.63476      7.882     1.1091   11.94852   3.426455 5.5000e-01    25.2227    25.2223 8.1199e+00     26.198          1       2987    1481.51 1.4761e+03  51198.014    124.407 1564265117      -0.17     -0.500   40.16990  -73.32446    32.6280  1025.3454    25.2261     8.4575 0.0000e+00
     25.000     8.4786    32.4707  1025.3327     1.9146     4.7409     71.662    0.00521    6.61565    6.62087      7.888     1.3060   11.92603   3.427874 6.6654e-01    25.2179    25.2175 9.9313e+00     25.196          1       3017    1481.56 1.4899e+03  51189.585    125.679 1564265119      -0.08     -0.759   40.16990  -73.32446    32.6263  1025.3368    25.2220     8.4761 0.0000e+00
     24.000     8.5198    32.4658  1025.3180     1.9389     4.8880     74.139    0.01476    6.59308    6.59796      7.898     1.5738   11.88890   3.431286 8.2659e-01    25.2078    25.2075 1.2244e+01     24.189          1       3051    1481.69 1.4815e+03  51172.749    127.074 1564265120       0.03     -0.730   40.16990  -73.32446    32.6246  1025.3247    25.2145     8.5174 0.0000e+00
     23.000     8.6372    32.4533  1025.2859     1.9852     5.1020     77.952    0.02680    6.54555    6.54974      7.928     1.4294   11.81051   3.440872 1.0488e+00    25.1804    25.1801 1.5452e+01     23.178          1       3090    1482.10 1.4734e+03  51128.976    128.726 1564265122       0.09     -0.626   40.16991  -73.32446    32.6177  1025.2970    25.1914     8.6349 0.0000e+00
     22.000     8.8122    32.4312  1025.2373     2.0515     5.3334     82.769    0.04044    6.44392    6.44672      7.950     1.1393   11.64249   3.454467 1.4631e+00    25.1364    25.1361 1.9748e+01     22.167          1       3127    1482.71 1.3666e+03  51059.167    130.255 1564265123      -0.14     -0.624   40.16992  -73.32446    32.5997  1025.2517    25.1509     8.8099 0.0000e+00
     21.000     8.9879    32.4261  1025.2015     2.1426     5.7929     90.345    0.06504    6.41241    6.41480      7.987     0.9800   11.59004   3.470830 1.6534e+00    25.1053    25.1050 2.3315e+01     21.171          1       3155    1483.34 1.4270e+03  51014.274    131.413 1564265124      -0.11     -0.821   40.16992  -73.32446    32.6098  1025.2279    25.1317     8.9857 0.0000e+00
     20.000     9.9219    32.4058  1025.0316     2.3813     6.7967    107.687    0.11305    6.31155    6.31258      8.080     0.4306   11.42359   3.553570 2.1877e+00    24.9404    24.9401 2.8899e+01     20.151          1       3208    1486.73 1.3307e+03  50798.992    133.605 1564265127       0.24     -0.435   40.16994  -73.32446    32.6136  1025.0771    24.9859     9.9197 0.0000e+00
     19.000    10.1969    32.4322  1025.0014     2.5278     6.9203    111.950    0.09532    6.18178    6.18106      8.099     0.3633   11.21019   3.580155 2.2467e+00    24.9149    24.9145 3.3708e+01     19.148          1       3245    1487.73 1.5004e+03  50785.332    135.185 1564265128      -0.31     -0.631   40.16994  -73.32446    32.6359  1025.0438    24.9572    10.1948 0.0000e+00
     18.000    10.7516    32.3939  1024.8721     2.6029     6.7752    112.052    0.06980    6.04635    6.04404      8.104     0.3488   10.98503   3.627784 2.6598e+00    24.7905    24.7901 3.9524e+01     18.136          1       3275    1489.65 1.4860e+03  50633.757    136.426 1564265129      -0.02     -0.808   40.16994  -73.32446    32.6186  1024.9312    24.8494    10.7495 0.0000e+00
     17.000    11.3599    32.2852  1024.6753     2.6555     6.6871    112.290    0.05183    5.95529    5.95196      8.105     0.3208   10.83343   3.672466 3.2073e+00    24.5982    24.5979 4.7943e+01     17.137          1       3301    1491.64 1.4946e+03  50379.471    137.487 1564265131      -0.12     -0.892   40.16994  -73.32446    32.5232  1024.7451    24.6681    11.3578 0.0000e+00
     16.000    12.4092    32.2795  1024.4711     2.7200     6.7768    114.751    0.04686    5.90586    5.90198      8.116     0.2704   10.75113   3.769516 3.7654e+00    24.3988    24.3985 5.6036e+01     16.128          1       3335    1495.23 1.4888e+03  50215.541    138.915 1564265132       0.20     -0.780   40.16995  -73.32446    32.5494  1024.5659    24.4937    12.4071 0.0000e+00
     15.000    13.7770    32.3678  1024.2670     2.8010     6.7965    117.210    0.03592    5.79883    5.79372      8.135     0.2684   10.57451   3.901256 4.5253e+00    24.1998    24.1994 6.7559e+01     15.115          1       3388    1499.90 1.4928e+03  50159.004    141.122 1564265134       0.04     -0.432   40.16996  -73.32445    32.6230  1024.3504    24.2832    13.7749 0.0000e+00
     14.000    14.2708    32.3906  1024.1783     2.8668     6.6080    119.561    0.03591    5.52705    5.51908      8.132     0.2815   10.12673   3.947717 5.2732e+00    24.1157    24.1153 7.8667e+01     14.102          1       3431    1501.53 1.4923e+03  50132.339    142.932 1564265136      -0.19     -0.538   40.16996  -73.32444    32.6351  1024.2534    24.1909    14.2688 0.0000e+00
     13.000    14.8410    32.2934  1023.9784     2.9164     6.5709    122.208    0.04425    5.37692    5.36757      8.128     0.2515    9.87915   3.990393 6.1537e+00    23.9206    23.9202 9.1913e+01     13.100          1       3457    1503.23 1.4937e+03  49936.781    143.990 1564265137      -0.28     -0.812   40.16997  -73.32444    32.5473  1024.0612    24.0032    14.8391 0.0000e+00
     12.000    15.8694    32.1379  1023.6278     2.9002     6.3380    118.865    0.01461    5.33175    5.32202      8.124     0.1782    9.80443   4.075739 7.0123e+00    23.5750    23.5746 1.0524e+02     12.101          1       3483    1506.26 1.5007e+03  49623.975    145.070 1564265138       0.02     -0.964   40.16998  -73.32444    32.4630  1023.7656    23.7123    15.8676 0.0000e+00
     11.000    18.8234    31.7613  1022.6370     2.8190     5.7604    110.876   -0.03374    5.19500    5.18431      8.119     0.1396    9.57830   4.303626 7.5069e+00    22.5885    22.5880 1.1167e+02     11.087          1       3534    1514.67 1.4877e+03  48885.640    147.198 1564265140       0.19     -0.506   40.16998  -73.32446    32.0695  1022.7626    22.7143    18.8215 0.0000e+00
     10.000    20.1869    31.6124  1022.1760     2.7701     5.4002    110.131   -0.00807    4.90300    4.89072      8.107     0.0684    9.09553   4.411927 7.7126e+00    22.1328    22.1323 1.1529e+02     10.067          1       3598    1518.38 1.4948e+03  48606.300    149.866 1564265143      -0.21     -0.339   40.16998  -73.32446    31.9137  1022.2963    22.2527    20.1851 0.0000e+00
      9.000    21.7703    31.4293  1021.6090     2.6939     5.0490    103.477   -0.05312    4.87923    4.86694      8.109     0.0876    9.05586   4.540267 8.0329e+00    21.5689    21.5684 1.2092e+02      9.072          1       3622    1522.47 1.5052e+03  48286.460    150.890 1564265144      -0.35     -0.755   40.16998  -73.32446    31.7553  1021.7479    21.7088    21.7686 0.0000e+00
      8.000    23.4453    31.2432  1020.9939     2.6117     4.7848     98.524   -0.06840    4.85635    4.84401      8.106     0.0637    9.01782   4.674966 8.7114e+00    20.9593    20.9588 1.2937e+02      8.067          1       3652    1526.61 1.4853e+03  47990.275    152.142 1564265145       0.11     -0.861   40.17000  -73.32448    31.5791  1021.1398    21.1052    23.4437 0.0000e+00
      7.000    24.5908    31.1564  1020.5918     2.5575     4.7352     98.209   -0.03111    4.82161    4.80921      8.104     0.0466    8.96022   4.764777 6.9732e+00    20.5618    20.5614 1.0383e+02      7.053          1       3697    1529.39 1.4897e+03  47847.987    153.990 1564265147       0.12     -0.548   40.17000  -73.32448    31.4417  1020.6991    20.6689    24.5893 0.0000e+00
      6.000    24.9617    31.1505  1020.4727     2.5454     4.7681     99.056   -0.00751    4.81350    4.80109      8.104     0.0456    8.94676   4.796057 5.6503e+00    20.4469    20.4465 8.5409e+01      6.046          1       3737    1530.27 1.5115e+03  47833.769    155.669 1564265149      -0.13     -0.585   40.17001  -73.32448    31.4140  1020.5633    20.5374    24.9604 0.0000e+00
      5.000    25.3025    31.1159  1020.3399     2.5425     4.7692     99.178   -0.00288    4.80867    4.79625      8.105     0.0327    8.93856   4.820434 6.5237e+00    20.3184    20.3181 8.3826e+01      5.041          1       3775    1531.05 1.3138e+03  47781.526    157.263 1564265150       0.06     -0.645   40.17002  -73.32448    31.3566  1020.4134    20.3919    25.3014 0.0000e+00
      4.000    25.3829    31.1244  1020.3178     2.5457     4.7779     99.585    0.00179    4.79787    4.78544      8.107     0.0488    8.92060   4.826088 7.5142e+00    20.3005    20.3002 8.3006e+01      4.025          1       3822    1531.23 1.1047e+03  47791.259    159.205 1564265152       0.00     -0.499   40.17002  -73.32448    31.3426  1020.3742    20.3571    25.3821 0.0000e+00
      3.000    25.4244    31.1345  1020.3085     2.5512     4.7983    100.008    0.00442    4.79790    4.78547      8.108     0.0550    8.92058   4.830211 7.9893e+00    20.2958    20.2956 9.9533e+01      3.022          1       3852    1531.33 1.2710e+03  47805.614    160.461 1564265153      -0.31     -0.691   40.17002  -73.32448    31.3443  1020.3586    20.3457    25.4238 0.0000e+00
      2.000    25.5144    31.1351  1020.2774     2.5515     4.7893     99.809    0.00085    4.79846    4.78604      8.111     0.0528    8.92147   4.836669 7.6756e+00    20.2688    20.2686 1.1116e+02      2.025          1       3929    1531.53 1.4555e+03  47804.423    163.668 1564265157      -0.03     -0.708   40.17003  -73.32448    31.3296  1020.3160    20.3073    25.5140 0.0000e+00
