CalculateIndicators/WaterTemperature/Data/CTD_NYOS/NYOS1910_C04.cnv
* Sea-Bird SBE 9 Data File:
* FileName = C:\Seabird 9 CTD\Data\2019\201910_offhore\NYOS1910_C04.hex
* Software Version Seasave V 7.23.2
* Temperature SN = 4590
* Conductivity SN = 3228
* Number of Bytes Per Scan = 44
* Number of Voltage Words = 5
* Number of Scans Averaged by the Deck Unit = 1
* NMEA Latitude = 40 05.89 N
* NMEA Longitude = 071 34.14 W
* NMEA UTC (Time) = Oct 06 2019  12:01:24
* NMEA baud rate = 4800
** Ship: seawolf
** Station: 1.4
** Operator: EIH
# nquan = 35
# nvalues = 162                         
# units = specified
# name 0 = depSM: Depth [salt water, m]
# name 1 = t090C: Temperature [ITS-90, deg C]
# name 2 = sal00: Salinity, Practical [PSU]
# name 3 = density00: Density [density, kg/m^3]
# name 4 = sbeox0V: Oxygen raw, SBE 43 [V]
# name 5 = sbeox0ML/L: Oxygen, SBE 43 [ml/l]
# name 6 = sbeox0PS: Oxygen, SBE 43 [% saturation]
# name 7 = sbox0dV/dT: Oxygen, SBE 43 [dov/dt]
# name 8 = oxsolML/L: Oxygen Saturation, Garcia & Gordon [ml/l]
# name 9 = oxsatML/L: Oxygen Saturation, Weiss [ml/l]
# name 10 = ph: pH
# name 11 = flECO-AFL: Fluorescence, WET Labs ECO-AFL/FL [mg/m^3]
# name 12 = n2satML/L: Nitrogen Saturation [ml/l]
# name 13 = c0S/m: Conductivity [S/m]
# name 14 = cpar: CPAR/Corrected Irradiance [%]
# name 15 = sigma-é00: Density [sigma-theta, kg/m^3]
# name 16 = sigma-t00: Density [sigma-t, kg/m^3 ]
# name 17 = par: PAR/Irradiance, Biospherical/Licor
# name 18 = prDM: Pressure, Digiquartz [db]
# name 19 = pumps: Pump Status
# name 20 = scan: Scan Count
# name 21 = svCM: Sound Velocity [Chen-Millero, m/s]
# name 22 = spar: SPAR, Biospherical/Licor
# name 23 = specc: Specific Conductance [uS/cm]
# name 24 = timeS: Time, Elapsed [seconds]
# name 25 = timeY: Time, System [seconds]
# name 26 = accM: Acceleration [m/s^2]
# name 27 = dz/dtM: Descent Rate [m/s]
# name 28 = latitude: Latitude [deg]
# name 29 = longitude: Longitude [deg]
# name 30 = gsw_saA0: Absolute Salinity [g/kg]
# name 31 = gsw_densityA0: density, TEOS-10 [density, kg/m^3]
# name 32 = gsw_sigma0A0: density, TEOS-10 [sigma-0, kg/m^3 ]
# name 33 = gsw_ptA0: potential temperature [ITS-90, deg C]
# name 34 = flag: flag
# span 0 =      1.000,     82.000       
# span 1 =    10.4347,    20.9965       
# span 2 =    33.1323,    35.5566       
# span 3 =  1024.1186,  1026.8233       
# span 4 =     1.7381,     2.5067       
# span 5 =     3.5282,     5.1107       
# span 6 =     61.898,     98.264       
# span 7 =   -0.02190,    0.01566       
# span 8 =    5.07668,    6.32552       
# span 9 =    5.06623,    6.32743       
# span 10 =      8.018,      8.284      
# span 11 =     0.0042,     0.3009      
# span 12 =    9.34817,   11.43722      
# span 13 =   3.667194,   4.874946      
# span 14 = -3.479e-06, 4.0634e+01      
# span 15 =    24.1095,    26.4595      
# span 16 =    24.1092,    26.4568      
# span 17 = -4.523e-05, 5.0783e+02      
# span 18 =      1.031,     82.643      
# span 19 =          1,          1      
# span 20 =        110,      20126      
# span 21 =    1490.01,    1524.45      
# span 22 = 3.3788e+02, 1.4241e+03      
# span 23 =  51693.455,  54479.048      
# span 24 =      4.542,    838.537      
# span 25 = 1570363290, 1570364124      
# span 26 =      -0.61,       0.41      
# span 27 =     -0.716,      0.697      
# span 28 =   40.09825,   40.09977      
# span 29 =  -71.56901,  -71.56873      
# span 30 =    33.2763,    35.7268      
# span 31 =  1024.1239,  1026.8275      
# span 32 =    24.1146,    26.4637      
# span 33 =    10.4285,    20.9915      
# span 34 = 0.0000e+00, 0.0000e+00      
# interval = meters: 1                  
# start_time = Oct 06 2019 12:01:25 [System UTC, first data scan.]
# bad_flag = -9.990e-29
*END*
[from data line 42]
     43.000    12.2113    33.3772  1025.4837     2.1126     4.8871     79.979   -0.00397    6.11052    6.10974      8.118     0.2707   11.07962   3.851466 1.8827e-01    25.2900    25.2889 2.4432e+00     43.338          1       2872    1496.32 1.2976e+03  51789.166    119.622 1570363405      -0.06      0.317   40.09850  -71.56894    33.5052  1025.4648    25.2712    12.2057 0.0000e+00
     44.000    12.0940    33.3469  1025.4869     2.1027     4.8834     79.491   -0.00432    6.14336    6.14296      8.109     0.2532   11.13449   3.837533 1.7071e-01    25.2886    25.2876 2.2128e+00     44.344          1       2925    1495.90 1.2963e+03  51765.447    121.844 1570363407       0.16      0.507   40.09852  -71.56894    33.4746  1025.4679    25.2696    12.0883 0.0000e+00
     45.000    11.9477    33.3215  1025.4994     2.0923     4.8717     78.861   -0.00562    6.17767    6.17769      8.103     0.2674   11.19157   3.821626 1.4980e-01    25.2965    25.2954 1.9594e+00     45.355          1       2969    1495.39 1.3081e+03  51753.072    123.673 1570363409      -0.03      0.554   40.09852  -71.56894    33.4505  1025.4814    25.2785    11.9420 0.0000e+00
     46.000    11.7057    33.2858  1025.5214     2.0825     4.8553     78.388   -0.00567    6.19393    6.19416      8.098     0.2769   11.21866   3.795354 1.3041e-01    25.3137    25.3127 1.7068e+00     46.357          1       3011    1494.53 1.3086e+03  51741.691    125.408 1570363411      -0.05      0.584   40.09852  -71.56894    33.4106  1025.5002    25.2926    11.6999 0.0000e+00
     47.000    11.4152    33.2573  1025.5575     2.0693     4.8493     77.975   -0.00399    6.21902    6.21955      8.087     0.2546   11.26065   3.766622 1.1647e-01    25.3450    25.3439 1.5070e+00     47.370          1       3083    1493.50 1.2942e+03  51749.326    128.403 1570363414      -0.04      0.294   40.09852  -71.56894    33.3896  1025.5420    25.3295    11.4094 0.0000e+00
     48.000    11.3278    33.2412  1025.5654     2.0560     4.8432     77.122   -0.00609    6.27999    6.28126      8.078     0.2448   11.36227   3.757711 1.0511e-01    25.3483    25.3472 1.3643e+00     48.382          1       3142    1493.20 1.2981e+03  51741.756    130.893 1570363416       0.16      0.435   40.09854  -71.56894    33.3802  1025.5552    25.3381    11.3218 0.0000e+00
     49.000    11.1163    33.1897  1025.5681     2.0467     4.8223     76.579   -0.00690    6.29712    6.29861      8.074     0.2268   11.39075   3.731241 9.1843e-02    25.3462    25.3452 1.2056e+00     49.380          1       3175    1492.41 1.3129e+03  51705.683    132.252 1570363418       0.09      0.686   40.09854  -71.56894    33.3086  1025.5424    25.3205    11.1103 0.0000e+00
     50.000    10.7432    33.1538  1025.6112     2.0351     4.8064     76.221   -0.00531    6.30591    6.30752      8.065     0.2131   11.40533   3.694491 8.1834e-02    25.3844    25.3834 1.0491e+00     50.396          1       3226    1491.07 1.2819e+03  51720.341    134.369 1570363420      -0.13      0.456   40.09854  -71.56894    33.2803  1025.5913    25.3645    10.7372 0.0000e+00
     51.000    10.6281    33.1455  1025.6294     2.0276     4.8138     76.134   -0.00326    6.32285    6.32469      8.057     0.1832   11.43339   3.684145 7.3055e-02    25.3980    25.3969 9.2266e-01     51.401          1       3284    1490.67 1.2631e+03  51729.767    136.772 1570363422      -0.08      0.389   40.09854  -71.56894    33.2808  1025.6163    25.3849    10.6221 0.0000e+00
     52.000    10.5366    33.1394  1025.6451     2.0171     4.7698     75.405   -0.00503    6.32552    6.32743      8.043     0.1067   11.43722   3.675450 6.3654e-02    25.4091    25.4080 8.2602e-01     52.407          1       3339    1490.35 1.2982e+03  51738.329    139.073 1570363424       0.35      0.479   40.09854  -71.56894    33.2763  1025.6332    25.3972    10.5306 0.0000e+00
     53.000    10.4347    33.1468  1025.6731     2.0067     4.7096     74.700   -0.00644    6.30458    6.30625      8.036     0.0834   11.40207   3.667194 5.6394e-02    25.4324    25.4313 7.3616e-01     53.419          1       3376    1490.01 1.3052e+03  51767.703    140.605 1570363426      -0.05      0.683   40.09855  -71.56894    33.2858  1025.6628    25.4221    10.4285 0.0000e+00
     54.000    10.4520    33.1910  1025.7091     1.9994     4.6565     74.368   -0.00596    6.26149    6.26268      8.034     0.1052   11.32949   3.674683 4.9851e-02    25.4639    25.4628 6.4676e-01     54.422          1       3410    1490.15 1.2975e+03  51827.111    142.028 1570363427       0.05      0.697   40.09856  -71.56894    33.3451  1025.7103    25.4651    10.4457 0.0000e+00
     55.000    10.6141    33.2482  1025.7301     1.9993     4.6935     75.043   -0.00046    6.25449    6.25559      8.036     0.1332   11.31790   3.696743 4.4064e-02    25.4805    25.4794 5.5526e-01     55.432          1       3450    1490.81 1.2598e+03  51878.746    143.692 1570363429      -0.08      0.620   40.09856  -71.56894    33.4185  1025.7436    25.4941    10.6076 0.0000e+00
     56.000    10.9494    33.3527  1025.7567     2.0058     4.7213     75.665    0.00200    6.23970    6.24063      8.041     0.1149   11.29297   3.737149 1.1483e-01    25.5030    25.5018 4.8498e-01     56.439          1       3523    1492.14 4.6468e+02  51966.658    146.754 1570363432      -0.07      0.302   40.09856  -71.56894    33.5164  1025.7650    25.5114    10.9426 0.0000e+00
     57.000    11.0200    33.3739  1025.7651     2.0119     4.7036     75.910    0.00178    6.19625    6.19672      8.046     0.0924   11.21956   3.746408 1.1556e-01    25.5071    25.5059 4.4220e-01     57.453          1       3610    1492.43 3.7825e+02  51984.745    150.379 1570363436       0.09      0.314   40.09857  -71.56894    33.5439  1025.7782    25.5201    11.0130 0.0000e+00
     58.000    11.2426    33.4764  1025.8092     2.0074     4.6591     75.267   -0.00164    6.19009    6.19049      8.046     0.0932   11.20915   3.777488 1.0927e-01    25.5469    25.5456 3.8257e-01     58.454          1       3656    1493.35 3.5016e+02  52090.754    152.291 1570363438      -0.06      0.474   40.09858  -71.56894    33.6491  1025.8240    25.5618    11.2355 0.0000e+00
     59.000    11.3846    33.5412  1025.8382     2.0032     4.6471     75.172   -0.00070    6.18192    6.18224      8.050     0.0975   11.19512   3.796843 8.8668e-02    25.5716    25.5703 3.2507e-01     59.466          1       3747    1493.94 3.6851e+02  52158.061    156.074 1570363442       0.02      0.203   40.09858  -71.56894    33.7109  1025.8506    25.5840    11.3773 0.0000e+00
     60.000    11.4131    33.5755  1025.8642     2.0023     4.6380     75.158   -0.00045    6.17103    6.17125      8.050     0.0794   11.17656   3.802637 7.4973e-02    25.5931    25.5917 2.8483e-01     60.472          1       3823    1494.09 3.8014e+02  52201.765    159.269 1570363445       0.02      0.354   40.09858  -71.56894    33.7418  1025.8737    25.6027    11.4056 0.0000e+00
     61.000    11.4781    33.6178  1025.8896     1.9980     4.6109     74.794   -0.00171    6.16486    6.16502      8.050     0.0960   11.16611   3.813158 7.1481e-02    25.6141    25.6127 2.5024e-01     61.481          1       3890    1494.39 3.5188e+02  52250.717    162.057 1570363447       0.03      0.365   40.09859  -71.56894    33.7859  1025.9004    25.6250    11.4705 0.0000e+00
     62.000    11.5338    33.6479  1025.9073     1.9946     4.5740     74.734   -0.00055    6.12039    6.12012      8.049     0.0733   11.09032   3.821309 4.4239e-02    25.6273    25.6259 2.1496e-01     62.489          1       3970    1494.63 6.1174e+02  52283.891    165.392 1570363451       0.03      0.269   40.09860  -71.56894    33.8151  1025.9173    25.6374    11.5260 0.0000e+00
     63.000    11.8409    33.8495  1026.0110     1.9805     4.4697     73.418   -0.00561    6.08797    6.08737      8.053     0.0582   11.03526   3.872106 2.7683e-02    25.7271    25.7256 1.7897e-01     63.498          1       4045    1495.95 8.1886e+02  52516.210    168.480 1570363454      -0.03      0.331   40.09860  -71.56894    34.0332  1026.0331    25.7492    11.8329 0.0000e+00
     64.000    11.9753    33.9151  1026.0409     1.9666     4.4100     72.623   -0.00645    6.07238    6.07165      8.053     0.0463   11.00859   3.890795 3.5621e-02    25.7527    25.7512 1.4852e-01     64.503          1       4097    1496.51 4.2735e+02  52586.549    170.666 1570363456       0.05      0.503   40.09861  -71.56894    34.0926  1026.0582    25.7700    11.9670 0.0000e+00
     65.000    12.1022    34.0157  1026.0993     1.9470     4.3118     71.401   -0.00845    6.03887    6.03784      8.051     0.0472   10.95123   3.913037 2.3213e-02    25.8068    25.8052 1.3131e-01     65.512          1       4153    1497.08 7.1498e+02  52707.103    173.011 1570363458      -0.01      0.425   40.09862  -71.56894    34.1931  1026.1161    25.8236    12.0937 0.0000e+00
     66.000    12.2823    34.1553  1026.1774     1.9183     4.1645     69.608   -0.01151    5.98288    5.98128      8.050     0.0375   10.85634   3.945784 7.0980e-03    25.8807    25.8790 1.0907e-01     66.525          1       4218    1497.88 1.3586e+03  52873.831    175.698 1570363461      -0.00      0.352   40.09862  -71.56894    34.3460  1026.2040    25.9073    12.2736 0.0000e+00
     67.000    12.5894    34.3349  1026.2612     1.8976     4.0925     68.491   -0.01233    5.97521    5.97352      8.054     0.0316   10.84349   3.993881 6.8650e-03    25.9605    25.9588 8.9331e-02     67.526          1       4258    1499.14 1.3013e+03  53077.395    177.380 1570363463       0.17      0.595   40.09862  -71.56894    34.5295  1026.2902    25.9895    12.5804 0.0000e+00
     68.000    12.7294    34.3776  1026.2712     1.8879     4.1112     68.745   -0.00589    5.98040    5.97877      8.055     0.0416   10.85223   4.010467 1.1293e-02    25.9662    25.9644 6.7675e-02     68.539          1       4299    1499.68 6.8317e+02  53115.955    179.081 1570363465      -0.06      0.602   40.09862  -71.56894    34.5607  1026.2912    25.9862    12.7202 0.0000e+00
     69.000    12.7845    34.4055  1026.2864     1.8859     4.1138     69.127   -0.00157    5.95109    5.94917      8.058     0.0454   10.80236   4.018533 8.4030e-03    25.9770    25.9751 5.0654e-02     69.540          1       4362    1499.92 8.2312e+02  53147.210    181.721 1570363467       0.23      0.407   40.09864  -71.56894    34.5872  1026.3052    25.9959    12.7751 0.0000e+00
     70.000    12.9162    34.4659  1026.3113     1.8862     4.0726     69.229   -0.00042    5.88276    5.88016      8.059     0.0347   10.68665   4.037211 2.8140e-03    25.9978    25.9958 3.5188e-02     70.552          1       4430    1500.45 1.2895e+03  53212.672    184.552 1570363470       0.17      0.594   40.09864  -71.56894    34.6454  1026.3283    26.0147    12.9066 0.0000e+00
     71.000    13.0965    34.5877  1026.3738     1.8742     4.0142     67.966   -0.00658    5.90617    5.90380      8.062     0.0271   10.72645   4.070744 2.0343e-03    26.0560    26.0540 2.6257e-02     71.568          1       4469    1501.21 1.2941e+03  53355.590    186.149 1570363472       0.07      0.603   40.09864  -71.56894    34.8003  1026.4158    26.0980    13.0866 0.0000e+00
     72.000    13.3413    34.6989  1026.4144     1.8642     3.9564     67.487   -0.00623    5.86248    5.85971      8.062     0.0292   10.65183   4.104151 8.9462e-04    26.0927    26.0907 1.1784e-02     72.565          1       4508    1502.17 1.3215e+03  53476.671    187.798 1570363473      -0.08      0.593   40.09864  -71.56894    34.8933  1026.4420    26.1202    13.3313 0.0000e+00
     73.000    13.6229    34.8763  1026.4979     1.8448     3.8262     66.233   -0.00864    5.77658    5.77300      8.066     0.0275   10.50571   4.151309 1.5625e-04    26.1720    26.1698 2.0338e-03     73.579          1       4583    1503.32 1.3044e+03  53682.347    190.924 1570363476       0.09      0.313   40.09866  -71.56894    35.0811  1026.5330    26.2072    13.6125 0.0000e+00
     74.000    13.9110    35.0601  1026.5843     1.8252     3.7361     65.218   -0.00887    5.72859    5.72453      8.071     0.0068   10.42460   4.199618 -3.479e-06    26.2546    26.2523 -4.523e-05     74.587          1       4634    1504.49 1.3176e+03  53898.580    193.048 1570363479       0.19      0.470   40.09866  -71.56894    35.2715  1026.6237    26.2939    13.9003 0.0000e+00
     75.000    14.4223    35.3077  1026.6707     1.8087     3.6777     64.260   -0.01024    5.72323    5.71912      8.079     0.0042   10.41548   4.276852 7.5701e-14    26.3373    26.3349 1.0000e-12     75.592          1       4674    1506.45 1.3210e+03  54174.359    194.700 1570363480      -0.06      0.610   40.09866  -71.56894    35.5229  1026.7121    26.3788    14.4111 0.0000e+00
     76.000    14.5826    35.3636  1026.6836     1.7986     3.6752     64.307   -0.00503    5.71510    5.71092      8.082     0.0048   10.40166   4.296580 7.5690e-14    26.3460    26.3435 1.0000e-12     76.602          1       4721    1507.04 1.3212e+03  54231.547    196.650 1570363482       0.05      0.506   40.09866  -71.56894    35.5587  1026.7094    26.3719    14.5712 0.0000e+00
     77.000    14.6402    35.3955  1026.7002     1.7940     3.6734     64.353   -0.00245    5.70829    5.70404      8.085     0.0224   10.39010   4.305252 7.5577e-14    26.3583    26.3558 1.0000e-12     77.609          1       4767    1507.28 1.3232e+03  54269.312    198.592 1570363484      -0.06      0.520   40.09866  -71.56894    35.5857  1026.7221    26.3802    14.6286 0.0000e+00
     78.000    14.7072    35.4306  1026.7171     1.7900     3.6604     64.225   -0.00177    5.69935    5.69502      8.087     0.0203   10.37487   4.315434 7.9219e-14    26.3708    26.3683 1.0000e-12     78.617          1       4823    1507.55 1.2625e+03  54309.864    200.905 1570363486      -0.00      0.434   40.09866  -71.56894    35.6180  1026.7367    26.3905    14.6954 0.0000e+00
     79.000    14.7730    35.4685  1026.7363     1.7844     3.6390     63.868   -0.00252    5.69775    5.69340      8.089     0.0137   10.37210   4.325772 7.8344e-14    26.3857    26.3831 1.0000e-12     79.624          1       4880    1507.82 1.2765e+03  54354.472    203.300 1570363489       0.01      0.426   40.09868  -71.56894    35.6527  1026.7533    26.4028    14.7611 0.0000e+00
     80.000    14.8405    35.5236  1026.7684     1.7703     3.5886     63.050   -0.00374    5.69170    5.68732      8.089     0.0122   10.36148   4.337729 7.6921e-14    26.4136    26.4109 1.0000e-12     80.631          1       5012    1508.12 1.3002e+03  54422.560    208.780 1570363494       0.32      0.191   40.09868  -71.56894    35.7007  1026.7798    26.4249    14.8284 0.0000e+00
     81.000    14.8223    35.5539  1026.8002     1.7534     3.5489     62.310   -0.00289    5.69556    5.69123      8.089     0.0141   10.36774   4.338603 7.5476e-14    26.4410    26.4383 1.0000e-12     81.642          1       5143    1508.11 1.3251e+03  54466.649    214.243 1570363500       0.02      0.208   40.09868  -71.56894    35.7250  1026.8069    26.4476    14.8101 0.0000e+00
     82.000    14.7444    35.5558  1026.8233     1.7381     3.5282     61.898    0.00045    5.69994    5.69567      8.089     0.0178   10.37500   4.330760 7.5496e-14    26.4595    26.4568 1.0000e-12     82.643          1       5653    1507.88 1.3247e+03  54479.048    235.511 1570363521      -0.04      0.104   40.09872  -71.56894    35.7237  1026.8275    26.4637    14.7320 0.0000e+00
