CalculateIndicators/WaterTemperature/Data/CTD_NYOS/NYOS190727_5_3.cnv
* Sea-Bird SBE 9 Data File:
* FileName = C:\Seabird 9 CTD\Data\2019\201907_offshore\NYOS190727_5_3.hex
* Software Version Seasave V 7.23.2
* Temperature SN = 4590
* Conductivity SN = 3228
* Number of Bytes Per Scan = 44
* Number of Voltage Words = 5
* Number of Scans Averaged by the Deck Unit = 1
* NMEA Latitude = 39 57.58 N
* NMEA Longitude = 072 53.91 W
* NMEA UTC (Time) = Jul 27 2019  10:04:45
* NMEA baud rate = 4800
** Ship: Seawolf
** Station: 5-3
** Operator: ajb
# nquan = 35
# nvalues = 98                          
# units = specified
# name 0 = depSM: Depth [salt water, m]
# name 1 = t090C: Temperature [ITS-90, deg C]
# name 2 = sal00: Salinity, Practical [PSU]
# name 3 = density00: Density [density, kg/m^3]
# name 4 = sbeox0V: Oxygen raw, SBE 43 [V]
# name 5 = sbeox0ML/L: Oxygen, SBE 43 [ml/l]
# name 6 = sbeox0PS: Oxygen, SBE 43 [% saturation]
# name 7 = sbox0dV/dT: Oxygen, SBE 43 [dov/dt]
# name 8 = oxsolML/L: Oxygen Saturation, Garcia & Gordon [ml/l]
# name 9 = oxsatML/L: Oxygen Saturation, Weiss [ml/l]
# name 10 = ph: pH
# name 11 = flECO-AFL: Fluorescence, WET Labs ECO-AFL/FL [mg/m^3]
# name 12 = n2satML/L: Nitrogen Saturation [ml/l]
# name 13 = c0S/m: Conductivity [S/m]
# name 14 = cpar: CPAR/Corrected Irradiance [%]
# name 15 = sigma-é00: Density [sigma-theta, kg/m^3]
# name 16 = sigma-t00: Density [sigma-t, kg/m^3 ]
# name 17 = par: PAR/Irradiance, Biospherical/Licor
# name 18 = prDM: Pressure, Digiquartz [db]
# name 19 = pumps: Pump Status
# name 20 = scan: Scan Count
# name 21 = svCM: Sound Velocity [Chen-Millero, m/s]
# name 22 = spar: SPAR, Biospherical/Licor
# name 23 = specc: Specific Conductance [uS/cm]
# name 24 = timeS: Time, Elapsed [seconds]
# name 25 = timeY: Time, System [seconds]
# name 26 = accM: Acceleration [m/s^2]
# name 27 = dz/dtM: Descent Rate [m/s]
# name 28 = latitude: Latitude [deg]
# name 29 = longitude: Longitude [deg]
# name 30 = gsw_saA0: Absolute Salinity [g/kg]
# name 31 = gsw_densityA0: density, TEOS-10 [density, kg/m^3]
# name 32 = gsw_sigma0A0: density, TEOS-10 [sigma-0, kg/m^3 ]
# name 33 = gsw_ptA0: potential temperature [ITS-90, deg C]
# name 34 = flag: flag
# span 0 =      1.000,     50.000       
# span 1 =     6.3712,    25.0049       
# span 2 =    31.3090,    33.1296       
# span 3 =  1020.5914,  1025.9458       
# span 4 =     1.9412,     2.9265       
# span 5 =     4.7878,     6.9792       
# span 6 =     72.841,    121.040       
# span 7 =   -0.05811,    0.06090       
# span 8 =    4.83487,    6.95347       
# span 9 =    4.82253,    6.96405       
# span 10 =      7.912,      8.236      
# span 11 =     0.0608,     0.8179      
# span 12 =    8.98031,   12.48095      
# span 13 =   3.269120,   4.811424      
# span 14 = 1.1417e-12, 3.8508e+01      
# span 15 =    20.5826,    25.7352      
# span 16 =    20.5822,    25.7347      
# span 17 = 1.0000e-12, 3.3305e+01      
# span 18 =      1.013,     50.388      
# span 19 =          1,          1      
# span 20 =       1071,       6225      
# span 21 =    1474.09,    1530.57      
# span 22 = 7.1000e+01, 8.7980e+01      
# span 23 =  48052.586,  52135.799      
# span 24 =     44.573,    259.324      
# span 25 = 1564221930, 1564222144      
# span 26 =      -0.34,       0.32      
# span 27 =     -1.040,      0.875      
# span 28 =   39.95987,   39.96036      
# span 29 =  -72.89846,  -72.89798      
# span 30 =    31.4823,    33.2700      
# span 31 =  1020.5955,  1025.9474      
# span 32 =    20.5853,    25.7245      
# span 33 =     6.3670,    25.0041      
# span 34 = 0.0000e+00, 0.0000e+00      
# interval = meters: 1                  
# start_time = Jul 27 2019 10:04:45 [System UTC, first data scan.]
# bad_flag = -9.990e-29
*END*
[from data line 42]
     44.000     6.3755    32.7500  1025.9328     1.9520     5.0760     73.018   -0.00282    6.95175    6.96233      7.960     0.2843   12.47785   3.270413 3.1306e-02    25.7286    25.7281 2.5286e-02     44.342          1       2701    1474.12 8.0751e+01  52127.807    112.482 1564221997      -0.03      0.520   39.96002  -72.89824    32.8962  1025.9276    25.7234     6.3718 0.0000e+00
     45.000     6.3739    32.7477  1025.9358     1.9481     5.0834     73.121   -0.00094    6.95209    6.96267      7.956     0.2602   12.47846   3.270415 1.8141e-02    25.7270    25.7265 1.4343e-02     45.353          1       2778    1474.13 7.9302e+01  52125.632    115.704 1564222001      -0.04      0.268   39.96004  -72.89824    32.8973  1025.9333    25.7245     6.3701 0.0000e+00
     46.000     6.3737    32.7442  1025.9377     1.9457     5.0758     73.009   -0.00098    6.95230    6.96288      7.951     0.2504   12.47881   3.270290 7.4236e-04    25.7243    25.7238 6.0995e-04     46.363          1       2841    1474.14 8.1007e+01  52121.408    118.343 1564222003       0.20      0.445   39.96004  -72.89824    32.8957  1025.9367    25.7233     6.3698 0.0000e+00
     47.000     6.3727    32.7431  1025.9417     1.9446     5.0774     73.032   -0.00050    6.95236    6.96294 -9.990e-29     0.2589   12.47894   3.270243 1.5471e-04    25.7236    25.7231 1.2526e-04     47.366          1       2896    1474.15 8.0964e+01  52120.851    120.632 1564222006      -0.07      0.403   39.96005  -72.89823    32.8956  1025.9414    25.7233     6.3687 0.0000e+00
     48.000     6.3728    32.7402  1025.9440     1.9439     5.0779     73.037   -0.00030    6.95257    6.96315 -9.990e-29     0.2446   12.47931   3.270146 1.2348e-12    25.7213    25.7207 1.0000e-12     48.377          1       2987    1474.16 8.0964e+01  52117.300    124.405 1564222009       0.16      0.281   39.96006  -72.89822    32.8939  1025.9447    25.7220     6.3687 0.0000e+00
     49.000     6.3714    32.7364  1025.9458     1.9427     5.0728     72.963   -0.00036    6.95262    6.96319      7.928     0.2732   12.47943   3.269821 1.2232e-12    25.7185    25.7180 1.0000e-12     49.382          1       3347    1474.17 8.1884e+01  52113.016    139.422 1564222024       0.00      0.217   39.96009  -72.89819    32.8912  1025.9474    25.7201     6.3672 0.0000e+00
     50.000     6.3712    32.7274  1025.9434     1.9414     5.0703     72.918   -0.00032    6.95347    6.96405      7.912     0.2727   12.48095   3.269120 1.1417e-12    25.7114    25.7108 1.0000e-12     50.388          1       4858    1474.17 8.7314e+01  52100.708    202.389 1564222087      -0.09     -0.008   39.96022  -72.89807    32.8830  1025.9457    25.7137     6.3670 0.0000e+00
     49.000     6.3726    32.7314  1025.9417     1.9420     5.0760     73.010    0.00024    6.95249    6.96306      7.918     0.2626   12.47929   3.269545 1.2088e-12    25.7144    25.7138 1.0000e-12     49.381          1       4330    1474.17 8.2732e+01  52105.467    180.380 1564222065      -0.31     -0.278   39.96019  -72.89810    32.8869  1025.9439    25.7165     6.3685 0.0000e+00
     48.000     6.3752    32.7310  1025.9364     1.9412     5.0640     72.841   -0.00050    6.95219    6.96275 -9.990e-29     0.2736   12.47880   3.269678 1.1926e-12    25.7137    25.7132 1.0000e-12     48.375          1       4369    1474.16 8.3865e+01  52103.423    181.994 1564222067      -0.30     -0.651   39.96018  -72.89810    32.8864  1025.9385    25.7158     6.3711 0.0000e+00
     47.000     6.3755    32.7306  1025.9315     1.9415     5.0694     72.918   -0.00003    6.95218    6.96275 -9.990e-29     0.2483   12.47878   3.269626 1.1781e-12    25.7134    25.7129 1.0000e-12     47.372          1       4397    1474.14 8.4886e+01  52102.123    183.155 1564222068      -0.03     -0.839   39.96018  -72.89810    32.8861  1025.9336    25.7155     6.3715 0.0000e+00
     46.000     6.3765    32.7305  1025.9266     1.9425     5.0796     73.066    0.00065    6.95205    6.96261      7.917     0.2593   12.47856   3.269655 4.7239e-06    25.7131    25.7126 4.0110e-06     46.361          1       4433    1474.13 8.4914e+01  52100.926    184.650 1564222070       0.13     -0.708   39.96018  -72.89810    32.8859  1025.9287    25.7152     6.3726 0.0000e+00
     45.000     6.3767    32.7305  1025.9219     1.9436     5.0827     73.113    0.00065    6.95192    6.96248      7.919     0.2738   12.47835   3.269631 9.6224e-03    25.7131    25.7126 8.1377e-03     45.352          1       4472    1474.12 8.4389e+01  52100.201    186.291 1564222071       0.01     -0.615   39.96020  -72.89810    32.8859  1025.9240    25.7152     6.3729 0.0000e+00
     44.000     6.3777    32.7305  1025.9171     1.9452     5.0914     73.243    0.00102    6.95139    6.96193      7.919     0.2907   12.47746   3.269674 2.8572e-02    25.7129    25.7125 2.3704e-02     44.344          1       4511    1474.10 8.2984e+01  52099.196    187.912 1564222073      -0.02     -0.616   39.96020  -72.89810    32.8859  1025.9192    25.7151     6.3740 0.0000e+00
     43.000     6.3784    32.7304  1025.9123     1.9459     5.0857     73.177    0.00047    6.94990    6.96043      7.917     0.2785   12.47502   3.269686 4.7392e-02    25.7128    25.7123 3.9661e-02     43.338          1       4549    1474.09 8.3566e+01  52098.227    189.482 1564222074       0.02     -0.646   39.96020  -72.89810    32.8858  1025.9144    25.7149     6.3747 0.0000e+00
     42.000     6.3830    32.7305  1025.9072     1.9476     5.0946     73.318    0.00090    6.94871    6.95922 -9.990e-29     0.2747   12.47304   3.270097 7.1513e-02    25.7123    25.7118 6.0886e-02     42.327          1       4590    1474.09 8.5136e+01  52096.399    191.195 1564222076       0.01     -0.586   39.96020  -72.89810    32.8865  1025.9097    25.7148     6.3794 0.0000e+00
     41.000     6.3924    32.7301  1025.9010     1.9500     5.1076     73.529    0.00155    6.94638    6.95685      7.922     0.3096   12.46919   3.270842 9.3282e-02    25.7108    25.7103 8.1028e-02     41.320          1       4627    1474.11 8.6861e+01  52092.443    192.758 1564222078      -0.05     -0.635   39.96020  -72.89809    32.8862  1025.9036    25.7134     6.3889 0.0000e+00
     40.000     6.3982    32.7305  1025.8959     1.9532     5.1191     73.737    0.00198    6.94231    6.95272      7.924     0.3166   12.46250   3.271345 1.2506e-01    25.7103    25.7099 1.0645e-01     40.314          1       4662    1474.12 8.5152e+01  52090.615    194.213 1564222079      -0.02     -0.688   39.96022  -72.89808    32.8867  1025.8986    25.7130     6.3948 0.0000e+00
     39.000     6.4135    32.7304  1025.8892     1.9584     5.1405     74.148    0.00309    6.93278    6.94303      7.927     0.3132   12.44678   3.272671 1.6376e-01    25.7082    25.7078 1.3654e-01     39.304          1       4701    1474.16 8.3479e+01  52085.443    195.815 1564222081       0.06     -0.640   39.96022  -72.89808    32.8872  1025.8924    25.7115     6.4102 0.0000e+00
     38.000     6.4410    32.7295  1025.8803     1.9664     5.1785     74.812    0.00498    6.92200    6.93208      7.931     0.3580   12.42904   3.275097 2.0814e-01    25.7041    25.7036 1.7275e-01     38.294          1       4737    1474.25 8.2992e+01  52075.867    197.354 1564222082      -0.07     -0.635   39.96022  -72.89808    32.8882  1025.8850    25.7088     6.4377 0.0000e+00
     37.000     6.4900    32.7281  1025.8683     1.9764     5.2224     75.582    0.00690    6.90964    6.91953      7.934     0.3872   12.40859   3.279388 2.5076e-01    25.6967    25.6963 2.1198e-01     37.290          1       4769    1474.43 8.4511e+01  52059.540    198.659 1564222084      -0.06     -0.754   39.96022  -72.89808    32.8891  1025.8748    25.7032     6.4868 0.0000e+00
     36.000     6.5607    32.7217  1025.8494     1.9935     5.3003     76.931    0.01044    6.88969    6.89927      7.944     0.4260   12.37564   3.284940 2.9598e-01    25.6825    25.6821 2.5524e-01     36.283          1       4806    1474.68 8.6204e+01  52029.739    200.206 1564222085       0.11     -0.681   39.96022  -72.89808    32.8832  1025.8564    25.6896     6.5576 0.0000e+00
     35.000     6.6663    32.7248  1025.8335     2.0210     5.4068     78.954    0.01535    6.84811    6.85704      7.963     0.5423   12.30706   3.294938 3.5494e-01    25.6714    25.6710 3.0714e-01     35.270          1       4848    1475.09 8.6570e+01  52005.308    201.951 1564222087      -0.04     -0.561   39.96023  -72.89808    32.8930  1025.8457    25.6835     6.6633 0.0000e+00
     34.000     6.7743    32.7252  1025.8149     2.0533     5.5436     81.437    0.02187    6.80736    6.81566      7.972     0.6615   12.23992   3.304288 4.3727e-01    25.6574    25.6570 3.7124e-01     34.265          1       4880    1475.49 8.4895e+01  51975.360    203.308 1564222088      -0.12     -0.707   39.96024  -72.89808    32.8931  1025.8270    25.6695     6.7713 0.0000e+00
     33.000     6.9759    32.7199  1025.7792     2.1018     5.7609     85.228    0.03209    6.75967    6.76726      7.989     0.6943   12.16100   3.322671 5.3332e-01    25.6266    25.6263 4.4971e-01     33.260          1       4914    1476.26 8.4387e+01  51914.261    204.690 1564222090       0.05     -0.748   39.96024  -72.89808    32.9029  1025.8032    25.6505     6.9729 0.0000e+00
     32.000     7.3273    32.6992  1025.7104     2.1827     6.0638     91.039    0.04680    6.66127    6.66743      8.028     0.8179   11.99822   3.351910 6.4166e-01    25.5625    25.5621 5.3730e-01     32.248          1       4954    1477.58 8.3742e+01  51792.042    206.375 1564222091       0.06     -0.602   39.96024  -72.89808    32.8881  1025.7391    25.5914     7.3243 0.0000e+00
     31.000     7.6281    32.7112  1025.6732     2.2695     6.3694     96.619    0.05773    6.59241    6.59756      8.053     0.7688   11.88440   3.379438 7.7306e-01    25.5300    25.5296 6.6091e-01     31.241          1       4990    1478.73 8.5469e+01  51732.938    207.854 1564222093      -0.10     -0.659   39.96024  -72.89808    32.9019  1025.7034    25.5605     7.6252 0.0000e+00
     30.000     8.2186    32.7184  1025.5884     2.3579     6.6184    101.223    0.06090    6.53870    6.54312      8.079     0.5630   11.79530   3.435184 9.1482e-01    25.4505    25.4500 7.7899e-01     30.236          1       5024    1480.97 8.5178e+01  51604.102    209.293 1564222094       0.04     -0.713   39.96024  -72.89808    32.9437  1025.6458    25.5080     8.2156 0.0000e+00
     29.000     8.7661    32.7149  1025.4986     2.4592     6.6724    105.211    0.05913    6.34234    6.34418      8.109     0.3644   11.46911   3.481481 1.0468e+00    25.3657    25.3652 9.0456e-01     29.225          1       5065    1483.00 8.6400e+01  51475.691    211.019 1564222096       0.06     -0.588   39.96026  -72.89806    32.9226  1025.5425    25.4096     8.7631 0.0000e+00
     28.000     9.1536    32.7521  1025.4626     2.5469     6.6316    108.338    0.05659    6.12150    6.12056      8.126     0.3626   11.10249   3.521951 1.2574e+00    25.3347    25.3342 1.0522e+00     28.216          1       5103    1484.47 8.3897e+01  51446.633    212.582 1564222098      -0.10     -0.623   39.96026  -72.89806    32.9865  1025.5273    25.3992     9.1506 0.0000e+00
     27.000    10.2841    32.8381  1025.3387     2.6097     6.6342    110.456    0.05188    6.00636    6.00404      8.135     0.3756   10.91124   3.637686 1.4578e+00    25.2158    25.2153 1.2200e+00     27.210          1       5133    1488.66 8.3730e+01  51347.112    213.847 1564222099      -0.09     -0.765   39.96026  -72.89806    33.1355  1025.4523    25.3295    10.2810 0.0000e+00
     26.000    11.5991    32.8875  1025.1404     2.6584     6.6795    111.743    0.04287    5.97758    5.97488      8.142     0.3881   10.86398   3.763314 1.6734e+00    25.0224    25.0218 1.4112e+00     26.203          1       5163    1493.34 8.4318e+01  51189.606    215.096 1564222100       0.00     -0.811   39.96026  -72.89806    33.2001  1025.2658    25.1483    11.5959 0.0000e+00
     25.000    12.7140    32.9697  1024.9888     2.6872     6.6218    111.179    0.02539    5.95599    5.95305      8.147     0.3245   10.82797   3.872692 1.9124e+00    24.8765    24.8758 1.6372e+00     25.198          1       5196    1497.24 8.5594e+01  51140.699    216.445 1564222101       0.06     -0.770   39.96026  -72.89806    33.2700  1025.1046    24.9922    12.7107 0.0000e+00
     24.000    13.2510    32.9318  1024.8496     2.7345     6.6612    113.204    0.02452    5.88436    5.88058      8.159     0.2637   10.70931   3.912255 2.1561e+00    24.7421    24.7414 1.8731e+00     24.187          1       5242    1498.98 8.6873e+01  51014.519    218.373 1564222103       0.13     -0.533   39.96027  -72.89805    33.1757  1024.9221    24.8144    13.2477 0.0000e+00
     23.000    13.6734    32.9844  1024.8004     2.7668     6.6502    113.690    0.01521    5.84936    5.84506      8.166     0.2319   10.65353   3.958726 2.4180e+00    24.6974    24.6967 2.1009e+00     23.173          1       5288    1500.42 8.6888e+01  51032.558    220.293 1564222105      -0.20     -0.497   39.96028  -72.89804    33.2455  1024.8859    24.7830    13.6702 0.0000e+00
     22.000    14.0590    32.9438  1024.6852     2.7895     6.7032    114.973    0.01741    5.83030    5.82574      8.169     0.2181   10.62294   3.985990 2.8123e+00    24.5869    24.5863 2.3961e+00     22.171          1       5315    1501.62 8.5229e+01  50929.465    221.430 1564222106      -0.22     -0.790   39.96028  -72.89804    33.1665  1024.7416    24.6432    14.0558 0.0000e+00
     21.000    14.1950    32.8099  1024.5491     2.8144     6.7456    116.507    0.02156    5.78988    5.78478      8.167     0.2166   10.55766   3.984262 3.3499e+00    24.4552    24.4545 2.8140e+00     21.166          1       5342    1501.89 8.4060e+01  50726.761    222.553 1564222108      -0.00     -0.907   39.96028  -72.89804    33.0342  1024.6071    24.5133    14.1920 0.0000e+00
     20.000    14.4300    32.6765  1024.3924     2.8446     6.7819    117.969    0.02251    5.74898    5.74338      8.166     0.2116   10.49100   3.990864 3.8709e+00    24.3031    24.3025 3.2371e+00     20.159          1       5375    1502.48 8.3657e+01  50515.050    223.899 1564222109       0.12     -0.796   39.96028  -72.89804    32.8950  1024.4466    24.3572    14.4271 0.0000e+00
     19.000    15.0728    32.4235  1024.0557     2.8897     6.5366    119.264    0.02031    5.48178    5.47355      8.157     0.1804   10.04932   4.022956 3.9666e+00    23.9711    23.9705 3.4213e+00     19.146          1       5427    1504.22 8.6263e+01  50095.534    226.085 1564222111       0.13     -0.445   39.96029  -72.89804    32.6469  1024.1147    24.0300    15.0700 0.0000e+00
     18.000    15.7619    32.3393  1023.8354     2.9265     6.2832    121.040    0.02922    5.19052    5.17982      8.148     0.1512    9.56815   4.081860 4.4795e+00    23.7558    23.7552 3.8523e+00     18.131          1       5471    1506.28 8.6048e+01  49913.216    227.921 1564222113      -0.33     -0.521   39.96030  -72.89804    32.6038  1023.9261    23.8462    15.7591 0.0000e+00
     17.000    17.3872    32.1989  1023.3483     2.8817     5.9161    115.088   -0.01948    5.14039    5.12938      8.147     0.1432    9.48485   4.228519 5.1980e+00    23.2728    23.2722 4.4134e+00     17.133          1       5494    1511.05 8.4904e+01  49583.777    228.863 1564222114      -0.34     -0.887   39.96030  -72.89804    32.5642  1023.5163    23.4413    17.3843 0.0000e+00
