CalculateIndicators/WaterTemperature/Data/CTD_NYOS/NYOS190724_3_3.cnv
* Sea-Bird SBE 9 Data File:
* FileName = C:\Seabird 9 CTD\Data\2019\201907_offshore\NYOS190724_3_3.hex
* Software Version Seasave V 7.23.2
* Temperature SN = 4590
* Conductivity SN = 3228
* Number of Bytes Per Scan = 44
* Number of Voltage Words = 5
* Number of Scans Averaged by the Deck Unit = 1
* NMEA Latitude = 40 06.48 N
* NMEA Longitude = 072 15.87 W
* NMEA UTC (Time) = Jul 25 2019  03:33:43
* NMEA baud rate = 4800
** Ship: seawolf
** Station: 3-3
** Operator: LIS
# nquan = 35
# nvalues = 127                         
# units = specified
# name 0 = depSM: Depth [salt water, m]
# name 1 = t090C: Temperature [ITS-90, deg C]
# name 2 = sal00: Salinity, Practical [PSU]
# name 3 = density00: Density [density, kg/m^3]
# name 4 = sbeox0V: Oxygen raw, SBE 43 [V]
# name 5 = sbeox0ML/L: Oxygen, SBE 43 [ml/l]
# name 6 = sbeox0PS: Oxygen, SBE 43 [% saturation]
# name 7 = sbox0dV/dT: Oxygen, SBE 43 [dov/dt]
# name 8 = oxsolML/L: Oxygen Saturation, Garcia & Gordon [ml/l]
# name 9 = oxsatML/L: Oxygen Saturation, Weiss [ml/l]
# name 10 = ph: pH
# name 11 = flECO-AFL: Fluorescence, WET Labs ECO-AFL/FL [mg/m^3]
# name 12 = n2satML/L: Nitrogen Saturation [ml/l]
# name 13 = c0S/m: Conductivity [S/m]
# name 14 = cpar: CPAR/Corrected Irradiance [%]
# name 15 = sigma-é00: Density [sigma-theta, kg/m^3]
# name 16 = sigma-t00: Density [sigma-t, kg/m^3 ]
# name 17 = par: PAR/Irradiance, Biospherical/Licor
# name 18 = prDM: Pressure, Digiquartz [db]
# name 19 = pumps: Pump Status
# name 20 = scan: Scan Count
# name 21 = svCM: Sound Velocity [Chen-Millero, m/s]
# name 22 = spar: SPAR, Biospherical/Licor
# name 23 = specc: Specific Conductance [uS/cm]
# name 24 = timeS: Time, Elapsed [seconds]
# name 25 = timeY: Time, System [seconds]
# name 26 = accM: Acceleration [m/s^2]
# name 27 = dz/dtM: Descent Rate [m/s]
# name 28 = latitude: Latitude [deg]
# name 29 = longitude: Longitude [deg]
# name 30 = gsw_saA0: Absolute Salinity [g/kg]
# name 31 = gsw_densityA0: density, TEOS-10 [density, kg/m^3]
# name 32 = gsw_sigma0A0: density, TEOS-10 [sigma-0, kg/m^3 ]
# name 33 = gsw_ptA0: potential temperature [ITS-90, deg C]
# name 34 = flag: flag
# span 0 =      2.000,     65.000       
# span 1 =     6.7520,    24.3642       
# span 2 =    30.5817,    36.7196       
# span 3 =  1020.2513,  1027.0619       
# span 4 =     1.8616,     3.0552       
# span 5 =     3.3497,     9.1745       
# span 6 =     66.940,    151.371       
# span 7 =   -0.04862,    0.33036       
# span 8 =    4.89926,    6.89182       
# span 9 =    4.88701,    6.90145       
# span 10 =      7.943,      8.268      
# span 11 =     0.0217,     1.1008      
# span 12 =    9.09013,   12.37907      
# span 13 =   3.302351,   4.711811      
# span 14 = -1.666e+04, 1.0721e+05      
# span 15 =    20.2383,    26.9874      
# span 16 =    20.2382,    26.9867      
# span 17 = 1.0000e-12, 4.7099e-02      
# span 18 =      2.020,     65.490      
# span 19 =          0,          1      
# span 20 =        118,      10342      
# span 21 =    1475.67,    1528.76      
# span 22 = -2.848e-01, 4.6247e+00      
# span 23 =  47062.068,  55873.773      
# span 24 =      4.861,    430.865      
# span 25 = 1564025630, 1564026056      
# span 26 =      -0.79,       0.47      
# span 27 =     -1.110,      1.069      
# span 28 =   40.10805,   40.10889      
# span 29 =  -72.26456,  -72.26331      
# span 30 =    30.7271,    36.7024      
# span 31 =  1020.2465,  1026.9200      
# span 32 =    20.2336,    26.8408      
# span 33 =     6.7464,    24.3623      
# span 34 = 0.0000e+00, 0.0000e+00      
# interval = meters: 1                  
# start_time = Jul 25 2019 03:33:45 [System UTC, first data scan.]
# bad_flag = -9.990e-29
*END*
      2.000    24.3552    30.8918  1020.4396     1.9346     3.3497     68.228   -0.02749    4.90958    4.89729      8.173     0.1197    9.11099   4.688520 1.0721e+05    20.4310    20.4309 1.0000e-12      2.022          0        118    1528.43 -2.848e-01  47485.669      4.861 1564025630       0.46     -0.120   40.10805  -72.26456    31.0429  1020.4472    20.4386    24.3548 0.0000e+00
      3.000    24.3507    30.6348  1020.2513     1.8616     3.3629     68.410    0.02987    4.91568    4.90341      8.178     0.1231    9.12082   4.651016 2.2554e+04    20.2383    20.2382 1.0000e-12      3.017          0        310    1528.16 3.0587e+00  47132.273     12.858 1564025638       0.47      0.595   40.10807  -72.26454    30.7683  1020.2465    20.2336    24.3501 0.0000e+00
      4.000    24.2005    30.5817  1020.2596     1.8904     3.4493     70.259    0.03711    4.90936    4.89708      8.177     0.1293    9.10983   4.631586 1.1009e+03    20.2423    20.2420 1.0000e-12      4.024          0        373    1527.75 3.9060e+00  47062.068     15.519 1564025641       0.12      0.893   40.10808  -72.26454    30.7271  1020.2639    20.2467    24.1997 0.0000e+00
      5.000    24.2900    30.7925  1020.3969     1.9964     3.6891     75.232    0.03424    4.90360    4.89134      8.176     0.1275    9.09857   4.669077 2.6575e-11    20.3753    20.3750 1.0000e-12      5.041          0        448    1528.21 3.9495e+00  47351.435     18.630 1564025644      -0.03      0.320   40.10808  -72.26452    30.9430  1020.4043    20.3828    24.2889 0.0000e+00
      6.000    24.3524    30.9152  1020.4756     2.1276     4.0991     83.607    0.06499    4.90280    4.89054 -9.990e-29     0.1261    9.09652   4.691586 2.5322e-11    20.4498    20.4494 1.0000e-12      6.050          0        502    1528.52 3.9495e+00  47519.427     20.870 1564025646       0.39      0.578   40.10808  -72.26452    31.0664  1020.4832    20.4573    24.3511 0.0000e+00
      7.000    24.3500    30.9692  1020.5214     2.2150     4.3880     89.425    0.08895    4.90696    4.89473      8.180     0.1196    9.10308   4.698491 2.5320e-11    20.4913    20.4908 1.0000e-12      7.057          0        528    1528.59 3.9495e+00  47594.090     21.940 1564025647       0.17      0.881   40.10808  -72.26452    31.1189  1020.5277    20.4975    24.3486 0.0000e+00
      8.000    24.3469    30.9954  1020.5465     2.2184     4.2635     86.833    0.04609    4.91009    4.89787      8.180     0.1091    9.10812   4.701719 2.5320e-11    20.5120    20.5115 1.0000e-12      8.062          0        550    1528.63 3.9495e+00  47630.518     22.882 1564025648       0.12      1.004   40.10808  -72.26452    31.1447  1020.5523    20.5178    24.3453 0.0000e+00
      9.000    24.3361    31.0147  1020.5686     2.1793     3.9692     80.803   -0.01780    4.91227    4.90005      8.180     0.1210    9.11174   4.703079 2.5320e-11    20.5298    20.5293 1.0000e-12      9.061          0        573    1528.64 3.9495e+00  47657.494     23.848 1564025649      -0.01      1.069   40.10809  -72.26452    31.1620  1020.5729    20.5341    24.3342 0.0000e+00
     10.000    24.2330    31.0688  1020.6441     2.0735     3.6526     73.646   -0.04862    4.96013    4.94817      8.185     0.1592    9.18732   4.700352 2.5320e-11    20.6009    20.6003 1.0000e-12     10.078          0        625    1528.45 2.9699e+00  47733.958     25.981 1564025651      -0.26      0.487   40.10810  -72.26450    31.2132  1020.6460    20.6029    24.2309 0.0000e+00
     11.000    23.9487    31.2660  1020.8804     2.0077     3.5986     71.404   -0.03418    5.03975    5.02831      8.194     0.2346    9.31297   4.699628 -9.990e-29    20.8329    20.8322 1.0000e-12     11.088          0        673    1527.97 3.1426e+00  48010.538     28.017 1564025653       0.38      0.513   40.10810  -72.26450    31.4069  1020.8791    20.8316    23.9464 0.0000e+00
     12.000    23.4538    31.5243  1021.2230     2.0385     3.9485     76.371    0.01056    5.16880    5.15860      8.205     0.3795    9.51384   4.684984 2.5320e-11    21.1710    21.1702 1.0000e-12     12.095          0        702    1527.02 3.9564e+00  48374.885     29.219 1564025654       0.08      0.821   40.10810  -72.26450    31.6473  1021.2076    21.1557    23.4514 0.0000e+00
     13.000    22.7105    31.9641  1021.7718     2.0474     4.0696     77.636    0.01959    5.24195    5.23254      8.214     0.5236    9.62739   4.671647 2.5320e-11    21.7156    21.7148 1.0000e-12     13.104          0        729    1525.60 3.9495e+00  48997.585     30.322 1564025656       0.09      0.857   40.10810  -72.26450    32.0832  1021.7521    21.6958    22.7079 0.0000e+00
     14.000    21.9457    32.5372  1022.4230     2.0170     3.8522     73.611   -0.01168    5.23322    5.22372      8.224     0.5779    9.61338   4.670243 2.5320e-11    22.3615    22.3608 1.0000e-12     14.099          0        755    1524.23 3.9495e+00  49804.254     31.404 1564025657      -0.04      0.954   40.10810  -72.26448    32.6453  1022.3931    22.3324    21.9430 0.0000e+00
     15.000    19.2280    34.6053  1024.7304     1.9368     3.6526     66.940   -0.04351    5.45501    5.44849      8.261     0.6674    9.96074   4.657571 2.5320e-11    24.6658    24.6651 1.0000e-12     15.127          0        805    1519.15 3.9495e+00  52752.152     33.511 1564025659      -0.21      0.413   40.10811  -72.26448    34.6775  1024.6660    24.6004    19.2253 0.0000e+00
     16.000    19.6021    34.3644  1024.4514     1.9234     3.7607     68.750   -0.01640    5.47021    5.46411      8.262     0.6688    9.98043   4.667027 2.5320e-11    24.3816    24.3808 1.0000e-12     16.127          0        834    1519.92 3.9495e+00  52403.586     34.716 1564025660       0.44      0.686   40.10812  -72.26447    34.4603  1024.4058    24.3360    19.5992 0.0000e+00
     17.000    18.1373    35.4736  1025.6715     1.9038     3.8014     67.849   -0.01585    5.60403    5.59768      8.263     0.6848   10.23566   4.641831 2.5320e-11    25.5968    25.5961 1.0000e-12     17.123          0        858    1516.96 3.9495e+00  54014.885     35.700 1564025661       0.13      0.989   40.10812  -72.26446    35.5055  1025.5726    25.4981    18.1344 0.0000e+00
     18.000    16.3825    36.7196  1027.0619     2.2818     6.4544    108.876    0.18987    5.91139    5.90752      8.268     0.6879   10.76119   4.601167 2.6804e-11    26.9874    26.9867 1.0000e-12     18.142          0        902    1513.25 3.9495e+00  55873.773     37.530 1564025663      -0.28      0.590   40.10812  -72.26446    36.7024  1026.9200    26.8408    16.3795 0.0000e+00
     19.000    15.2957    32.3694  1023.9633     2.8026     9.1745    151.371    0.33036    6.06283    6.06079      8.262     0.7273   11.01122   3.995264 2.5312e-11    23.8710    23.8704 1.0000e-12     19.149          1        942    1504.84 3.9495e+00  49959.849     39.219 1564025664       0.24      0.583   40.10812  -72.26446    32.2152  1023.7338    23.6492    15.2928 0.0000e+00
     20.000    14.0131    32.3281  1024.2095     2.8720     7.9442    128.870    0.09478    6.16601    6.16521      8.252     0.7406   11.18231   3.886953 2.5320e-11    24.1198    24.1192 1.0000e-12     20.154          1        973    1500.71 3.9495e+00  50078.603     40.519 1564025666       0.03      0.767   40.10812  -72.26446    32.2881  1024.0663    23.9767    14.0103 0.0000e+00
     21.000    12.8527    32.4042  1024.5059     2.8623     7.3708    117.743    0.00186    6.26055    6.26098      8.241     0.8166   11.33832   3.791522 4.4242e-11    24.4114    24.4108 1.0000e-12     21.163          1       1009    1496.97 2.5000e+00  50330.398     41.982 1564025667      -0.07      0.708   40.10812  -72.26446    32.3765  1024.3710    24.2765    12.8499 0.0000e+00
     22.000    11.9011    32.3949  1024.6845     2.8383     7.2132    114.221   -0.01803    6.31509    6.31624      8.239     0.8836   11.42835   3.705731 2.7944e-11    24.5852    24.5847 1.0000e-12     22.175          1       1045    1493.74 3.7441e+00  50453.158     43.499 1564025669       0.03      0.650   40.10814  -72.26445    32.3728  1024.5532    24.4538    11.8983 0.0000e+00
     23.000    11.2492    32.4422  1024.8448     2.8274     7.2874    114.812   -0.00930    6.34724    6.34881      8.234     0.9344   11.48164   3.654121 2.5319e-11    24.7407    24.7402 1.0000e-12     23.178          1       1075    1491.54 3.9495e+00  50621.578     44.729 1564025670       0.12      0.774   40.10814  -72.26444    32.4373  1024.7260    24.6218    11.2464 0.0000e+00
     24.000    10.8257    32.4720  1024.9474     2.8062     7.2193    113.291   -0.01335    6.37248    6.37437      8.227     0.9317   11.52363   3.621673 2.7438e-11    24.8384    24.8379 1.0000e-12     24.183          1       1109    1490.10 3.9495e+00  50733.631     46.160 1564025671      -0.13      0.748   40.10814  -72.26444    32.4890  1024.8452    24.7362    10.8229 0.0000e+00
     25.000    10.4371    32.4685  1025.0165     2.7622     7.1659    110.301   -0.02074    6.49694    6.50052      8.223     0.7890   11.72940   3.589757 2.5216e-11    24.9028    24.9024 1.0000e-12     25.198          1       1161    1488.74 3.9495e+00  50797.090     48.321 1564025673      -0.04      0.436   40.10814  -72.26443    32.5149  1024.9368    24.8231    10.4342 0.0000e+00
     26.000    10.2163    32.4367  1025.0337     2.7306     7.1220    108.518   -0.02287    6.56290    6.56749      8.221     0.6725   11.83729   3.566958 2.5320e-11    24.9153    24.9148 1.0000e-12     26.208          1       1198    1487.92 3.9495e+00  50792.174     49.875 1564025675       0.25      0.601   40.10814  -72.26442    32.4818  1024.9530    24.8346    10.2134 0.0000e+00
     27.000     9.6395    32.4327  1025.1304     2.7344     7.3013    111.031   -0.00592    6.57584    6.58062      8.225     0.6049   11.85867   3.513424 2.5320e-11    25.0070    25.0065 1.0000e-12     27.209          1       1223    1485.84 3.9495e+00  50896.293     50.932 1564025676       0.19      0.869   40.10814  -72.26442    32.4548  1025.0313    24.9080     9.6365 0.0000e+00
     28.000     9.0814    32.5468  1025.3134     2.7533     7.5456    114.425    0.01166    6.59432    6.59936      8.225     0.5581   11.88928   3.478317 2.5320e-11    25.1853    25.1848 1.0000e-12     28.213          1       1253    1483.95 3.9495e+00  51170.703     52.179 1564025677      -0.13      0.872   40.10814  -72.26442    32.5992  1025.2371    25.1090     9.0784 0.0000e+00
     29.000     8.8532    32.5804  1025.3800     2.7534     7.5214    113.114    0.00122    6.64961    6.65544      8.210     0.5429   11.98071   3.463468 2.5320e-11    25.2471    25.2466 1.0000e-12     29.226          1       1299    1483.16 3.9495e+00  51266.519     54.085 1564025679      -0.12      0.541   40.10815  -72.26442    32.6531  1025.3192    25.1863     8.8502 0.0000e+00
     30.000     8.5820    32.5564  1025.4072     2.7080     7.1609    107.164   -0.02551    6.68216    6.68849      8.189     0.5967   12.03417   3.437340 2.7721e-11    25.2695    25.2691 1.0000e-12     30.242          1       1347    1482.14 3.7623e+00  51291.689     56.072 1564025681       0.13      0.477   40.10816  -72.26442    32.6283  1025.3458    25.2081     8.5790 0.0000e+00
     31.000     8.3343    32.5747  1025.4635     2.6725     7.0132    104.696   -0.03050    6.69868    6.70526      8.186     0.6323   12.06140   3.418675 7.7189e+04    25.3211    25.3206 1.0000e-12     31.241          1       1374    1481.25 8.2527e-01  51373.726     57.192 1564025682       0.27      0.771   40.10816  -72.26442    32.6600  1025.4122    25.2698     8.3312 0.0000e+00
     32.000     8.2078    32.5994  1025.5062     2.6472     7.0069    104.295   -0.02459    6.71830    6.72519      8.179     0.7060   12.09357   3.410696 3.5402e+04    25.3591    25.3586 1.0000e-12     32.244          1       1403    1480.82 2.4466e+00  51438.014     58.412 1564025684      -0.08      0.868   40.10816  -72.26440    32.6924  1025.4607    25.3137     8.2046 0.0000e+00
     33.000     8.0126    32.6142  1025.5510     2.6023     6.9252    102.457   -0.02207    6.75926    6.76678      8.147     1.0317   12.16107   3.395773 -2.241e+03    25.3992    25.3987 1.0000e-12     33.262          1       1450    1480.11 4.0454e+00  51505.043     60.371 1564025686      -0.12      0.491   40.10816  -72.26440    32.7149  1025.5115    25.3596     8.0094 0.0000e+00
     34.000     7.8405    32.6349  1025.5968     2.5509     6.6536     98.394   -0.03244    6.76211    6.76970      8.122     1.0623   12.16541   3.382895 2.5320e-11    25.4402    25.4397 1.0000e-12     34.267          1       1486    1479.50 3.9495e+00  51575.707     61.864 1564025687       0.21      0.638   40.10816  -72.26440    32.7376  1025.5586    25.4020     7.8372 0.0000e+00
     35.000     7.6416    32.6461  1025.6386     2.4940     6.3492     94.231   -0.04154    6.73778    6.74505      8.115     0.9152   12.12471   3.367000 2.5320e-11    25.4773    25.4768 1.0000e-12     35.270          1       1518    1478.77 3.9495e+00  51640.761     63.188 1564025688      -0.01      0.767   40.10818  -72.26440    32.7529  1025.6035    25.4421     7.6383 0.0000e+00
     36.000     7.6275    32.6892  1025.6790     2.4278     6.1860     91.587   -0.03703    6.75432    6.76184      8.094     0.6261   12.15209   3.372143 2.5320e-11    25.5131    25.5126 1.0000e-12     36.282          1       1561    1478.79 3.9495e+00  51706.216     65.004 1564025690      -0.13      0.570   40.10818  -72.26438    32.8212  1025.6635    25.4975     7.6241 0.0000e+00
     37.000     7.7623    32.7216  1025.6900     2.3725     6.0825     89.658   -0.03135    6.78407    6.79203      8.080     0.4662   12.20128   3.386897 2.5320e-11    25.5195    25.5190 1.0000e-12     37.295          1       1603    1479.36 3.9495e+00  51719.963     66.758 1564025692       0.18      0.541   40.10818  -72.26438    32.8528  1025.6737    25.5032     7.7587 0.0000e+00
     38.000     7.6596    32.7138  1025.7031     2.3442     6.0325     88.756   -0.02789    6.79673    6.80487      8.076     0.4351   12.22231   3.376414 -9.990e-29    25.5279    25.5274 1.0000e-12     38.295          1       1630    1478.97 3.9495e+00  51734.607     67.891 1564025693       0.19      0.808   40.10818  -72.26438    32.8362  1025.6799    25.5047     7.6560 0.0000e+00
     39.000     7.4798    32.7110  1025.7308     2.3196     6.0576     88.894   -0.01873    6.81437    6.82277      8.068     0.3263   12.25153   3.360969 -9.990e-29    25.5509    25.5504 1.0000e-12     39.303          1       1666    1478.30 3.9495e+00  51775.667     69.361 1564025695      -0.18      0.744   40.10818  -72.26438    32.8385  1025.7116    25.5317     7.4762 0.0000e+00
     40.000     7.3446    32.7043  1025.7490     2.2956     6.0648     88.579   -0.01300    6.84683    6.85569      8.057     0.2039   12.30550   3.348712 -9.990e-29    25.5644    25.5639 1.0000e-12     40.315          1       1709    1477.78 3.9495e+00  51800.918     71.151 1564025696       0.09      0.535   40.10818  -72.26438    32.8331  1025.7308    25.5461     7.3409 0.0000e+00
     41.000     7.2264    32.6955  1025.7631     2.2707     5.9779     86.953   -0.01576    6.87481    6.88410      8.049     0.1152   12.35164   3.337561 -9.990e-29    25.5736    25.5731 1.0000e-12     41.322          1       1746    1477.33 2.2269e+00  51818.922     72.694 1564025698      -0.01      0.657   40.10820  -72.26436    32.8234  1025.7441    25.5547     7.2226 0.0000e+00
     42.000     7.0657    32.6728  1025.7718     2.2540     5.9408     86.409   -0.01387    6.87527    6.88458      8.047     0.0963   12.35232   3.321041 -9.990e-29    25.5776    25.5771 1.0000e-12     42.331          1       1779    1476.70 3.4871e+00  51828.910     74.099 1564025699       0.12      0.677   40.10820  -72.26436    32.7951  1025.7484    25.5542     7.0619 0.0000e+00
