CalculateIndicators/WaterTemperature/Data/CTD_NYOS/NYOS190724_3_4.cnv
* Sea-Bird SBE 9 Data File:
* FileName = C:\Seabird 9 CTD\Data\2019\201907_offshore\NYOS190724_3_4.hex
* Software Version Seasave V 7.23.2
* Temperature SN = 4590
* Conductivity SN = 3228
* Number of Bytes Per Scan = 44
* Number of Voltage Words = 5
* Number of Scans Averaged by the Deck Unit = 1
* NMEA Latitude = 39 47.17 N
* NMEA Longitude = 072 08.77 W
* NMEA UTC (Time) = Jul 25 2019  00:22:56
* NMEA baud rate = 4800
** Ship: seawolf
** Station: 3-4
** Operator: LIS
# nquan = 35
# nvalues = 195                         
# units = specified
# name 0 = depSM: Depth [salt water, m]
# name 1 = t090C: Temperature [ITS-90, deg C]
# name 2 = sal00: Salinity, Practical [PSU]
# name 3 = density00: Density [density, kg/m^3]
# name 4 = sbeox0V: Oxygen raw, SBE 43 [V]
# name 5 = sbeox0ML/L: Oxygen, SBE 43 [ml/l]
# name 6 = sbeox0PS: Oxygen, SBE 43 [% saturation]
# name 7 = sbox0dV/dT: Oxygen, SBE 43 [dov/dt]
# name 8 = oxsolML/L: Oxygen Saturation, Garcia & Gordon [ml/l]
# name 9 = oxsatML/L: Oxygen Saturation, Weiss [ml/l]
# name 10 = ph: pH
# name 11 = flECO-AFL: Fluorescence, WET Labs ECO-AFL/FL [mg/m^3]
# name 12 = n2satML/L: Nitrogen Saturation [ml/l]
# name 13 = c0S/m: Conductivity [S/m]
# name 14 = cpar: CPAR/Corrected Irradiance [%]
# name 15 = sigma-é00: Density [sigma-theta, kg/m^3]
# name 16 = sigma-t00: Density [sigma-t, kg/m^3 ]
# name 17 = par: PAR/Irradiance, Biospherical/Licor
# name 18 = prDM: Pressure, Digiquartz [db]
# name 19 = pumps: Pump Status
# name 20 = scan: Scan Count
# name 21 = svCM: Sound Velocity [Chen-Millero, m/s]
# name 22 = spar: SPAR, Biospherical/Licor
# name 23 = specc: Specific Conductance [uS/cm]
# name 24 = timeS: Time, Elapsed [seconds]
# name 25 = timeY: Time, System [seconds]
# name 26 = accM: Acceleration [m/s^2]
# name 27 = dz/dtM: Descent Rate [m/s]
# name 28 = latitude: Latitude [deg]
# name 29 = longitude: Longitude [deg]
# name 30 = gsw_saA0: Absolute Salinity [g/kg]
# name 31 = gsw_densityA0: density, TEOS-10 [density, kg/m^3]
# name 32 = gsw_sigma0A0: density, TEOS-10 [sigma-0, kg/m^3 ]
# name 33 = gsw_ptA0: potential temperature [ITS-90, deg C]
# name 34 = flag: flag
# span 0 =      2.000,     99.000       
# span 1 =     7.0894,    24.6637       
# span 2 =    32.2023,    37.9925       
# span 3 =  1021.3855,  1028.3993       
# span 4 =     1.8926,     2.9164       
# span 5 =     3.4041,     8.1149       
# span 6 =     67.803,    129.874       
# span 7 =   -0.11696,    0.17815       
# span 8 =    4.83696,    6.83847       
# span 9 =    4.82482,    6.84727       
# span 10 =      7.990,      8.237      
# span 11 =    -0.0214,     1.3829      
# span 12 =    8.97272,   12.29100      
# span 13 =   3.329883,   4.934391      
# span 14 = -1.008e+04, 9.6796e+04      
# span 15 =    21.4036,    28.3424      
# span 16 =    21.4033,    28.3420      
# span 17 = -7.042e-03, 4.7580e-01      
# span 18 =      2.027,     99.769      
# span 19 =          0,          1      
# span 20 =        239,      11853      
# span 21 =    1476.93,    1530.91      
# span 22 = 1.2255e-01, 5.9972e+00      
# span 23 =  49158.909,  57744.977      
# span 24 =      9.920,    493.850      
# span 25 = 1564014188, 1564014672      
# span 26 =      -0.77,       0.52      
# span 27 =     -1.161,      1.032      
# span 28 =   39.78628,   39.78737      
# span 29 =  -72.14720,  -72.14621      
# span 30 =    32.5203,    38.0361      
# span 31 =  1021.5175,  1028.2725      
# span 32 =    21.4918,    28.2194      
# span 33 =     7.0848,    24.6633      
# span 34 = 0.0000e+00, 0.0000e+00      
# interval = meters: 1                  
# start_time = Jul 25 2019 00:22:58 [System UTC, first data scan.]
# bad_flag = -9.990e-29
*END*
[from data line 166]
     30.000     7.9660    32.5975  1025.5309     2.3861     6.4963     96.742    0.01450    6.71507    6.72183      8.048     1.0919   12.08914   3.395908 3.2614e+04    25.3928    25.3924 1.0000e-12     30.231          1       9998    1479.86 2.6337e+00  51490.304    416.558 1564014594       0.22     -0.487   39.78722  -72.14712    32.7613  1025.5406    25.4026     7.9631 0.0000e+00
     29.000     7.9352    32.5693  1025.5086     2.3768     6.2604     93.299   -0.00627    6.71005    6.71672      8.040     1.2593   12.08094   3.390124 -9.534e+02    25.3751    25.3747 1.0000e-12     29.219          1      10040    1479.70 3.9882e+00  51456.842    418.304 1564014596      -0.52     -0.518   39.78722  -72.14712    32.7287  1025.5149    25.3814     7.9324 0.0000e+00
     28.000     7.9379    32.5603  1025.4965     2.3648     6.1666     91.922   -0.01173    6.70851    6.71516      8.040     1.3829   12.07844   3.389535 2.5320e-11    25.3676    25.3672 1.0000e-12     28.229          1      10063    1479.68 3.9495e+00  51442.486    419.270 1564014597      -0.19     -0.943   39.78722  -72.14712    32.7203  1025.5035    25.3745     7.9352 0.0000e+00
     27.000     7.9818    32.5434  1025.4723     2.3621     6.2387     93.648    0.00220    6.66215    6.66811      8.057     1.1002   12.00201   3.391792 2.5320e-11    25.3480    25.3476 1.0000e-12     27.198          1      10135    1479.81 3.9495e+00  51407.476    422.250 1564014600       0.14     -0.219   39.78722  -72.14714    32.7038  1025.4795    25.3553     7.9792 0.0000e+00
     26.000     8.0470    32.5444  1025.4589     2.3878     6.4098     96.773    0.01601    6.62344    6.62883      8.072     0.9082   11.93825   3.398603 -9.990e-29    25.3393    25.3390 1.0000e-12     26.190          1      10168    1480.04 3.9495e+00  51393.162    423.621 1564014601      -0.77     -0.616   39.78724  -72.14714    32.7162  1025.4751    25.3555     8.0444 0.0000e+00
     25.000     8.1648    32.5326  1025.4279     2.4054     6.5267     98.502    0.02210    6.62595    6.63136      8.079     0.7447   11.94246   3.407773 -9.990e-29    25.3129    25.3126 1.0000e-12     25.201          1      10183    1480.45 3.9495e+00  51348.479    424.240 1564014602      -0.68     -1.134   39.78724  -72.14714    32.7045  1025.4443    25.3293     8.1623 0.0000e+00
     24.000     8.3387    32.5252  1025.3916     2.4383     6.6415    100.494    0.02507    6.60926    6.61444      8.089     0.6536   11.91485   3.422665 2.5320e-11    25.2814    25.2810 1.0000e-12     24.200          1      10214    1481.08 3.9495e+00  51297.769    425.544 1564014603       0.08     -1.096   39.78724  -72.14714    32.7013  1025.4115    25.3011     8.3363 0.0000e+00
     23.000     8.6489    32.5065  1025.3258     2.5237     6.7575    104.297    0.02461    6.47902    6.48239      8.107     0.3985   11.69923   3.448097 2.5320e-11    25.2203    25.2200 1.0000e-12     23.166          1      10297    1482.21 3.9495e+00  51201.722    428.986 1564014607      -0.71     -0.310   39.78724  -72.14716    32.6829  1025.3460    25.2405     8.6466 0.0000e+00
     22.000     8.7856    32.4841  1025.2828     2.5507     6.7879    106.055    0.02954    6.40058    6.40293      8.113     0.4194   11.56894   3.458296 2.5320e-11    25.1819    25.1815 1.0000e-12     22.178          1      10315    1482.68 3.9495e+00  51139.654    429.739 1564014608      -0.46     -0.924   39.78724  -72.14716    32.6643  1025.3061    25.2052     8.7833 0.0000e+00
     21.000     9.2049    32.4934  1025.2198     2.6074     6.9172    109.732    0.03897    6.30428    6.30533      8.138     0.4804   11.40991   3.498830 2.1825e+04    25.1238    25.1234 1.0000e-12     21.167          1      10348    1484.22 3.0483e+00  51065.632    431.111 1564014609       0.27     -0.856   39.78724  -72.14716    32.7017  1025.2652    25.1691     9.2027 0.0000e+00
     20.000    10.2740    32.5495  1025.0841     2.6813     7.0747    113.231    0.03924    6.24798    6.24829      8.157     0.5172   11.31692   3.602234 3.8440e+04    24.9931    24.9927 1.0000e-12     20.153          1      10393    1488.16 2.3262e+00  50937.734    433.013 1564014611      -0.09     -0.491   39.78725  -72.14718    32.7892  1025.1541    25.0630    10.2717 0.0000e+00
     19.000    11.0371    32.5065  1024.9141     2.7298     7.0896    113.979    0.02633    6.22007    6.22003      8.166     0.4898   11.27062   3.664244 2.7031e+04    24.8279    24.8275 1.0000e-12     19.148          1      10439    1490.81 2.7797e+00  50743.578    434.925 1564014613       0.10     -0.525   39.78726  -72.14718    32.7269  1024.9695    24.8833    11.0348 0.0000e+00
     18.000    11.3489    32.5123  1024.8586     2.7651     7.0917    114.188    0.01363    6.21056    6.21040      8.173     0.5073   11.25481   3.691300 5.5348e+04    24.7772    24.7768 1.0000e-12     18.146          1      10548    1491.90 1.7158e+00  50700.541    439.446 1564014617      -0.17     -0.533   39.78726  -72.14718    32.7180  1024.9026    24.8211    11.3467 0.0000e+00
     17.000    11.5173    32.5245  1024.8331     2.8171     7.0794    115.421    0.00391    6.13357    6.13246      8.181     0.5521   11.12715   3.703390 6.1688e+02    24.7562    24.7558 1.0000e-12     17.135          1      11068    1492.48 3.9246e+00  50689.778    461.139 1564014639       0.10     -0.863   39.78730  -72.14720    32.6884  1024.8449    24.7679    11.5152 0.0000e+00
     16.000    11.8276    32.5288  1024.7746     2.8272     7.0644    115.887    0.00439    6.09594    6.09437      8.184     0.5154   11.06494   3.733394 2.5320e-11    24.7023    24.7020 1.0000e-12     16.124          1      11124    1493.54 3.9495e+00  50647.834    463.475 1564014641       0.17     -0.484   39.78732  -72.14720    32.7087  1024.7989    24.7266    11.8256 0.0000e+00
     15.000    12.2660    32.4941  1024.6616     2.8433     7.0252    116.897    0.00812    6.00964    6.00697      8.187 -9.990e-29   10.92295   3.768868 -9.990e-29    24.5940    24.5936 1.0000e-12     15.106          1      11177    1494.99 3.9495e+00  50533.387    465.667 1564014643      -0.37     -0.423   39.78732  -72.14720    32.6695  1024.6826    24.6150    12.2640 0.0000e+00
     14.000    12.3398    32.5118  1024.6567     2.8510     7.1148    117.681    0.01109    6.04582    6.04363      8.189 -9.990e-29   10.98200   3.778336 2.5320e-11    24.5936    24.5933 1.0000e-12     14.112          1      11200    1495.25 3.9495e+00  50546.975    466.613 1564014644      -0.36     -0.862   39.78732  -72.14720    32.6968  1024.6851    24.6220    12.3379 0.0000e+00
     13.000    12.8405    32.4860  1024.5356     2.8527     6.9730    116.659    0.00229    5.97718    5.97421      8.188     0.4780   10.86796   3.823028 2.5320e-11    24.4771    24.4768 1.0000e-12     13.107          1      11229    1496.89 3.9495e+00  50441.572    467.824 1564014646       0.15     -0.914   39.78732  -72.14720    32.6903  1024.5792    24.5207    12.8387 0.0000e+00
     12.000    13.0150    32.4826  1024.4941     2.8880     6.9121    119.454    0.01644    5.78652    5.78136      8.185     0.4233   10.55275   3.837430 2.5320e-11    24.4401    24.4398 1.0000e-12     12.091          1      11280    1497.46 3.9495e+00  50412.914    469.963 1564014648       0.14     -0.465   39.78732  -72.14720    32.6766  1024.5298    24.4759    13.0134 0.0000e+00
     11.000    14.2741    32.4704  1024.2255     2.8917     6.7368    117.846   -0.00005    5.71652    5.71059      8.188     0.4300   10.43690   3.957843 2.5320e-11    24.1766    24.1763 1.0000e-12     11.074          1      11325    1501.58 3.9495e+00  50242.900    471.845 1564014650      -0.32     -0.491   39.78732  -72.14720    32.7268  1024.3095    24.2604    14.2725 0.0000e+00
     10.000    14.9032    32.4090  1024.0407     2.8916     6.4760    117.244   -0.00318    5.52354    5.51576      8.185     0.4361   10.11640   4.007479 3.7550e+04    23.9965    23.9962 1.0000e-12     10.086          1      11347    1503.51 2.3841e+00  50090.283    472.750 1564014651      -0.38     -0.892   39.78732  -72.14720    32.6515  1024.1143    24.0697    14.9017 0.0000e+00
      9.000    15.5153    32.3681  1023.8716     2.9164     6.5116    119.741    0.01339    5.43821    5.42968      8.182     0.3300    9.97385   4.058394 3.9624e+04    23.8311    23.8308 1.0000e-12      9.070          1      11386    1505.39 2.2353e+00  49968.136    474.380 1564014652       0.30     -0.707   39.78732  -72.14720    32.6018  1023.9387    23.8987    15.5140 0.0000e+00
      8.000    17.8223    32.2655  1023.2542     2.8761     5.8869    113.224   -0.03622    5.20457    5.19648      8.171     0.1719    9.55231   4.272507 3.6527e+02    23.2203    23.2199 1.0000e-12      8.062          1      11429    1512.26 3.9337e+00  49648.019    476.150 1564014654      -0.21     -0.554   39.78732  -72.14720    32.5998  1023.3986    23.3634    17.8209 0.0000e+00
      7.000    17.5555    34.1975  1024.7901     2.7825     5.2945    107.891   -0.05113    4.90559    4.89377      8.162     0.1150    9.08642   4.462472 2.5320e-11    24.6491    24.6488 1.0000e-12      7.056          1      11471    1513.62 3.9495e+00  52223.116    477.926 1564014656       0.12     -0.579   39.78734  -72.14720    34.5380  1024.9358    24.9050    17.5543 0.0000e+00
      6.000    24.6153    32.2023  1021.3855     2.5585     4.5038     92.733   -0.11696    4.85749    4.84539      8.170     0.0879    9.00715   4.916511 2.1914e-01    21.4036    21.4033 8.6549e-03      6.033          1      11522    1530.52 3.9495e+00  49158.909    480.050 1564014658      -0.19     -0.416   39.78734  -72.14718    32.5237  1021.5175    21.4918    24.6140 0.0000e+00
      5.000    23.9955    32.3746  1021.6783     2.5481     4.6844     96.684   -0.04799    4.84509    4.83295 -9.990e-29     0.0945    8.98671   4.876862 1.5922e+04    21.6557    21.6553 7.0813e-02      5.032          1      11543    1529.19 3.2159e+00  49523.082    480.926 1564014659      -0.52     -0.797   39.78734  -72.14718    32.7032  1021.8142    21.7926    23.9944 0.0000e+00
      4.000    24.1984    32.3963  1021.6309     2.5355     4.7295     97.675   -0.02279    4.84211    4.82997 -9.990e-29     0.0845    8.98174   4.894969 9.6796e+04    21.6142    21.6140 1.1756e-01      4.042          1      11561    1529.70 1.2255e-01  49552.399    481.678 1564014659      -0.37     -1.161   39.78734  -72.14718    32.6909  1021.7410    21.7237    24.1975 0.0000e+00
      3.000    24.4111    32.4602  1021.6118     2.5240     4.7550     98.221   -0.00538    4.84108    4.82894      8.180     0.0861    8.97985   4.918026 1.5974e+04    21.5988    21.5986 1.7483e-01      3.035          1      11684    1530.28 3.2314e+00  49632.439    486.790 1564014665      -0.11     -0.667   39.78735  -72.14718    32.7083  1021.6866    21.6737    24.4104 0.0000e+00
      2.000    24.6637    32.4805  1021.5481     2.5262     4.8074     99.320    0.01028    4.84035    4.82822      8.184     0.0999    8.97845   4.934391 -1.008e+04    21.5396    21.5395 -7.042e-03      2.031          1      11853    1530.91 4.4046e+00  49656.088    493.850 1564014672      -0.13     -0.459   39.78737  -72.14718    32.6464  1021.5608    21.5522    24.6633 0.0000e+00
