CalculateIndicators/WaterTemperature/Data/CTD_NYOS/NYOS190725_4_4.cnv
* Sea-Bird SBE 9 Data File:
* FileName = C:\Seabird 9 CTD\Data\2019\201907_offshore\NYOS190725_4_4.hex
* Software Version Seasave V 7.23.2
* Temperature SN = 4590
* Conductivity SN = 3228
* Number of Bytes Per Scan = 44
* Number of Voltage Words = 5
* Number of Scans Averaged by the Deck Unit = 1
* NMEA Latitude = 39 48.78 N
* NMEA Longitude = 072 30.05 W
* NMEA UTC (Time) = Jul 26 2019  02:14:46
* NMEA baud rate = 4800
** Ship: seawolf
** Station: 4-4
** Operator: lissssss
# nquan = 35
# nvalues = 115                         
# units = specified
# name 0 = depSM: Depth [salt water, m]
# name 1 = t090C: Temperature [ITS-90, deg C]
# name 2 = sal00: Salinity, Practical [PSU]
# name 3 = density00: Density [density, kg/m^3]
# name 4 = sbeox0V: Oxygen raw, SBE 43 [V]
# name 5 = sbeox0ML/L: Oxygen, SBE 43 [ml/l]
# name 6 = sbeox0PS: Oxygen, SBE 43 [% saturation]
# name 7 = sbox0dV/dT: Oxygen, SBE 43 [dov/dt]
# name 8 = oxsolML/L: Oxygen Saturation, Garcia & Gordon [ml/l]
# name 9 = oxsatML/L: Oxygen Saturation, Weiss [ml/l]
# name 10 = ph: pH
# name 11 = flECO-AFL: Fluorescence, WET Labs ECO-AFL/FL [mg/m^3]
# name 12 = n2satML/L: Nitrogen Saturation [ml/l]
# name 13 = c0S/m: Conductivity [S/m]
# name 14 = cpar: CPAR/Corrected Irradiance [%]
# name 15 = sigma-é00: Density [sigma-theta, kg/m^3]
# name 16 = sigma-t00: Density [sigma-t, kg/m^3 ]
# name 17 = par: PAR/Irradiance, Biospherical/Licor
# name 18 = prDM: Pressure, Digiquartz [db]
# name 19 = pumps: Pump Status
# name 20 = scan: Scan Count
# name 21 = svCM: Sound Velocity [Chen-Millero, m/s]
# name 22 = spar: SPAR, Biospherical/Licor
# name 23 = specc: Specific Conductance [uS/cm]
# name 24 = timeS: Time, Elapsed [seconds]
# name 25 = timeY: Time, System [seconds]
# name 26 = accM: Acceleration [m/s^2]
# name 27 = dz/dtM: Descent Rate [m/s]
# name 28 = latitude: Latitude [deg]
# name 29 = longitude: Longitude [deg]
# name 30 = gsw_saA0: Absolute Salinity [g/kg]
# name 31 = gsw_densityA0: density, TEOS-10 [density, kg/m^3]
# name 32 = gsw_sigma0A0: density, TEOS-10 [sigma-0, kg/m^3 ]
# name 33 = gsw_ptA0: potential temperature [ITS-90, deg C]
# name 34 = flag: flag
# span 0 =      2.000,     59.000       
# span 1 =     6.6844,    24.2346       
# span 2 =    30.8600,    32.7742       
# span 3 =  1020.4934,  1025.9682       
# span 4 =     1.9922,     2.9841       
# span 5 =     3.7761,     7.5085       
# span 6 =     76.833,    124.634       
# span 7 =   -0.06395,    0.22697       
# span 8 =    4.90313,    6.90121       
# span 9 =    4.89094,    6.91101       
# span 10 =      7.922,      8.228      
# span 11 =     0.0903,     1.0179      
# span 12 =    9.09415,   12.39426      
# span 13 =   3.299199,   4.735956      
# span 14 = -3.277e+03, 1.2281e+05      
# span 15 =    20.4805,    25.6992      
# span 16 =    20.4803,    25.6987      
# span 17 = -1.724e-05, 4.9803e-02      
# span 18 =      2.020,     59.456      
# span 19 =          0,          1      
# span 20 =        469,      10605      
# span 21 =    1475.47,    1528.66      
# span 22 = -3.809e-03, 4.0807e+00      
# span 23 =  47446.398,  52065.096      
# span 24 =     19.512,    441.850      
# span 25 = 1564107307, 1564107729      
# span 26 =      -0.37,       0.48      
# span 27 =     -0.905,      0.920      
# span 28 =   39.81155,   39.81296      
# span 29 =  -72.50075,  -72.49957      
# span 30 =    31.0312,    32.9215      
# span 31 =  1020.4954,  1025.9703      
# span 32 =    20.4867,    25.6984      
# span 33 =     6.6794,    24.2336      
# span 34 = 0.0000e+00, 0.0000e+00      
# interval = meters: 1                  
# start_time = Jul 26 2019 02:14:47 [System UTC, first data scan.]
# bad_flag = -9.990e-29
*END*
[from data line 42]
     44.000     6.7916    32.7723  1025.8961     2.1028     5.4560     79.210   -0.01152    6.88798    6.89759      7.953     0.1179   12.37226   3.308311 2.5320e-11    25.6924    25.6919 1.0000e-12     44.346          1       2699    1475.78 3.9495e+00  52045.136    112.410 1564107400      -0.10      0.534   39.81264  -72.50052    32.9161  1025.8892    25.6855     6.7877 0.0000e+00
     45.000     6.7870    32.7707  1025.9001     2.0912     5.4674     79.291   -0.00729    6.89539    6.90512      7.946     0.1189   12.38451   3.307973 -9.990e-29    25.6918    25.6912 1.0000e-12     45.353          1       2738    1475.78 3.9495e+00  52044.803    114.061 1564107401       0.11      0.600   39.81264  -72.50052    32.9163  1025.8945    25.6862     6.7830 0.0000e+00
     46.000     6.7660    32.7695  1025.9066     2.0830     5.4531     79.087   -0.00597    6.89503    6.90475      7.943     0.1103   12.38392   3.306148 -9.990e-29    25.6937    25.6931 1.0000e-12     46.363          1       2771    1475.71 3.9495e+00  52049.548    115.410 1564107403       0.10      0.716   39.81264  -72.50052    32.9159  1025.9016    25.6886     6.7619 0.0000e+00
     47.000     6.7300    32.7677  1025.9146     2.0735     5.4047     78.375   -0.00755    6.89589    6.90562      7.943     0.1152   12.38534   3.302783 2.5320e-11    25.6969    25.6964 1.0000e-12     47.366          1       2798    1475.59 3.9495e+00  52057.274    116.543 1564107404       0.10      0.846   39.81264  -72.50052    32.9128  1025.9085    25.6909     6.7259 0.0000e+00
     48.000     6.7208    32.7691  1025.9215     2.0654     5.3916     78.179   -0.00622    6.89651    6.90625      7.941     0.1132   12.38638   3.302492 2.5320e-11    25.6992    25.6987 1.0000e-12     48.371          1       2834    1475.57 3.9495e+00  52062.506    118.024 1564107405      -0.19      0.740   39.81263  -72.50052    32.9179  1025.9184    25.6962     6.7166 0.0000e+00
     49.000     6.7158    32.7671  1025.9253     2.0579     5.4022     78.311   -0.00299    6.89838    6.90815      7.937     0.1121   12.38949   3.302076 6.6763e+04    25.6983    25.6978 1.0000e-12     49.387          1       2888    1475.56 1.2248e+00  52061.668    120.302 1564107408       0.05      0.394   39.81262  -72.50052    32.9176  1025.9235    25.6966     6.7115 0.0000e+00
     50.000     6.7070    32.7656  1025.9299     2.0535     5.3906     78.128   -0.00284    6.89962    6.90941      7.935     0.1074   12.39155   3.301195 -1.067e+03    25.6983    25.6977 1.0000e-12     50.394          1       2926    1475.54 3.9930e+00  52062.657    121.882 1564107409       0.14      0.614   39.81262  -72.50052    32.9158  1025.9279    25.6963     6.7026 0.0000e+00
     51.000     6.7032    32.7653  1025.9348     2.0511     5.3911     78.129   -0.00206    6.90018    6.90998      7.935     0.1116   12.39249   3.301025 7.7914e+04    25.6986    25.6980 1.0000e-12     51.398          1       2957    1475.55 8.7227e-01  52063.945    123.184 1564107411       0.06      0.754   39.81262  -72.50052    32.9171  1025.9340    25.6978     6.6987 0.0000e+00
     52.000     6.6956    32.7642  1025.9396     2.0473     5.3730     77.873   -0.00251    6.89973    6.90952      7.934     0.1271   12.39174   3.300314 6.4409e+04    25.6987    25.6981 1.0000e-12     52.409          1       2991    1475.53 1.2276e+00  52065.096    124.593 1564107412      -0.05      0.731   39.81260  -72.50052    32.9161  1025.9389    25.6981     6.6910 0.0000e+00
     53.000     6.6905    32.7620  1025.9432     2.0428     5.3673     77.793   -0.00155    6.89944    6.90922      7.928     0.1237   12.39127   3.299878 -2.151e+03    25.6977    25.6971 1.0000e-12     53.408          1       3443    1475.52 4.0403e+00  52064.112    143.400 1564107431      -0.07      0.519   39.81253  -72.50051    32.9157  1025.9438    25.6984     6.6859 0.0000e+00
     54.000     6.6897    32.7587  1025.9453     2.0405     5.3685     77.803   -0.00093    6.90011    6.90989      7.922     0.1129   12.39242   3.299689 -9.990e-29    25.6952    25.6946 1.0000e-12     54.424          1       4937    1475.53 3.5285e+00  52060.249    205.687 1564107493       0.10      0.674   39.81225  -72.50048    32.9139  1025.9472    25.6971     6.6850 0.0000e+00
     55.000     6.6904    32.7586  1025.9497     2.0393     5.3648     77.750   -0.00090    6.90015    6.90994      7.922     0.1263   12.39250   3.299783 -9.990e-29    25.6950    25.6944 1.0000e-12     55.428          1       4964    1475.55 3.9381e+00  52060.527    206.773 1564107494      -0.02      0.732   39.81224  -72.50048    32.9138  1025.9517    25.6970     6.6855 0.0000e+00
     56.000     6.6920    32.7586  1025.9542     2.0380     5.3637     77.728   -0.00065    6.90054    6.91033      7.922     0.1423   12.39313   3.299982 -9.990e-29    25.6949    25.6942 1.0000e-12     56.438          1       5022    1475.57 2.6953e+00  52060.917    209.200 1564107497      -0.12      0.408   39.81223  -72.50048    32.9139  1025.9562    25.6969     6.6871 0.0000e+00
     57.000     6.6898    32.7584  1025.9590     2.0372     5.3702     77.819    0.00011    6.90091    6.91071      7.922     0.1285   12.39376   3.299810 7.4999e+03    25.6949    25.6943 1.0000e-12     57.448          1       5105    1475.58 3.7880e+00  52061.865    212.679 1564107500       0.04      0.303   39.81221  -72.50046    32.9137  1025.9610    25.6970     6.6848 0.0000e+00
     58.000     6.6886    32.7580  1025.9635     2.0367     5.3632     77.714   -0.00043    6.90114    6.91094      7.922     0.1278   12.39413   3.299710 1.1183e+04    25.6949    25.6942 1.0000e-12     58.456          1       5162    1475.59 3.4611e+00  52062.374    215.048 1564107502       0.11      0.442   39.81220  -72.50046    32.9132  1025.9654    25.6968     6.6835 0.0000e+00
     59.000     6.6860    32.7578  1025.9682     2.0358     5.3629     77.722   -0.00005    6.90011    6.90989      7.924     0.1468   12.39242   3.299523 1.2281e+05    25.6950    25.6943 1.0000e-12     59.456          1       5236    1475.60 1.9984e+00  52063.391    218.128 1564107505      -0.37      0.238   39.81218  -72.50046    32.9131  1025.9703    25.6971     6.6809 0.0000e+00
     58.000     6.6880    32.7577  1025.9633     2.0362     5.3671     77.776    0.00006    6.90071    6.91050      7.924     0.1406   12.39342   3.299642 2.6372e+04    25.6946    25.6940 1.0000e-12     58.459          1       5532    1475.59 2.9531e+00  52062.041    230.472 1564107518      -0.01     -0.324   39.81213  -72.50042    32.9130  1025.9654    25.6967     6.6829 0.0000e+00
     57.000     6.6844    32.7568  1025.9584     2.0363     5.3665     77.761    0.00020    6.90121    6.91101      7.925     0.1440   12.39426   3.299201 8.5735e+03    25.6944    25.6938 1.0000e-12     57.449          1       5882    1475.56 3.5205e+00  52061.073    245.037 1564107532      -0.21     -0.603   39.81206  -72.50038    32.9121  1025.9604    25.6964     6.6794 0.0000e+00
     56.000     6.6845    32.7570  1025.9540     2.0356     5.3568     77.625   -0.00038    6.90089    6.91069      7.925     0.1333   12.39373   3.299199 6.5816e+02    25.6946    25.6939 1.0000e-12     56.442          1       5937    1475.54 3.9157e+00  52060.667    247.349 1564107535       0.13     -0.524   39.81206  -72.50038    32.9125  1025.9561    25.6967     6.6796 0.0000e+00
     55.000     6.6857    32.7573  1025.9493     2.0354     5.3582     77.659    0.00010    6.89967    6.90945 -9.990e-29     0.1163   12.39171   3.299293 2.5320e-11    25.6946    25.6940 1.0000e-12     55.423          1       6003    1475.53 3.9495e+00  52059.968    250.081 1564107538      -0.18     -0.322   39.81204  -72.50037    32.9129  1025.9515    25.6968     6.6809 0.0000e+00
     54.000     6.6912    32.7578  1025.9444     2.0357     5.3620     77.707    0.00031    6.90026    6.91005 -9.990e-29     0.1202   12.39269   3.299809 -9.990e-29    25.6943    25.6937 1.0000e-12     54.422          1       6031    1475.54 3.9495e+00  52058.563    251.248 1564107539      -0.31     -0.709   39.81204  -72.50036    32.9137  1025.9469    25.6968     6.6865 0.0000e+00
     53.000     6.6962    32.7578  1025.9391     2.0368     5.3693     77.807    0.00068    6.90081    6.91061 -9.990e-29     0.1092   12.39360   3.300173 -9.990e-29    25.6936    25.6930 1.0000e-12     53.419          1       6058    1475.54 3.9495e+00  52056.460    252.372 1564107540      -0.02     -0.905   39.81202  -72.50036    32.9134  1025.9414    25.6959     6.6916 0.0000e+00
     52.000     6.6925    32.7576  1025.9348     2.0381     5.3750     77.919    0.00103    6.89816    6.90792 -9.990e-29     0.1308   12.38921   3.299765 2.5320e-11    25.6939    25.6933 1.0000e-12     52.405          1       6090    1475.51 3.9495e+00  52056.521    253.696 1564107541       0.09     -0.784   39.81202  -72.50036    32.9130  1025.9369    25.6961     6.6879 0.0000e+00
     51.000     6.6893    32.7574  1025.9304     2.0389     5.3742     77.910    0.00075    6.89794    6.90769 -9.990e-29     0.1244   12.38884   3.299414 2.5320e-11    25.6942    25.6936 1.0000e-12     51.404          1       6120    1475.48 3.9495e+00  52056.450    254.941 1564107542      -0.02     -0.800   39.81202  -72.50036    32.9126  1025.9324    25.6962     6.6848 0.0000e+00
     50.000     6.7025    32.7583  1025.9247     2.0420     5.3915     78.170    0.00151    6.89712    6.90686 -9.990e-29     0.1236   12.38748   3.300682 2.5320e-11    25.6932    25.6926 1.0000e-12     50.392          1       6166    1475.52 3.9495e+00  52053.431    256.883 1564107544       0.16     -0.535   39.81201  -72.50035    32.9145  1025.9275    25.6959     6.6981 0.0000e+00
     49.000     6.7118    32.7592  1025.9196     2.0447     5.3968     78.238    0.00116    6.89792    6.90767 -9.990e-29     0.1063   12.38881   3.301545 2.5320e-11    25.6927    25.6921 1.0000e-12     49.381          1       6220    1475.54 2.3775e+00  52051.541    259.134 1564107547      -0.04     -0.449   39.81200  -72.50034    32.9156  1025.9225    25.6956     6.7075 0.0000e+00
     48.000     6.7080    32.7581  1025.9146     2.0451     5.3884     78.128    0.00037    6.89692    6.90666 -9.990e-29     0.1316   12.38714   3.300941 -9.990e-29    25.6923    25.6917 1.0000e-12     48.371          1       6258    1475.50 4.0012e+00  52050.312    260.721 1564107548      -0.21     -0.593   39.81199  -72.50033    32.9131  1025.9163    25.6940     6.7038 0.0000e+00
     47.000     6.7075    32.7587  1025.9105     2.0456     5.3834     78.117    0.00023    6.89149    6.90115 -9.990e-29     0.1208   12.37815   3.300987 2.5320e-11    25.6928    25.6922 1.0000e-12     47.372          1       6286    1475.49 3.9495e+00  52050.543    261.882 1564107549      -0.10     -0.825   39.81198  -72.50032    32.9145  1025.9129    25.6952     6.7034 0.0000e+00
     46.000     6.7083    32.7593  1025.9061     2.0480     5.4000     78.378    0.00125    6.88972    6.89935 -9.990e-29     0.1054   12.37522   3.301173 7.7992e+04    25.6931    25.6926 1.0000e-12     46.358          1       6322    1475.47 7.0985e-01  52050.426    263.386 1564107551       0.15     -0.707   39.81198  -72.50032    32.9162  1025.9095    25.6965     6.7043 0.0000e+00
     45.000     6.7450    32.7621  1025.8988     2.0528     5.4364     78.913    0.00317    6.88914    6.89876 -9.990e-29     0.0903   12.37426   3.304629 5.9020e+04    25.6905    25.6900 1.0000e-12     45.354          1       6357    1475.60 1.5593e+00  52043.737    264.837 1564107552      -0.07     -0.678   39.81197  -72.50032    32.9197  1025.9027    25.6943     6.7411 0.0000e+00
     44.000     6.7711    32.7624  1025.8910     2.0651     5.4611     79.319    0.00186    6.88501    6.89457      7.940     0.1088   12.36745   3.306829 5.8762e+04    25.6873    25.6868 1.0000e-12     44.350          1       6598    1475.69 3.1357e+00  52036.500    274.891 1564107562      -0.02     -0.418   39.81193  -72.50028    32.9194  1025.8945    25.6907     6.7672 0.0000e+00
     43.000     6.8009    32.7623  1025.8824     2.0777     5.4884     79.902    0.00186    6.86882    6.87812      7.947     0.1105   12.34072   3.309342 -9.990e-29    25.6833    25.6828 1.0000e-12     43.334          1       7047    1475.79 3.9676e+00  52027.714    293.594 1564107581       0.03     -0.509   39.81186  -72.50020    32.9190  1025.8855    25.6865     6.7971 0.0000e+00
     42.000     6.8418    32.7613  1025.8715     2.0868     5.5326     80.785    0.00499    6.84857    6.85754      7.957     0.1560   12.30747   3.312967 2.5320e-11    25.6771    25.6766 1.0000e-12     42.327          1       7082    1475.93 3.9495e+00  52014.586    295.038 1564107582      -0.03     -0.556   39.81186  -72.50019    32.9203  1025.8765    25.6821     6.8381 0.0000e+00
     41.000     6.9099    32.7580  1025.8552     2.1048     5.6201     82.407    0.01023    6.82004    6.82857      7.970     0.1202   12.26037   3.318966 2.5320e-11    25.6655    25.6650 1.0000e-12     41.320          1       7119    1476.18 3.9495e+00  51991.064    296.600 1564107584      -0.07     -0.631   39.81186  -72.50018    32.9215  1025.8637    25.6740     6.9063 0.0000e+00
     40.000     7.0304    32.7424  1025.8220     2.1400     5.8108     85.708    0.02133    6.77986    6.78777      7.981     0.1517   12.19423   3.328284 8.0306e+04    25.6370    25.6365 1.0000e-12     40.312          1       7156    1476.61 7.7780e-01  51936.013    298.141 1564107586       0.04     -0.664   39.81186  -72.50017    32.9090  1025.8331    25.6482     7.0268 0.0000e+00
     39.000     7.2117    32.7404  1025.7911     2.1766     5.9574     88.008    0.02476    6.76918    6.77692      7.987     0.2204   12.17666   3.344940 4.1533e+04    25.6110    25.6105 1.0000e-12     39.305          1       7192    1477.30 2.1941e+00  51886.185    299.632 1564107587      -0.07     -0.659   39.81186  -72.50016    32.9187  1025.8114    25.6313     7.2081 0.0000e+00
     38.000     7.4794    32.7195  1025.7329     2.2167     6.0596     89.601    0.02209    6.76294    6.77058      7.997     0.2573   12.16638   3.365920 1.4644e+03    25.5576    25.5571 1.0000e-12     38.298          1       7236    1478.29 3.8875e+00  51787.159    301.474 1564107589       0.14     -0.562   39.81184  -72.50016    32.8931  1025.7498    25.5744     7.4758 0.0000e+00
     37.000     7.5627    32.7133  1025.7118     2.2510     6.0804     90.112    0.01422    6.74764    6.75500      8.004     0.4001   12.14165   3.372168 2.5320e-11    25.5412    25.5407 1.0000e-12     37.285          1       7290    1478.58 3.9495e+00  51757.108    303.729 1564107591      -0.10     -0.433   39.81184  -72.50014    32.8823  1025.7251    25.5545     7.5592 0.0000e+00
     36.000     7.6033    32.7065  1025.6961     2.2670     6.0954     90.422    0.01099    6.74107    6.74831      8.007     0.7073   12.13105   3.374888 6.9961e+03    25.5301    25.5296 1.0000e-12     36.278          1       7326    1478.71 3.4659e+00  51736.801    305.189 1564107593      -0.18     -0.646   39.81184  -72.50014    32.8738  1025.7080    25.5421     7.5999 0.0000e+00
     35.000     7.6808    32.6717  1025.6531     2.2827     6.1572     91.378    0.01223    6.73827    6.74546      8.008     0.7733   12.12647   3.378485 4.0369e+04    25.4918    25.4914 1.0000e-12     35.276          1       7356    1478.95 2.2936e+00  51667.513    306.448 1564107594      -0.02     -0.796   39.81184  -72.50012    32.8399  1025.6660    25.5047     7.6774 0.0000e+00
