CalculateIndicators/WaterTemperature/Data/CTD_NYOS/NYOS2006_C21.cnv
* Sea-Bird SBE19plus Data File:
* FileName = C:\Users\radar\Desktop\NYOS.2006\NYOS2006.ctd\NYOS2006_C21.hex
* Software Version 1.59
* Temperature SN =  4675
* Conductivity SN =  4675
* System UpLoad Time = Jun 10 2020 07:21:54
* NMEA Latitude = 40 10.2700 N
* NMEA Longitude = 073 19.6280 W
# nquan = 15
# nvalues = 78                          
# units = specified
# name 0 = depSM: Depth [salt water, m]
# name 1 = tv290C: Temperature [ITS-90, deg C]
# name 2 = sal00: Salinity, Practical [PSU]
# name 3 = density00: Density [density, kg/m^3]
# name 4 = c0S/m: Conductivity [S/m]
# name 5 = sigma-�00: Density [sigma-theta, kg/m^3]
# name 6 = sigma-t00: Density [sigma-t, kg/m^3 ]
# name 7 = prdM: Pressure, Strain Gauge [db]
# name 8 = scan: Scan Count
# name 9 = svCM: Sound Velocity [Chen-Millero, m/s]
# name 10 = specc: Specific Conductance [uS/cm]
# name 11 = timeS: Time, Elapsed [seconds]
# name 12 = accM: Acceleration [m/s^2]
# name 13 = dz/dtM: Descent Rate [m/s]
# name 14 = flag: flag
# span 0 =      1.000,     40.000       
# span 1 =    10.1021,    17.2302       
# span 2 =    31.2966,    32.2903       
# span 3 =  1022.7911,  1025.0019       
# span 4 =   3.546037,   4.111295       
# span 5 =    22.7750,    24.8203       
# span 6 =    22.7749,    24.8196       
# span 7 =      1.009,     40.293       
# span 8 =        449,       1027       
# span 9 =    1487.29,    1509.59       
# span 10 =  48433.133,  50614.957      
# span 11 =    111.915,    256.465      
# span 12 =      -0.89,       1.32      
# span 13 =     -0.854,      0.848      
# span 14 = 0.0000e+00, 0.0000e+00      
# interval = meters: 1                  
# start_time = Jun 09 2020 17:56:26 [Instrument's time stamp, header]
# bad_flag = -9.990e-29
*END*
      2.000    17.2302    31.5363  1022.8128   4.111295    22.8047    22.8047      2.027        449    1509.59  48671.700    111.915       0.40      0.495 0.0000e+00
      3.000    17.2055    31.5183  1022.8099   4.106175    22.7959    22.7958      3.003        458    1509.51  48647.947    114.156      -0.12      0.448 0.0000e+00
      4.000    17.1183    31.4591  1022.7911   4.088879    22.7750    22.7749      4.023        463    1509.17  48578.675    115.477       0.37      0.624 0.0000e+00
      5.000    16.7973    31.4490  1022.8639   4.057772    22.8138    22.8136      5.009        471    1508.18  48538.868    117.533       0.03      0.401 0.0000e+00
      6.000    16.5568    31.4975  1022.9540   4.044873    22.9333    22.9330      6.084        476    1507.60  48676.644    118.872       0.85      0.686 0.0000e+00
      7.000    16.4781    31.4941  1022.9786   4.033297    22.9648    22.9646      7.037        486    1507.31  48707.659    121.216       0.40      0.207 0.0000e+00
      8.000    16.0205    31.4339  1023.0467   3.979939    22.9826    22.9823      8.027        493    1505.74  48594.286    122.934       0.06      0.478 0.0000e+00
      9.000    15.3133    31.2966  1023.0989   3.898324    23.0137    23.0134      9.087        498    1503.39  48433.133    124.329       0.65      0.587 0.0000e+00
     10.000    13.9921    31.6569  1023.6517   3.824143    23.6313    23.6311     10.027        506    1499.71  49180.828    126.344      -0.43      0.505 0.0000e+00
     11.000    13.2699    31.6048  1023.7576   3.754663    23.7009    23.7006     11.081        512    1497.29  49138.275    127.658       0.21      0.714 0.0000e+00
     12.000    12.6564    31.9088  1024.1204   3.733975    24.0757    24.0754     12.030        520    1495.58  49676.088    129.726      -0.32      0.400 0.0000e+00
     13.000    12.6375    31.8654  1024.0946   3.727855    24.0362    24.0359     13.078        525    1495.47  49601.361    131.107       0.03      0.673 0.0000e+00
     14.000    12.4671    31.8081  1024.0884   3.705880    24.0232    24.0229     14.079        532    1494.82  49545.050    132.746       0.16      0.545 0.0000e+00
     15.000    12.0858    31.8391  1024.1862   3.677134    24.1157    24.1154     15.091        538    1493.61  49634.428    134.193      -0.03      0.717 0.0000e+00
     16.000    11.8352    31.9709  1024.3406   3.669061    24.2805    24.2801     16.063        546    1492.90  49889.850    136.234      -0.12      0.441 0.0000e+00
     17.000    11.6832    31.8679  1024.2973   3.641619    24.1831    24.1827     17.124        552    1492.18  49674.941    137.756       0.38      0.521 0.0000e+00
     18.000    11.3704    31.8945  1024.3749   3.620310    24.2719    24.2715     18.136        559    1491.22  49793.816    139.552       0.88      0.477 0.0000e+00
     19.000    11.1703    32.0664  1024.5467   3.623770    24.4492    24.4488     19.097        568    1490.79  50072.009    141.768       0.21      0.308 0.0000e+00
     20.000    11.2315    32.1296  1024.5943   3.631736    24.5098    24.5094     20.128        574    1490.99  50202.673    143.141       0.79      0.638 0.0000e+00
     21.000    11.0957    32.1001  1024.5992   3.616182    24.5141    24.5137     21.103        583    1490.51  50187.843    145.475       0.24      0.315 0.0000e+00
     22.000    10.7353    32.0423  1024.6170   3.581460    24.5120    24.5116     22.152        588    1489.28  50131.085    146.794       0.46      0.772 0.0000e+00
     23.000    10.3975    32.0966  1024.7251   3.555340    24.6154    24.6150     23.119        597    1488.09  50270.849    148.906      -0.30      0.477 0.0000e+00
     24.000    10.1110    32.2232  1024.8736   3.546037    24.7754    24.7750     24.123        603    1487.29  50525.350    150.512       0.23      0.578 0.0000e+00
     25.000    10.1582    32.2839  1024.9201   3.554924    24.8064    24.8059     25.172        610    1487.50  50588.558    152.220       0.26      0.568 0.0000e+00
     26.000    10.1706    32.2627  1024.9055   3.554858    24.7874    24.7870     26.187        617    1487.55  50555.279    153.912       1.19      0.513 0.0000e+00
     27.000    10.1734    32.2654  1024.9119   3.555559    24.7898    24.7893     27.150        626    1487.57  50561.192    156.129       0.54      0.315 0.0000e+00
     28.000    10.1416    32.2746  1024.9289   3.553896    24.8000    24.7995     28.167        633    1487.49  50575.994    158.006       0.22      0.482 0.0000e+00
     29.000    10.1190    32.2823  1024.9430   3.553097    24.8111    24.8106     29.163        641    1487.43  50594.138    159.984       0.44      0.438 0.0000e+00
     30.000    10.1174    32.2846  1024.9497   3.553381    24.8133    24.8128     30.165        648    1487.45  50598.432    161.801      -0.19      0.580 0.0000e+00
     31.000    10.1135    32.2851  1024.9554   3.553278    24.8145    24.8139     31.180        656    1487.45  50600.717    163.735       0.07      0.556 0.0000e+00
     32.000    10.1088    32.2857  1024.9613   3.553044    24.8154    24.8148     32.174        663    1487.45  50602.391    165.487       0.16      0.479 0.0000e+00
     33.000    10.1067    32.2849  1024.9654   3.553003    24.8153    24.8147     33.171        673    1487.46  50602.548    167.983       0.57      0.210 0.0000e+00
     34.000    10.1048    32.2892  1024.9737   3.553382    24.8193    24.8186     34.263        677    1487.47  50610.109    169.094       1.18      0.848 0.0000e+00
     35.000    10.1069    32.2862  1024.9755   3.553394    24.8173    24.8168     35.233        688    1487.49  50607.662    171.728       1.32      0.263 0.0000e+00
     36.000    10.1065    32.2893  1024.9826   3.553677    24.8190    24.8182     36.250        695    1487.52  50610.904    173.595       0.91      0.522 0.0000e+00
     37.000    10.1057    32.2893  1024.9873   3.553667    24.8190    24.8184     37.223        704    1487.53  50611.514    175.855       0.22      0.559 0.0000e+00
     38.000    10.1059    32.2893  1024.9918   3.553741    24.8190    24.8183     38.212        713    1487.54  50612.002    177.878       0.28      0.450 0.0000e+00
     39.000    10.1059    32.2879  1024.9954   3.553646    24.8179    24.8172     39.208        721    1487.56  50610.731    179.954       0.16      0.436 0.0000e+00
     40.000    10.1021    32.2897  1025.0019   3.553593    24.8202    24.8194     40.293        731    1487.56  50614.733    182.399      -0.17      0.627 0.0000e+00
     39.000    10.1067    32.2903  1024.9972   3.553999    24.8203    24.8196     39.204        739    1487.56  50614.957    184.497      -0.46     -0.186 0.0000e+00
     38.000    10.1087    32.2890  1024.9911   3.554039    24.8181    24.8174     38.234        748    1487.55  50610.828    186.646      -0.24     -0.560 0.0000e+00
     37.000    10.1093    32.2890  1024.9865   3.554027    24.8183    24.8176     37.197        754    1487.54  50610.502    188.281      -0.01     -0.507 0.0000e+00
     36.000    10.1108    32.2892  1024.9819   3.554115    24.8182    24.8175     36.197        763    1487.53  50609.743    190.433      -0.41     -0.438 0.0000e+00
     35.000    10.1104    32.2881  1024.9765   3.553973    24.8174    24.8167     35.201        771    1487.51  50607.851    192.444       0.20     -0.531 0.0000e+00
     34.000    10.1098    32.2870  1024.9712   3.553758    24.8166    24.8160     34.190        779    1487.49  50605.819    194.465      -0.04     -0.515 0.0000e+00
     33.000    10.1093    32.2853  1024.9654   3.553473    24.8152    24.8146     33.178        787    1487.47  50602.641    196.438      -0.02     -0.521 0.0000e+00
     32.000    10.1080    32.2831  1024.9593   3.553126    24.8138    24.8132     32.182        796    1487.44  50599.277    198.697       0.00     -0.442 0.0000e+00
     31.000    10.1111    32.2834  1024.9544   3.553398    24.8139    24.8133     31.180        803    1487.44  50599.287    200.544      -0.13     -0.481 0.0000e+00
     30.000    10.1130    32.2799  1024.9468   3.553189    24.8106    24.8100     30.178        812    1487.42  50592.899    202.662       0.07     -0.406 0.0000e+00
     29.000    10.1151    32.2785  1024.9409   3.553169    24.8088    24.8082     29.157        820    1487.41  50589.331    204.685      -0.17     -0.459 0.0000e+00
     28.000    10.1168    32.2813  1024.9381   3.553664    24.8107    24.8101     28.149        828    1487.41  50592.342    206.726      -0.41     -0.453 0.0000e+00
     27.000    10.1423    32.2766  1024.9257   3.555410    24.8031    24.8026     27.147        835    1487.48  50581.212    208.389       0.08     -0.626 0.0000e+00
     26.000    10.1658    32.2602  1024.9044   3.555776    24.7860    24.7855     26.143        843    1487.52  50552.557    210.381      -0.08     -0.494 0.0000e+00
     25.000    10.1697    32.2545  1024.8947   3.555503    24.7812    24.7808     25.139        850    1487.52  50543.704    212.247       0.04     -0.542 0.0000e+00
     24.000    10.1653    32.2471  1024.8851   3.554167    24.7767    24.7763     24.163        858    1487.47  50534.671    214.330       0.05     -0.452 0.0000e+00
     23.000    10.1723    32.2085  1024.8492   3.551103    24.7395    24.7391     23.101        864    1487.44  50468.133    215.642      -0.23     -0.653 0.0000e+00
     22.000    10.3578    32.1923  1024.8011   3.567051    24.6977    24.6973     22.133        872    1488.06  50414.430    217.776      -0.36     -0.354 0.0000e+00
     21.000    10.6884    32.2477  1024.7818   3.603403    24.6922    24.6918     21.115        879    1489.31  50451.593    219.497      -0.11     -0.572 0.0000e+00
     20.000    11.0558    32.1487  1024.6374   3.624739    24.5341    24.5336     20.129        887    1490.46  50215.078    221.451      -0.70     -0.400 0.0000e+00
     19.000    11.0741    32.1176  1024.6046   3.623028    24.5306    24.5302     19.063        892    1490.48  50211.578    222.709      -0.45     -0.785 0.0000e+00
     18.000    11.1109    32.0117  1024.5113   3.615501    24.4332    24.4328     18.066        900    1490.47  50040.540    224.680      -0.89     -0.553 0.0000e+00
     17.000    11.2503    32.0016  1024.4742   3.627745    24.3928    24.3925     17.097        908    1490.93  49989.655    226.744       0.06     -0.500 0.0000e+00
     16.000    11.5670    32.0580  1024.4574   3.661341    24.3911    24.3908     16.093        916    1492.07  50038.793    228.746      -0.23     -0.534 0.0000e+00
     15.000    11.7421    31.9852  1024.3636   3.669906    24.2932    24.2929     15.063        921    1492.59  49892.711    230.080      -0.17     -0.688 0.0000e+00
     14.000    12.0608    31.9644  1024.2837   3.696954    24.2224    24.2221     14.143        930    1493.66  49822.717    232.361       0.16     -0.249 0.0000e+00
     13.000    12.2308    31.9689  1024.2514   3.712673    24.1934    24.1931     13.016        933    1494.22  49803.327    233.123      -0.74     -0.854 0.0000e+00
     12.000    12.6222    31.8701  1024.0965   3.735902    24.0428    24.0425     12.094        944    1495.42  49609.674    235.758      -0.44     -0.176 0.0000e+00
     11.000    12.6813    31.9011  1024.1024   3.746623    24.0556    24.0553     11.043        948    1495.67  49645.904    236.833      -0.13     -0.818 0.0000e+00
     10.000    13.3307    31.9216  1023.9899   3.807122    23.9442    23.9439     10.069        956    1497.80  49588.653    238.818       0.04     -0.423 0.0000e+00
      9.000    13.9102    31.9227  1023.8667   3.862665    23.8301    23.8299      9.041        962    1499.74  49523.747    240.244      -0.07     -0.688 0.0000e+00
      8.000    15.0271    31.8163  1023.5512   3.951109    23.5049    23.5047      8.063        970    1503.15  49234.523    242.154       0.14     -0.498 0.0000e+00
      7.000    15.7421    31.7508  1023.3386   4.009483    23.3114    23.3112      7.021        975    1505.33  49102.958    243.553      -0.07     -0.701 0.0000e+00
      6.000    16.4291    31.5318  1023.0133   4.044247    22.9829    22.9827      6.058        984    1507.20  48723.017    245.703       0.10     -0.376 0.0000e+00
      5.000    16.4543    31.5652  1023.0269   4.050772    23.0045    23.0044      5.012        989    1507.32  48771.388    247.037      -0.04     -0.706 0.0000e+00
      4.000    16.7875    31.5951  1022.9700   4.083764    22.9504    22.9503      4.035        998    1508.35  48782.941    249.214       0.07     -0.368 0.0000e+00
      3.000    17.0671    31.5424  1022.8605   4.101550    22.8486    22.8485      3.015       1007    1509.12  48695.207    251.449       0.05     -0.431 0.0000e+00
      2.000    17.1473    31.5297  1022.8272   4.106297    22.8183    22.8182      2.011       1016    1509.34  48667.377    253.795      -0.07     -0.462 0.0000e+00
      1.000    17.1926    31.5224  1022.8067   4.108406    22.8014    22.8013      1.009       1027    1509.45  48652.124    256.465       0.01     -0.298 0.0000e+00
