CalculateIndicators/WaterTemperature/Data/CTD_NYOS/NYOS1910_C10.cnv
* Sea-Bird SBE 9 Data File:
* FileName = C:\Seabird 9 CTD\Data\2019\201910_offhore\NYOS1910_C10.hex
* Software Version Seasave V 7.23.2
* Temperature SN = 4590
* Conductivity SN = 3228
* Number of Bytes Per Scan = 44
* Number of Voltage Words = 5
* Number of Scans Averaged by the Deck Unit = 1
* NMEA Latitude = 40 51.79 N
* NMEA Longitude = 072 11.87 W
* NMEA UTC (Time) = Oct 07 2019  09:49:42
* NMEA baud rate = 4800
** Ship: seawolf
** Station: 2.1
** Operator: SW
# nquan = 35
# nvalues = 46                          
# units = specified
# name 0 = depSM: Depth [salt water, m]
# name 1 = t090C: Temperature [ITS-90, deg C]
# name 2 = sal00: Salinity, Practical [PSU]
# name 3 = density00: Density [density, kg/m^3]
# name 4 = sbeox0V: Oxygen raw, SBE 43 [V]
# name 5 = sbeox0ML/L: Oxygen, SBE 43 [ml/l]
# name 6 = sbeox0PS: Oxygen, SBE 43 [% saturation]
# name 7 = sbox0dV/dT: Oxygen, SBE 43 [dov/dt]
# name 8 = oxsolML/L: Oxygen Saturation, Garcia & Gordon [ml/l]
# name 9 = oxsatML/L: Oxygen Saturation, Weiss [ml/l]
# name 10 = ph: pH
# name 11 = flECO-AFL: Fluorescence, WET Labs ECO-AFL/FL [mg/m^3]
# name 12 = n2satML/L: Nitrogen Saturation [ml/l]
# name 13 = c0S/m: Conductivity [S/m]
# name 14 = cpar: CPAR/Corrected Irradiance [%]
# name 15 = sigma-é00: Density [sigma-theta, kg/m^3]
# name 16 = sigma-t00: Density [sigma-t, kg/m^3 ]
# name 17 = par: PAR/Irradiance, Biospherical/Licor
# name 18 = prDM: Pressure, Digiquartz [db]
# name 19 = pumps: Pump Status
# name 20 = scan: Scan Count
# name 21 = svCM: Sound Velocity [Chen-Millero, m/s]
# name 22 = spar: SPAR, Biospherical/Licor
# name 23 = specc: Specific Conductance [uS/cm]
# name 24 = timeS: Time, Elapsed [seconds]
# name 25 = timeY: Time, System [seconds]
# name 26 = accM: Acceleration [m/s^2]
# name 27 = dz/dtM: Descent Rate [m/s]
# name 28 = latitude: Latitude [deg]
# name 29 = longitude: Longitude [deg]
# name 30 = gsw_saA0: Absolute Salinity [g/kg]
# name 31 = gsw_densityA0: density, TEOS-10 [density, kg/m^3]
# name 32 = gsw_sigma0A0: density, TEOS-10 [sigma-0, kg/m^3 ]
# name 33 = gsw_ptA0: potential temperature [ITS-90, deg C]
# name 34 = flag: flag
# span 0 =      1.000,     24.000       
# span 1 =    18.0316,    18.8269       
# span 2 =    31.9459,    32.0711       
# span 3 =  1022.7373,  1023.1158       
# span 4 =     2.3906,     2.4364       
# span 5 =     5.0251,     5.1277       
# span 6 =     92.472,     95.048       
# span 7 =   -0.00973,    0.00741       
# span 8 =    5.38555,    5.45065       
# span 9 =    5.37635,    5.44205       
# span 10 =      8.130,      8.161      
# span 11 =     0.2775,     0.4586      
# span 12 =    9.89126,    9.99831      
# span 13 =   4.246864,   4.307536      
# span 14 = -3.352e+04, 1.0769e+05      
# span 15 =    22.7326,    23.0101      
# span 16 =    22.7322,    23.0091      
# span 17 = 1.0000e-12, 1.3289e-01      
# span 18 =      1.019,     24.168      
# span 19 =          1,          1      
# span 20 =        145,       8571      
# span 21 =    1512.94,    1514.95      
# span 22 = -2.323e-01, 4.5260e+00      
# span 23 =  49132.023,  49351.928      
# span 24 =      6.020,    357.100      
# span 25 = 1570441788, 1570442139      
# span 26 =      -0.88,       1.22      
# span 27 =     -0.885,      1.169      
# span 28 =   40.86333,   40.86449      
# span 29 =  -72.19792,  -72.19674      
# span 30 =    32.0975,    32.2243      
# span 31 =  1022.7432,  1023.1223      
# span 32 =    22.7384,    23.0167      
# span 33 =    18.0276,    18.8248      
# span 34 = 0.0000e+00, 0.0000e+00      
# interval = meters: 1                  
# start_time = Oct 07 2019 09:49:42 [System UTC, first data scan.]
# bad_flag = -9.990e-29
*END*
      2.000    18.8233    31.9460  1022.7416     2.4350     5.1148     94.966    0.00057    5.38592    5.37672      8.158     0.4247    9.89186   4.306691 6.8674e+04    22.7329    22.7329 2.4647e-02      2.016          1        145    1514.76 9.1027e-01  49132.023      6.020 1570441788       0.24      0.051   40.86333  -72.19792    32.0975  1022.7475    22.7387    18.8229 0.0000e+00
      3.000    18.8231    31.9473  1022.7471     2.4343     5.1106     94.888   -0.00021    5.38593    5.37674      8.159     0.4464    9.89189   4.306864 -9.990e-29    22.7339    22.7338 1.2368e-03      3.023          1        278    1514.77 3.7970e+00  49134.105     11.561 1570441793       0.06      0.270   40.86335  -72.19790    32.0988  1022.7529    22.7398    18.8226 0.0000e+00
      4.000    18.8228    31.9473  1022.7516     2.4345     5.1140     94.952    0.00030    5.38588    5.37669      8.159     0.4586    9.89181   4.306871 -9.990e-29    22.7340    22.7338 1.0000e-12      4.039          1        349    1514.79 3.9495e+00  49134.533     14.492 1570441797       0.28      0.410   40.86336  -72.19790    32.0987  1022.7574    22.7398    18.8221 0.0000e+00
      5.000    18.8228    31.9472  1022.7559     2.4349     5.1160     94.987    0.00048    5.38594    5.37675      8.158     0.3871    9.89191   4.306905 2.5320e-11    22.7340    22.7338 1.0000e-12      5.029          1        384    1514.81 3.9495e+00  49134.921     15.969 1570441798       0.21      0.664   40.86336  -72.19790    32.0987  1022.7618    22.7398    18.8219 0.0000e+00
      6.000    18.8226    31.9472  1022.7605     2.4355     5.1133     94.938   -0.00071    5.38596    5.37677      8.159     0.3996    9.89194   4.306944 2.5320e-11    22.7341    22.7339 1.0000e-12      6.036          1        467    1514.82 3.9495e+00  49135.481     19.431 1570441801       0.99      0.546   40.86338  -72.19788    32.0988  1022.7664    22.7401    18.8215 0.0000e+00
      7.000    18.8233    31.9469  1022.7644     2.4334     5.1096     94.875   -0.00043    5.38566    5.37646      8.160     0.4136    9.89144   4.306998 2.5320e-11    22.7337    22.7334 1.0000e-12      7.053          1        543    1514.84 3.9495e+00  49135.386     22.602 1570441804       0.07      0.370   40.86340  -72.19786    32.0983  1022.7703    22.7396    18.8221 0.0000e+00
      8.000    18.8253    31.9468  1022.7683     2.4304     5.0945     94.596   -0.00207    5.38555    5.37635      8.159     0.4001    9.89126   4.307237 2.5320e-11    22.7332    22.7328 1.0000e-12      8.064          1        604    1514.86 3.9495e+00  49135.663     25.116 1570441807       0.45      0.445   40.86340  -72.19786    32.0984  1022.7743    22.7391    18.8239 0.0000e+00
      9.000    18.8259    31.9466  1022.7724     2.4328     5.1126     94.929    0.00037    5.38568    5.37648      8.158     0.4329    9.89148   4.307282 2.5320e-11    22.7329    22.7325 1.0000e-12      9.064          1        678    1514.88 3.9495e+00  49135.744     28.226 1570441810       0.21      0.501   40.86341  -72.19785    32.0980  1022.7783    22.7388    18.8243 0.0000e+00
     10.000    18.8257    31.9466  1022.7769     2.4327     5.1105     94.891   -0.00026    5.38563    5.37643 -9.990e-29     0.4243    9.89140   4.307305 3.9030e+04    22.7330    22.7326 1.0000e-12     10.079          1        756    1514.90 2.2266e+00  49136.268     31.470 1570441813       0.08      0.500   40.86342  -72.19784    32.0980  1022.7828    22.7389    18.8239 0.0000e+00
     11.000    18.8257    31.9467  1022.7815     2.4323     5.1093     94.869   -0.00026    5.38560    5.37640 -9.990e-29     0.3941    9.89135   4.307365 9.0594e+04    22.7331    22.7327 1.0000e-12     11.085          1        797    1514.91 1.6275e+00  49136.899     33.181 1570441815       0.03      0.579   40.86342  -72.19784    32.0982  1022.7873    22.7390    18.8237 0.0000e+00
     12.000    18.8269    31.9465  1022.7817     2.4339     5.1159     94.993    0.00017    5.38561    5.37641      8.161     0.4142    9.89135   4.307497 -1.616e+04    22.7329    22.7324 1.0000e-12     12.083          1        878    1514.92 4.3647e+00  49137.170     36.528 1570441818       0.51      0.586   40.86345  -72.19783    32.0980  1022.7913    22.7386    18.8248 0.0000e+00
     13.000    18.8267    31.9467  1022.7898     2.4323     5.1054     94.791   -0.00154    5.38596    5.37676      8.161     0.4238    9.89193   4.307536 2.5320e-11    22.7329    22.7324 1.0000e-12     13.086          1        938    1514.95 3.9495e+00  49137.742     39.055 1570441821       0.28      1.127   40.86346  -72.19780    32.0981  1022.7958    22.7388    18.8245 0.0000e+00
     14.000    18.8141    31.9490  1022.7994     2.4276     5.1042     94.612   -0.00122    5.39490    5.38578      8.156     0.4360    9.90660   4.306602 2.5320e-11    22.7379    22.7373 1.0000e-12     14.119          1       1046    1514.93 3.9495e+00  49142.215     43.555 1570441825      -0.04     -0.005   40.86347  -72.19780    32.0997  1022.8048    22.7432    18.8117 0.0000e+00
     15.000    18.7792    31.9550  1022.8171     2.4174     5.0650     93.770   -0.00547    5.40152    5.39247      8.153     0.4486    9.91750   4.303540 2.5320e-11    22.7512    22.7505 1.0000e-12     15.115          1       1103    1514.86 3.0294e+00  49152.972     45.912 1570441828       1.02      0.670   40.86348  -72.19779    32.1010  1022.8187    22.7529    18.7766 0.0000e+00
     16.000    18.6348    31.9818  1022.8778     2.4149     5.0605     93.727   -0.00448    5.39921    5.39013      8.154     0.4230    9.91370   4.292972 2.5320e-11    22.8075    22.8068 1.0000e-12     16.106          1       1130    1514.48 3.8747e+00  49199.049     47.022 1570441829       0.24      1.134   40.86348  -72.19778    32.1247  1022.8770    22.8067    18.6320 0.0000e+00
     17.000    18.4374    32.0250  1022.9639     2.3971     5.0251     92.472   -0.00973    5.43417    5.42541      8.136     0.4313    9.97105   4.278208 2.5320e-11    22.8891    22.8884 1.0000e-12     17.132          1       1237    1513.98 3.9495e+00  49271.161     51.506 1570441833       1.22      0.815   40.86350  -72.19776    32.1547  1022.9529    22.8782    18.4345 0.0000e+00
     18.000    18.3309    32.0493  1023.0131     2.3940     5.0357     92.655   -0.00588    5.43491    5.42616      8.135     0.4186    9.97227   4.272634 2.5320e-11    22.9339    22.9332 1.0000e-12     18.118          1       1266    1513.71 3.9495e+00  49311.813     52.702 1570441835       0.35      1.169   40.86350  -72.19776    32.1908  1023.0109    22.9318    18.3278 0.0000e+00
     19.000    18.2959    32.0572  1023.0321     2.3988     5.0890     93.594    0.00197    5.43734    5.42862 -9.990e-29     0.3896    9.97617   4.270913 3.7085e+04    22.9485    22.9477 1.0000e-12     19.141          1       1355    1513.63 2.0341e+00  49325.316     56.415 1570441838       0.03      0.670   40.86352  -72.19775    32.2034  1023.0336    22.9500    18.2926 0.0000e+00
     20.000    18.2859    32.0673  1023.0467     2.4014     5.0900     93.568    0.00003    5.43992    5.43122 -9.990e-29     0.3601    9.98040   4.271465 1.0769e+05    22.9587    22.9579 1.0000e-12     20.166          1       1427    1513.63 -2.323e-01  49340.385     59.434 1570441841       0.15      0.272   40.86354  -72.19774    32.2155  1023.0497    22.9617    18.2825 0.0000e+00
     21.000    18.2646    32.0698  1023.0583     2.3975     5.0736     93.229   -0.00180    5.44212    5.43344      8.135     0.3486    9.98407   4.269696 8.3031e+04    22.9659    22.9650 1.0000e-12     21.157          1       1470    1513.59 6.7657e-01  49345.669     61.198 1570441843       0.23      0.568   40.86354  -72.19774    32.2170  1023.0604    22.9681    18.2610 0.0000e+00
     22.000    18.2033    32.0711  1023.0787     2.3993     5.1016     93.666    0.00212    5.44662    5.43798      8.134     0.3428    9.99156   4.264021 8.7363e+02    22.9819    22.9809 1.0000e-12     22.168          1       1547    1513.43 3.9151e+00  49351.928     64.424 1570441846       0.87      0.545   40.86356  -72.19772    32.2169  1023.0798    22.9830    18.1995 0.0000e+00
     23.000    18.1625    32.0688  1023.0913     2.4047     5.1197     93.991    0.00282    5.44705    5.43841      8.132     0.3299    9.99228   4.260316 4.6347e+04    22.9901    22.9891 1.0000e-12     23.167          1       1786    1513.32 3.1524e+00  49351.880     74.356 1570441856       0.06      0.736   40.86359  -72.19768    32.2174  1023.0945    22.9933    18.1586 0.0000e+00
     24.000    18.0316    32.0534  1023.1158     2.4086     5.1217     94.053    0.00148    5.44556    5.43692 -9.990e-29     0.2775    9.98983   4.246864 -3.352e+04    23.0101    23.0091 1.0000e-12     24.168          1       2575    1512.94 4.5260e+00  49339.638    107.232 1570441889      -0.72      0.539   40.86370  -72.19754    32.2063  1023.1223    23.0167    18.0276 0.0000e+00
     23.000    18.1366    32.0644  1023.0942     2.4090     5.1277     94.147    0.00218    5.44648    5.43785 -9.990e-29     0.3402    9.99135   4.258084 2.5320e-11    22.9930    22.9920 1.0000e-12     23.169          1       2297    1513.24 3.9495e+00  49347.476     95.675 1570441878      -0.88     -0.257   40.86366  -72.19758    32.2188  1023.1019    23.0007    18.1327 0.0000e+00
     22.000    18.1697    32.0668  1023.0836     2.4067     5.1142     93.827   -0.00038    5.45065    5.44205      8.132     0.3142    9.99831   4.261381 -9.990e-29    22.9867    22.9858 1.0000e-12     22.182          1       2317    1513.33 3.9495e+00  49348.180     96.519 1570441878      -0.52     -0.885   40.86366  -72.19758    32.2210  1023.0912    22.9943    18.1659 0.0000e+00
     21.000    18.1904    32.0698  1023.0764     2.4017     5.0884     93.440   -0.00171    5.44568    5.43703      8.131     0.3346    9.99007   4.263655 2.5320e-11    22.9840    22.9831 1.0000e-12     21.182          1       3063    1513.37 3.9495e+00  49350.477    127.594 1570441909      -0.27     -0.841   40.86374  -72.19745    32.2243  1023.0843    22.9917    18.1868 0.0000e+00
     20.000    18.2459    32.0673  1023.0565     2.3995     5.0760     93.340   -0.00125    5.43813    5.42942      8.131     0.3866    9.97754   4.268471 2.5320e-11    22.9685    22.9676 1.0000e-12     20.158          1       3485    1513.52 3.9495e+00  49342.946    145.160 1570441927       0.15     -0.405   40.86379  -72.19738    32.2217  1023.0642    22.9762    18.2425 0.0000e+00
     19.000    18.2764    32.0597  1023.0388     2.4015     5.0835     93.530    0.00002    5.43519    5.42644 -9.990e-29     0.4002    9.97279   4.270262 2.5320e-11    22.9551    22.9544 1.0000e-12     19.153          1       3571    1513.58 3.9495e+00  49329.966    148.760 1570441931      -0.20     -0.451   40.86380  -72.19736    32.2132  1023.0458    22.9622    18.2731 0.0000e+00
     18.000    18.3052    32.0461  1023.0169     2.3935     5.0419     92.811   -0.00362    5.43245    5.42367      8.130     0.4417    9.96828   4.271357 2.5320e-11    22.9377    22.9370 1.0000e-12     18.141          1       3639    1513.63 3.9495e+00  49308.978    151.570 1570441934       0.05     -0.366   40.86382  -72.19735    32.2002  1023.0244    22.9452    18.3021 0.0000e+00
     17.000    18.3364    32.0423  1023.0019     2.3906     5.0260     92.950    0.00022    5.40723    5.39822      8.133     0.4095    9.92699   4.273784 2.5320e-11    22.9271    22.9264 1.0000e-12     17.130          1       3714    1513.70 3.9495e+00  49301.232    154.697 1570441937       0.00     -0.293   40.86382  -72.19734    32.1965  1023.0095    22.9347    18.3335 0.0000e+00
     16.000    18.5294    31.9968  1022.9153     2.4095     5.0978     94.456    0.00741    5.39704    5.38794      8.143     0.4373    9.91021   4.287083 3.8279e+04    22.8449    22.8442 1.0000e-12     16.127          1       3765    1514.20 2.4124e+00  49226.142    156.841 1570441939       0.07     -0.441   40.86382  -72.19734    32.1576  1022.9280    22.8577    18.5267 0.0000e+00
     15.000    18.6955    31.9629  1022.8439     2.4240     5.1147     94.904    0.00450    5.38934    5.38017      8.150     0.4493    9.89753   4.298406 5.9067e+04    22.7780    22.7774 1.0000e-12     15.109          1       3826    1514.62 1.2111e+00  49168.833    159.389 1570441941      -0.32     -0.327   40.86382  -72.19734    32.1232  1022.8564    22.7905    18.6929 0.0000e+00
     14.000    18.7538    31.9552  1022.8191     2.4280     5.1150     94.922    0.00255    5.38864    5.37946      8.153     0.4396    9.89638   4.302745 -5.892e+02    22.7576    22.7570 1.0000e-12     14.120          1       3878    1514.77 3.9766e+00  49154.207    161.544 1570441944      -0.39     -0.575   40.86384  -72.19733    32.1144  1022.8309    22.7693    18.7514 0.0000e+00
     13.000    18.7932    31.9484  1022.7998     2.4328     5.1201     95.048    0.00151    5.38682    5.37763      8.154     0.4406    9.89337   4.305257 -9.990e-29    22.7426    22.7421 1.0000e-12     13.106          1       3951    1514.86 3.9495e+00  49142.175    164.578 1570441947      -0.41     -0.710   40.86384  -72.19732    32.1051  1022.8096    22.7525    18.7909 0.0000e+00
     12.000    18.8111    31.9459  1022.7889     2.4324     5.1131     94.924    0.00033    5.38654    5.37735      8.156     0.4195    9.89295   4.306414 3.8889e+04    22.7359    22.7354 1.0000e-12     12.099          1       4006    1514.89 3.3165e+00  49137.323    166.881 1570441949       0.01     -0.561   40.86385  -72.19732    32.1012  1022.7977    22.7450    18.8090 0.0000e+00
     11.000    18.8103    31.9473  1022.7857     2.4309     5.1076     94.825    0.00015    5.38635    5.37715      8.156     0.4453    9.89259   4.306263 2.3410e+03    22.7374    22.7369 1.0000e-12     11.092          1       4086    1514.87 3.9115e+00  49138.652    170.223 1570441952      -0.26     -0.609   40.86387  -72.19732    32.1009  1022.7933    22.7449    18.8084 0.0000e+00
     10.000    18.8187    31.9468  1022.7789     2.4313     5.1100     94.871    0.00038    5.38627    5.37707      8.157     0.4224    9.89245   4.306819 5.3802e+04    22.7350    22.7345 1.0000e-12     10.090          1       4626    1514.88 2.5561e+00  49137.063    192.722 1570441975      -0.01     -0.525   40.86394  -72.19726    32.0994  1022.7856    22.7416    18.8169 0.0000e+00
      9.000    18.8264    31.9463  1022.7721     2.4330     5.1188     95.037    0.00182    5.38610    5.37690      8.161     0.3905    9.89216   4.307297 -3.802e+03    22.7326    22.7322 1.0000e-12      9.075          1       7401    1514.88 4.0480e+00  49135.345    308.321 1570442090      -0.41     -0.402   40.86434  -72.19692    32.0977  1022.7780    22.7384    18.8248 0.0000e+00
      8.000    18.8245    31.9466  1022.7684     2.4338     5.1135     94.945    0.00041    5.38578    5.37658      8.161     0.4089    9.89163   4.307115 2.5320e-11    22.7333    22.7329 1.0000e-12      8.063          1       7536    1514.86 3.9495e+00  49135.414    313.948 1570442096       0.08     -0.594   40.86436  -72.19690    32.0981  1022.7742    22.7391    18.8231 0.0000e+00
      7.000    18.8244    31.9465  1022.7639     2.4346     5.1173     95.012    0.00073    5.38591    5.37672      8.161     0.4248    9.89186   4.307064 2.5320e-11    22.7332    22.7329 1.0000e-12      7.055          1       7581    1514.84 3.9495e+00  49134.838    315.822 1570442098      -0.19     -0.532   40.86436  -72.19690    32.0980  1022.7698    22.7390    18.8232 0.0000e+00
      6.000    18.8242    31.9465  1022.7595     2.4364     5.1170     95.009   -0.00001    5.38582    5.37662      8.161     0.4208    9.89171   4.306996 2.5320e-11    22.7332    22.7329 1.0000e-12      6.053          1       7657    1514.83 3.9495e+00  49134.356    319.009 1570442101      -0.60     -0.427   40.86437  -72.19688    32.0980  1022.7654    22.7390    18.8232 0.0000e+00
