CalculateIndicators/WaterTemperature/Data/CTD_NYOS/NYOS190727_5_3.cnv
* Sea-Bird SBE 9 Data File:
* FileName = C:\Seabird 9 CTD\Data\2019\201907_offshore\NYOS190727_5_3.hex
* Software Version Seasave V 7.23.2
* Temperature SN = 4590
* Conductivity SN = 3228
* Number of Bytes Per Scan = 44
* Number of Voltage Words = 5
* Number of Scans Averaged by the Deck Unit = 1
* NMEA Latitude = 39 57.58 N
* NMEA Longitude = 072 53.91 W
* NMEA UTC (Time) = Jul 27 2019  10:04:45
* NMEA baud rate = 4800
** Ship: Seawolf
** Station: 5-3
** Operator: ajb
# nquan = 35
# nvalues = 98                          
# units = specified
# name 0 = depSM: Depth [salt water, m]
# name 1 = t090C: Temperature [ITS-90, deg C]
# name 2 = sal00: Salinity, Practical [PSU]
# name 3 = density00: Density [density, kg/m^3]
# name 4 = sbeox0V: Oxygen raw, SBE 43 [V]
# name 5 = sbeox0ML/L: Oxygen, SBE 43 [ml/l]
# name 6 = sbeox0PS: Oxygen, SBE 43 [% saturation]
# name 7 = sbox0dV/dT: Oxygen, SBE 43 [dov/dt]
# name 8 = oxsolML/L: Oxygen Saturation, Garcia & Gordon [ml/l]
# name 9 = oxsatML/L: Oxygen Saturation, Weiss [ml/l]
# name 10 = ph: pH
# name 11 = flECO-AFL: Fluorescence, WET Labs ECO-AFL/FL [mg/m^3]
# name 12 = n2satML/L: Nitrogen Saturation [ml/l]
# name 13 = c0S/m: Conductivity [S/m]
# name 14 = cpar: CPAR/Corrected Irradiance [%]
# name 15 = sigma-é00: Density [sigma-theta, kg/m^3]
# name 16 = sigma-t00: Density [sigma-t, kg/m^3 ]
# name 17 = par: PAR/Irradiance, Biospherical/Licor
# name 18 = prDM: Pressure, Digiquartz [db]
# name 19 = pumps: Pump Status
# name 20 = scan: Scan Count
# name 21 = svCM: Sound Velocity [Chen-Millero, m/s]
# name 22 = spar: SPAR, Biospherical/Licor
# name 23 = specc: Specific Conductance [uS/cm]
# name 24 = timeS: Time, Elapsed [seconds]
# name 25 = timeY: Time, System [seconds]
# name 26 = accM: Acceleration [m/s^2]
# name 27 = dz/dtM: Descent Rate [m/s]
# name 28 = latitude: Latitude [deg]
# name 29 = longitude: Longitude [deg]
# name 30 = gsw_saA0: Absolute Salinity [g/kg]
# name 31 = gsw_densityA0: density, TEOS-10 [density, kg/m^3]
# name 32 = gsw_sigma0A0: density, TEOS-10 [sigma-0, kg/m^3 ]
# name 33 = gsw_ptA0: potential temperature [ITS-90, deg C]
# name 34 = flag: flag
# span 0 =      1.000,     50.000       
# span 1 =     6.3712,    25.0049       
# span 2 =    31.3090,    33.1296       
# span 3 =  1020.5914,  1025.9458       
# span 4 =     1.9412,     2.9265       
# span 5 =     4.7878,     6.9792       
# span 6 =     72.841,    121.040       
# span 7 =   -0.05811,    0.06090       
# span 8 =    4.83487,    6.95347       
# span 9 =    4.82253,    6.96405       
# span 10 =      7.912,      8.236      
# span 11 =     0.0608,     0.8179      
# span 12 =    8.98031,   12.48095      
# span 13 =   3.269120,   4.811424      
# span 14 = 1.1417e-12, 3.8508e+01      
# span 15 =    20.5826,    25.7352      
# span 16 =    20.5822,    25.7347      
# span 17 = 1.0000e-12, 3.3305e+01      
# span 18 =      1.013,     50.388      
# span 19 =          1,          1      
# span 20 =       1071,       6225      
# span 21 =    1474.09,    1530.57      
# span 22 = 7.1000e+01, 8.7980e+01      
# span 23 =  48052.586,  52135.799      
# span 24 =     44.573,    259.324      
# span 25 = 1564221930, 1564222144      
# span 26 =      -0.34,       0.32      
# span 27 =     -1.040,      0.875      
# span 28 =   39.95987,   39.96036      
# span 29 =  -72.89846,  -72.89798      
# span 30 =    31.4823,    33.2700      
# span 31 =  1020.5955,  1025.9474      
# span 32 =    20.5853,    25.7245      
# span 33 =     6.3670,    25.0041      
# span 34 = 0.0000e+00, 0.0000e+00      
# interval = meters: 1                  
# start_time = Jul 27 2019 10:04:45 [System UTC, first data scan.]
# bad_flag = -9.990e-29
*END*
      2.000    25.0038    31.3482  1020.5918     2.5370     4.7878     98.977   -0.00268    4.83724    4.82490 -9.990e-29     0.0617    8.98410   4.811207 3.1314e+01    20.5832    20.5830 2.2698e+01      2.016          1       1071    1530.52 7.2375e+01  48102.518     44.573 1564221930       0.32      0.373   39.95987  -72.89846    31.4969  1020.5955    20.5869    25.0034 0.0000e+00
      3.000    25.0044    31.3482  1020.5960     2.5403     4.8082     99.394    0.00117    4.83751    4.82517      8.195     0.0608    8.98455   4.811306 2.3176e+01    20.5831    20.5829 1.7406e+01      3.026          1       1114    1530.54 7.5087e+01  48102.918     46.385 1564221931       0.03      0.548   39.95988  -72.89846    31.4969  1020.5997    20.5868    25.0037 0.0000e+00
      4.000    25.0049    31.3485  1020.6004     2.5429     4.8161     99.552    0.00159    4.83777    4.82543      8.195     0.0703    8.98499   4.811424 1.9565e+01    20.5832    20.5829 1.4681e+01      4.027          1       1154    1530.56 7.5040e+01  48103.677     48.031 1564221933       0.02      0.610   39.95988  -72.89846    31.4971  1020.6040    20.5868    25.0041 0.0000e+00
      5.000    25.0007    31.3483  1020.6059     2.5451     4.8250     99.633    0.00082    4.84271    4.83038      8.195     0.0806    8.99328   4.811026 1.8314e+01    20.5844    20.5840 1.3555e+01      5.040          1       1209    1530.57 7.4002e+01  48103.942     50.324 1564221935      -0.08      0.423   39.95988  -72.89844    31.4968  1020.6095    20.5879    24.9996 0.0000e+00
      6.000    24.9945    31.3434  1020.6084     2.5493     4.8530     99.987    0.00255    4.85366    4.84135      8.196     0.0747    9.01128   4.809650 1.5894e+01    20.5826    20.5822 1.1650e+01      6.050          1       1257    1530.56 7.3322e+01  48097.656     52.322 1564221937       0.16      0.511   39.95988  -72.89844    31.4907  1020.6111    20.5853    24.9932 0.0000e+00
      7.000    24.9200    31.3395  1020.6321     2.5515     4.8697    100.075    0.00180    4.86601    4.85374      8.196     0.0815    9.03151   4.801478 1.3340e+01    20.6019    20.6015 1.0015e+01      7.057          1       1288    1530.39 7.5068e+01  48093.582     53.626 1564221939       0.16      0.716   39.95988  -72.89843    31.4823  1020.6315    20.6014    24.9185 0.0000e+00
      8.000    24.8518    31.3546  1020.6682     2.5531     4.8872    100.149    0.00127    4.87990    4.86767      8.195     0.0854    9.05430   4.797171 1.1963e+01    20.6338    20.6333 9.1014e+00      8.058          1       1315    1530.26 7.6111e+01  48115.804     54.733 1564221940       0.09      0.875   39.95989  -72.89842    31.4979  1020.6679    20.6335    24.8501 0.0000e+00
      9.000    24.7018    31.3891  1020.7432     2.5609     4.9546    100.801    0.00437    4.91509    4.90298      8.195     0.0880    9.11218   4.787114 1.1010e+01    20.7045    20.7039 8.2991e+00      9.066          1       1349    1529.94 7.5415e+01  48165.638     56.165 1564221941      -0.17      0.766   39.95990  -72.89842    31.5283  1020.7399    20.7011    24.6999 0.0000e+00
     10.000    24.3677    31.4554  1020.8964     2.5855     5.1149    102.687    0.01256    4.98101    4.96916      8.198     0.0988    9.22080   4.762762 1.1529e+01    20.8532    20.8526 8.1940e+00     10.082          1       1397    1529.21 7.1065e+01  48262.092     58.156 1564221943      -0.01      0.475   39.95990  -72.89841    31.5822  1020.8837    20.8406    24.3656 0.0000e+00
     11.000    23.8682    31.5447  1021.1144     2.6138     5.2576    104.573    0.01839    5.02766    5.01603      8.200     0.0784    9.29771   4.726101 1.0552e+01    21.0669    21.0663 7.4863e+00     11.086          1       1431    1528.07 7.1000e+01  48394.496     59.601 1564221945       0.17      0.658   39.95990  -72.89840    31.6617  1021.0941    21.0466    23.8660 0.0000e+00
     12.000    23.3412    31.6199  1021.3275     2.6395     5.4104    106.194    0.02136    5.09473    5.08348      8.203     0.0704    9.40837   4.684209 8.8034e+00    21.2756    21.2749 6.5963e+00     12.091          1       1462    1526.83 7.4948e+01  48509.193     60.889 1564221946       0.02      0.777   39.95990  -72.89840    31.7219  1021.2960    21.2441    23.3387 0.0000e+00
     13.000    22.7368    31.7100  1021.5719     2.6711     5.5871    107.766    0.01871    5.18409    5.17341      8.207     0.0739    9.55616   4.638435 8.6148e+00    21.5156    21.5149 6.4666e+00     13.101          1       1498    1525.39 7.5066e+01  48648.548     62.394 1564221947      -0.09      0.693   39.95992  -72.89840    31.8086  1021.5377    21.4814    22.7342 0.0000e+00
     14.000    21.9080    31.8217  1021.8915     2.7129     5.8829    110.913    0.02913    5.30392    5.29411      8.212     0.1141    9.75461   4.571536 7.6908e+00    21.8307    21.8300 5.9248e+00     14.112          1       1534    1523.36 7.7035e+01  48827.125     63.872 1564221949       0.08      0.655   39.95992  -72.89840    31.8966  1021.8393    21.7785    21.9053 0.0000e+00
     15.000    21.1374    31.9057  1022.1691     2.7476     6.1433    112.906    0.02823    5.44074    5.43209      8.218     0.1390    9.98115   4.507186 6.6066e+00    22.1035    22.1027 5.0880e+00     15.113          1       1564    1521.40 7.7015e+01  48970.031     65.106 1564221950       0.07      0.793   39.95992  -72.89838    31.9611  1022.1020    22.0366    21.1346 0.0000e+00
     16.000    19.7700    32.0141  1022.6146     2.7834     6.4668    114.754    0.02355    5.63496    5.62820      8.226     0.1727   10.30194   4.388761 6.2157e+00    22.5447    22.5439 4.6847e+00     16.122          1       1601    1517.75 7.5385e+01  49182.790     66.687 1564221952      -0.14      0.675   39.95992  -72.89838    32.0402  1022.5250    22.4550    19.7671 0.0000e+00
     17.000    17.4677    32.2026  1023.3328     2.8352     6.8103    117.921    0.02573    5.77520    5.77001      8.232     0.2058   10.53199   4.191284 5.4967e+00    23.2577    23.2570 4.1727e+00     17.134          1       1650    1511.31 7.5963e+01  49581.891     68.714 1564221954      -0.01      0.483   39.95992  -72.89836    32.1807  1023.2057    23.1307    17.4648 0.0000e+00
     18.000    15.7047    32.4003  1023.8949     2.8669     6.9381    119.112    0.02055    5.82488    5.82032      8.234     0.2090   10.61270   4.052155 4.7133e+00    23.8149    23.8143 3.6306e+00     18.141          1       1690    1506.17 7.7028e+01  50001.394     70.375 1564221955       0.10      0.593   39.95992  -72.89836    32.3865  1023.7725    23.6925    15.7019 0.0000e+00
     19.000    15.0093    32.6103  1024.2134     2.8738     6.9251    118.165    0.00717    5.86057    5.85651      8.235     0.2009   10.67005   4.015058 4.0225e+00    24.1290    24.1284 3.0979e+00     19.147          1       1724    1504.24 7.7015e+01  50361.635     71.785 1564221957       0.05      0.701   39.95993  -72.89836    32.6283  1024.1142    24.0295    15.0064 0.0000e+00
     20.000    14.5896    32.7287  1024.3990     2.8591     6.7828    115.923   -0.00738    5.85102    5.84694      8.231     0.2348   10.65271   3.991226 3.5446e+00    24.3098    24.3091 2.6969e+00     20.154          1       1757    1503.05 7.6072e+01  50569.819     73.184 1564221958      -0.01      0.725   39.95994  -72.89836    32.7632  1024.3117    24.2225    14.5867 0.0000e+00
     21.000    14.2105    32.9166  1024.6282     2.8401     6.7577    114.645   -0.01118    5.89464    5.89106      8.236     0.2140   10.72510   3.978970 3.2276e+00    24.5343    24.5337 2.4365e+00     21.161          1       1797    1502.06 7.5518e+01  50872.970     74.824 1564221960      -0.09      0.634   39.95994  -72.89836    32.9720  1024.5561    24.4623    14.2075 0.0000e+00
     22.000    14.1986    33.0721  1024.7552     2.8066     6.6567    112.248   -0.01866    5.93030    5.92718      8.234     0.2548   10.78340   3.996608 2.7587e+00    24.6569    24.6563 2.1181e+00     22.173          1       1843    1502.22 7.6803e+01  51090.860     76.767 1564221962       0.01      0.505   39.95994  -72.89834    33.1447  1024.6957    24.5974    14.1955 0.0000e+00
     23.000    13.6798    33.0478  1024.8480     2.7921     6.7525    112.761   -0.00814    5.98842    5.98596      8.228     0.3267   10.88011   3.945180 2.3440e+00    24.7450    24.7444 1.8052e+00     23.179          1       1881    1500.52 7.7015e+01  51119.957     78.351 1564221963       0.08      0.622   39.95994  -72.89834    33.1132  1024.7829    24.6799    13.6766 0.0000e+00
     24.000    13.5751    33.1296  1024.9372     2.7670     6.7601    110.670   -0.01690    6.10846    6.10742      8.227     0.3589   11.07981   3.946979 2.0047e+00    24.8297    24.8290 1.5485e+00     24.188          1       1917    1500.29 7.7269e+01  51246.849     79.814 1564221965       0.02      0.685   39.95994  -72.89834    33.2204  1024.8912    24.7838    13.5718 0.0000e+00
     25.000    13.1596    33.0944  1024.9980     2.7416     6.8530    109.401   -0.01820    6.26428    6.26516      8.230     0.3336   11.33891   3.901876 1.6649e+00    24.8858    24.8851 1.3077e+00     25.194          1       1950    1498.88 7.8539e+01  51251.969     81.192 1564221966       0.04      0.720   39.95996  -72.89834    33.1567  1024.9300    24.8178    13.1562 0.0000e+00
     26.000    12.2091    33.0260  1025.1336     2.7140     6.9792    108.240   -0.01798    6.44819    6.45148      8.229     0.3497   11.64416   3.804177 1.5127e+00    25.0165    25.0158 1.1661e+00     26.199          1       1986    1495.61 7.7083e+01  51292.543     82.720 1564221968      -0.09      0.685   39.95996  -72.89833    33.0550  1025.0396    24.9224    12.2057 0.0000e+00
     27.000    10.4915    32.8937  1025.3468     2.6692     6.9241    105.531   -0.02240    6.56122    6.56603      8.205     0.3282   11.83158   3.630866 1.3626e+00    25.2240    25.2235 1.0546e+00     27.214          1       2034    1489.47 7.7423e+01  51386.600     84.710 1564221970      -0.01      0.483   39.95996  -72.89832    32.8784  1025.2178    25.0951    10.4884 0.0000e+00
     28.000     9.3715    32.8478  1025.5026     2.6241     6.7607    102.324   -0.02966    6.60735    6.61283      8.192     0.4607   11.90790   3.529426 1.0799e+00    25.3749    25.3744 8.5246e-01     28.218          1       2070    1485.39 7.8946e+01  51537.483     86.215 1564221971       0.13      0.644   39.95996  -72.89832    32.8632  1025.3967    25.2688     9.3685 0.0000e+00
     29.000     8.9099    32.8178  1025.5569     2.5862     6.7672    100.914   -0.02664    6.70600    6.71289      8.181     0.6821   12.07122   3.487470 9.2498e-01    25.4240    25.4235 7.3063e-01     29.224          1       2105    1483.66 7.8989e+01  51590.414     87.664 1564221973      -0.02      0.702   39.95997  -72.89831    32.8520  1025.4653    25.3325     8.9069 0.0000e+00
     30.000     8.5405    32.8149  1025.6158     2.5344     6.6168     97.766   -0.03073    6.76824    6.77605      8.153     0.7501   12.17414   3.454581 8.2239e-01    25.4781    25.4777 6.4071e-01     30.234          1       2144    1482.30 7.7888e+01  51667.900     89.283 1564221974      -0.05      0.634   39.95998  -72.89830    32.8484  1025.5234    25.3858     8.5374 0.0000e+00
     31.000     7.8431    32.7955  1025.7086     2.4628     6.3173     92.452   -0.04255    6.83333    6.84213      8.125     0.6890   12.28171   3.392158 6.8402e-01    25.5659    25.5655 5.2738e-01     31.242          1       2183    1479.66 7.7116e+01  51802.366     90.929 1564221976       0.04      0.602   39.95998  -72.89830    32.8360  1025.6213    25.4785     7.8401 0.0000e+00
     32.000     7.4910    32.7915  1025.7601     2.3825     5.9775     86.997   -0.05205    6.87103    6.88040      8.090     0.5862   12.34402   3.361994 5.4808e-01    25.6124    25.6120 4.3281e-01     32.249          1       2219    1478.32 7.8972e+01  51882.884     92.423 1564221977       0.01      0.671   39.95998  -72.89830    32.8423  1025.6806    25.5330     7.4880 0.0000e+00
     33.000     7.1017    32.7904  1025.8177     2.2936     5.6268     81.610   -0.05811    6.89492    6.90466      8.057     0.5104   12.38358   3.328839 4.6018e-01    25.6652    25.6648 3.6349e-01     33.257          1       2256    1476.83 7.8989e+01  51981.790     93.951 1564221979      -0.01      0.663   39.95998  -72.89830    32.8505  1025.7451    25.5926     7.0987 0.0000e+00
     34.000     6.8540    32.7878  1025.8536     2.2090     5.3829     77.840   -0.05489    6.91542    6.92547      8.030     0.4221   12.41748   3.308543 3.7988e-01    25.6962    25.6958 2.9853e-01     34.266          1       2294    1475.88 7.8989e+01  52043.534     95.524 1564221981      -0.01      0.640   39.95999  -72.89830    32.8637  1025.7934    25.6360     6.8510 0.0000e+00
     35.000     6.7156    32.7809  1025.8711     2.1437     5.2583     75.897   -0.04613    6.92827    6.93851      8.017     0.3500   12.43875   3.296925 3.1273e-01    25.7090    25.7086 2.4701e-01     35.274          1       2329    1475.35 7.8989e+01  52071.808     96.989 1564221982       0.05      0.675   39.96000  -72.89829    32.8676  1025.8193    25.6572     6.7126 0.0000e+00
     36.000     6.5986    32.7771  1025.8881     2.0927     5.1805     74.704   -0.03727    6.93474    6.94508      8.005     0.3395   12.44948   3.287357 2.5978e-01    25.7213    25.7209 2.0520e-01     36.279          1       2363    1474.90 7.8989e+01  52099.034     98.434 1564221983      -0.03      0.708   39.96000  -72.89828    32.8736  1025.8440    25.6771     6.5955 0.0000e+00
     37.000     6.5097    32.7737  1025.9017     2.0498     5.1467     74.138   -0.02701    6.94195    6.95240      7.992     0.3274   12.46142   3.280423 2.1802e-01    25.7301    25.7297 1.7221e-01     37.291          1       2403    1474.56 7.8989e+01  52119.340    100.070 1564221985      -0.03      0.615   39.96000  -72.89828    32.8817  1025.8665    25.6949     6.5065 0.0000e+00
     38.000     6.4717    32.7700  1025.9083     2.0238     5.1384     73.985   -0.01960    6.94524    6.95574      7.986     0.2899   12.46691   3.277489 1.6339e-01    25.7321    25.7317 1.2906e-01     38.296          1       2437    1474.43 7.8989e+01  52125.389    101.497 1564221986       0.09      0.683   39.96000  -72.89826    32.8852  1025.8787    25.7025     6.4684 0.0000e+00
     39.000     6.4324    32.7675  1025.9161     2.0045     5.1304     73.843   -0.01430    6.94765    6.95819      7.979     0.2804   12.47092   3.274544 1.3685e-01    25.7352    25.7347 1.0855e-01     39.304          1       2471    1474.28 7.8989e+01  52133.519    102.934 1564221988      -0.04      0.715   39.96000  -72.89826    32.8898  1025.8920    25.7111     6.4291 0.0000e+00
     40.000     6.4112    32.7638  1025.9205     1.9891     5.1158     73.616   -0.01077    6.94930    6.95985      7.975     0.2826   12.47367   3.272912 1.0443e-01    25.7349    25.7345 8.4206e-02     40.313          1       2507    1474.21 8.0492e+01  52134.835    104.432 1564221989       0.01      0.668   39.96000  -72.89826    32.8916  1025.9008    25.7152     6.4078 0.0000e+00
     41.000     6.3950    32.7608  1025.9249     1.9766     5.1022     73.413   -0.00806    6.95009    6.96065      7.973     0.2929   12.47502   3.271800 8.9129e-02    25.7347    25.7342 7.0052e-02     41.318          1       2547    1474.16 7.8593e+01  52135.799    106.067 1564221991      -0.09      0.634   39.96000  -72.89826    32.8943  1025.9097    25.7195     6.3915 0.0000e+00
     42.000     6.3840    32.7564  1025.9274     1.9641     5.0888     73.212   -0.00537    6.95076    6.96133      7.968     0.2787   12.47617   3.271004 7.0937e-02    25.7325    25.7321 5.6161e-02     42.329          1       2601    1474.13 7.9198e+01  52133.152    108.336 1564221993      -0.04      0.432   39.96002  -72.89826    32.8957  1025.9168    25.7219     6.3804 0.0000e+00
