CalculateIndicators/WaterTemperature/Data/CTD_NYOS/NYOS190728_7_6.cnv
* Sea-Bird SBE 9 Data File:
* FileName = C:\Seabird 9 CTD\Data\2019\201907_offshore\NYOS190728_7_6.hex
* Software Version Seasave V 7.23.2
* Temperature SN = 4590
* Conductivity SN = 3228
* Number of Bytes Per Scan = 44
* Number of Voltage Words = 5
* Number of Scans Averaged by the Deck Unit = 1
* NMEA Latitude = 38 32.06 N
* NMEA Longitude = 073 04.30 W
* NMEA UTC (Time) = Jul 28 2019  17:20:31
* NMEA baud rate = 4800
** Ship: Seawolf
** Station: 7.6
** Operator: ajb
# nquan = 35
# nvalues = 1194                        
# units = specified
# name 0 = depSM: Depth [salt water, m]
# name 1 = t090C: Temperature [ITS-90, deg C]
# name 2 = sal00: Salinity, Practical [PSU]
# name 3 = density00: Density [density, kg/m^3]
# name 4 = sbeox0V: Oxygen raw, SBE 43 [V]
# name 5 = sbeox0ML/L: Oxygen, SBE 43 [ml/l]
# name 6 = sbeox0PS: Oxygen, SBE 43 [% saturation]
# name 7 = sbox0dV/dT: Oxygen, SBE 43 [dov/dt]
# name 8 = oxsolML/L: Oxygen Saturation, Garcia & Gordon [ml/l]
# name 9 = oxsatML/L: Oxygen Saturation, Weiss [ml/l]
# name 10 = ph: pH
# name 11 = flECO-AFL: Fluorescence, WET Labs ECO-AFL/FL [mg/m^3]
# name 12 = n2satML/L: Nitrogen Saturation [ml/l]
# name 13 = c0S/m: Conductivity [S/m]
# name 14 = cpar: CPAR/Corrected Irradiance [%]
# name 15 = sigma-é00: Density [sigma-theta, kg/m^3]
# name 16 = sigma-t00: Density [sigma-t, kg/m^3 ]
# name 17 = par: PAR/Irradiance, Biospherical/Licor
# name 18 = prDM: Pressure, Digiquartz [db]
# name 19 = pumps: Pump Status
# name 20 = scan: Scan Count
# name 21 = svCM: Sound Velocity [Chen-Millero, m/s]
# name 22 = spar: SPAR, Biospherical/Licor
# name 23 = specc: Specific Conductance [uS/cm]
# name 24 = timeS: Time, Elapsed [seconds]
# name 25 = timeY: Time, System [seconds]
# name 26 = accM: Acceleration [m/s^2]
# name 27 = dz/dtM: Descent Rate [m/s]
# name 28 = latitude: Latitude [deg]
# name 29 = longitude: Longitude [deg]
# name 30 = gsw_saA0: Absolute Salinity [g/kg]
# name 31 = gsw_densityA0: density, TEOS-10 [density, kg/m^3]
# name 32 = gsw_sigma0A0: density, TEOS-10 [sigma-0, kg/m^3 ]
# name 33 = gsw_ptA0: potential temperature [ITS-90, deg C]
# name 34 = flag: flag
# span 0 =      1.000,    598.000       
# span 1 =     5.7108,    26.1287       
# span 2 =    34.6344,    35.7983       
# span 3 =  1022.9315,  1030.3958       
# span 4 =     1.4147,     2.8223       
# span 5 =     2.8954,     6.1551       
# span 6 =     47.180,    115.353       
# span 7 =   -0.05506,    0.04180       
# span 8 =    4.65093,    6.95328       
# span 9 =    4.63896,    6.96701       
# span 10 =      7.915,      8.286      
# span 11 =    -0.2176,     0.8841      
# span 12 =    8.64079,   12.45168      
# span 13 =   3.441793,   5.413088      
# span 14 = 4.6353e-14, 7.4296e+01      
# span 15 =    22.9272,    27.6353      
# span 16 =    22.9271,    27.6288      
# span 17 = 1.0000e-12, 1.5915e+03      
# span 18 =      1.019,    603.401      
# span 19 =          1,          1      
# span 20 =        647,      34773      
# span 21 =    1483.48,    1537.01      
# span 22 = 6.3045e+02, 2.1574e+03      
# span 23 =  52881.657,  56033.334      
# span 24 =     26.907,   1448.831      
# span 25 = 1564334458, 1564335880      
# span 26 =      -0.76,       0.54      
# span 27 =     -1.769,      1.256      
# span 28 =   38.53173,   38.53430      
# span 29 =  -73.07227,  -73.07172      
# span 30 =    34.8260,    35.9840      
# span 31 =  1022.9328,  1030.3989      
# span 32 =    22.9285,    27.6384      
# span 33 =     5.6583,    26.1284      
# span 34 = 0.0000e+00, 0.0000e+00      
# interval = meters: 1                  
# start_time = Jul 28 2019 17:20:31 [System UTC, first data scan.]
# bad_flag = -9.990e-29
*END*
[from data line 291]
    293.000     9.4083    35.2211  1028.5602     1.4163     3.0530     47.775    0.00070    6.39038    6.39514      7.918    -0.0276   11.52061   3.787147 4.6435e-14    27.2301    27.2245 1.0000e-12    295.434          1       8022    1492.83 2.1536e+03  55037.323    334.192 1564334765      -0.00      1.192   38.53392  -73.07192    35.3832  1028.5594    27.2293     9.3750 0.0000e+00
    294.000     9.3958    35.2245  1028.5696     1.4188     3.0762     48.133    0.00223    6.39111    6.39588      7.918    -0.0283   11.52184   3.786323 4.6416e-14    27.2348    27.2293 1.0000e-12    296.444          1       8042    1492.81 2.1544e+03  55045.575    335.041 1564334766      -0.00      1.190   38.53392  -73.07192    35.3866  1028.5687    27.2340     9.3624 0.0000e+00
    295.000     9.3904    35.2268  1028.5769     1.4213     3.0928     48.369    0.00292    6.39410    6.39892      7.920    -0.0394   11.52680   3.786185 4.6429e-14    27.2376    27.2320 1.0000e-12    297.452          1       8062    1492.81 2.1538e+03  55050.674    335.886 1564334767       0.00      1.191   38.53392  -73.07192    35.3900  1028.5768    27.2375     9.3569 0.0000e+00
    296.000     9.3874    35.2268  1028.5819     1.4231     3.0982     48.432    0.00267    6.39705    6.40190      7.920    -0.0409   11.53169   3.786003 4.7184e-14    27.2380    27.2325 1.0000e-12    298.462          1       8083    1492.81 2.1197e+03  55051.994    336.731 1564334768       0.00      1.194   38.53392  -73.07192    35.3906  1028.5823    27.2385     9.3538 0.0000e+00
    297.000     9.3860    35.2262  1028.5862     1.4247     3.0984     48.420    0.00198    6.39907    6.40395      7.920    -0.0351   11.53504   3.785860 4.6482e-14    27.2379    27.2323 1.0000e-12    299.470          1       8103    1492.82 2.1514e+03  55052.159    337.572 1564334769       0.00      1.196   38.53391  -73.07192    35.3901  1028.5867    27.2384     9.3522 0.0000e+00
    298.000     9.3740    35.2243  1028.5913     1.4257     3.1025     48.434    0.00161    6.40560    6.41058      7.921    -0.0281   11.54588   3.784445 4.6530e-14    27.2383    27.2327 1.0000e-12    300.479          1       8123    1492.79 2.1492e+03  55052.753    338.413 1564334769       0.00      1.199   38.53390  -73.07192    35.3867  1028.5907    27.2377     9.3402 0.0000e+00
    299.000     9.3519    35.2226  1028.5983     1.4262     3.1022     48.389    0.00106    6.41092    6.41598      7.921    -0.0305   11.55469   3.782238 4.6550e-14    27.2407    27.2351 1.0000e-12    301.488          1       8143    1492.73 2.1482e+03  55056.059    339.257 1564334770      -0.00      1.199   38.53390  -73.07192    35.3850  1028.5976    27.2400     9.3180 0.0000e+00
    300.000     9.3359    35.2214  1028.6047     1.4269     3.1034     48.381    0.00068    6.41442    6.41953      7.919    -0.0524   11.56048   3.780765 4.6498e-14    27.2424    27.2368 1.0000e-12    302.498          1       8164    1492.68 2.1507e+03  55058.681    340.104 1564334771      -0.01      1.194   38.53390  -73.07192    35.3849  1028.6049    27.2426     9.3020 0.0000e+00
    301.000     9.3075    35.2176  1028.6111     1.4282     3.1139     48.531    0.00117    6.41624    6.42138      7.919    -0.0419   11.56350   3.777363 4.6525e-14    27.2441    27.2385 1.0000e-12    303.507          1       8184    1492.59 2.1494e+03  55060.437    340.949 1564334772       0.00      1.192   38.53390  -73.07192    35.3770  1028.6081    27.2411     9.2735 0.0000e+00
    302.000     9.2650    35.2153  1028.6212     1.4298     3.1242     48.686    0.00164    6.41707    6.42222      7.918    -0.0320   11.56489   3.773209 4.6670e-14    27.2493    27.2437 1.0000e-12    304.515          1       8204    1492.45 2.1427e+03  55067.586    341.791 1564334773       0.00      1.196   38.53390  -73.07192    35.3751  1028.6184    27.2466     9.2310 0.0000e+00
    303.000     9.2303    35.2136  1028.6303     1.4313     3.1315     48.797    0.00183    6.41756    6.42272      7.918    -0.0300   11.56570   3.769917 5.2720e-14    27.2536    27.2481 1.0000e-12    305.525          1       8224    1492.34 1.9067e+03  55073.633    342.633 1564334774       0.00      1.198   38.53390  -73.07192    35.3746  1028.6285    27.2519     9.1962 0.0000e+00
    304.000     9.2134    35.2127  1028.6369     1.4326     3.1349     48.842    0.00163    6.41829    6.42345 -9.990e-29    -0.0325   11.56691   3.768336 5.4868e-14    27.2556    27.2501 1.0000e-12    306.534          1       8244    1492.29 1.8228e+03  55076.888    343.474 1564334774       0.00      1.199   38.53390  -73.07192    35.3742  1028.6356    27.2544     9.1793 0.0000e+00
    305.000     9.2046    35.2117  1028.6422     1.4337     3.1381     48.886    0.00151    6.41918    6.42436 -9.990e-29    -0.0416   11.56839   3.767583 5.6469e-14    27.2564    27.2508 1.0000e-12    307.543          1       8265    1492.27 1.7710e+03  55078.182    344.317 1564334775      -0.00      1.199   38.53390  -73.07192    35.3746  1028.6419    27.2561     9.1703 0.0000e+00
    306.000     9.1989    35.2112  1028.6473     1.4336     3.1319     48.782    0.00075    6.42023    6.42542 -9.990e-29    -0.0405   11.57012   3.767114 4.9017e-14    27.2569    27.2513 1.0000e-12    308.552          1       8285    1492.27 2.0470e+03  55079.477    345.156 1564334776       0.00      1.199   38.53390  -73.07192    35.3749  1028.6477    27.2573     9.1645 0.0000e+00
    307.000     9.1968    35.2105  1028.6517     1.4339     3.1281     48.712    0.00015    6.42162    6.42684 -9.990e-29    -0.0429   11.57244   3.766912 4.6469e-14    27.2567    27.2511 1.0000e-12    309.561          1       8305    1492.28 2.1517e+03  55079.610    345.994 1564334777       0.00      1.203   38.53390  -73.07192    35.3744  1028.6522    27.2572     9.1623 0.0000e+00
    308.000     9.1902    35.2096  1028.6567     1.4341     3.1314     48.753    0.00030    6.42297    6.42820      7.917    -0.0398   11.57467   3.766258 4.6560e-14    27.2572    27.2515 1.0000e-12    310.570          1       8325    1492.27 2.1477e+03  55080.639    346.831 1564334778       0.00      1.205   38.53390  -73.07192    35.3736  1028.6572    27.2577     9.1556 0.0000e+00
    309.000     9.1839    35.2090  1028.6618     1.4344     3.1326     48.765    0.00023    6.42401    6.42926      7.917    -0.0476   11.57641   3.765663 4.6550e-14    27.2577    27.2520 1.0000e-12    311.579          1       8345    1492.26 2.1482e+03  55081.829    347.670 1564334779      -0.00      1.205   38.53390  -73.07192    35.3731  1028.6624    27.2583     9.1493 0.0000e+00
    310.000     9.1768    35.2082  1028.6670     1.4349     3.1392     48.826    0.00040    6.42933    6.43465      7.918    -0.0507   11.58524   3.764960 4.7661e-14    27.2582    27.2526 1.0000e-12    312.588          1       8365    1492.25 2.1028e+03  55082.968    348.511 1564334779      -0.00      1.202   38.53390  -73.07192    35.3723  1028.6675    27.2589     9.1421 0.0000e+00
    311.000     9.1649    35.2072  1028.6727     1.4349     3.1433     48.846    0.00045    6.43515    6.44056      7.918    -0.0409   11.59486   3.763788 4.8102e-14    27.2594    27.2537 1.0000e-12    313.597          1       8386    1492.22 2.0841e+03  55084.949    349.356 1564334780      -0.01      1.197   38.53390  -73.07192    35.3713  1028.6734    27.2601     9.1301 0.0000e+00
    312.000     9.1585    35.2068  1028.6781     1.4350     3.1426     48.815    0.00014    6.43773    6.44318      7.918    -0.0427   11.59914   3.763238 4.6386e-14    27.2601    27.2544 1.0000e-12    314.607          1       8406    1492.21 2.1558e+03  55086.481    350.202 1564334781      -0.00      1.194   38.53388  -73.07192    35.3714  1028.6791    27.2612     9.1236 0.0000e+00
    313.000     9.1439    35.2042  1028.6831     1.4358     3.1484     48.887    0.00031    6.44007    6.44556      7.918    -0.0423   11.60304   3.761357 4.6374e-14    27.2605    27.2548 1.0000e-12    315.616          1       8426    1492.18 2.1564e+03  55086.906    351.050 1564334782      -0.00      1.192   38.53388  -73.07192    35.3656  1028.6816    27.2591     9.1089 0.0000e+00
    314.000     9.0930    35.2006  1028.6934     1.4369     3.1651     49.075    0.00107    6.44949    6.45511 -9.990e-29    -0.0417   11.61863   3.756168 4.8358e-14    27.2659    27.2602 1.0000e-12    316.625          1       8447    1492.00 2.0727e+03  55094.257    351.897 1564334783       0.00      1.190   38.53388  -73.07193    35.3612  1028.6913    27.2639     9.0580 0.0000e+00
    315.000     9.0676    35.2001  1028.7018     1.4374     3.1683     49.105    0.00105    6.45213    6.45779 -9.990e-29    -0.0428   11.62298   3.753927 4.6593e-14    27.2696    27.2640 1.0000e-12    317.634          1       8467    1491.92 2.1462e+03  55100.132    352.736 1564334784       0.01      1.195   38.53388  -73.07194    35.3623  1028.7010    27.2689     9.0326 0.0000e+00
    316.000     9.0539    35.1992  1028.7080     1.4388     3.1728     49.171    0.00098    6.45261    6.45828 -9.990e-29    -0.0422   11.62379   3.752677 4.6649e-14    27.2712    27.2655 1.0000e-12    318.643          1       8487    1491.89 2.1437e+03  55102.765    353.576 1564334785       0.00      1.202   38.53388  -73.07194    35.3624  1028.7079    27.2711     9.0187 0.0000e+00
    317.000     9.0179    35.1939  1028.7145     1.4412     3.1923     49.469    0.00206    6.45328    6.45896 -9.990e-29    -0.0415   11.62491   3.748189 4.6609e-14    27.2729    27.2672 1.0000e-12    319.652          1       8507    1491.77 2.1455e+03  55104.384    354.417 1564334785      -0.00      1.201   38.53388  -73.07194    35.3504  1028.7091    27.2676     8.9828 0.0000e+00
    318.000     8.9632    35.1940  1028.7283     1.4428     3.2046     49.640    0.00260    6.45570    6.46142      7.917    -0.0278   11.62893   3.743564 4.7518e-14    27.2817    27.2761 1.0000e-12    320.661          1       8527    1491.58 2.1075e+03  55118.005    355.261 1564334786      -0.00      1.199   38.53388  -73.07192    35.3555  1028.7269    27.2804     8.9281 0.0000e+00
    319.000     8.9580    35.1935  1028.7334     1.4436     3.2001     49.535    0.00155    6.46031    6.46609      7.917    -0.0294   11.63656   3.743178 4.6779e-14    27.2822    27.2766 1.0000e-12    321.671          1       8548    1491.58 2.1383e+03  55119.267    356.107 1564334787      -0.01      1.195   38.53386  -73.07192    35.3562  1028.7328    27.2818     8.9227 0.0000e+00
    320.000     8.9543    35.1925  1028.7378     1.4442     3.1974     49.467    0.00084    6.46358    6.46941      7.917    -0.0444   11.64196   3.742828 4.6375e-14    27.2821    27.2764 1.0000e-12    322.680          1       8568    1491.58 2.1563e+03  55119.430    356.955 1564334788      -0.00      1.192   38.53386  -73.07193    35.3557  1028.7376    27.2820     8.9189 0.0000e+00
    321.000     8.9454    35.1910  1028.7426     1.4452     3.2036     49.535    0.00089    6.46742    6.47331      7.917    -0.0539   11.64835   3.741808 4.6414e-14    27.2823    27.2766 1.0000e-12    323.689          1       8588    1491.56 2.1545e+03  55120.050    357.804 1564334789      -0.00      1.190   38.53386  -73.07194    35.3533  1028.7418    27.2815     8.9100 0.0000e+00
    322.000     8.9220    35.1889  1028.7494     1.4465     3.2159     49.681    0.00129    6.47316    6.47913      7.917    -0.0475   11.65782   3.739267 4.9141e-14    27.2844    27.2787 1.0000e-12    324.698          1       8609    1491.49 2.0409e+03  55123.149    358.652 1564334790       0.00      1.189   38.53386  -73.07194    35.3493  1028.7471    27.2822     8.8865 0.0000e+00
    323.000     8.8910    35.1879  1028.7584     1.4480     3.2248     49.808    0.00159    6.47453    6.48053      7.918    -0.0297   11.66010   3.736404 4.6580e-14    27.2886    27.2829 1.0000e-12    325.707          1       8629    1491.39 2.1469e+03  55129.894    359.497 1564334790       0.00      1.192   38.53386  -73.07194    35.3495  1028.7570    27.2873     8.8554 0.0000e+00
    324.000     8.8730    35.1870  1028.7653     1.4501     3.2371     49.991    0.00205    6.47535    6.48136      7.917    -0.0291   11.66145   3.734673 4.6625e-14    27.2908    27.2851 1.0000e-12    326.716          1       8649    1491.34 2.1448e+03  55133.571    360.338 1564334791       0.00      1.196   38.53386  -73.07194    35.3486  1028.7638    27.2894     8.8374 0.0000e+00
    325.000     8.8328    35.1839  1028.7741     1.4516     3.2445     50.098    0.00217    6.47620    6.48223      7.918    -0.0398   11.66288   3.730379 4.6548e-14    27.2948    27.2891 1.0000e-12    327.726          1       8669    1491.21 2.1483e+03  55139.444    361.181 1564334792       0.00      1.198   38.53386  -73.07194    35.3428  1028.7706    27.2913     8.7972 0.0000e+00
    326.000     8.8096    35.1845  1028.7829     1.4535     3.2507     50.171    0.00197    6.47911    6.48518      7.918    -0.0354   11.66771   3.728595 4.8071e-14    27.2989    27.2932 1.0000e-12    328.735          1       8690    1491.14 2.0839e+03  55146.398    362.023 1564334793      -0.00      1.198   38.53386  -73.07194    35.3465  1028.7818    27.2979     8.7739 0.0000e+00
    327.000     8.8022    35.1835  1028.7880     1.4551     3.2616     50.302    0.00220    6.48397    6.49011      7.917    -0.0242   11.67575   3.727913 4.6391e-14    27.2994    27.2937 1.0000e-12    329.744          1       8710    1491.12 2.1555e+03  55147.534    362.863 1564334794       0.00      1.200   38.53386  -73.07194    35.3462  1028.7874    27.2988     8.7664 0.0000e+00
    328.000     8.7980    35.1829  1028.7928     1.4553     3.2556     50.182    0.00128    6.48743    6.49363      7.918    -0.0248   11.68147   3.727560 4.6372e-14    27.2996    27.2939 1.0000e-12    330.753          1       8730    1491.12 2.1564e+03  55148.364    363.702 1564334795      -0.00      1.202   38.53386  -73.07194    35.3462  1028.7926    27.2995     8.7621 0.0000e+00
    329.000     8.7887    35.1818  1028.7980     1.4564     3.2553     50.157    0.00066    6.49025    6.49648      7.917    -0.0424   11.68614   3.726513 4.8088e-14    27.3002    27.2945 1.0000e-12    331.762          1       8750    1491.11 2.0835e+03  55149.666    364.543 1564334795      -0.00      1.202   38.53386  -73.07194    35.3438  1028.7969    27.2992     8.7527 0.0000e+00
    330.000     8.7605    35.1796  1028.8055     1.4581     3.2722     50.386    0.00151    6.49428    6.50057      7.916    -0.0427   11.69282   3.723567 4.6537e-14    27.3029    27.2972 1.0000e-12    332.772          1       8770    1491.01 2.1489e+03  55153.948    365.389 1564334796      -0.01      1.198   38.53384  -73.07194    35.3402  1028.8033    27.3009     8.7245 0.0000e+00
    331.000     8.7268    35.1783  1028.8146     1.4599     3.2882     50.589    0.00217    6.49990    6.50628      7.917    -0.0428   11.70211   3.720370 4.6570e-14    27.3073    27.3016 1.0000e-12    333.781          1       8791    1490.91 2.1473e+03  55161.074    366.236 1564334797      -0.00      1.193   38.53384  -73.07194    35.3395  1028.8129    27.3056     8.6908 0.0000e+00
    332.000     8.7087    35.1773  1028.8214     1.4614     3.2928     50.645    0.00195    6.50178    6.50819      7.917    -0.0418   11.70521   3.718645 4.6556e-14    27.3093    27.3036 1.0000e-12    334.790          1       8811    1490.85 2.1479e+03  55164.612    367.084 1564334798      -0.00      1.191   38.53384  -73.07194    35.3388  1028.8198    27.3079     8.6726 0.0000e+00
