CalculateIndicators/WaterTemperature/Data/CTD_NYOS/NYOS1910_C05.cnv
* Sea-Bird SBE 9 Data File:
* FileName = C:\Seabird 9 CTD\Data\2019\201910_offhore\NYOS1910_C05.hex
* Software Version Seasave V 7.23.2
* Temperature SN = 4590
* Conductivity SN = 3228
* Number of Bytes Per Scan = 44
* Number of Voltage Words = 5
* Number of Scans Averaged by the Deck Unit = 1
* NMEA Latitude = 39 48.08 N
* NMEA Longitude = 071 28.03 W
* NMEA UTC (Time) = Oct 06 2019  15:59:25
* NMEA baud rate = 4800
** Ship: seawolf
** Station: 1.5
** Operator: EIH
# nquan = 35
# nvalues = 599                         
# units = specified
# name 0 = depSM: Depth [salt water, m]
# name 1 = t090C: Temperature [ITS-90, deg C]
# name 2 = sal00: Salinity, Practical [PSU]
# name 3 = density00: Density [density, kg/m^3]
# name 4 = sbeox0V: Oxygen raw, SBE 43 [V]
# name 5 = sbeox0ML/L: Oxygen, SBE 43 [ml/l]
# name 6 = sbeox0PS: Oxygen, SBE 43 [% saturation]
# name 7 = sbox0dV/dT: Oxygen, SBE 43 [dov/dt]
# name 8 = oxsolML/L: Oxygen Saturation, Garcia & Gordon [ml/l]
# name 9 = oxsatML/L: Oxygen Saturation, Weiss [ml/l]
# name 10 = ph: pH
# name 11 = flECO-AFL: Fluorescence, WET Labs ECO-AFL/FL [mg/m^3]
# name 12 = n2satML/L: Nitrogen Saturation [ml/l]
# name 13 = c0S/m: Conductivity [S/m]
# name 14 = cpar: CPAR/Corrected Irradiance [%]
# name 15 = sigma-é00: Density [sigma-theta, kg/m^3]
# name 16 = sigma-t00: Density [sigma-t, kg/m^3 ]
# name 17 = par: PAR/Irradiance, Biospherical/Licor
# name 18 = prDM: Pressure, Digiquartz [db]
# name 19 = pumps: Pump Status
# name 20 = scan: Scan Count
# name 21 = svCM: Sound Velocity [Chen-Millero, m/s]
# name 22 = spar: SPAR, Biospherical/Licor
# name 23 = specc: Specific Conductance [uS/cm]
# name 24 = timeS: Time, Elapsed [seconds]
# name 25 = timeY: Time, System [seconds]
# name 26 = accM: Acceleration [m/s^2]
# name 27 = dz/dtM: Descent Rate [m/s]
# name 28 = latitude: Latitude [deg]
# name 29 = longitude: Longitude [deg]
# name 30 = gsw_saA0: Absolute Salinity [g/kg]
# name 31 = gsw_densityA0: density, TEOS-10 [density, kg/m^3]
# name 32 = gsw_sigma0A0: density, TEOS-10 [sigma-0, kg/m^3 ]
# name 33 = gsw_ptA0: potential temperature [ITS-90, deg C]
# name 34 = flag: flag
# span 0 =      1.000,    300.000       
# span 1 =    12.0050,    23.1110       
# span 2 =    35.1958,    36.2345       
# span 3 =  1024.6835,  1028.3578       
# span 4 =     1.5212,     2.4826       
# span 5 =     3.1800,     5.0869       
# span 6 =     52.746,     96.746       
# span 7 =   -0.02692,    0.01879       
# span 8 =    4.86581,    6.03020       
# span 9 =    4.85452,    6.03009       
# span 10 =      8.030,      8.326      
# span 11 =    -0.0632,     0.4257      
# span 12 =    8.98695,   10.92178      
# span 13 =   4.068899,   5.244589      
# span 14 = -3.268e-09, 7.9860e+01      
# span 15 =    24.6792,    27.0130      
# span 16 =    24.6787,    27.0054      
# span 17 = -6.817e-08, 1.6542e+03      
# span 18 =      0.997,    302.524      
# span 19 =          1,          1      
# span 20 =        274,      45987      
# span 21 =    1502.47,    1531.73      
# span 22 = 8.2519e+02, 2.1992e+03      
# span 23 =  53615.966,  55121.595      
# span 24 =     11.384,   1916.075      
# span 25 = 1570377577, 1570379482      
# span 26 =      -1.00,       0.89      
# span 27 =     -1.121,      1.147      
# span 28 =   39.80137,   39.80953      
# span 29 =  -71.47191,  -71.46729      
# span 30 =    35.2829,    36.4042      
# span 31 =  1024.6869,  1028.3626      
# span 32 =    24.6827,    27.0180      
# span 33 =    11.9652,    23.1103      
# span 34 = 0.0000e+00, 0.0000e+00      
# interval = meters: 1                  
# start_time = Oct 06 2019 15:59:26 [System UTC, first data scan.]
# bad_flag = -9.990e-29
*END*
[from data line 374]
    225.000    13.9292    35.8245  1027.8467     1.6738     3.4632     59.874    0.00055    5.78420    5.78112 -9.990e-29    -0.0566   10.51159   4.285343 4.7546e-14    26.8466    26.8396 1.0000e-12    226.859          1      21094    1507.97 2.1032e+03  55033.198    878.884 1570378445       0.11     -0.443   39.80498  -71.46942    35.9971  1027.8532    26.8531    13.8963 0.0000e+00
    224.000    13.9456    35.8268  1027.8405     1.6749     3.4652     59.916    0.00047    5.78349    5.78040 -9.990e-29    -0.0606   10.51039   4.287150 4.7511e-14    26.8448    26.8379 1.0000e-12    225.848          1      21158    1508.01 2.1048e+03  55033.494    881.531 1570378447      -0.38     -0.397   39.80498  -71.46943    35.9992  1027.8468    26.8512    13.9127 0.0000e+00
    223.000    13.9536    35.8278  1027.8351     1.6753     3.4644     59.911    0.00036    5.78255    5.77945      8.092    -0.0507   10.50883   4.287968 4.7522e-14    26.8439    26.8370 1.0000e-12    224.843          1      21227    1508.01 2.1043e+03  55033.285    884.405 1570378450      -0.21     -0.358   39.80500  -71.46944    35.9998  1027.8412    26.8500    13.9209 0.0000e+00
    222.000    13.9596    35.8288  1027.8301     1.6760     3.4644     59.920    0.00021    5.78171    5.77860      8.093    -0.0482   10.50742   4.288612 4.7451e-14    26.8433    26.8364 1.0000e-12    223.832          1      21289    1508.02 2.1074e+03  55033.156    887.021 1570378453       0.05     -0.484   39.80501  -71.46944    36.0006  1027.8360    26.8493    13.9271 0.0000e+00
    221.000    13.9649    35.8295  1027.8251     1.6767     3.4648     59.959    0.00034    5.77868    5.77553      8.095    -0.0560   10.50236   4.289163 4.7576e-14    26.8428    26.8359 1.0000e-12    222.822          1      21342    1508.02 2.1019e+03  55032.904    889.202 1570378455      -0.14     -0.476   39.80502  -71.46944    36.0013  1027.8309    26.8487    13.9325 0.0000e+00
    220.000    13.9695    35.8307  1027.8205     1.6782     3.4716     60.088    0.00084    5.77755    5.77439      8.096    -0.0615   10.50049   4.289756 4.7662e-14    26.8427    26.8358 1.0000e-12    221.817          1      21380    1508.02 2.0981e+03  55033.243    890.809 1570378457      -0.08     -0.611   39.80502  -71.46945    36.0030  1027.8267    26.8490    13.9372 0.0000e+00
    219.000    14.0013    35.8342  1027.8119     1.6787     3.4663     59.999   -0.00006    5.77721    5.77404      8.096    -0.0510   10.49992   4.293264 4.7495e-14    26.8386    26.8318 1.0000e-12    220.806          1      21465    1508.11 2.1055e+03  55033.317    894.342 1570378460      -0.19     -0.297   39.80504  -71.46946    36.0065  1027.8182    26.8449    13.9692 0.0000e+00
    218.000    14.0025    35.8343  1027.8072     1.6789     3.4671     60.021    0.00015    5.77649    5.77332 -9.990e-29    -0.0492   10.49873   4.293280 4.7504e-14    26.8384    26.8316 1.0000e-12    219.796          1      21520    1508.11 2.1051e+03  55032.615    896.629 1570378462      -0.00     -0.518   39.80504  -71.46946    36.0060  1027.8130    26.8443    13.9705 0.0000e+00
    217.000    14.0060    35.8348  1027.8024     1.6800     3.4743     60.148    0.00077    5.77629    5.77311 -9.990e-29    -0.0520   10.49839   4.293642 4.7620e-14    26.8380    26.8313 1.0000e-12    218.787          1      21561 -9.990e-29 2.0999e+03  55032.278    898.344 1570378464      -0.14     -0.563   39.80506  -71.46946    36.0065  1027.8082    26.8439    13.9741 0.0000e+00
    216.000    14.0120    35.8354  1027.7971     1.6804     3.4709     60.095    0.00020    5.77567    5.77248      8.097    -0.0567   10.49735   4.294242 4.7628e-14    26.8372    26.8305 1.0000e-12    217.782          1      21631    1508.10 2.0996e+03  55031.752    901.240 1570378467      -0.10     -0.328   39.80506  -71.46947    36.0070  1027.8028    26.8430    13.9802 0.0000e+00
    215.000    14.0163    35.8357  1027.7920 -9.990e-29     3.4696     60.089    0.00012    5.77403    5.77083      8.097    -0.0513   10.49462   4.294644 4.7537e-14    26.8365    26.8298 1.0000e-12    216.761          1      21700    1508.10 2.1037e+03  55031.092    904.127 1570378470      -0.03     -0.434   39.80508  -71.46948    36.0072  1027.7975    26.8421    13.9847 0.0000e+00
    214.000    14.0225    35.8368  1027.7869 -9.990e-29     3.4712     60.130    0.00031    5.77281    5.76959      8.097    -0.0447   10.49259   4.295375 4.7629e-14    26.8360    26.8293 1.0000e-12    215.765          1      21736    1508.10 2.0996e+03  55031.053    905.626 1570378471      -0.01     -0.561   39.80508  -71.46948    36.0087  1027.7929    26.8420    13.9910 0.0000e+00
    213.000    14.0367    35.8387  1027.7809 -9.990e-29     3.4680     60.096   -0.00010    5.77073    5.76749      8.097    -0.0394   10.48912   4.296978 4.7667e-14    26.8344    26.8277 1.0000e-12    214.752          1      21800    1508.13 2.0979e+03  55031.195    908.307 1570378474      -0.37     -0.293   39.80510  -71.46950    36.0108  1027.7869    26.8405    14.0054 0.0000e+00
    212.000    14.0587    35.8421  1027.7743     1.6839     3.4782     60.294    0.00084    5.76884    5.76558      8.097    -0.0521   10.48598   4.299531 4.7622e-14    26.8324    26.8258 1.0000e-12    213.742          1      21874    1508.19 2.0999e+03  55032.415    911.355 1570378477      -0.27     -0.300   39.80510  -71.46950    36.0146  1027.7807    26.8388    14.0274 0.0000e+00
    211.000    14.0710    35.8430  1027.7679     1.6835     3.4718     60.184   -0.00002    5.76862    5.76536 -9.990e-29    -0.0541   10.48563   4.300778 4.7819e-14    26.8304    26.8238 1.0000e-12    212.737          1      21922    1508.22 2.0912e+03  55031.377    913.364 1570378479       0.06     -0.535   39.80511  -71.46950    36.0152  1027.7740    26.8366    14.0399 0.0000e+00
    210.000    14.0748    35.8424  1027.7621 -9.990e-29     3.4738     60.226    0.00022    5.76803    5.76475 -9.990e-29    -0.0467   10.48463   4.300983 4.8164e-14    26.8291    26.8225 1.0000e-12    211.725          1      21973    1508.21 2.0762e+03  55029.486    915.516 1570378481      -0.25     -0.443   39.80512  -71.46951    36.0140  1027.7678    26.8348    14.0439 0.0000e+00
    209.000    14.0786    35.8423  1027.7567 -9.990e-29     3.4705     60.197    0.00000    5.76536    5.76205      8.096    -0.0447   10.48018   4.301329 4.7904e-14    26.8282    26.8216 1.0000e-12    210.721          1      22040    1508.21 2.0876e+03  55028.229    918.285 1570378484      -0.09     -0.459   39.80513  -71.46952    36.0141  1027.7626    26.8341    14.0478 0.0000e+00
    208.000    14.1007    35.8465  1027.7508     1.6857     3.4694     60.267    0.00041    5.75672    5.75332      8.097    -0.0368   10.46577   4.304111 4.7651e-14    26.8268    26.8202 1.0000e-12    209.714          1      22119    1508.27 2.0986e+03  55030.556    921.590 1570378487      -0.19     -0.617   39.80515  -71.46954    36.0199  1027.7579    26.8339    14.0700 0.0000e+00
    207.000    14.1454    35.8513  1027.7403     1.6870     3.4785     60.456    0.00122    5.75370    5.75026      8.100    -0.0584   10.46075   4.309165 4.7593e-14    26.8209    26.8143 1.0000e-12    208.696          1      22169    1508.40 2.1011e+03  55030.576    923.664 1570378490       0.07     -0.497   39.80516  -71.46954    36.0259  1027.7483    26.8289    14.1148 0.0000e+00
    206.000    14.2005    35.8603  1027.7308     1.6904     3.4816     60.564    0.00081    5.74863    5.74513      8.101    -0.0498   10.45229   4.315659 4.7568e-14    26.8161    26.8095 1.0000e-12    207.693          1      22239    1508.57 2.1023e+03  55035.137    926.568 1570378492      -0.30     -0.331   39.80517  -71.46955    36.0356  1027.7393    26.8246    14.1700 0.0000e+00
    205.000    14.2366    35.8638  1027.7212     1.6931     3.4899     60.722    0.00105    5.74740    5.74389 -9.990e-29    -0.0522   10.45028   4.319521 4.7658e-14    26.8110    26.8045 1.0000e-12    206.689          1      22292    1508.67 2.0983e+03  55034.566    928.785 1570378495      -0.12     -0.600   39.80518  -71.46956    36.0384  1027.7292    26.8191    14.2062 0.0000e+00
    204.000    14.2544    35.8620  1027.7115     1.6969     3.4995     60.895    0.00099    5.74666    5.74314 -9.990e-29    -0.0492   10.44908   4.320854 4.7565e-14    26.8058    26.7993 1.0000e-12    205.675          1      22369    1508.71 2.1024e+03  55029.283    931.989 1570378498      -0.27     -0.291   39.80519  -71.46956    36.0347  1027.7180    26.8124    14.2241 0.0000e+00
    203.000    14.2596    35.8594  1027.7039     1.6999     3.5079     61.050    0.00110    5.74588    5.74234 -9.990e-29    -0.0520   10.44779   4.321018 4.7479e-14    26.8026    26.7962 1.0000e-12    204.657          1      22440    1508.71 2.1062e+03  55024.424    934.943 1570378501       0.01     -0.289   39.80520  -71.46958    36.0318  1027.7102    26.8090    14.2294 0.0000e+00
    202.000    14.2651    35.8598  1027.6986     1.7004     3.5044     60.978    0.00028    5.74703    5.74351      8.100 -9.990e-29   10.44975   4.321513 4.7629e-14    26.8018    26.7953 1.0000e-12    203.657          1      22489    1508.71 2.0996e+03  55023.763    936.979 1570378503       0.06     -0.430   39.80522  -71.46958    36.0317  1027.7045    26.8077    14.2350 0.0000e+00
    201.000    14.2580    35.8558  1027.6925     1.7033     3.5199     61.252    0.00148    5.74655    5.74302      8.102    -0.0512   10.44896   4.320255 4.7682e-14    26.8002    26.7938 1.0000e-12    202.653          1      22543    1508.67 2.0972e+03  55018.607    939.254 1570378505      -0.18     -0.498   39.80523  -71.46959    36.0270  1027.6980    26.8056    14.2281 0.0000e+00
    200.000    14.2617    35.8534  1027.6855     1.7091     3.5330     61.521    0.00139    5.74273    5.73916      8.104    -0.0428   10.44259   4.320367 4.8219e-14    26.7976    26.7912 1.0000e-12    201.627          1      22627    1508.66 2.0739e+03  55014.311    942.745 1570378509      -0.41     -0.152   39.80524  -71.46960    36.0250  1027.6911    26.8033    14.2319 0.0000e+00
    199.000    14.2824    35.8575  1027.6796     1.7080     3.5174     61.277   -0.00022    5.74025    5.73665 -9.990e-29    -0.0477   10.43843   4.323000 4.7576e-14    26.7962    26.7898 1.0000e-12    200.639          1      22675    1508.71 2.1019e+03  55016.559    944.737 1570378511      -0.39     -0.490   39.80525  -71.46961    36.0306  1027.6865    26.8031    14.2528 0.0000e+00
    198.000    14.3170    35.8628  1027.6717     1.7074     3.5089     61.176   -0.00072    5.73575    5.73210 -9.990e-29    -0.0402   10.43094   4.326986 4.7641e-14    26.7929    26.7865 1.0000e-12    199.624          1      22745    1508.82 2.0990e+03  55018.857    947.677 1570378514      -0.13     -0.567   39.80526  -71.46962    36.0361  1027.6786    26.7998    14.2875 0.0000e+00
    197.000    14.3432    35.8662  1027.6641     1.7081     3.5163     61.313    0.00023    5.73508    5.73142 -9.990e-29    -0.0462   10.42983   4.329919 4.7525e-14    26.7898    26.7835 1.0000e-12    198.615          1      22801    1508.89 2.1042e+03  55019.565    949.990 1570378516       0.01     -0.446   39.80527  -71.46962    36.0394  1027.6710    26.7967    14.3138 0.0000e+00
    196.000    14.3575    35.8684  1027.6582     1.7117     3.5303     61.581    0.00115    5.73281    5.72912 -9.990e-29    -0.0542   10.42608   4.331474 4.7628e-14    26.7883    26.7820 1.0000e-12    197.595          1      22888    1508.92 2.0996e+03  55020.044    953.620 1570378520      -0.54     -0.268   39.80528  -71.46962    36.0409  1027.6645    26.7948    14.3283 0.0000e+00
    195.000    14.3700    35.8671  1027.6500     1.7159     3.5467     61.884    0.00203    5.73128    5.72757      8.107    -0.0566   10.42352   4.332524 4.7664e-14    26.7847    26.7784 1.0000e-12    196.599          1      22929    1508.94 2.0980e+03  55016.210    955.318 1570378521      -0.07     -0.499   39.80529  -71.46964    36.0395  1027.6563    26.7910    14.3409 0.0000e+00
    194.000    14.3886    35.8686  1027.6427     1.7234     3.5710     62.346    0.00292    5.72771    5.72397      8.108    -0.0499   10.41757   4.334594 4.7591e-14    26.7819    26.7756 1.0000e-12    195.591          1      22997    1508.98 2.1012e+03  55015.338    958.155 1570378524      -0.20     -0.419   39.80530  -71.46965    36.0419  1027.6497    26.7888    14.3595 0.0000e+00
    193.000    14.4178    35.8726  1027.6349     1.7313     3.5752     62.575    0.00160    5.71357    5.70967      8.109    -0.0522   10.39400   4.337948 4.7446e-14    26.7786    26.7723 1.0000e-12    194.557          1      23081    1509.06 2.1077e+03  55016.423    961.687 1570378528      -0.56     -0.131   39.80532  -71.46966    36.0463  1027.6421    26.7859    14.3889 0.0000e+00
    192.000    14.4512    35.8796  1027.6285     1.7283     3.5541     62.184   -0.00063    5.71550    5.71162      8.109    -0.0520   10.39719   4.342430 4.7668e-14    26.7768    26.7705 1.0000e-12    193.585          1      23096    1509.16 2.0978e+03  55021.281    962.289 1570378528      -0.73     -0.848   39.80532  -71.46966    36.0573  1027.6389    26.7871    14.4224 0.0000e+00
    191.000    14.5305    35.8911  1027.6155     1.7243     3.5327     61.860   -0.00160    5.71080    5.70687      8.109    -0.0560   10.38934   4.351287 4.7686e-14    26.7685    26.7623 1.0000e-12    192.568          1      23167    1509.41 2.0971e+03  55026.576    965.235 1570378531      -0.56     -0.592   39.80533  -71.46966    36.0663  1027.6239    26.7769    14.5017 0.0000e+00
    190.000    14.5543    35.8950  1027.6088     1.7224     3.5283     61.802   -0.00116    5.70902    5.70507      8.109    -0.0524   10.38636   4.354041 4.7936e-14    26.7663    26.7601 1.0000e-12    191.564          1      23214    1509.48 2.0863e+03  55028.157    967.227 1570378533      -0.24     -0.805   39.80534  -71.46966    36.0702  1027.6172    26.7746    14.5256 0.0000e+00
    189.000    14.5713    35.8974  1027.6024     1.7222     3.5338     61.954    0.00052    5.70395    5.69994 -9.990e-29    -0.0520   10.37792   4.355747 4.7587e-14    26.7644    26.7582 1.0000e-12    190.529          1      23291    1509.52 2.1014e+03  55028.738    970.415 1570378536      -0.83     -0.281   39.80536  -71.46966    36.0705  1027.6091    26.7712    14.5429 0.0000e+00
    188.000    14.5758    35.8987  1027.5980     1.7217     3.5291     61.873   -0.00003    5.70380    5.69979 -9.990e-29    -0.0520   10.37765   4.356432 4.7842e-14    26.7645    26.7583 1.0000e-12    189.550          1      23307    1509.52 2.0902e+03  55029.354    971.102 1570378537      -0.74     -0.964   39.80536  -71.46968    36.0732  1027.6058    26.7722    14.5474 0.0000e+00
    187.000    14.6192    35.9039  1027.5880     1.7214     3.5283     61.897    0.00047    5.70023    5.69618 -9.990e-29    -0.0520   10.37171   4.361234 4.7706e-14    26.7590    26.7528 1.0000e-12    188.538          1      23375    1509.65 2.0962e+03  55030.631    973.906 1570378540      -0.30     -0.623   39.80537  -71.46968    36.0777  1027.5952    26.7662    14.5910 0.0000e+00
    186.000    14.6549    35.9075  1027.5784     1.7231     3.5305     61.988    0.00068    5.69547    5.69137      8.110    -0.0520   10.36378   4.365137 4.7565e-14    26.7539    26.7478 1.0000e-12    187.515          1      23454    1509.75 2.1024e+03  55030.408    977.212 1570378543       0.12     -0.397   39.80538  -71.46968    36.0811  1027.5855    26.7611    14.6268 0.0000e+00
