CalculateIndicators/WaterTemperature/Data/CTD_NYOS/NYOS190724_3_4.cnv
* Sea-Bird SBE 9 Data File:
* FileName = C:\Seabird 9 CTD\Data\2019\201907_offshore\NYOS190724_3_4.hex
* Software Version Seasave V 7.23.2
* Temperature SN = 4590
* Conductivity SN = 3228
* Number of Bytes Per Scan = 44
* Number of Voltage Words = 5
* Number of Scans Averaged by the Deck Unit = 1
* NMEA Latitude = 39 47.17 N
* NMEA Longitude = 072 08.77 W
* NMEA UTC (Time) = Jul 25 2019  00:22:56
* NMEA baud rate = 4800
** Ship: seawolf
** Station: 3-4
** Operator: LIS
# nquan = 35
# nvalues = 195                         
# units = specified
# name 0 = depSM: Depth [salt water, m]
# name 1 = t090C: Temperature [ITS-90, deg C]
# name 2 = sal00: Salinity, Practical [PSU]
# name 3 = density00: Density [density, kg/m^3]
# name 4 = sbeox0V: Oxygen raw, SBE 43 [V]
# name 5 = sbeox0ML/L: Oxygen, SBE 43 [ml/l]
# name 6 = sbeox0PS: Oxygen, SBE 43 [% saturation]
# name 7 = sbox0dV/dT: Oxygen, SBE 43 [dov/dt]
# name 8 = oxsolML/L: Oxygen Saturation, Garcia & Gordon [ml/l]
# name 9 = oxsatML/L: Oxygen Saturation, Weiss [ml/l]
# name 10 = ph: pH
# name 11 = flECO-AFL: Fluorescence, WET Labs ECO-AFL/FL [mg/m^3]
# name 12 = n2satML/L: Nitrogen Saturation [ml/l]
# name 13 = c0S/m: Conductivity [S/m]
# name 14 = cpar: CPAR/Corrected Irradiance [%]
# name 15 = sigma-é00: Density [sigma-theta, kg/m^3]
# name 16 = sigma-t00: Density [sigma-t, kg/m^3 ]
# name 17 = par: PAR/Irradiance, Biospherical/Licor
# name 18 = prDM: Pressure, Digiquartz [db]
# name 19 = pumps: Pump Status
# name 20 = scan: Scan Count
# name 21 = svCM: Sound Velocity [Chen-Millero, m/s]
# name 22 = spar: SPAR, Biospherical/Licor
# name 23 = specc: Specific Conductance [uS/cm]
# name 24 = timeS: Time, Elapsed [seconds]
# name 25 = timeY: Time, System [seconds]
# name 26 = accM: Acceleration [m/s^2]
# name 27 = dz/dtM: Descent Rate [m/s]
# name 28 = latitude: Latitude [deg]
# name 29 = longitude: Longitude [deg]
# name 30 = gsw_saA0: Absolute Salinity [g/kg]
# name 31 = gsw_densityA0: density, TEOS-10 [density, kg/m^3]
# name 32 = gsw_sigma0A0: density, TEOS-10 [sigma-0, kg/m^3 ]
# name 33 = gsw_ptA0: potential temperature [ITS-90, deg C]
# name 34 = flag: flag
# span 0 =      2.000,     99.000       
# span 1 =     7.0894,    24.6637       
# span 2 =    32.2023,    37.9925       
# span 3 =  1021.3855,  1028.3993       
# span 4 =     1.8926,     2.9164       
# span 5 =     3.4041,     8.1149       
# span 6 =     67.803,    129.874       
# span 7 =   -0.11696,    0.17815       
# span 8 =    4.83696,    6.83847       
# span 9 =    4.82482,    6.84727       
# span 10 =      7.990,      8.237      
# span 11 =    -0.0214,     1.3829      
# span 12 =    8.97272,   12.29100      
# span 13 =   3.329883,   4.934391      
# span 14 = -1.008e+04, 9.6796e+04      
# span 15 =    21.4036,    28.3424      
# span 16 =    21.4033,    28.3420      
# span 17 = -7.042e-03, 4.7580e-01      
# span 18 =      2.027,     99.769      
# span 19 =          0,          1      
# span 20 =        239,      11853      
# span 21 =    1476.93,    1530.91      
# span 22 = 1.2255e-01, 5.9972e+00      
# span 23 =  49158.909,  57744.977      
# span 24 =      9.920,    493.850      
# span 25 = 1564014188, 1564014672      
# span 26 =      -0.77,       0.52      
# span 27 =     -1.161,      1.032      
# span 28 =   39.78628,   39.78737      
# span 29 =  -72.14720,  -72.14621      
# span 30 =    32.5203,    38.0361      
# span 31 =  1021.5175,  1028.2725      
# span 32 =    21.4918,    28.2194      
# span 33 =     7.0848,    24.6633      
# span 34 = 0.0000e+00, 0.0000e+00      
# interval = meters: 1                  
# start_time = Jul 25 2019 00:22:58 [System UTC, first data scan.]
# bad_flag = -9.990e-29
*END*
[from data line 125]
     71.000     8.7044    33.3541  1026.2017     2.2104     5.7099     86.204   -0.00039    6.62373    6.62991      8.048    -0.0141   11.92964   3.531769 2.2660e-11    25.8766    25.8754 1.0000e-12     71.555          1       6955    1484.26 4.5556e+00  52421.349    289.749 1564014468       0.37     -0.554   39.78688  -72.14672    33.4901  1026.1873    25.8622     8.6970 0.0000e+00
     70.000     8.4859    33.2934  1026.1833     2.2130     5.7659     86.647    0.00156    6.65445    6.66103      8.046    -0.0031   11.98103   3.506518 5.6289e+02    25.8624    25.8613 1.0000e-12     70.548          1       6994    1483.35 4.8234e+00  52384.125    291.369 1564014469      -0.45     -0.582   39.78688  -72.14672    33.4307  1026.1700    25.8491     8.4788 0.0000e+00
     69.000     8.3853    33.2632  1026.1703     2.2153     5.7867     86.831    0.00195    6.66438    6.67108      8.044    -0.0032   11.99771   3.493785 6.0764e+04    25.8539    25.8529 1.0000e-12     69.550          1       7020    1482.92 1.4211e+00  52364.149    292.441 1564014470      -0.10     -0.914   39.78690  -72.14673    33.3916  1026.1502    25.8337     8.3783 0.0000e+00
     68.000     8.1710    33.2120  1026.1579     2.2187     5.8054     86.975    0.00176    6.67475    6.68157      8.043    -0.0084   12.01530   3.470190 4.5525e+03    25.8456    25.8446 1.0000e-12     68.537          1       7066    1482.03 4.3355e+00  52340.394    294.361 1564014472       0.21     -0.569   39.78690  -72.14674    33.3442  1026.1408    25.8285     8.1642 0.0000e+00
     67.000     8.0347    33.1484  1026.1236     2.2113     5.7442     85.800   -0.00391    6.69490    6.70195      8.039     0.0113   12.04938   3.452659 -8.720e+01    25.8157    25.8147 1.0000e-12     67.526          1       7137    1481.42 4.5404e+00  52281.727    297.320 1564014475      -0.05     -0.318   39.78690  -72.14674    33.2868  1026.1116    25.8037     8.0281 0.0000e+00
     66.000     7.9607    33.1008  1026.0926     2.2082     5.7765     86.112   -0.00073    6.70817    6.71540      8.038     0.0373   12.07152   3.441731 2.3347e-11    25.7891    25.7882 1.0000e-12     66.519          1       7189    1481.06 4.4112e+00  52231.049    299.489 1564014477      -0.06     -0.475   39.78692  -72.14676    33.2405  1026.0817    25.7782     7.9543 0.0000e+00
     65.000     7.8465    33.0660  1026.0774     2.2132     5.8266     86.789    0.00226    6.71346    6.72075      8.036     0.0232   12.08040   3.428590 2.2835e-11    25.7784    25.7774 1.0000e-12     65.509          1       7248    1480.57 4.5309e+00  52208.725    301.964 1564014480       0.08     -0.383   39.78692  -72.14676    33.2084  1026.0687    25.7696     7.8402 0.0000e+00
     64.000     7.8182    33.0575  1026.0702     2.2142     5.8274     86.594    0.00045    6.72955    6.73705      8.032     0.0287   12.10735   3.425556 2.0410e-11    25.7757    25.7748 1.0000e-12     64.507          1       7300    1480.43 4.5698e+00  52202.810    304.126 1564014482       0.05     -0.477   39.78692  -72.14676    33.2032  1026.0641    25.7696     7.8120 0.0000e+00
     63.000     7.6727    33.0152  1026.0534     2.2167     5.8642     86.837    0.00114    6.75314    6.76094      8.030     0.0211   12.14685   3.408423 -9.990e-29    25.7633    25.7624 1.0000e-12     63.487          1       7395    1479.81 4.2922e+00  52177.665    308.077 1564014486      -0.11     -0.116   39.78695  -72.14678    33.1575  1026.0446    25.7545     7.6667 0.0000e+00
     62.000     7.6187    32.9987  1026.0435     2.2153     5.8452     86.511   -0.00061    6.75657    6.76442      8.027     0.0439   12.15260   3.402255 -9.990e-29    25.7579    25.7570 1.0000e-12     62.491          1       7432    1479.57 4.3716e+00  52166.747    309.639 1564014487       0.02     -0.528   39.78694  -72.14678    33.1427  1026.0363    25.7506     7.6128 0.0000e+00
     61.000     7.5278    32.9692  1026.0287     2.2075     5.8056     85.847   -0.00236    6.76275    6.77068      8.020     0.0190   12.16306   3.391998 8.4745e+03    25.7475    25.7467 1.0000e-12     61.474          1       7528    1479.16 2.7763e+00  52146.791    313.621 1564014491       0.00     -0.138   39.78695  -72.14679    33.1189  1026.0259    25.7447     7.5220 0.0000e+00
     60.000     7.5265    32.9621  1026.0186     2.2015     5.7790     85.428   -0.00319    6.76468    6.77263      8.016     0.0148   12.16625   3.391175 6.8405e+04    25.7421    25.7412 1.0000e-12     60.475          1       7572    1479.13 1.1159e+00  52136.139    315.472 1564014493      -0.26     -0.552   39.78696  -72.14680    33.1116  1026.0158    25.7392     7.5208 0.0000e+00
     59.000     7.4988    32.9521  1026.0101     2.1895     5.7440     84.815   -0.00325    6.77237    6.78042      8.011     0.0171   12.17912   3.387987 -6.433e+03    25.7381    25.7373 1.0000e-12     59.464          1       7673    1479.00 3.4560e+00  52128.359    319.677 1564014498      -0.02     -0.515   39.78697  -72.14681    33.1040  1026.0091    25.7370     7.4932 0.0000e+00
     58.000     7.4502    32.9372  1026.0006     2.1721     5.6899     83.955   -0.00317    6.77734    6.78545      8.007     0.0212   12.18746   3.382289 2.6902e-11    25.7332    25.7324 1.0000e-12     58.459          1       7847    1478.78 3.9450e+00  52118.676    326.913 1564014505      -0.05     -0.346   39.78699  -72.14683    33.0890  1025.9995    25.7321     7.4447 0.0000e+00
     57.000     7.3881    32.9174  1025.9892     2.1601     5.7105     84.151    0.00242    6.78602    6.79423      8.004     0.0330   12.20208   3.375148 -9.990e-29    25.7262    25.7255 1.0000e-12     57.447          1       8325    1478.50 3.9497e+00  52105.413    346.825 1564014525      -0.39     -0.481   39.78704  -72.14690    33.0711  1025.9896    25.7267     7.3828 0.0000e+00
     56.000     7.3753    32.9151  1025.9846     2.1652     5.7479     84.601    0.00371    6.79414    6.80245      8.004     0.0331   12.21587   3.373872 -9.990e-29    25.7262    25.7255 1.0000e-12     56.436          1       8360    1478.43 3.9495e+00  52104.819    348.293 1564014526      -0.03     -0.689   39.78704  -72.14690    33.0700  1025.9859    25.7275     7.3700 0.0000e+00
     55.000     7.3738    32.9122  1025.9778     2.1706     5.7827     84.923    0.00394    6.80937    6.81789      8.005     0.0542   12.24126   3.373436 2.5320e-11    25.7241    25.7234 1.0000e-12     55.433          1       8388    1478.40 3.9495e+00  52100.361    349.473 1564014527      -0.11     -0.808   39.78704  -72.14690    33.0671  1025.9793    25.7255     7.3686 0.0000e+00
     54.000     7.3299    32.8861  1025.9588     2.1717     5.7798     84.649    0.00162    6.82807    6.83683      8.000     0.0300   12.27252   3.366629 2.5320e-11    25.7095    25.7088 1.0000e-12     54.426          1       8427    1478.18 3.9495e+00  52073.486    351.092 1564014529       0.19     -0.671   39.78706  -72.14691    33.0353  1025.9558    25.7066     7.3249 0.0000e+00
     53.000     7.1862    32.8415  1025.9390     2.1544     5.6088     82.051   -0.00988    6.83580    6.84468      7.991     0.0226   12.28536   3.349434 2.5320e-11    25.6941    25.6935 1.0000e-12     53.409          1       8478    1477.56 3.9495e+00  52046.053    353.212 1564014531      -0.16     -0.421   39.78706  -72.14692    32.9855  1025.9320    25.6872     7.1814 0.0000e+00
     52.000     7.1033    32.8273  1025.9346     2.1458     5.5804     81.864   -0.00808    6.81663    6.82520      7.990     0.0521   12.25381   3.340797 2.9329e+03    25.6943    25.6936 1.0000e-12     52.411          1       8509    1477.20 3.6599e+00  52046.809    354.495 1564014532      -0.13     -0.725   39.78706  -72.14692    32.9707  1025.9272    25.6869     7.0986 0.0000e+00
     51.000     7.0894    32.8255  1025.9304     2.1468     5.6582     83.048   -0.00034    6.81309    6.82159      7.995     0.0612   12.24810   3.340555 -2.964e+01    25.6947    25.6941 1.0000e-12     51.398          1       8548    1477.13 4.0452e+00  52047.201    356.140 1564014534       0.13     -0.638   39.78706  -72.14692    32.9818  1025.9331    25.6974     7.0848 0.0000e+00
     50.000     7.2114    32.8114  1025.8979     2.1601     5.7815     84.863    0.00745    6.81284    6.82133      8.000     0.0899   12.24775   3.349763 5.2093e+04    25.6670    25.6664 1.0000e-12     50.394          1       8588    1477.57 1.5031e+00  51994.488    357.778 1564014536      -0.05     -0.613   39.78708  -72.14693    32.9664  1025.8998    25.6689     7.2069 0.0000e+00
     49.000     7.2347    32.8028  1025.8834     2.1794     5.8757     86.189    0.00996    6.81724    6.82575      8.007     0.0946   12.25553   3.351018 -3.859e+03    25.6571    25.6565 1.0000e-12     49.379          1       8636    1477.63 4.1309e+00  51975.700    359.776 1564014538       0.09     -0.499   39.78708  -72.14694    32.9584  1025.8857    25.6594     7.2302 0.0000e+00
     48.000     7.2342    32.7955  1025.8731     2.1891     5.8885     86.285    0.00730    6.82448    6.83308      8.009     0.0895   12.26781   3.350235 2.5320e-11    25.6514    25.6508 1.0000e-12     48.371          1       8670    1477.60 3.9495e+00  51964.716    361.221 1564014539      -0.30     -0.630   39.78708  -72.14694    32.9508  1025.8752    25.6535     7.2298 0.0000e+00
     47.000     7.2456    32.7742  1025.8502     2.1913     5.8637     85.942    0.00429    6.82286    6.83142      8.009     0.0985   12.26514   3.348761 2.5320e-11    25.6331    25.6325 1.0000e-12     47.373          1       8695    1477.60 3.9495e+00  51930.628    362.245 1564014540      -0.17     -0.908   39.78708  -72.14694    32.9244  1025.8483    25.6312     7.2413 0.0000e+00
     46.000     7.1874    32.7372  1025.8244     2.1865     5.7875     84.805   -0.00163    6.82451    6.83308      8.006     0.0767   12.26801   3.340505 -9.990e-29    25.6118    25.6113 1.0000e-12     46.361          1       8742    1477.31 3.9495e+00  51891.982    364.200 1564014542       0.23     -0.557   39.78708  -72.14695    32.8902  1025.8248    25.6123     7.1832 0.0000e+00
     45.000     7.1981    32.7302  1025.8128     2.1849     5.8028     84.939   -0.00013    6.83180    6.84046 -9.990e-29     0.0908   12.28035   3.340811 2.5320e-11    25.6049    25.6043 1.0000e-12     45.343          1       8799    1477.33 3.9495e+00  51878.617    366.579 1564014544      -0.41     -0.396   39.78710  -72.14696    32.8838  1025.8137    25.6059     7.1940 0.0000e+00
     44.000     7.1814    32.7168  1025.7999     2.1877     5.8356     85.417    0.00217    6.83187    6.84053      8.005     0.1193   12.28050   3.337924 2.5320e-11    25.5966    25.5961 1.0000e-12     44.345          1       8822    1477.23 3.9495e+00  51863.067    367.548 1564014545      -0.33     -0.846   39.78710  -72.14696    32.8687  1025.7996    25.5963     7.1774 0.0000e+00
     43.000     7.1540    32.7011  1025.7867     2.1910     5.8515     85.651    0.00266    6.83180    6.84046      8.005     0.1242   12.28040   3.334034 2.5105e-11    25.5879    25.5874 1.0000e-12     43.343          1       8850    1477.09 3.9495e+00  51846.999    368.719 1564014546       0.12     -0.928   39.78710  -72.14697    32.8527  1025.7862    25.5875     7.1501 0.0000e+00
     42.000     7.1427    32.6931  1025.7773     2.1948     5.8529     85.716    0.00195    6.82832    6.83693      8.005     0.1325   12.27465   3.332444 2.5166e-11    25.5832    25.5826 1.0000e-12     42.328          1       8898    1477.02 3.9853e+00  51837.802    370.702 1564014549       0.13     -0.515   39.78710  -72.14698    32.8465  1025.7783    25.5842     7.1389 0.0000e+00
     41.000     7.1500    32.6932  1025.7717     2.1985     5.8632     85.861    0.00179    6.82876    6.83733      8.007     0.1540   12.27571   3.333184 2.4409e-11    25.5822    25.5817 1.0000e-12     41.313          1       8948    1477.03 4.1626e+00  51835.320    372.791 1564014551      -0.09     -0.468   39.78710  -72.14698    32.8482  1025.7739    25.5845     7.1463 0.0000e+00
     40.000     7.1698    32.6937  1025.7648     2.2026     5.8876     86.179    0.00258    6.83188    6.84049      8.009     0.1989   12.28098   3.335005 7.6430e+04    25.5799    25.5794 1.0000e-12     40.314          1       8977    1477.09 8.6248e-01  51830.270    374.018 1564014552      -0.25     -0.722   39.78710  -72.14698    32.8498  1025.7679    25.5830     7.1661 0.0000e+00
     39.000     7.1711    32.6699  1025.7413     2.2106     5.9337     86.905    0.00487    6.82789    6.83644      8.010     0.2079   12.27445   3.332601 2.5620e+04    25.5611    25.5606 1.0000e-12     39.307          1       9014    1477.05 2.7851e+00  51795.324    375.542 1564014553       0.17     -0.710   39.78711  -72.14700    32.8227  1025.7419    25.5616     7.1675 0.0000e+00
     38.000     7.1527    32.6556  1025.7279     2.2213     5.9697     87.501    0.00538    6.82249    6.83094      8.012     0.2501   12.26566   3.329883 6.4007e+04    25.5523    25.5518 1.0000e-12     38.294          1       9062    1476.94 1.2892e+00  51778.897    377.542 1564014555      -0.11     -0.457   39.78712  -72.14700    32.8110  1025.7305    25.5549     7.1492 0.0000e+00
     37.000     7.2135    32.6408  1025.7033     2.2355     5.9913     87.810    0.00262    6.82297    6.83143      8.014     0.3166   12.26642   3.333837 7.7501e+02    25.5323    25.5319 1.0000e-12     37.294          1       9294    1477.15 3.8943e+00  51741.412    387.191 1564014565       0.09     -0.337   39.78714  -72.14703    32.7969  1025.7066    25.5356     7.2101 0.0000e+00
     36.000     7.2397    32.6394  1025.6940     2.2501     5.9710     88.487    0.00337    6.74794    6.75526      8.022     0.5348   12.14262   3.336531 -9.990e-29    25.5277    25.5272 1.0000e-12     36.276          1       9790    1477.23 3.9652e+00  51732.149    407.874 1564014586      -0.11     -0.297   39.78719  -72.14708    32.8018  1025.7022    25.5359     7.2364 0.0000e+00
     35.000     7.5323    32.6560  1025.6618     2.2640     6.0539     89.800    0.00778    6.74158    6.74880      8.026     0.6994   12.13221   3.364708 2.5320e-11    25.5004    25.4999 1.0000e-12     35.267          1       9802    1478.36 3.9495e+00  51681.521    408.392 1564014586      -0.38     -0.560   39.78720  -72.14710    32.8313  1025.6802    25.5187     7.5290 0.0000e+00
     34.000     7.6837    32.6248  1025.6112     2.2778     6.1358     91.044    0.01171    6.73935    6.74654      8.030     0.7480   12.12850   3.374574 2.5320e-11    25.4545    25.4541 1.0000e-12     34.273          1       9828    1478.89 3.9495e+00  51599.214    409.476 1564014587      -0.09     -0.879   39.78720  -72.14710    32.7954  1025.6262    25.4694     7.6805 0.0000e+00
     33.000     7.7489    32.6189  1025.5927     2.3030     6.2040     92.286    0.01197    6.72257    6.72950      8.043     0.9593   12.10083   3.379207 2.5155e-11    25.4407    25.4402 1.0000e-12     33.254          1       9879    1479.11 3.9495e+00  51574.372    411.568 1564014589       0.21     -0.466   39.78720  -72.14711    32.7845  1025.6037    25.4517     7.7457 0.0000e+00
     32.000     7.7865    32.6213  1025.5846     2.3314     6.3240     94.267    0.01618    6.70865    6.71536      8.055     1.0315   12.07801   3.382849 2.5324e-11    25.4372    25.4368 1.0000e-12     32.245          1       9920    1479.24 3.9495e+00  51568.213    413.281 1564014591      -0.22     -0.580   39.78720  -72.14712    32.7887  1025.5970    25.4496     7.7834 0.0000e+00
