CalculateIndicators/WaterTemperature/Data/CTD_NYOS/NYOS190724_3_3.cnv
* Sea-Bird SBE 9 Data File:
* FileName = C:\Seabird 9 CTD\Data\2019\201907_offshore\NYOS190724_3_3.hex
* Software Version Seasave V 7.23.2
* Temperature SN = 4590
* Conductivity SN = 3228
* Number of Bytes Per Scan = 44
* Number of Voltage Words = 5
* Number of Scans Averaged by the Deck Unit = 1
* NMEA Latitude = 40 06.48 N
* NMEA Longitude = 072 15.87 W
* NMEA UTC (Time) = Jul 25 2019  03:33:43
* NMEA baud rate = 4800
** Ship: seawolf
** Station: 3-3
** Operator: LIS
# nquan = 35
# nvalues = 127                         
# units = specified
# name 0 = depSM: Depth [salt water, m]
# name 1 = t090C: Temperature [ITS-90, deg C]
# name 2 = sal00: Salinity, Practical [PSU]
# name 3 = density00: Density [density, kg/m^3]
# name 4 = sbeox0V: Oxygen raw, SBE 43 [V]
# name 5 = sbeox0ML/L: Oxygen, SBE 43 [ml/l]
# name 6 = sbeox0PS: Oxygen, SBE 43 [% saturation]
# name 7 = sbox0dV/dT: Oxygen, SBE 43 [dov/dt]
# name 8 = oxsolML/L: Oxygen Saturation, Garcia & Gordon [ml/l]
# name 9 = oxsatML/L: Oxygen Saturation, Weiss [ml/l]
# name 10 = ph: pH
# name 11 = flECO-AFL: Fluorescence, WET Labs ECO-AFL/FL [mg/m^3]
# name 12 = n2satML/L: Nitrogen Saturation [ml/l]
# name 13 = c0S/m: Conductivity [S/m]
# name 14 = cpar: CPAR/Corrected Irradiance [%]
# name 15 = sigma-é00: Density [sigma-theta, kg/m^3]
# name 16 = sigma-t00: Density [sigma-t, kg/m^3 ]
# name 17 = par: PAR/Irradiance, Biospherical/Licor
# name 18 = prDM: Pressure, Digiquartz [db]
# name 19 = pumps: Pump Status
# name 20 = scan: Scan Count
# name 21 = svCM: Sound Velocity [Chen-Millero, m/s]
# name 22 = spar: SPAR, Biospherical/Licor
# name 23 = specc: Specific Conductance [uS/cm]
# name 24 = timeS: Time, Elapsed [seconds]
# name 25 = timeY: Time, System [seconds]
# name 26 = accM: Acceleration [m/s^2]
# name 27 = dz/dtM: Descent Rate [m/s]
# name 28 = latitude: Latitude [deg]
# name 29 = longitude: Longitude [deg]
# name 30 = gsw_saA0: Absolute Salinity [g/kg]
# name 31 = gsw_densityA0: density, TEOS-10 [density, kg/m^3]
# name 32 = gsw_sigma0A0: density, TEOS-10 [sigma-0, kg/m^3 ]
# name 33 = gsw_ptA0: potential temperature [ITS-90, deg C]
# name 34 = flag: flag
# span 0 =      2.000,     65.000       
# span 1 =     6.7520,    24.3642       
# span 2 =    30.5817,    36.7196       
# span 3 =  1020.2513,  1027.0619       
# span 4 =     1.8616,     3.0552       
# span 5 =     3.3497,     9.1745       
# span 6 =     66.940,    151.371       
# span 7 =   -0.04862,    0.33036       
# span 8 =    4.89926,    6.89182       
# span 9 =    4.88701,    6.90145       
# span 10 =      7.943,      8.268      
# span 11 =     0.0217,     1.1008      
# span 12 =    9.09013,   12.37907      
# span 13 =   3.302351,   4.711811      
# span 14 = -1.666e+04, 1.0721e+05      
# span 15 =    20.2383,    26.9874      
# span 16 =    20.2382,    26.9867      
# span 17 = 1.0000e-12, 4.7099e-02      
# span 18 =      2.020,     65.490      
# span 19 =          0,          1      
# span 20 =        118,      10342      
# span 21 =    1475.67,    1528.76      
# span 22 = -2.848e-01, 4.6247e+00      
# span 23 =  47062.068,  55873.773      
# span 24 =      4.861,    430.865      
# span 25 = 1564025630, 1564026056      
# span 26 =      -0.79,       0.47      
# span 27 =     -1.110,      1.069      
# span 28 =   40.10805,   40.10889      
# span 29 =  -72.26456,  -72.26331      
# span 30 =    30.7271,    36.7024      
# span 31 =  1020.2465,  1026.9200      
# span 32 =    20.2336,    26.8408      
# span 33 =     6.7464,    24.3623      
# span 34 = 0.0000e+00, 0.0000e+00      
# interval = meters: 1                  
# start_time = Jul 25 2019 03:33:45 [System UTC, first data scan.]
# bad_flag = -9.990e-29
*END*
[from data line 83]
     45.000     6.7838    32.7127  1025.8549     2.1220     5.6608     82.313    0.00292    6.87717    6.88648      7.977     0.0751   12.35569   3.303421 2.5320e-11    25.6465    25.6460 1.0000e-12     45.356          1       5850    1475.69 3.9495e+00  51962.616    243.704 1564025869       0.14     -0.888   40.10848  -72.26384    32.8692  1025.8580    25.6496     6.7799 0.0000e+00
     44.000     6.8351    32.7067  1025.8387     2.1384     5.7776     84.024    0.00890    6.87619    6.88547      7.989     0.0831   12.35423   3.307457 2.5320e-11    25.6351    25.6345 1.0000e-12     44.344          1       5887    1475.87 3.9495e+00  51939.651    245.268 1564025870       0.05     -0.644   40.10850  -72.26384    32.8650  1025.8433    25.6397     6.8312 0.0000e+00
     43.000     6.8625    32.6642  1025.7970     2.1692     5.9720     87.053    0.01900    6.86030    6.86935      7.996     0.0913   12.32787   3.305701 2.7766e-11    25.5979    25.5974 1.0000e-12     43.339          1       5924    1475.91 3.9495e+00  51870.655    246.799 1564025872       0.02     -0.663   40.10850  -72.26383    32.8200  1025.7998    25.6007     6.8587 0.0000e+00
     42.000     6.9075    32.6563  1025.7801     2.2004     6.0016     87.913    0.01491    6.82668    6.83524      8.003     0.1204   12.27213   3.309424 2.5352e-11    25.5857    25.5852 1.0000e-12     42.329          1       5974    1476.06 3.9495e+00  51846.733    248.890 1564025874       0.10     -0.481   40.10850  -72.26382    32.8184  1025.7879    25.5935     6.9038 0.0000e+00
     41.000     7.0705    32.6705  1025.7647     2.2158     5.9387     87.387    0.00671    6.79592    6.80401      8.010     0.2710   12.22127   3.325489 2.5320e-11    25.5752    25.5747 1.0000e-12     41.311          1       6023    1476.70 3.9495e+00  51823.745    250.898 1564025876      -0.22     -0.472   40.10850  -72.26382    32.8397  1025.7780    25.5885     7.0668 0.0000e+00
     40.000     7.1769    32.6793  1025.7525     2.2233     5.9460     87.756    0.00690    6.77565    6.78345      8.013     0.3052   12.18766   3.335746 7.5021e+04    25.5676    25.5671 1.0000e-12     40.309          1       6046    1477.10 9.8653e-01  51807.899    251.854 1564025877      -0.41     -0.818   40.10850  -72.26381    32.8511  1025.7679    25.5831     7.1733 0.0000e+00
     39.000     7.2716    32.6789  1025.7345     2.2323     5.9922     88.511    0.00907    6.77003    6.77776      8.017     0.2905   12.17839   3.343876 7.1532e+04    25.5544    25.5539 1.0000e-12     39.313          1       6065    1477.45 8.5043e-01  51782.248    252.683 1564025878      -0.25     -1.110   40.10850  -72.26380    32.8502  1025.7497    25.5695     7.2680 0.0000e+00
     38.000     7.4365    32.6836  1025.7107     2.2511     6.0602     89.657    0.01063    6.75932    6.76688      8.024     0.4284   12.16063   3.358876 4.3957e+04    25.5353    25.5348 1.0000e-12     38.302          1       6107    1478.08 2.1472e+00  51746.823    254.430 1564025880       0.29     -0.687   40.10851  -72.26380    32.8573  1025.7277    25.5523     7.4330 0.0000e+00
     37.000     7.6986    32.6968  1025.6796     2.2966     6.1651     91.444    0.00754    6.74194    6.74924      8.041     0.6218   12.13194   3.382428 -4.185e+03    25.5091    25.5086 1.0000e-12     37.292          1       6291    1479.08 4.0311e+00  51700.271    262.103 1564025887      -0.13     -0.143   40.10853  -72.26377    32.8647  1025.6921    25.5216     7.6951 0.0000e+00
     36.000     7.7631    32.6873  1025.6583     2.3191     6.2438     92.383    0.00633    6.75870    6.76618      8.059     0.9175   12.16044   3.386207 2.5302e-11    25.4924    25.4920 1.0000e-12     36.279          1       7059    1479.30 3.9509e+00  51670.459    294.095 1564025919       0.01     -0.583   40.10858  -72.26366    32.8450  1025.6629    25.4971     7.7596 0.0000e+00
     35.000     7.6784    32.6410  1025.6294     2.3395     6.3468     94.273    0.01280    6.73240    6.73946      8.071     1.1008   12.11722   3.373345 2.5320e-11    25.4681    25.4676 1.0000e-12     35.270          1       7083    1478.90 3.9495e+00  51624.635    295.088 1564025920      -0.16     -0.623   40.10858  -72.26366    32.7867  1025.6247    25.4634     7.6751 0.0000e+00
     34.000     7.6053    32.6282  1025.6250     2.3660     6.4783     96.453    0.01909    6.71660    6.72340      8.079     1.0745   12.09146   3.366604 2.5320e-11    25.4682    25.4678 1.0000e-12     34.266          1       7111    1478.59 3.9495e+00  51623.177    296.233 1564025921      -0.15     -0.821   40.10858  -72.26366    32.7834  1025.6278    25.4710     7.6020 0.0000e+00
     33.000     7.7226    32.6169  1025.5949     2.4047     6.6997     99.884    0.02978    6.70758    6.71425      8.086     0.9864   12.07653   3.376592 2.7527e-11    25.4428    25.4424 1.0000e-12     33.265          1       7139    1479.01 3.9495e+00  51577.943    297.407 1564025923       0.04     -0.884   40.10858  -72.26366    32.7810  1025.6048    25.4527     7.7195 0.0000e+00
     32.000     7.9723    32.5719  1025.5191     2.4934     6.9937    104.981    0.03577    6.66191    6.66788      8.125     0.5737   12.00149   3.394275 2.4921e-11    25.3718    25.3714 1.0000e-12     32.244          1       7200    1479.89 3.9495e+00  51453.406    299.952 1564025925       0.18     -0.311   40.10858  -72.26364    32.7370  1025.5300    25.3827     7.9692 0.0000e+00
     31.000     8.0790    32.5764  1025.5025     2.5438     7.0642    106.903    0.03289    6.60806    6.61324      8.134     0.6128   11.91263   3.404688 2.5320e-11    25.3598    25.3594 1.0000e-12     31.236          1       7236    1480.28 3.9495e+00  51434.492    301.469 1564025927      -0.57     -0.615   40.10860  -72.26364    32.7490  1025.5192    25.3766     8.0760 0.0000e+00
     30.000     8.2015    32.5483  1025.4578     2.5721     7.1400    108.304    0.03319    6.59257    6.59753      8.137     0.5838   11.88706   3.412741 3.2686e+04    25.3199    25.3194 1.0000e-12     30.239          1       7257    1480.70 2.5663e+00  51365.361    302.316 1564025928      -0.34     -1.035   40.10860  -72.26364    32.7209  1025.4748    25.3368     8.1986 0.0000e+00
     29.000     8.3896    32.5237  1025.4059     2.6076     7.2333    109.938    0.03258    6.57945    6.58422      8.147     0.5765   11.86542   3.428016 6.0011e+04    25.2727    25.2722 1.0000e-12     29.234          1       7283    1481.36 1.5190e+00  51287.120    303.409 1564025929       0.19     -1.046   40.10860  -72.26364    32.7085  1025.4326    25.2993     8.3867 0.0000e+00
     28.000     8.7754    32.5169  1025.3376     2.6806     7.4634    113.801    0.03478    6.55835    6.56280      8.166     0.5649   11.83071   3.460887 1.9225e+04    25.2093    25.2088 1.0000e-12     28.220          1       7333    1482.78 3.1892e+00  51192.705    305.505 1564025931       0.17     -0.498   40.10860  -72.26364    32.6982  1025.3617    25.2333     8.7725 0.0000e+00
     27.000     9.0385    32.4895  1025.2708     2.7507     7.4562    114.197    0.01254    6.52920    6.53320      8.173     0.6552   11.78309   3.480727 9.5342e+04    25.1472    25.1468 1.0000e-12     27.209          1       7419    1483.71 2.9497e-01  51097.266    309.069 1564025934      -0.18     -0.212   40.10862  -72.26362    32.6639  1025.2898    25.1662     9.0357 0.0000e+00
     26.000     9.3118    32.4722  1025.2096     2.7391     7.1775    111.179   -0.00453    6.45646    6.45946      8.172     0.7552   11.66293   3.505046 5.2443e+04    25.0907    25.0903 1.0000e-12     26.209          1       7508    1484.68 1.8706e+00  51016.470    312.790 1564025938      -0.37     -0.536   40.10862  -72.26362    32.6666  1025.2442    25.1253     9.3090 0.0000e+00
     25.000     9.9129    32.4201  1025.0665     2.7366     7.0734    110.984   -0.00414    6.37331    6.37515      8.172     0.8422   11.52582   3.553823 4.5911e+03    24.9525    24.9521 1.0000e-12     25.202          1       7576    1486.79 3.7682e+00  50825.292    315.613 1564025941      -0.05     -0.786   40.10862  -72.26362    32.6218  1025.1073    24.9932     9.9101 0.0000e+00
     24.000    10.4155    32.3772  1024.9446     2.7406     7.1168    111.960    0.00232    6.35657    6.35819      8.174     0.8776   11.49818   3.592419 3.1715e+04    24.8354    24.8349 1.0000e-12     24.186          1       7659    1488.53 2.6969e+00  50671.481    319.080 1564025944       0.03     -0.246   40.10864  -72.26360    32.5614  1024.9720    24.8629    10.4127 0.0000e+00
     23.000    10.6688    32.4195  1024.9294     2.7760     7.0647    114.330    0.01070    6.18059    6.17999      8.187     0.8480   11.20662   3.619356 -4.223e+03    24.8248    24.8243 1.0000e-12     23.180          1       8355    1489.47 4.1163e+00  50685.594    348.100 1564025973      -0.38     -0.579   40.10870  -72.26353    32.6060  1024.9587    24.8542    10.6661 0.0000e+00
     22.000    11.1004    32.4167  1024.8468     2.8047     6.9758    115.885    0.01507    6.01966    6.01701      8.190     0.8069   10.94117   3.659180 2.5320e-11    24.7474    24.7470 1.0000e-12     22.175          1       8621    1490.98 3.9495e+00  50610.987    359.169 1564025984      -0.33     -0.970   40.10872  -72.26350    32.6191  1024.8886    24.7888    11.0978 0.0000e+00
     21.000    11.7582    32.3512  1024.6722     2.8400     7.0601    118.698    0.02665    5.94829    5.94484      8.196     0.7842   10.82229   3.712507 2.5320e-11    24.5772    24.5767 1.0000e-12     21.172          1       8650    1493.17 3.9495e+00  50412.641    360.387 1564025986       0.17     -1.004   40.10872  -72.26350    32.5639  1024.7225    24.6275    11.7556 0.0000e+00
     20.000    13.1706    32.3051  1024.3627     2.9147     7.1692    122.992    0.03597    5.82890    5.82413      8.216     0.6744   10.62423   3.839199 8.9962e+04    24.2727    24.2721 1.0000e-12     20.151          1       8701    1497.90 1.2554e+00  50149.027    362.497 1564025988       0.16     -0.435   40.10872  -72.26350    32.5570  1024.4436    24.3538    13.1679 0.0000e+00
     19.000    14.0098    32.3256  1024.2045     2.9619     7.1694    124.512    0.03039    5.75799    5.75244      8.222     0.6655   10.50674   3.917376 -9.990e-29    24.1195    24.1189 1.0000e-12     19.149          1       8740    1500.68 3.9497e+00  50075.208    364.104 1564025989      -0.23     -0.608   40.10874  -72.26350    32.5734  1024.2824    24.1974    14.0071 0.0000e+00
     18.000    14.6969    32.3012  1024.0376     3.0070     7.0597    126.058    0.02847    5.60078    5.59363      8.224     0.6379   10.24629   3.977052 -9.990e-29    23.9573    23.9567 1.0000e-12     18.140          1       8776    1502.86 3.9495e+00  49964.400    365.638 1564025991       0.10     -0.683   40.10874  -72.26348    32.5441  1024.1119    24.0316    14.6943 0.0000e+00
     17.000    15.2463    32.2851  1023.9027     3.0552     7.0193    128.525    0.03442    5.46138    5.45284      8.223     0.6869   10.01675   4.026609 8.2075e+03    23.8274    23.8268 1.0000e-12     17.127          1       8811    1504.58 3.4420e+00  49886.876    367.103 1564025992      -0.15     -0.637   40.10874  -72.26348    32.5360  1023.9832    23.9075    15.2437 0.0000e+00
     16.000    16.1394    32.2596  1023.6802     3.0452     6.7975    125.798    0.01005    5.40328    5.39426      8.216     0.6209    9.91990   4.111357 3.1153e+02    23.6094    23.6088 1.0000e-12     16.130          1       8837    1507.32 3.9308e+00  49767.066    368.185 1564025993      -0.14     -0.868   40.10874  -72.26348    32.5558  1023.7955    23.7245    16.1369 0.0000e+00
     15.000    17.8316    32.0687  1023.1348     2.9936     6.2683    119.874   -0.02900    5.22817    5.21778      8.195     0.5325    9.63031   4.245067 5.0729e+04    23.0685    23.0679 1.0000e-12     15.118          1       8877    1512.21 1.7918e+00  49370.411    369.814 1564025995       0.21     -0.675   40.10874  -72.26348    32.3523  1023.2409    23.1747    17.8291 0.0000e+00
     14.000    19.0434    32.0288  1022.8023     2.9009     5.7990    114.139   -0.04460    5.08082    5.06938      8.176     0.3791    9.38893   4.355699 -1.868e+03    22.7413    22.7407 1.0000e-12     14.105          1       8923    1515.68 4.0289e+00  49241.784    371.732 1564025997      -0.10     -0.501   40.10875  -72.26348    32.3290  1022.9208    22.8594    19.0409 0.0000e+00
     13.000    21.3866    31.6286  1021.8798     2.7555     5.4412    107.149   -0.04313    5.07824    5.06679      8.175     0.3210    9.38456   4.521178 4.5118e+04    21.8228    21.8221 1.0000e-12     13.109          1       9025    1521.70 2.5114e+00  48580.581    376.010 1564026001      -0.15     -0.407   40.10877  -72.26346    31.8896  1021.9691    21.9125    21.3841 0.0000e+00
     12.000    22.5238    31.3848  1021.3818     2.6823     5.2575    106.157   -0.00470    4.95246    4.94038      8.169     0.1748    9.17821   4.588101 4.1653e+04    21.3298    21.3292 1.0000e-12     12.089          1       9203    1524.47 2.1892e+00  48207.273    383.418 1564026009       0.05     -0.263   40.10878  -72.26345    31.5757  1021.4184    21.3663    22.5214 0.0000e+00
     11.000    23.1318    31.2546  1021.1065     2.6127     4.9642    100.225   -0.04284    4.95287    4.94080      8.169     0.1382    9.17850   4.631887 6.2191e+04    21.0593    21.0586 1.0000e-12     11.080          1       9234    1525.88 1.4949e+00  48013.892    384.722 1564026010      -0.42     -0.563   40.10878  -72.26344    31.4750  1021.1656    21.1180    23.1296 0.0000e+00
     10.000    23.9507    31.1108  1020.7576     2.5741     4.8913     99.462   -0.02538    4.91767    4.90548      8.167     0.1325    9.12065   4.685509 3.9272e+04    20.7144    20.7138 1.0000e-12     10.087          1       9553    1527.79 2.3247e+00  47797.583    398.007 1564026023      -0.21     -0.586   40.10881  -72.26341    31.3003  1020.7935    20.7502    23.9486 0.0000e+00
      9.000    24.3642    31.0637  1020.5975     2.5436     4.8914     99.840    0.00399    4.89926    4.88701 -9.990e-29     0.1026    9.09013   4.711811 -6.004e+03    20.5587    20.5581 1.0000e-12      9.060          1      10053    1528.76 4.2006e+00  47724.363    418.823 1564026044      -0.06     -0.310   40.10887  -72.26335    31.2071  1020.5986    20.5598    24.3623 0.0000e+00
      8.000    24.3337    31.0686  1020.6057     2.5479     4.8892     99.759   -0.00029    4.90104    4.88879 -9.990e-29     0.1098    9.09308   4.710321 -9.990e-29    20.5712    20.5707 1.0000e-12      8.063          1      10025    1528.67 3.9495e+00  47731.294    417.660 1564026043      -0.33     -0.693   40.10886  -72.26336    31.2176  1020.6110    20.5765    24.3320 0.0000e+00
      7.000    24.3375    31.0674  1020.5993     2.5492     4.8984     99.947    0.00173    4.90101    4.88876 -9.990e-29     0.1027    9.09302   4.710421 -9.990e-29    20.5691    20.5687 1.0000e-12      7.053          1      10053    1528.66 3.9495e+00  47729.157    418.851 1564026044       0.02     -0.867   40.10886  -72.26335    31.2160  1020.6043    20.5741    24.3360 0.0000e+00
      6.000    24.3394    31.0681  1020.5949     2.5460     4.8807     99.601   -0.00114    4.90022    4.88797 -9.990e-29     0.1151    9.09171   4.710628 -9.990e-29    20.5690    20.5687 1.0000e-12      6.045          1      10081    1528.65 3.9495e+00  47729.726    419.999 1564026045      -0.05     -0.844   40.10886  -72.26334    31.2165  1020.5998    20.5739    24.3381 0.0000e+00
      5.000    24.3377    31.0689  1020.5916     2.5486     4.8900     99.784   -0.00016    4.90063    4.88838 -9.990e-29     0.1157    9.09239   4.710522 1.3333e+04    20.5700    20.5697 1.0000e-12      5.048          1      10109    1528.63 3.5353e+00  47730.409    421.147 1564026046       0.05     -0.903   40.10888  -72.26334    31.2172  1020.5965    20.5749    24.3366 0.0000e+00
