CalculateIndicators/WaterTemperature/Data/CTD_NYOS/NYOS1910_C02.cnv
* Sea-Bird SBE 9 Data File:
* FileName = C:\Seabird 9 CTD\Data\2019\201910_offhore\NYOS1910_C02.hex
* Software Version Seasave V 7.23.2
* Temperature SN = 4590
* Conductivity SN = 3228
* Number of Bytes Per Scan = 44
* Number of Voltage Words = 5
* Number of Scans Averaged by the Deck Unit = 1
* NMEA Latitude = 40 41.77 N
* NMEA Longitude = 071 47.95 W
* NMEA UTC (Time) = Oct 06 2019  04:07:11
* NMEA baud rate = 4800
** Ship: sw
** Station: 1.2
** Operator: Sarah
# nquan = 35
# nvalues = 98                          
# units = specified
# name 0 = depSM: Depth [salt water, m]
# name 1 = t090C: Temperature [ITS-90, deg C]
# name 2 = sal00: Salinity, Practical [PSU]
# name 3 = density00: Density [density, kg/m^3]
# name 4 = sbeox0V: Oxygen raw, SBE 43 [V]
# name 5 = sbeox0ML/L: Oxygen, SBE 43 [ml/l]
# name 6 = sbeox0PS: Oxygen, SBE 43 [% saturation]
# name 7 = sbox0dV/dT: Oxygen, SBE 43 [dov/dt]
# name 8 = oxsolML/L: Oxygen Saturation, Garcia & Gordon [ml/l]
# name 9 = oxsatML/L: Oxygen Saturation, Weiss [ml/l]
# name 10 = ph: pH
# name 11 = flECO-AFL: Fluorescence, WET Labs ECO-AFL/FL [mg/m^3]
# name 12 = n2satML/L: Nitrogen Saturation [ml/l]
# name 13 = c0S/m: Conductivity [S/m]
# name 14 = cpar: CPAR/Corrected Irradiance [%]
# name 15 = sigma-é00: Density [sigma-theta, kg/m^3]
# name 16 = sigma-t00: Density [sigma-t, kg/m^3 ]
# name 17 = par: PAR/Irradiance, Biospherical/Licor
# name 18 = prDM: Pressure, Digiquartz [db]
# name 19 = pumps: Pump Status
# name 20 = scan: Scan Count
# name 21 = svCM: Sound Velocity [Chen-Millero, m/s]
# name 22 = spar: SPAR, Biospherical/Licor
# name 23 = specc: Specific Conductance [uS/cm]
# name 24 = timeS: Time, Elapsed [seconds]
# name 25 = timeY: Time, System [seconds]
# name 26 = accM: Acceleration [m/s^2]
# name 27 = dz/dtM: Descent Rate [m/s]
# name 28 = latitude: Latitude [deg]
# name 29 = longitude: Longitude [deg]
# name 30 = gsw_saA0: Absolute Salinity [g/kg]
# name 31 = gsw_densityA0: density, TEOS-10 [density, kg/m^3]
# name 32 = gsw_sigma0A0: density, TEOS-10 [sigma-0, kg/m^3 ]
# name 33 = gsw_ptA0: potential temperature [ITS-90, deg C]
# name 34 = flag: flag
# span 0 =      1.000,     50.000       
# span 1 =     8.8591,    19.8179       
# span 2 =    32.5402,    33.6725       
# span 3 =  1023.3634,  1025.7100       
# span 4 =     1.6129,     2.5080       
# span 5 =     3.4544,     5.2672       
# span 6 =     56.001,     98.709       
# span 7 =   -0.07535,    0.12544       
# span 8 =    5.23407,    6.56849       
# span 9 =    5.22432,    6.57320       
# span 10 =      7.811,      8.261      
# span 11 =     0.0726,     0.2573      
# span 12 =    9.62177,   11.84611      
# span 13 =   3.474596,   4.610875      
# span 14 = -1.285e+04, 9.7436e+04      
# span 15 =    23.3568,    25.4846      
# span 16 =    23.3567,    25.4838      
# span 17 = 1.0000e-12, 3.9174e-01      
# span 18 =      1.021,     50.392      
# span 19 =          1,          1      
# span 20 =        541,      10803      
# span 21 =    1483.46,    1519.86      
# span 22 = 1.0165e-01, 4.4117e+00      
# span 23 =  50286.510,  51736.688      
# span 24 =     22.482,    450.097      
# span 25 = 1570334855, 1570335283      
# span 26 =      -0.32,       0.49      
# span 27 =     -0.730,      0.814      
# span 28 =   40.69624,   40.69645      
# span 29 =  -71.80021,  -71.79928      
# span 30 =    32.6221,    33.8331      
# span 31 =  1023.3690,  1025.7129      
# span 32 =    23.3614,    25.4882      
# span 33 =     8.8548,    19.8137      
# span 34 = 0.0000e+00, 0.0000e+00      
# interval = meters: 1                  
# start_time = Oct 06 2019 04:07:12 [System UTC, first data scan.]
# bad_flag = -9.990e-29
*END*
      2.000    18.8962    32.7980  1023.3740     2.5039     5.2528     98.184   -0.00119    5.34990    5.34074 -9.990e-29     0.1870    9.82316   4.416251 2.5320e-11    23.3652    23.3651 1.0000e-12      2.018          1        541    1515.92 3.9495e+00  50298.452     22.482 1570334855       0.14      0.151   40.69624  -71.79928    32.9533  1023.3795    23.3707    18.8958 0.0000e+00
      3.000    18.9055    32.7968  1023.3751     2.5051     5.2628     98.393    0.00051    5.34879    5.33963      8.242     0.1971    9.82130   4.417189 2.5320e-11    23.3619    23.3618 1.0000e-12      3.023          1        600    1515.97 3.9495e+00  50296.695     24.974 1570334857       0.07      0.403   40.69624  -71.79929    32.9533  1023.3816    23.3685    18.9050 0.0000e+00
      4.000    18.9201    32.8012  1023.3792     2.5040     5.2561     98.263   -0.00052    5.34905    5.33989      8.239     0.2110    9.82176   4.419151 -9.990e-29    23.3617    23.3615 1.0000e-12      4.031          1        665    1516.03 3.9495e+00  50302.372     27.662 1570334860      -0.04      0.358   40.69624  -71.79930    32.9577  1023.3857    23.3682    18.9194 0.0000e+00
      5.000    18.9188    32.7989  1023.3822     2.5038     5.2588     98.327    0.00017    5.34828    5.33911      8.240     0.2043    9.82038   4.418571 2.5320e-11    23.3603    23.3601 1.0000e-12      5.040          1        734    1516.04 3.9495e+00  50299.765     30.562 1570334863      -0.01      0.349   40.69624  -71.79930    32.9536  1023.3874    23.3655    18.9179 0.0000e+00
      6.000    18.9125    32.7996  1023.3888     2.5031     5.2435     98.226   -0.00060    5.33820    5.32897      8.239     0.2425    9.80329   4.418277 2.5320e-11    23.3625    23.3622 1.0000e-12      6.046          1        791    1516.04 3.9495e+00  50301.508     32.913 1570334865       0.09      0.457   40.69624  -71.79932    32.9558  1023.3951    23.3688    18.9114 0.0000e+00
      7.000    18.9896    32.8355  1023.4012     2.5030     5.2430     98.279    0.00000    5.33480    5.32554      8.239     0.2132    9.79743   4.430428 -9.990e-29    23.3706    23.3703 1.0000e-12      7.054          1        854    1516.32 3.9495e+00  50346.784     35.535 1570334868      -0.07      0.365   40.69624  -71.79932    32.9953  1023.4101    23.3794    18.9884 0.0000e+00
      8.000    19.0341    32.8575  1023.4112     2.5038     5.2396     98.351    0.00037    5.32748    5.31818      8.241     0.2080    9.78495   4.437393 2.5320e-11    23.3762    23.3758 1.0000e-12      8.062          1        920    1516.49 3.9495e+00  50374.653     38.306 1570334871       0.10      0.393   40.69624  -71.79934    33.0176  1023.4202    23.3852    19.0327 0.0000e+00
      9.000    19.0979    32.8851  1023.4206     2.5029     5.2277     98.249   -0.00044    5.32092    5.31158      8.242     0.2131    9.77369   4.447013 2.5320e-11    23.3812    23.3808 1.0000e-12      9.071          1        985    1516.72 3.9495e+00  50409.249     40.995 1570334873      -0.04      0.355   40.69624  -71.79934    33.0464  1023.4304    23.3910    19.0963 0.0000e+00
     10.000    19.1473    32.9168  1023.4368     2.4993     5.2032     97.952   -0.00195    5.31206    5.30266      8.241     0.2243    9.75841   4.455765 5.1094e+04    23.3930    23.3925 1.0000e-12     10.079          1       1046    1516.91 1.9000e+00  50450.634     43.538 1570334876      -0.02      0.402   40.69624  -71.79935    33.0795  1023.4475    23.4037    19.1456 0.0000e+00
     11.000    19.2183    32.9676  1023.4619     2.4930     5.1827     97.608   -0.00249    5.30977    5.30037      8.239     0.2321    9.75439   4.468564 9.4848e+04    23.4137    23.4132 1.0000e-12     11.083          1       1101    1517.19 2.3090e+00  50516.193     45.852 1570334878      -0.01      0.453   40.69624  -71.79936    33.1288  1023.4713    23.4232    19.2164 0.0000e+00
     12.000    19.2569    33.0061  1023.4859     2.4829     5.1504     97.068   -0.00324    5.30593    5.29652      8.236     0.2573    9.74734   4.476664 -1.285e+04    23.4334    23.4328 1.0000e-12     12.098          1       1180    1517.36 4.1550e+00  50567.322     49.134 1570334881       0.05      0.250   40.69624  -71.79936    33.1649  1023.4934    23.4409    19.2547 0.0000e+00
     13.000    19.2347    33.0237  1023.5094     2.4840     5.1534     97.442    0.00076    5.28866    5.27917      8.236     0.2351    9.71717   4.477120 2.5320e-11    23.4525    23.4519 1.0000e-12     13.102          1       1232    1517.33 3.9495e+00  50593.099     51.275 1570334884      -0.01      0.465   40.69624  -71.79937    33.1860  1023.5195    23.4625    19.2324 0.0000e+00
     14.000    19.3640    33.1723  1023.5942     2.4839     5.1434     97.359   -0.00029    5.28288    5.27337      8.239     0.2180    9.70669   4.507976 2.5320e-11    23.5330    23.5323 1.0000e-12     14.108          1       1289    1517.88 3.9495e+00  50789.732     53.675 1570334886      -0.08      0.406   40.69624  -71.79938    33.3380  1023.6062    23.5450    19.3615 0.0000e+00
     15.000    19.4081    33.2831  1023.6720     2.4822     5.1196     97.262   -0.00040    5.26378    5.25418      8.241     0.1594    9.67354   4.525937 -9.990e-29    23.6064    23.6057 1.0000e-12     15.118          1       1362    1518.15 3.9495e+00  50939.319     56.714 1570334889       0.19      0.326   40.69624  -71.79939    33.4510  1023.6852    23.6196    19.4054 0.0000e+00
     16.000    19.5532    33.4167  1023.7410     2.4873     5.1286     97.734    0.00240    5.24755    5.23785      8.247     0.1286    9.64570   4.556416 2.5261e-11    23.6711    23.6704 1.0000e-12     16.126          1       1421    1518.72 3.9495e+00  51114.359     59.178 1570334892      -0.07      0.398   40.69624  -71.79940    33.5860  1023.7548    23.6849    19.5503 0.0000e+00
     17.000    19.6804    33.4933  1023.7710     2.4974     5.1584     98.410    0.00467    5.24174    5.23201      8.253     0.1010    9.63569   4.578447 2.4885e-11    23.6967    23.6959 1.0000e-12     17.131          1       1474    1519.18 3.9495e+00  51212.436     61.376 1570334894       0.05      0.484   40.69624  -71.79940    33.6650  1023.7863    23.7120    19.6773 0.0000e+00
     18.000    19.7625    33.5473  1023.7953     2.5047     5.1640     98.563    0.00196    5.23932    5.22957      8.254     0.0996    9.63147   4.592466 2.5321e-11    23.7167    23.7158 1.0000e-12     18.143          1       1547    1519.49 3.9495e+00  51282.092     64.410 1570334897      -0.04      0.291   40.69624  -71.79941    33.7140  1023.8066    23.7280    19.7592 0.0000e+00
     19.000    19.7893    33.5733  1023.8126     2.5080     5.1687     98.669    0.00101    5.23839    5.22864      8.255     0.0795    9.62982   4.598018 7.3674e+03    23.7296    23.7287 1.0000e-12     19.154          1       1618    1519.61 3.5858e+00  51316.713     67.361 1570334900       0.49      0.410   40.69624  -71.79942    33.7378  1023.8221    23.7391    19.7858 0.0000e+00
     20.000    19.7917    33.5789  1023.8207     2.5064     5.1581     98.464   -0.00053    5.23860    5.22885      8.254     0.0726    9.63017   4.598830 5.8787e+04    23.7333    23.7324 1.0000e-12     20.150          1       1645    1519.64 1.6239e+00  51324.749     68.492 1570334901       0.10      0.814   40.69624  -71.79942    33.7422  1023.8292    23.7419    19.7880 0.0000e+00
     21.000    19.7907    33.5814  1023.8272     2.5072     5.1643     98.611    0.00042    5.23707    5.22732      8.257     0.0798    9.62736   4.598867 5.7100e+04    23.7355    23.7345 1.0000e-12     21.165          1       1721    1519.66 1.6499e+00  51328.576     71.648 1570334904      -0.13      0.248   40.69624  -71.79943    33.7429  1023.8344    23.7428    19.7869 0.0000e+00
     22.000    19.7972    33.6061  1023.8488 -9.990e-29     5.1603     98.591   -0.00020    5.23407    5.22432      8.261     0.0893    9.62177   4.602743 -1.947e+03    23.7527    23.7517 1.0000e-12     22.174          1       1794    1519.72 4.0277e+00  51362.453     74.693 1570334907       0.03      0.399   40.69624  -71.79944    33.7692  1023.8571    23.7611    19.7931 0.0000e+00
     23.000    19.8178    33.6514  1023.8824     2.5053     5.1529     98.439   -0.00093    5.23458    5.22484      8.261     0.0896    9.62257   4.610258 -9.990e-29    23.7820    23.7809 1.0000e-12     23.178          1       1838    1519.85 3.9495e+00  51423.799     76.560 1570334909       0.13      0.538   40.69626  -71.79944    33.8140  1023.8901    23.7898    19.8136 0.0000e+00
     24.000    19.7877    33.6725  1023.9107     2.4988     5.1391     97.953   -0.00300    5.24654    5.23688      8.259     0.1004    9.64258   4.609386 2.5320e-11    23.8060    23.8048 1.0000e-12     24.188          1       1931    1519.80 3.9495e+00  51454.574     80.426 1570334913       0.09      0.279   40.69626  -71.79945    33.8308  1023.9151    23.8103    19.7833 0.0000e+00
     25.000    19.6909    33.6622  1023.9324     2.4832     5.1101     96.909   -0.00705    5.27310    5.26364      8.255     0.1202    9.68717   4.598285 2.6376e+04    23.8233    23.8221 1.0000e-12     25.195          1       1998    1519.54 2.9078e+00  51446.352     83.206 1570334916       0.01      0.490   40.69626  -71.79946    33.8173  1023.9344    23.8252    19.6863 0.0000e+00
     26.000    19.4911    33.6260  1023.9607     2.4511     5.0581     94.875   -0.01322    5.33186    5.32284      8.252     0.1414    9.78616   4.573487 5.8575e+04    23.8471    23.8459 1.0000e-12     26.202          1       2056    1518.95 1.5560e+00  51408.398     85.621 1570334918      -0.04      0.419   40.69625  -71.79946    33.7736  1023.9573    23.8436    19.4864 0.0000e+00
     27.000    18.7351    33.4552  1024.0256     2.3016     4.6521     83.717   -0.05604    5.55867    5.55153      8.224     0.1539   10.16693   4.473839 -4.258e+03    23.9073    23.9061 1.0000e-12     27.213          1       2139    1516.61 4.1237e+00  51222.370     89.068 1570334921       0.02      0.265   40.69625  -71.79946    33.5537  1023.9856    23.8672    18.7303 0.0000e+00
     28.000    16.9781    33.1298  1024.2084     2.0970     4.1208     71.473   -0.07535    5.76717    5.76205      8.141     0.1269   10.51578   4.262938 2.5179e-11    24.0846    24.0836 1.0000e-12     28.221          1       2204    1511.08 3.9495e+00  50900.929     91.802 1570334924       0.01      0.378   40.69626  -71.79948    33.1906  1024.1407    24.0171    16.9736 0.0000e+00
     29.000    15.3149    32.8907  1024.4054     1.9196     3.6940     63.339   -0.06832    5.83312    5.82873      8.089     0.1659   10.62506   4.078062 2.5085e-11    24.2765    24.2755 1.0000e-12     29.227          1       2265    1505.68 3.9495e+00  50725.766     94.328 1570334927      -0.04      0.393   40.69626  -71.79948    32.9355  1024.3258    24.1968    15.3106 0.0000e+00
     30.000    14.4904    32.8805  1024.5821     1.8107     3.6701     61.843   -0.03068    5.93446    5.93116      8.027     0.2205   10.79406   4.004167 1.7610e+04    24.4481    24.4472 1.0000e-12     30.238          1       2332    1503.08 3.1380e+00  50795.774     97.137 1570334929       0.10      0.357   40.69626  -71.79948    32.9619  1024.5303    24.3964    14.4861 0.0000e+00
     31.000    13.8957    32.8105  1024.6563     1.7692     3.6117     60.663   -0.02274    5.95383    5.95075      8.008     0.1977   10.82636   3.940317 8.1622e+04    24.5176    24.5167 1.0000e-12     31.241          1       2378    1501.08 6.4336e-01  50769.312     99.040 1570334931       0.02      0.524   40.69626  -71.79950    32.8786  1024.5942    24.4555    13.8913 0.0000e+00
     32.000    13.4912    32.7765  1024.7175     1.7256     3.5777     59.361   -0.01515    6.02695    6.02470      7.977     0.1594   10.94802   3.902599 -1.143e+04    24.5741    24.5732 1.0000e-12     32.256          1       2442    1499.73 4.4117e+00  50771.715    101.693 1570334934      -0.03      0.331   40.69626  -71.79950    32.8735  1024.6776    24.5341    13.4867 0.0000e+00
     33.000    13.1828    32.7431  1024.7578     1.7069     3.5551     58.788   -0.01214    6.04741    6.04540      7.965     0.1705   10.98208   3.869589 2.5320e-11    24.6096    24.6087 1.0000e-12     33.259          1       2480    1498.68 3.9495e+00  50764.854    103.309 1570334936       0.19      0.607   40.69626  -71.79950    32.8280  1024.7086    24.5604    13.1783 0.0000e+00
     34.000    12.8383    32.7274  1024.8181     1.6884     3.5463     58.154   -0.00989    6.09843    6.09702      7.956     0.2002   11.06697   3.838107 2.5320e-11    24.6652    24.6644 1.0000e-12     34.265          1       2527    1497.52 3.9495e+00  50789.819    105.245 1570334938      -0.13      0.525   40.69626  -71.79950    32.8274  1024.7804    24.6275    12.8337 0.0000e+00
     35.000    12.5062    32.6798  1024.8501     1.6662     3.5238     57.243   -0.00860    6.15585    6.15515      7.939     0.2493   11.16211   3.801563 -9.990e-29    24.6924    24.6915 1.0000e-12     35.280          1       2589    1496.36 3.9495e+00  50769.798    107.830 1570334940       0.22      0.353   40.69626  -71.79951    32.7663  1024.8020    24.6443    12.5016 0.0000e+00
     36.000    12.0388    32.6938  1024.9544     1.6687     3.6338     58.451    0.00007    6.21646    6.21649      7.936     0.1875   11.26298   3.762846 -9.990e-29    24.7920    24.7912 1.0000e-12     36.282          1       2626    1494.80 3.3997e+00  50858.146    109.371 1570334942       0.01      0.634   40.69626  -71.79952    32.8016  1024.9224    24.7600    12.0342 0.0000e+00
     37.000    11.8426    32.6891  1024.9920     1.6715     3.7046     58.861    0.00170    6.29383    6.29483      7.934     0.1820   11.39144   3.744414 -9.990e-29    24.8251    24.8242 1.0000e-12     37.291          1       2668    1494.14 3.8931e+00  50882.512    111.125 1570334943       0.01      0.566   40.69626  -71.79952    32.7946  1024.9582    24.7910    11.8379 0.0000e+00
     38.000    11.1519    32.6373  1025.0820     1.6713     3.7975     58.758   -0.00033    6.46324    6.46646      7.927     0.1698   11.67237   3.674568 3.7500e+04    24.9097    24.9088 1.0000e-12     38.300          1       2718    1491.69 2.7201e+00  50919.140    113.211 1570334946      -0.11      0.478   40.69626  -71.79952    32.7192  1025.0297    24.8575    11.1473 0.0000e+00
     39.000    10.2393    32.5775  1025.1984     1.6737     3.8629     59.198    0.00154    6.52535    6.52946      7.915     0.1534   11.77477   3.583450 8.8977e+04    25.0209    25.0202 1.0000e-12     39.306          1       2765    1488.39 3.3013e-01  50995.604    115.159 1570334948       0.19      0.521   40.69626  -71.79954    32.6221  1025.1169    24.9393    10.2349 0.0000e+00
     40.000     9.3738    32.5906  1025.3564     1.6767     3.8931     59.429    0.00188    6.55095    6.55542      7.903     0.1322   11.81698   3.510894 5.7911e+04    25.1736    25.1729 1.0000e-12     40.314          1       2810    1485.28 1.5886e+00  51180.452    117.032 1570334949      -0.09      0.546   40.69626  -71.79954    32.6643  1025.2967    25.1139     9.3695 0.0000e+00
     41.000     9.0936    32.6218  1025.4300     1.6717     3.8463     58.588   -0.00266    6.56506    6.56981      7.892     0.1029   11.83939   3.491149 1.3973e+04    25.2424    25.2417 1.0000e-12     41.327          1       2868    1484.30 3.3639e+00  51281.973    119.466 1570334952      -0.01      0.394   40.69626  -71.79954    32.7157  1025.3858    25.1981     9.0892 0.0000e+00
     42.000     8.8718    32.6422  1025.4852     1.6729     3.8777     59.170    0.00119    6.55346    6.55806      7.886     0.1294   11.82006   3.474596 1.9697e+02    25.2927    25.2921 1.0000e-12     42.331          1       2908    1483.52 3.9413e+00  51358.206    121.124 1570334953       0.23      0.586   40.69626  -71.79954    32.7467  1025.4490    25.2566     8.8674 0.0000e+00
