CalculateIndicators/WaterTemperature/Data/CTD_NYOS/NYOS1910_C03.cnv
* Sea-Bird SBE 9 Data File:
* FileName = C:\Seabird 9 CTD\Data\2019\201910_offhore\NYOS1910_C03.hex
* Software Version Seasave V 7.23.2
* Temperature SN = 4590
* Conductivity SN = 3228
* Number of Bytes Per Scan = 44
* Number of Voltage Words = 5
* Number of Scans Averaged by the Deck Unit = 1
* NMEA Latitude = 40 23.88 N
* NMEA Longitude = 071 41.39 W
* NMEA UTC (Time) = Oct 06 2019  09:08:14
* NMEA baud rate = 4800
** Ship: sw
** Station: 1.3
** Operator: Sarah
# nquan = 35
# nvalues = 143                         
# units = specified
# name 0 = depSM: Depth [salt water, m]
# name 1 = t090C: Temperature [ITS-90, deg C]
# name 2 = sal00: Salinity, Practical [PSU]
# name 3 = density00: Density [density, kg/m^3]
# name 4 = sbeox0V: Oxygen raw, SBE 43 [V]
# name 5 = sbeox0ML/L: Oxygen, SBE 43 [ml/l]
# name 6 = sbeox0PS: Oxygen, SBE 43 [% saturation]
# name 7 = sbox0dV/dT: Oxygen, SBE 43 [dov/dt]
# name 8 = oxsolML/L: Oxygen Saturation, Garcia & Gordon [ml/l]
# name 9 = oxsatML/L: Oxygen Saturation, Weiss [ml/l]
# name 10 = ph: pH
# name 11 = flECO-AFL: Fluorescence, WET Labs ECO-AFL/FL [mg/m^3]
# name 12 = n2satML/L: Nitrogen Saturation [ml/l]
# name 13 = c0S/m: Conductivity [S/m]
# name 14 = cpar: CPAR/Corrected Irradiance [%]
# name 15 = sigma-é00: Density [sigma-theta, kg/m^3]
# name 16 = sigma-t00: Density [sigma-t, kg/m^3 ]
# name 17 = par: PAR/Irradiance, Biospherical/Licor
# name 18 = prDM: Pressure, Digiquartz [db]
# name 19 = pumps: Pump Status
# name 20 = scan: Scan Count
# name 21 = svCM: Sound Velocity [Chen-Millero, m/s]
# name 22 = spar: SPAR, Biospherical/Licor
# name 23 = specc: Specific Conductance [uS/cm]
# name 24 = timeS: Time, Elapsed [seconds]
# name 25 = timeY: Time, System [seconds]
# name 26 = accM: Acceleration [m/s^2]
# name 27 = dz/dtM: Descent Rate [m/s]
# name 28 = latitude: Latitude [deg]
# name 29 = longitude: Longitude [deg]
# name 30 = gsw_saA0: Absolute Salinity [g/kg]
# name 31 = gsw_densityA0: density, TEOS-10 [density, kg/m^3]
# name 32 = gsw_sigma0A0: density, TEOS-10 [sigma-0, kg/m^3 ]
# name 33 = gsw_ptA0: potential temperature [ITS-90, deg C]
# name 34 = flag: flag
# span 0 =      2.000,     73.000       
# span 1 =    10.0333,    21.4215       
# span 2 =    33.2097,    35.0351       
# span 3 =  1023.7768,  1026.5648       
# span 4 =     1.6624,     2.5184       
# span 5 =     3.4286,     5.2764       
# span 6 =     57.965,     99.719       
# span 7 =   -0.03516,    0.02351       
# span 8 =    5.04117,    6.37931       
# span 9 =    5.03054,    6.38198       
# span 10 =      7.996,      8.295      
# span 11 =     0.0295,     0.2664      
# span 12 =    9.28769,   11.52593      
# span 13 =   3.635029,   4.942609      
# span 14 = -3.106e+04, 9.9999e+04      
# span 15 =    23.7640,    26.2384      
# span 16 =    23.7637,    26.2365      
# span 17 = 1.0000e-12, 7.3324e-02      
# span 18 =      2.021,     73.569      
# span 19 =          1,          1      
# span 20 =        885,      15781      
# span 21 =    1488.78,    1525.96      
# span 22 = -7.200e-02, 5.1080e+00      
# span 23 =  51147.286,  53700.235      
# span 24 =     36.830,    657.489      
# span 25 = 1570352932, 1570353552      
# span 26 =      -0.29,       0.23      
# span 27 =     -0.751,      0.759      
# span 28 =   40.39808,   40.39872      
# span 29 =  -71.69093,  -71.68998      
# span 30 =    33.3245,    35.2078      
# span 31 =  1023.7824,  1026.5713      
# span 32 =    23.7680,    26.2503      
# span 33 =    10.0264,    21.4147      
# span 34 = 0.0000e+00, 0.0000e+00      
# interval = meters: 1                  
# start_time = Oct 06 2019 09:08:15 [System UTC, first data scan.]
# bad_flag = -9.990e-29
*END*
[from data line 42]
     44.000    19.4043    34.7522  1024.9219     2.3406     4.8008     90.209   -0.00703    5.32228    5.31364      8.238     0.2431    9.75834   4.698879 2.5320e-11    24.7299    24.7278 1.0000e-12     44.343          1       2864    1520.27 3.9495e+00  52955.734    119.283 1570353014      -0.10      0.592   40.39816  -71.69013    34.8790  1024.8983    24.7063    19.3963 0.0000e+00
     45.000    18.8561    34.7184  1025.0409     2.2847     4.7348     85.945   -0.02528    5.50925    5.50221      8.227     0.2371   10.07228   4.637778 2.5320e-11    24.8442    24.8422 1.0000e-12     45.356          1       2925    1518.69 3.9495e+00  52945.576    121.817 1570353017       0.03      0.369   40.39817  -71.69014    34.8269  1025.0035    24.8068    18.8481 0.0000e+00
     46.000    17.6155    34.4509  1025.1487     2.2518     4.8197     85.336   -0.01534    5.64793    5.64221      8.216     0.2247   10.30469   4.477915 2.5320e-11    24.9468    24.9449 1.0000e-12     46.363          1       2973    1514.80 3.9495e+00  52671.892    123.839 1570353019       0.04      0.501   40.39818  -71.69014    34.5135  1025.0773    24.8751    17.6078 0.0000e+00
     47.000    16.2967    34.1570  1025.2400     2.2404     4.8843     85.703   -0.00642    5.69905    5.69385      8.204     0.2253   10.39027   4.311687 2.7087e-11    25.0320    25.0303 1.0000e-12     47.370          1       3017    1510.51 3.9495e+00  52379.976    125.668 1570353021       0.02      0.550   40.39818  -71.69014    34.1856  1025.1436    24.9358    16.2892 0.0000e+00
     48.000    15.4605    34.0432  1025.3473     2.2286     4.8805     85.187   -0.00608    5.72928    5.72437      8.195     0.2270   10.44109   4.222825 2.5336e-11    25.1344    25.1328 1.0000e-12     48.377          1       3063    1507.81 3.9495e+00  52306.641    127.586 1570353023      -0.04      0.527   40.39818  -71.69014    34.1121  1025.2818    25.0689    15.4531 0.0000e+00
     49.000    15.1235    33.9751  1025.3741     2.2072     4.8656     83.819   -0.00979    5.80499    5.80086      8.186     0.2387   10.56802   4.185274 2.5320e-11    25.1564    25.1548 1.0000e-12     49.386          1       3116    1506.69 3.9495e+00  52248.554    129.795 1570353025      -0.02      0.454   40.39818  -71.69014    34.0644  1025.3244    25.1067    15.1161 0.0000e+00
     50.000    14.6750    33.8622  1025.3891     2.1785     4.8482     82.084   -0.01352    5.90641    5.90339      8.173     0.2325   10.73748   4.129238 9.9140e+04    25.1665    25.1649 1.0000e-12     50.397          1       3168    1505.15 3.3936e-02  52143.045    131.976 1570353027       0.05      0.460   40.39818  -71.69014    33.9431  1025.3332    25.1107    14.6676 0.0000e+00
     51.000    14.1415    33.7715  1025.4372     2.1580     4.8170     81.042   -0.01404    5.94383    5.94123      8.163     0.2186   10.79985   4.067593 9.0637e+04    25.2097    25.2082 1.0000e-12     51.402          1       3204    1503.34 2.5491e-01  52081.384    133.475 1570353028       0.17      0.633   40.39818  -71.69014    33.8407  1025.3725    25.1449    14.1341 0.0000e+00
     52.000    13.5812    33.6954  1025.4992     2.1416     4.7973     80.540   -0.01138    5.95643    5.95399      8.153     0.2235   10.82056   4.007955 1.7109e+04    25.2666    25.2651 1.0000e-12     52.408          1       3240    1501.44 3.2631e+00  52045.769    134.977 1570353030      -0.09      0.693   40.39818  -71.69015    33.7766  1025.4438    25.2112    13.5739 0.0000e+00
     53.000    13.2369    33.6650  1025.5503     2.1211     4.7924     79.750   -0.00976    6.00970    6.00788      8.140     0.1895   10.90951   3.974267 9.2525e+04    25.3128    25.3114 1.0000e-12     53.416          1       3289    1500.28 8.1422e-01  52049.693    136.982 1570353032      -0.08      0.517   40.39818  -71.69016    33.7632  1025.5079    25.2704    13.2296 0.0000e+00
     54.000    13.1483    33.6779  1025.5821     2.0538     4.5830     74.153   -0.02963    6.17939    6.17959      8.115     0.1278   11.19233   3.965237 -9.990e-29    25.3401    25.3386 1.0000e-12     54.431          1       3355    1500.01 4.2776e+00  52081.187    139.749 1570353035       0.05      0.318   40.39819  -71.69016    33.7545  1025.5230    25.2809    13.1409 0.0000e+00
     55.000    11.7143    33.4695  1025.7029     2.0302     4.6117     74.762   -0.01481    6.16857    6.16863      8.098     0.1312   11.17441   3.810431 2.5320e-11    25.4546    25.4533 1.0000e-12     55.432          1       3396    1494.92 3.9495e+00  52001.898    141.450 1570353036       0.09      0.576   40.39820  -71.69016    33.5466  1025.6442    25.3959    11.7073 0.0000e+00
     56.000    11.5619    33.4595  1025.7284     2.0113     4.5979     74.531   -0.00896    6.16914    6.16920      8.086     0.1256   11.17542   3.798106 2.5381e-11    25.4755    25.4742 1.0000e-12     56.442          1       3446    1494.40 3.9495e+00  52013.043    143.533 1570353039      -0.07      0.482   40.39820  -71.69016    33.5635  1025.6904    25.4375    11.5548 0.0000e+00
     57.000    11.5518    33.4492  1025.7268     1.9991     4.6043     74.470   -0.00463    6.18282    6.18303      8.077     0.1243   11.19846   3.797910 2.5940e-11    25.4694    25.4681 1.0000e-12     57.449          1       3507    1494.38 3.9495e+00  52000.931    146.083 1570353041      -0.06      0.387   40.39820  -71.69017    33.5702  1025.7020    25.4446    11.5447 0.0000e+00
     58.000    11.4870    33.4227  1025.7228     1.9813     4.5883     73.347   -0.00717    6.25566    6.25675      8.065     0.0880   11.32008   3.789963 2.5288e-11    25.4607    25.4594 1.0000e-12     58.461          1       3575    1494.13 3.9495e+00  51975.190    148.919 1570353044       0.11      0.358   40.39820  -71.69018    33.5502  1025.7030    25.4410    11.4798 0.0000e+00
     59.000    11.1896    33.3554  1025.7291     1.9613     4.5417     71.987   -0.01041    6.30907    6.31082      8.054     0.0934   11.40923   3.754048 2.5320e-11    25.4621    25.4608 1.0000e-12     59.465          1       3620    1493.03 3.9495e+00  51931.385    150.775 1570353046       0.02      0.535   40.39820  -71.69018    33.4643  1025.6950    25.4280    11.1823 0.0000e+00
     60.000    10.6895    33.2855  1025.7684     1.9316     4.4838     70.288   -0.01247    6.37931    6.38198      8.044     0.0653   11.52593   3.701407 9.6279e+04    25.4963    25.4950 1.0000e-12     60.473          1       3677    1491.20 2.7816e+00  51921.043    153.180 1570353048      -0.07      0.412   40.39820  -71.69018    33.3939  1025.7339    25.4618    10.6824 0.0000e+00
     61.000    10.0333    33.2097  1025.8273     1.9068     4.4060     69.747   -0.00687    6.31721    6.31925      8.021     0.0603   11.42039   3.635029 9.9999e+04    25.5498    25.5486 1.0000e-12     61.484          1       3747    1488.78 -7.200e-02  51936.516    156.093 1570353051       0.05      0.344   40.39820  -71.69018    33.3245  1025.7977    25.5201    10.0264 0.0000e+00
     62.000    10.2447    33.3759  1025.9253     1.8949     4.3426     69.281   -0.00564    6.26810    6.26955      8.019     0.0452   11.33801   3.675628 4.3264e+04    25.6436    25.6423 1.0000e-12     62.490          1       3802    1489.76 2.2408e+00  52130.253    158.356 1570353053       0.02      0.450   40.39820  -71.69018    33.5415  1025.9347    25.6529    10.2376 0.0000e+00
     63.000    10.7514    33.5475  1025.9754     1.8834     4.2930     68.692   -0.00573    6.24964    6.25091      8.020     0.0394   11.30654   3.738743 -9.311e+02    25.6898    25.6885 1.0000e-12     63.500          1       3851    1491.79 3.9863e+00  52277.973    160.419 1570353055       0.06      0.483   40.39820  -71.69018    33.7111  1025.9828    25.6972    10.7439 0.0000e+00
     64.000    10.8265    33.5935  1026.0024     1.8839     4.2905     69.401    0.00023    6.18233    6.18285      8.022     0.0428   11.19316   3.750932 2.6415e-11    25.7124    25.7111 1.0000e-12     64.505          1       3904    1492.13 3.9495e+00  52329.671    162.643 1570353058      -0.08      0.438   40.39820  -71.69018    33.7636  1026.0146    25.7247    10.8188 0.0000e+00
     65.000    11.3344    33.8038  1026.0788     1.8966     4.3125     70.597    0.00539    6.10863    6.10839      8.042     0.0532   11.06826   3.820808 2.5256e-11    25.7852    25.7837 1.0000e-12     65.517          1       3972    1494.18 3.9495e+00  52536.870    165.441 1570353060       0.06      0.362   40.39820  -71.69018    33.9918  1026.1042    25.8106    11.3263 0.0000e+00
     66.000    11.5687    33.9223  1026.1320     1.9087     4.3126     71.271    0.00649    6.05103    6.05017      8.058     0.0846   10.97101   3.855549 2.5320e-11    25.8342    25.8327 1.0000e-12     66.523          1       4017    1495.15 3.9495e+00  52663.358    167.313 1570353062       0.10      0.539   40.39820  -71.69018    34.1188  1026.1637    25.8659    11.5604 0.0000e+00
     67.000    12.0187    34.1322  1026.2146     1.9120     4.2827     70.944    0.00238    6.03671    6.03571      8.067     0.0804   10.94672   3.920238 2.5320e-11    25.9130    25.9114 1.0000e-12     67.530          1       4060    1496.97 3.9495e+00  52883.460    169.129 1570353064      -0.05      0.560   40.39822  -71.69018    34.3388  1026.2535    25.9519    12.0100 0.0000e+00
     68.000    12.2986    34.2599  1026.2645     1.8917     4.1310     68.657   -0.00857    6.01653    6.01536      8.065     0.0519   10.91185   3.958205 2.5320e-11    25.9588    25.9571 1.0000e-12     68.538          1       4118    1498.09 3.9495e+00  53017.649    171.532 1570353067      -0.07      0.411   40.39822  -71.69020    34.4510  1026.2909    25.9853    12.2896 0.0000e+00
     69.000    12.3726    34.3430  1026.3190     1.8496     3.8852     65.600   -0.01677    5.92260    5.92054      8.049     0.0531   10.75182   3.973794 5.9528e+04    26.0090    26.0073 1.0000e-12     69.550          1       4183    1498.45 1.5984e+00  53121.968    174.256 1570353069       0.13      0.370   40.39822  -71.69020    34.5338  1026.3451    26.0351    12.3634 0.0000e+00
     70.000    12.7036    34.6074  1026.4632     1.7906     3.5862     60.608   -0.03516    5.91699    5.91487      8.043     0.0322   10.74244   4.037038 9.9502e+04    26.1495    26.1476 1.0000e-12     70.554          1       4221    1499.90 1.9642e-02  53439.541    175.814 1570353071       0.14      0.613   40.39822  -71.69020    34.8390  1026.5197    26.2059    12.6941 0.0000e+00
     71.000    13.0934    34.8010  1026.5396     1.7335     3.4286     57.965   -0.03347    5.91491    5.91277      8.040     0.0295   10.73895   4.091032 9.9999e+04    26.2218    26.2198 1.0000e-12     71.561          1       4263    1501.45 3.0206e-01  53650.597    177.598 1570353073      -0.12      0.581   40.39822  -71.69020    34.9970  1026.5680    26.2503    13.0835 0.0000e+00
     72.000    13.1494    34.8281  1026.5537     1.6954     3.4710     58.685   -0.01019    5.91462    5.91247      8.038     0.0453   10.73841   4.097857 3.2625e+04    26.2317    26.2296 1.0000e-12     72.567          1       4397    1501.68 2.7415e+00  53680.769    183.163 1570353078       0.03      0.331   40.39822  -71.69020    35.0102  1026.5713    26.2493    13.1394 0.0000e+00
     73.000    13.1791    34.8445  1026.5648     1.6624     3.4947     59.071    0.00783    5.91605    5.91393      8.027     0.0712   10.74077   4.099013 -3.106e+04    26.2384    26.2365 1.0000e-12     73.569          1       5013    1501.82 5.1080e+00  53700.235    208.822 1570353104      -0.25      0.014   40.39826  -71.69024    34.9934  1026.5568    26.2303    13.1689 0.0000e+00
     72.000    13.1550    34.8331  1026.5564     1.6802     3.5016     59.187    0.00102    5.91620    5.91408      8.030     0.0511   10.74102   4.097230 2.6589e-11    26.2344    26.2323 1.0000e-12     72.574          1       5058    1501.71 3.8505e+00  53686.712    210.709 1570353106      -0.17     -0.225   40.39825  -71.69024    34.9991  1026.5616    26.2396    13.1450 0.0000e+00
     71.000    13.1230    34.8227  1026.5504     1.6856     3.5485     59.651    0.00261    5.94862    5.94682      8.031     0.0419   10.79606   4.092706 2.5408e-11    26.2327    26.2307 1.0000e-12     71.565          1       5847    1501.57 3.9426e+00  53676.321    243.578 1570353139       0.05     -0.430   40.39828  -71.69029    34.9858  1026.5534    26.2358    13.1131 0.0000e+00
     70.000    12.9864    34.7472  1026.5150     1.7138     3.7456     62.270    0.01271    6.01523    6.01408      8.039     0.0390   10.90921   4.069812 2.5320e-11    26.2017    26.1997 1.0000e-12     70.552          1       5989    1501.02 3.9495e+00  53591.148    249.514 1570353144      -0.15     -0.338   40.39828  -71.69031    34.8931  1026.5050    26.1917    12.9768 0.0000e+00
     69.000    12.5793    34.5369  1026.4286     1.7639     3.9813     66.023    0.02351    6.03002    6.02897      8.046     0.0627   10.93516   4.007958 2.5320e-11    26.1191    26.1173 1.0000e-12     69.548          1       6038    1499.38 3.9495e+00  53359.613    251.558 1570353147       0.06     -0.477   40.39828  -71.69032    34.6737  1026.4124    26.1028    12.5700 0.0000e+00
     68.000    12.4394    34.3645  1026.3181     1.8168     4.1740     68.649    0.02277    6.07995    6.07940      8.056     0.0709   11.01992   3.977025 2.7645e-11    26.0127    26.0110 1.0000e-12     68.537          1       6094    1498.69 3.9495e+00  53141.227    253.864 1570353149      -0.09     -0.432   40.39828  -71.69032    34.5040  1026.3045    25.9991    12.4304 0.0000e+00
     67.000    12.2837    34.2637  1026.2658     1.8555     4.3300     70.592    0.02218    6.13384    6.13386      8.059     0.0774   11.11084   3.951417 2.5310e-11    25.9645    25.9628 1.0000e-12     67.532          1       6136    1498.03 3.9495e+00  53024.122    255.633 1570353151      -0.02     -0.566   40.39829  -71.69032    34.3992  1026.2493    25.9482    12.2749 0.0000e+00
     66.000    11.7516    34.0173  1026.1715     1.8851     4.3655     70.719    0.01066    6.17314    6.17358      8.053     0.0588   11.17743   3.874700 2.5320e-11    25.8740    25.8725 1.0000e-12     66.523          1       6197    1495.89 3.9495e+00  52765.817    258.183 1570353153       0.09     -0.364   40.39830  -71.69033    34.1390  1026.1452    25.8477    11.7432 0.0000e+00
     65.000    11.4700    33.8706  1026.1056     1.8889     4.3588     69.766    0.00075    6.24787    6.24914      8.044     0.0489   11.30343   3.833764 2.5320e-11    25.8122    25.8107 1.0000e-12     65.516          1       6260    1494.73 3.9495e+00  52607.191    260.783 1570353156      -0.03     -0.436   40.39830  -71.69034    33.9949  1026.0817    25.7882    11.4619 0.0000e+00
     64.000    11.0247    33.6998  1026.0495     1.8804     4.3179     68.758   -0.00410    6.27987    6.28147      8.032     0.0495   11.35761   3.774217 2.6686e-11    25.7599    25.7585 1.0000e-12     64.507          1       6317    1492.95 3.9495e+00  52443.911    263.162 1570353158      -0.04     -0.428   40.39830  -71.69034    33.8135  1026.0178    25.7281    11.0169 0.0000e+00
     63.000    10.6922    33.5634  1025.9983     1.8728     4.3315     68.526   -0.00313    6.32102    6.32310      8.020     0.0429   11.42680   3.731698 2.5253e-11    25.7127    25.7114 1.0000e-12     63.497          1       6374    1491.60 3.9495e+00  52311.230    265.521 1570353160      -0.01     -0.417   40.39830  -71.69034    33.6950  1025.9807    25.6951    10.6847 0.0000e+00
