CalculateIndicators/WaterTemperature/Data/CTD_NYOS/NYOS2006_C17.cnv
* Sea-Bird SBE19plus Data File:
* FileName = C:\Users\radar\Desktop\NYOS.2006\NYOS2006.ctd\NYOS2006_C17.hex
* Software Version 1.59
* Temperature SN =  4675
* Conductivity SN =  4675
* System UpLoad Time = Jun 10 2020 07:15:53
* NMEA Latitude = 40 29.9520 N
* NMEA Longitude = 073 47.4410 W
# nquan = 15
# nvalues = 40                          
# units = specified
# name 0 = depSM: Depth [salt water, m]
# name 1 = tv290C: Temperature [ITS-90, deg C]
# name 2 = sal00: Salinity, Practical [PSU]
# name 3 = density00: Density [density, kg/m^3]
# name 4 = c0S/m: Conductivity [S/m]
# name 5 = sigma-�00: Density [sigma-theta, kg/m^3]
# name 6 = sigma-t00: Density [sigma-t, kg/m^3 ]
# name 7 = prdM: Pressure, Strain Gauge [db]
# name 8 = scan: Scan Count
# name 9 = svCM: Sound Velocity [Chen-Millero, m/s]
# name 10 = specc: Specific Conductance [uS/cm]
# name 11 = timeS: Time, Elapsed [seconds]
# name 12 = accM: Acceleration [m/s^2]
# name 13 = dz/dtM: Descent Rate [m/s]
# name 14 = flag: flag
# span 0 =      1.000,     21.000       
# span 1 =    10.8022,    15.6044       
# span 2 =    30.0227,    32.0046       
# span 3 =  1022.0188,  1024.5739       
# span 4 =   3.585043,   3.791791       
# span 5 =    22.0075,    24.4784       
# span 6 =    22.0075,    24.4780       
# span 7 =      0.998,     21.130       
# span 8 =        640,        987       
# span 9 =    1489.38,    1502.83       
# span 10 =  46691.046,  50077.735      
# span 11 =    159.679,    246.589      
# span 12 =      -0.38,       0.42      
# span 13 =     -0.667,      0.607      
# span 14 = 0.0000e+00, 0.0000e+00      
# interval = meters: 1                  
# start_time = Jun 09 2020 12:41:00 [Instrument's time stamp, header]
# bad_flag = -9.990e-29
*END*
      2.000    15.6044    30.0227  1022.0188   3.791791    22.0075    22.0075      2.006        640    1502.83  46691.046    159.679       0.42      0.242 0.0000e+00
      3.000    15.4964    30.0335  1022.0544   3.783676    22.0409    22.0408      3.015        648    1502.52  46719.134    161.821      -0.09      0.490 0.0000e+00
      4.000    15.2157    30.1751  1022.2300   3.774031    22.1989    22.1988      4.030        656    1501.78  46923.151    163.681       0.17      0.574 0.0000e+00
      5.000    14.3236    30.7457  1022.8581   3.757342    22.8375    22.8374      5.025        664    1499.62  47833.742    165.649      -0.07      0.509 0.0000e+00
      6.000    13.5555    31.1664  1023.3391   3.738871    23.3250    23.3248      6.024        671    1497.67  48520.678    167.442       0.08      0.545 0.0000e+00
      7.000    13.5633    31.3158  1023.4611   3.754224    23.4325    23.4323      7.044        677    1497.83  48717.317    169.113      -0.09      0.605 0.0000e+00
      8.000    13.4900    31.2950  1023.4680   3.742241    23.4249    23.4247      8.030        685    1497.51  48687.142    171.121       0.17      0.406 0.0000e+00
      9.000    12.9686    31.3673  1023.6256   3.706803    23.5889    23.5887      9.052        692    1495.96  48862.612    172.765      -0.11      0.607 0.0000e+00
     10.000    12.5592    31.4616  1023.7840   3.678657    23.7303    23.7301     10.068        699    1494.65  49031.915    174.519       0.24      0.570 0.0000e+00
     11.000    11.9261    31.7526  1024.1301   3.655043    24.0909    24.0906     11.053        707    1492.90  49558.307    176.546      -0.20      0.503 0.0000e+00
     12.000    11.7142    31.7947  1024.2077   3.640449    24.1504    24.1501     12.068        715    1492.21  49626.812    178.463       0.03      0.536 0.0000e+00
     13.000    11.5690    31.8312  1024.2671   3.631890    24.2072    24.2070     13.079        722    1491.76  49705.534    180.225       0.11      0.562 0.0000e+00
     14.000    11.4147    31.8286  1024.2992   3.616825    24.2301    24.2298     14.060        731    1491.19  49720.823    182.586      -0.08      0.353 0.0000e+00
     15.000    11.0149    31.9184  1024.4418   3.592582    24.3740    24.3737     15.084        739    1489.97  49917.558    184.574       0.02      0.443 0.0000e+00
     16.000    10.8746    31.9881  1024.5255   3.588177    24.4538    24.4535     16.105        748    1489.57  50041.049    186.780       0.30      0.474 0.0000e+00
     17.000    10.8572    31.9887  1024.5339   3.587311    24.4559    24.4556     17.092        760    1489.52  50042.863    189.745       0.12      0.292 0.0000e+00
     18.000    10.8239    32.0004  1024.5533   3.586226    24.4720    24.4716     18.095        771    1489.43  50067.490    192.563      -0.12      0.346 0.0000e+00
     19.000    10.8102    32.0009  1024.5606   3.585451    24.4740    24.4737     19.104        784    1489.40  50069.829    195.648       0.04      0.304 0.0000e+00
     20.000    10.8027    32.0004  1024.5661   3.585043    24.4751    24.4747     20.115        794    1489.39  50071.174    198.334       0.31      0.383 0.0000e+00
     21.000    10.8022    32.0046  1024.5739   3.585824    24.4784    24.4780     21.130        815    1489.41  50077.735    203.422      -0.01      0.100 0.0000e+00
     20.000    10.8141    32.0018  1024.5651   3.586631    24.4752    24.4748     20.099        829    1489.43  50073.034    207.037      -0.38     -0.483 0.0000e+00
     19.000    10.8050    32.0004  1024.5610   3.585733    24.4747    24.4743     19.111        840    1489.38  50070.158    209.697       0.17     -0.372 0.0000e+00
     18.000    10.8147    32.0024  1024.5564   3.586806    24.4744    24.4740     18.106        850    1489.40  50070.575    212.163       0.03     -0.429 0.0000e+00
     17.000    10.8227    31.9985  1024.5474   3.587104    24.4707    24.4703     17.092        858    1489.41  50064.425    214.227      -0.01     -0.462 0.0000e+00
     16.000    10.8261    31.9976  1024.5416   3.587274    24.4693    24.4690     16.083        868    1489.40  50062.015    216.690      -0.07     -0.424 0.0000e+00
     15.000    10.8376    31.9971  1024.5344   3.588500    24.4666    24.4663     15.095        877    1489.43  50057.986    218.984      -0.11     -0.383 0.0000e+00
     14.000    10.9071    31.9894  1024.5118   3.594100    24.4488    24.4485     14.078        884    1489.65  50035.960    220.784       0.08     -0.553 0.0000e+00
     13.000    11.1081    31.9737  1024.4599   3.610962    24.3986    24.3983     13.071        893    1490.32  49974.281    222.917       0.01     -0.486 0.0000e+00
     12.000    11.3806    31.9305  1024.3728   3.631537    24.3246    24.3244     12.069        900    1491.22  49886.875    224.815      -0.25     -0.476 0.0000e+00
     11.000    11.6366    31.8476  1024.2590   3.644779    24.2067    24.2065     11.062        907    1491.97  49714.706    226.607       0.18     -0.585 0.0000e+00
     10.000    11.7332    31.8387  1024.2281   3.653793    24.1846    24.1844     10.055        914    1492.32  49691.631    228.292      -0.38     -0.533 0.0000e+00
      9.000    12.0828    31.7483  1024.0907   3.674741    24.0494    24.0492      9.051        921    1493.36  49512.537    229.908       0.21     -0.667 0.0000e+00
      8.000    12.3737    31.6481  1023.9527   3.691115    23.9240    23.9238      8.039        928    1494.25  49342.993    231.740      -0.06     -0.572 0.0000e+00
      7.000    12.7583    31.5487  1023.7986   3.715147    23.7635    23.7633      7.032        935    1495.41  49131.332    233.594      -0.04     -0.536 0.0000e+00
      6.000    13.2237    31.4221  1023.6068   3.741914    23.5797    23.5795      6.043        944    1496.79  48902.792    235.743       0.07     -0.448 0.0000e+00
      5.000    13.4245    31.2445  1023.4253   3.739847    23.4010    23.4008      5.026        952    1497.24  48625.868    237.682       0.06     -0.511 0.0000e+00
      4.000    13.5376    31.1675  1023.3327   3.744848    23.3350    23.3349      4.020        960    1497.61  48534.052    239.794      -0.18     -0.453 0.0000e+00
      3.000    14.7344    30.4799  1022.5638   3.771413    22.5347    22.5346      3.023        970    1500.55  47392.267    242.160       0.15     -0.413 0.0000e+00
      2.000    15.0950    30.2259  1022.2837   3.775763    22.2745    22.2745      2.007        978    1501.45  47024.464    244.321       0.03     -0.483 0.0000e+00
      1.000    15.3885    30.0985  1022.1186   3.786421    22.1128    22.1128      0.998        987    1502.22  46817.000    246.589      -0.09     -0.467 0.0000e+00
