CalculateIndicators/WaterTemperature/Data/CTD_NYOS/NYOS190724_1.4.cnv
* Sea-Bird SBE 9 Data File:
* FileName = C:\Seabird 9 CTD\Data\2019\201907_offshore\NYOS190724_1.4.hex
* Software Version Seasave V 7.23.2
* Temperature SN = 4590
* Conductivity SN = 3228
* Number of Bytes Per Scan = 44
* Number of Voltage Words = 5
* Number of Scans Averaged by the Deck Unit = 1
* NMEA Latitude = 40 05.80 N
* NMEA Longitude = 071 34.13 W
* NMEA UTC (Time) = Jul 24 2019  12:12:39
* NMEA baud rate = 4800
** Ship: Seawolf
** Station: 1.4
** Operator: EIH
** rough
# nquan = 35
# nvalues = 170                         
# units = specified
# name 0 = depSM: Depth [salt water, m]
# name 1 = t090C: Temperature [ITS-90, deg C]
# name 2 = sal00: Salinity, Practical [PSU]
# name 3 = density00: Density [density, kg/m^3]
# name 4 = sbeox0V: Oxygen raw, SBE 43 [V]
# name 5 = sbeox0ML/L: Oxygen, SBE 43 [ml/l]
# name 6 = sbeox0PS: Oxygen, SBE 43 [% saturation]
# name 7 = sbox0dV/dT: Oxygen, SBE 43 [dov/dt]
# name 8 = oxsolML/L: Oxygen Saturation, Garcia & Gordon [ml/l]
# name 9 = oxsatML/L: Oxygen Saturation, Weiss [ml/l]
# name 10 = ph: pH
# name 11 = flECO-AFL: Fluorescence, WET Labs ECO-AFL/FL [mg/m^3]
# name 12 = n2satML/L: Nitrogen Saturation [ml/l]
# name 13 = c0S/m: Conductivity [S/m]
# name 14 = cpar: CPAR/Corrected Irradiance [%]
# name 15 = sigma-é00: Density [sigma-theta, kg/m^3]
# name 16 = sigma-t00: Density [sigma-t, kg/m^3 ]
# name 17 = par: PAR/Irradiance, Biospherical/Licor
# name 18 = prDM: Pressure, Digiquartz [db]
# name 19 = pumps: Pump Status
# name 20 = scan: Scan Count
# name 21 = svCM: Sound Velocity [Chen-Millero, m/s]
# name 22 = spar: SPAR, Biospherical/Licor
# name 23 = specc: Specific Conductance [uS/cm]
# name 24 = timeS: Time, Elapsed [seconds]
# name 25 = timeY: Time, System [seconds]
# name 26 = accM: Acceleration [m/s^2]
# name 27 = dz/dtM: Descent Rate [m/s]
# name 28 = latitude: Latitude [deg]
# name 29 = longitude: Longitude [deg]
# name 30 = gsw_saA0: Absolute Salinity [g/kg]
# name 31 = gsw_densityA0: density, TEOS-10 [density, kg/m^3]
# name 32 = gsw_sigma0A0: density, TEOS-10 [sigma-0, kg/m^3 ]
# name 33 = gsw_ptA0: potential temperature [ITS-90, deg C]
# name 34 = flag: flag
# span 0 =      1.000,     86.000       
# span 1 =     7.4723,    21.8290       
# span 2 =    32.4148,    34.1944       
# span 3 =  1022.3310,  1026.5568       
# span 4 =     2.0946,     2.8800       
# span 5 =     4.9862,     7.9112       
# span 6 =     80.015,    126.532       
# span 7 =   -0.04549,    0.06735       
# span 8 =    5.08130,    6.76905       
# span 9 =    5.07014,    6.77700       
# span 10 =      8.005,      8.268      
# span 11 =    -0.0260,     2.0480      
# span 12 =    9.37984,   12.17412      
# span 13 =   3.377509,   4.657908      
# span 14 = -3.362e-05, 5.4903e+01      
# span 15 =    22.3216,    26.1677      
# span 16 =    22.3212,    26.1659      
# span 17 = -1.087e-04, 1.3876e+02      
# span 18 =      1.021,     86.665      
# span 19 =          1,          1      
# span 20 =        306,      17465      
# span 21 =    1478.71,    1523.77      
# span 22 = 2.1281e+02, 3.5088e+02      
# span 23 =  49639.551,  53169.324      
# span 24 =     12.711,    727.678      
# span 25 = 1563970374, 1563971090      
# span 26 =      -0.99,       0.75      
# span 27 =     -1.199,      1.040      
# span 28 =   40.09491,   40.09678      
# span 29 =  -71.56957,  -71.56888      
# span 30 =    32.3881,    34.3588      
# span 31 =  1022.3362,  1026.5623      
# span 32 =    22.3266,    26.1734      
# span 33 =     7.4668,    21.8288      
# span 34 = 0.0000e+00, 0.0000e+00      
# interval = meters: 1                  
# start_time = Jul 24 2019 12:12:42 [System UTC, first data scan.]
# bad_flag = -9.990e-29
*END*
[from data line 83]
     85.000    10.8816    34.1865  1026.5496     2.0985     4.9991     80.228   -0.00092    6.23108    6.23257      8.070    -0.0166   11.26951   3.815488 3.6997e-13    26.1651    26.1633 1.0000e-12     85.659          1       5407    1493.39 2.7040e+02  53161.756    225.252 1563970587       0.11      0.446   40.09626  -71.56913    34.3506  1026.5549    26.1705    10.8712 0.0000e+00
     86.000    10.9008    34.1944  1026.5568     2.0946     4.9862     80.015   -0.00109    6.23158    6.23307      8.078    -0.0035   11.27034   3.818143 3.6954e-13    26.1677    26.1659 1.0000e-12     86.665          1       6824    1493.48 2.7051e+02  53169.324    284.275 1563970646      -0.49      0.349   40.09612  -71.56922    34.3588  1026.5623    26.1734    10.8904 0.0000e+00
     85.000    10.8942    34.1858  1026.5467     2.0973     5.0025     80.315    0.00021    6.22864    6.23011      8.073    -0.0159   11.26538   3.816321 3.7068e-13    26.1622    26.1604 1.0000e-12     85.670          1       6222    1493.43 2.6978e+02  53158.188    259.219 1563970621      -0.70     -0.177   40.09618  -71.56918    34.3471  1026.5500    26.1655    10.8839 0.0000e+00
     84.000    10.8560    34.1721  1026.5385     2.0994     5.0300     80.511    0.00096    6.24765    6.24933      8.076    -0.0154   11.29743   3.811106 3.7442e-13    26.1584    26.1566 1.0000e-12     84.666          1       6353    1493.26 2.6708e+02  53145.316    264.675 1563970627      -0.18     -0.408   40.09617  -71.56919    34.3310  1026.5398    26.1598    10.8458 0.0000e+00
     83.000    10.8224    34.1584  1026.5293     2.1019     5.0464     80.651    0.00108    6.25712    6.25889      8.076    -0.0154   11.31364   3.806429 3.7167e-13    26.1537    26.1519 1.0000e-12     83.653          1       6437    1493.11 2.6906e+02  53131.823    268.178 1563970630      -0.59     -0.607   40.09616  -71.56920    34.3160  1026.5297    26.1542    10.8123 0.0000e+00
     82.000    10.7613    34.1252  1026.5098     2.1063     5.0914     81.218    0.00369    6.26874    6.27067      8.077    -0.0106   11.33297   3.796503 3.7143e-13    26.1386    26.1368 1.0000e-12     82.664          1       6458    1492.84 2.6923e+02  53095.812    269.045 1563970631      -0.24     -1.024   40.09616  -71.56920    34.2739  1026.5035    26.1323    10.7514 0.0000e+00
     81.000    10.5559    34.0254  1026.4640     2.1284     5.2250     82.804    0.00719    6.30987    6.31221      8.078    -0.0119   11.40301   3.767322 3.7695e-13    26.0969    26.0952 1.0000e-12     81.646          1       6553    1491.97 2.6529e+02  52993.662    272.993 1563970635      -0.09     -0.456   40.09614  -71.56920    34.1726  1026.4567    26.0896    10.5463 0.0000e+00
     80.000    10.3864    33.9281  1026.4134     2.1491     5.3241     83.923    0.00752    6.34407    6.34678      8.079    -0.0170   11.46077   3.741587 3.7646e-13    26.0505    26.0489 1.0000e-12     80.631          1       6620    1491.24 2.6564e+02  52888.521    275.800 1563970638      -0.06     -0.405   40.09614  -71.56920    34.0715  1026.4035    26.0406    10.3770 0.0000e+00
     79.000    10.1847    33.8145  1026.3553     2.1710     5.3953     84.947    0.00696    6.35134    6.35413 -9.990e-29    -0.0003   11.47307   3.711808 3.7745e-13    25.9965    25.9949 1.0000e-12     79.628          1       6690    1490.36 2.6495e+02  52767.500    278.717 1563970641      -0.17     -0.370   40.09613  -71.56921    33.9582  1026.3460    25.9872    10.1755 0.0000e+00
     78.000    10.1150    33.7797  1026.3356     2.1831     5.4238     85.102    0.00339    6.37329    6.37633 -9.990e-29     0.0141   11.51007   3.702366 3.8339e-13    25.9812    25.9796 1.0000e-12     78.619          1       6755    1490.05 2.6084e+02  52731.403    281.414 1563970643      -0.40     -0.639   40.09612  -71.56922    33.9277  1026.3296    25.9752    10.1060 0.0000e+00
     77.000    10.0331    33.7492  1026.3211     2.1888     5.4433     85.300    0.00269    6.38142    6.38457      8.079     0.0227   11.52363   3.691717 3.8287e-13    25.9711    25.9696 1.0000e-12     77.614          1       6806    1489.70 2.6119e+02  52703.793    283.551 1563970645       0.04     -0.574   40.09612  -71.56922    33.8962  1026.3146    25.9645    10.0243 0.0000e+00
     76.000     9.9065    33.7074  1026.3055     2.1935     5.4609     85.224    0.00018    6.40763    6.41110      8.077     0.0054   11.56758   3.676109 3.8370e-13    25.9598    25.9584 1.0000e-12     76.597          1       6901    1489.18 2.6062e+02  52669.522    287.516 1563970649      -0.44     -0.385   40.09612  -71.56922    33.8557  1026.3000    25.9543     9.8978 0.0000e+00
     75.000     9.7564    33.6725  1026.2989     2.1927     5.4997     85.177   -0.00022    6.45713    6.46120      8.074     0.0034   11.65063   3.658610 3.8815e-13    25.9575    25.9561 1.0000e-12     75.598          1       6948    1488.58 2.5765e+02  52649.850    289.447 1563970651      -0.13     -0.505   40.09611  -71.56922    33.8173  1026.2908    25.9493     9.7480 0.0000e+00
     74.000     9.4848    33.5602  1026.2517     2.1880     5.5642     84.891   -0.00148    6.55456    6.55987      8.062     0.0136   11.81366   3.619564 3.8658e-13    25.9144    25.9130 1.0000e-12     74.588          1       7014    1487.44 2.5868e+02  52547.194    292.226 1563970654      -0.48     -0.478   40.09610  -71.56922    33.6698  1026.2164    25.8790     9.4767 0.0000e+00
     73.000     8.8431    33.4151  1026.2370     2.1834     5.5555     84.615   -0.00180    6.56558    6.57104      8.049    -0.0190   11.83205   3.549776 3.8951e-13    25.9030    25.9018 1.0000e-12     73.577          1       7082    1484.88 2.5674e+02  52478.009    295.042 1563970657      -0.03     -0.374   40.09610  -71.56923    33.5479  1026.2199    25.8859     8.8354 0.0000e+00
     72.000     8.7287    33.3765  1026.2200     2.1755     5.5379     84.037   -0.00322    6.58989    6.59565      8.046    -0.0169   11.87279   3.536056 3.9227e-13    25.8904    25.8893 1.0000e-12     72.573          1       7142    1484.39 2.5493e+02  52448.383    297.531 1563970659      -0.01     -0.530   40.09608  -71.56924    33.5119  1026.2051    25.8755     8.7212 0.0000e+00
     71.000     8.6020    33.3529  1026.2166     2.1655     5.5361     83.413   -0.00442    6.63699    6.64336      8.042    -0.0029   11.95167   3.522674 3.9491e-13    25.8913    25.8902 1.0000e-12     71.561          1       7200    1483.87 2.5323e+02  52442.375    299.964 1563970662      -0.09     -0.399   40.09608  -71.56924    33.4913  1026.2040    25.8788     8.5947 0.0000e+00
     70.000     8.2936    33.2729  1026.1964     2.1583     5.5453     83.321   -0.00257    6.65537    6.66197      8.035    -0.0176   11.98244   3.487287 3.9700e-13    25.8751    25.8741 1.0000e-12     70.550          1       7285    1482.60 2.5189e+02  52398.978    303.500 1563970665      -0.15     -0.241   40.09608  -71.56926    33.4091  1026.1823    25.8611     8.2865 0.0000e+00
     69.000     8.1782    33.2137  1026.1627     2.1550     5.5483     83.296   -0.00159    6.66097    6.66764      8.031    -0.0160   11.99190   3.471456 4.0079e-13    25.8459    25.8449 1.0000e-12     69.548          1       7337    1482.08 2.4952e+02  52341.859    305.679 1563970668       0.02     -0.523   40.09608  -71.56926    33.3504  1026.1492    25.8323     8.1713 0.0000e+00
     68.000     8.1063    33.2013  1026.1591     2.1513     5.5425     83.160   -0.00120    6.66485    6.67157 -9.990e-29    -0.0081   11.99836   3.464663 4.0378e-13    25.8468    25.8458 1.0000e-12     68.538          1       7411    1481.77 2.4766e+02  52340.530    308.743 1563970671       0.04     -0.309   40.09606  -71.56926    33.3468  1026.1524    25.8400     8.0995 0.0000e+00
     67.000     8.0825    33.1916  1026.1505     2.1487     5.5407     83.133   -0.00037    6.66491    6.67162      8.025    -0.0240   11.99854   3.462047 4.0605e-13    25.8426    25.8416 1.0000e-12     67.524          1       7510    1481.65 2.4628e+02  52331.602    312.884 1563970675      -0.10     -0.228   40.09606  -71.56926    33.3419  1026.1476    25.8398     8.0758 0.0000e+00
     66.000     8.0880    33.1876  1026.1419     2.1482     5.5461     83.212    0.00027    6.66508    6.67180      8.024    -0.0156   11.99883   3.462339 4.1249e-13    25.8387    25.8377 1.0000e-12     66.536          1       7597    1481.65 2.4245e+02  52324.113    316.502 1563970678      -0.38     -0.591   40.09605  -71.56926    33.3403  1026.1410    25.8377     8.0814 0.0000e+00
     65.000     8.0378    33.1661  1026.1279     2.1447     5.5520     83.003   -0.00004    6.68896    6.69599      8.019    -0.0260   12.03878   3.455846 4.4569e-13    25.8293    25.8283 1.0000e-12     65.530          1       8489    1481.42 2.2378e+02  52305.526    353.675 1563970716      -0.11     -0.787   40.09596  -71.56929    33.3189  1026.1271    25.8283     8.0314 0.0000e+00
     64.000     7.8697    33.1276  1026.1178     2.1403     5.5604     82.596   -0.00146    6.73214    6.73973 -9.990e-29    -0.0225   12.11111   3.436548 4.5773e-13    25.8233    25.8224 1.0000e-12     64.495          1       8900    1480.72 2.1854e+02  52289.311    370.808 1563970733      -0.21     -0.174   40.09592  -71.56930    33.2724  1026.1107    25.8163     7.8635 0.0000e+00
     63.000     7.7554    33.0973  1026.1060     2.1395     5.5629     82.644   -0.00086    6.73119    6.73877 -9.990e-29    -0.0061   12.10945   3.423661 4.5936e-13    25.8160    25.8152 1.0000e-12     63.499          1       8904    1480.23 2.1770e+02  52274.400    370.954 1563970733      -0.26     -0.674   40.09591  -71.56930    33.2431  1026.0997    25.8097     7.7494 0.0000e+00
     62.000     7.6912    33.0722  1026.0909     2.1386     5.5671     82.621   -0.00062    6.73812    6.74578      8.010    -0.0165   12.12112   3.415943 4.5775e-13    25.8053    25.8045 1.0000e-12     62.485          1       8969    1479.93 2.1846e+02  52253.200    373.679 1563970736      -0.11     -0.351   40.09590  -71.56930    33.2216  1026.0875    25.8020     7.6853 0.0000e+00
     61.000     7.6691    33.0644  1026.0833     2.1387     5.5782     82.686   -0.00026    6.74630    6.75405      8.008 -9.990e-29   12.13501   3.413177 4.5618e-13    25.8024    25.8016 1.0000e-12     61.476          1       9011    1479.82 2.1922e+02  52247.280    375.415 1563970737      -0.72     -0.627   40.09590  -71.56930    33.2133  1026.0796    25.7987     7.6632 0.0000e+00
     60.000     7.6312    33.0483  1026.0715     2.1394     5.5942     82.855    0.00063    6.75177    6.75961      8.009    -0.0157   12.14406   3.408227 4.5958e-13    25.7951    25.7942 1.0000e-12     60.487          1       9042    1479.64 2.1761e+02  52232.828    376.715 1563970739      -0.21     -0.916   40.09589  -71.56930    33.1964  1026.0672    25.7908     7.6255 0.0000e+00
     59.000     7.5264    32.9941  1026.0392     2.1461     5.6523     83.557    0.00313    6.76457    6.77253      8.011    -0.0176   12.16600   3.393750 4.5845e-13    25.7673    25.7665 1.0000e-12     59.470          1       9137    1479.16 2.1814e+02  52181.251    380.685 1563970743      -0.17     -0.511   40.09588  -71.56930    33.1401  1026.0334    25.7614     7.5209 0.0000e+00
     58.000     7.4879    32.9591  1026.0126     2.1620     5.7365     84.785    0.00611    6.76593    6.77388 -9.990e-29     0.0173   12.16850   3.387604 4.6334e-13    25.7451    25.7444 1.0000e-12     58.458          1       9207    1478.95 2.1583e+02  52140.389    383.570 1563970745       0.03     -0.369   40.09587  -71.56930    33.1107  1026.0112    25.7438     7.4825 0.0000e+00
     57.000     7.4844    32.9397  1025.9932     2.1809     5.7869     85.633    0.00557    6.75772    6.76554 -9.990e-29     0.0066   12.15506   3.385712 4.6327e-13    25.7304    25.7296 1.0000e-12     57.437          1       9285    1478.90 2.1586e+02  52113.079    386.847 1563970749      -0.11     -0.225   40.09586  -71.56930    33.0940  1025.9940    25.7312     7.4791 0.0000e+00
     56.000     7.5224    32.9264  1025.9727     2.1903     5.8114     85.983    0.00479    6.75873    6.76654      8.018     0.0300   12.15692   3.387718 4.6070e-13    25.7145    25.7138 1.0000e-12     56.453          1       9344    1479.01 2.1706e+02  52083.627    389.296 1563970751      -0.47     -0.585   40.09586  -71.56930    33.0800  1025.9732    25.7150     7.5171 0.0000e+00
     55.000     7.5161    32.9023  1025.9501     2.2022     5.8404     86.435    0.00396    6.75693    6.76468      8.021     0.0353   12.15435   3.385098 4.6617e-13    25.6965    25.6958 1.0000e-12     55.436          1       9430    1478.94 2.1453e+02  52050.292    392.864 1563970755       0.09     -0.570   40.09584  -71.56930    33.0581  1025.9523    25.6987     7.5109 0.0000e+00
     54.000     7.5745    32.8864  1025.9247     2.2115     5.8665     86.812    0.00335    6.75764    6.76539      8.022     0.0268   12.15566   3.388618 4.6423e-13    25.6758    25.6751 1.0000e-12     54.426          1       9497    1479.12 2.1522e+02  52012.418    395.661 1563970758      -0.16     -0.383   40.09584  -71.56930    33.0412  1025.9262    25.6773     7.5694 0.0000e+00
     53.000     7.5289    32.8538  1025.9009     2.2181     5.8730     86.818    0.00117    6.76472    6.77255      8.020     0.0298   12.16759   3.381469 4.6411e-13    25.6565    25.6558 1.0000e-12     53.411          1       9588    1478.89 2.1525e+02  51976.413    399.472 1563970761      -0.99     -0.454   40.09582  -71.56930    33.0075  1025.9017    25.6573     7.5239 0.0000e+00
     52.000     7.5589    32.8579  1025.8952     2.2190     5.8677     86.796    0.00079    6.76038    6.76815      8.020     0.0526   12.16041   3.384996 4.6547e-13    25.6555    25.6549 1.0000e-12     52.427          1       9621    1478.99 2.1483e+02  51974.424    400.818 1563970763      -0.47     -0.976   40.09582  -71.56930    33.0177  1025.9008    25.6610     7.5540 0.0000e+00
     51.000     7.6241    32.8523  1025.8769     2.2220     5.8732     86.994    0.00131    6.75127    6.75888      8.022     0.0657   12.14550   3.390103 4.6424e-13    25.6419    25.6412 1.0000e-12     51.421          1       9721    1479.22 2.1541e+02  51949.401    405.017 1563970767      -0.47     -0.786   40.09581  -71.56930    33.0115  1025.8821    25.6470     7.6193 0.0000e+00
     50.000     7.6331    32.8350  1025.8575     2.2275     5.8820     87.167    0.00080    6.74799    6.75555      8.022     0.0815   12.14014   3.389031 4.6613e-13    25.6271    25.6264 1.0000e-12     50.378          1       9881    1479.22 2.1455e+02  51921.956    411.656 1563970773      -0.68     -0.045   40.09578  -71.56932    32.9918  1025.8607    25.6304     7.6284 0.0000e+00
     49.000     7.6403    32.8350  1025.8519     2.2279     5.8830     87.180    0.00068    6.74812    6.75568 -9.990e-29     0.0849   12.14036   3.389604 4.6991e-13    25.6260    25.6254 1.0000e-12     49.402          1       9891    1479.23 2.1281e+02  51919.482    412.082 1563970774      -0.73     -0.893   40.09578  -71.56932    32.9916  1025.8551    25.6292     7.6357 0.0000e+00
     48.000     7.6278    32.8244  1025.8407     2.2294     5.8817     87.113   -0.00009    6.75177    6.75937      8.021     0.0890   12.14660   3.387293 4.3905e-13    25.6194    25.6188 1.0000e-12     48.384          1      10883    1479.15 2.2809e+02  51906.793    453.415 1563970815      -0.02     -0.568   40.09566  -71.56934    32.9790  1025.8423    25.6210     7.6233 0.0000e+00
     47.000     7.6074    32.8158  1025.8322     2.2291     5.8755     87.041   -0.00025    6.75028    6.75785      8.021     0.0955   12.14419   3.384705 2.0453e-03    25.6156    25.6149 4.7659e-03     47.351          1      11203    1479.05 2.3295e+02  51898.958    466.750 1563970829      -0.33     -0.282   40.09562  -71.56934    32.9708  1025.8341    25.6175     7.6030 0.0000e+00
