CalculateIndicators/WaterTemperature/Data/CTD_NYOS/NYOS1910_C06.cnv
* Sea-Bird SBE 9 Data File:
* FileName = C:\Seabird 9 CTD\Data\2019\201910_offhore\NYOS1910_C06.hex
* Software Version Seasave V 7.23.2
* Temperature SN = 4590
* Conductivity SN = 3228
* Number of Bytes Per Scan = 44
* Number of Voltage Words = 5
* Number of Scans Averaged by the Deck Unit = 1
* NMEA Latitude = 39 41.74 N
* NMEA Longitude = 071 45.79 W
* NMEA UTC (Time) = Oct 06 2019  19:11:59
* NMEA baud rate = 4800
** Ship: seawolf
** Station: 2.5
** Operator: EIH
# nquan = 35
# nvalues = 594                         
# units = specified
# name 0 = depSM: Depth [salt water, m]
# name 1 = t090C: Temperature [ITS-90, deg C]
# name 2 = sal00: Salinity, Practical [PSU]
# name 3 = density00: Density [density, kg/m^3]
# name 4 = sbeox0V: Oxygen raw, SBE 43 [V]
# name 5 = sbeox0ML/L: Oxygen, SBE 43 [ml/l]
# name 6 = sbeox0PS: Oxygen, SBE 43 [% saturation]
# name 7 = sbox0dV/dT: Oxygen, SBE 43 [dov/dt]
# name 8 = oxsolML/L: Oxygen Saturation, Garcia & Gordon [ml/l]
# name 9 = oxsatML/L: Oxygen Saturation, Weiss [ml/l]
# name 10 = ph: pH
# name 11 = flECO-AFL: Fluorescence, WET Labs ECO-AFL/FL [mg/m^3]
# name 12 = n2satML/L: Nitrogen Saturation [ml/l]
# name 13 = c0S/m: Conductivity [S/m]
# name 14 = cpar: CPAR/Corrected Irradiance [%]
# name 15 = sigma-é00: Density [sigma-theta, kg/m^3]
# name 16 = sigma-t00: Density [sigma-t, kg/m^3 ]
# name 17 = par: PAR/Irradiance, Biospherical/Licor
# name 18 = prDM: Pressure, Digiquartz [db]
# name 19 = pumps: Pump Status
# name 20 = scan: Scan Count
# name 21 = svCM: Sound Velocity [Chen-Millero, m/s]
# name 22 = spar: SPAR, Biospherical/Licor
# name 23 = specc: Specific Conductance [uS/cm]
# name 24 = timeS: Time, Elapsed [seconds]
# name 25 = timeY: Time, System [seconds]
# name 26 = accM: Acceleration [m/s^2]
# name 27 = dz/dtM: Descent Rate [m/s]
# name 28 = latitude: Latitude [deg]
# name 29 = longitude: Longitude [deg]
# name 30 = gsw_saA0: Absolute Salinity [g/kg]
# name 31 = gsw_densityA0: density, TEOS-10 [density, kg/m^3]
# name 32 = gsw_sigma0A0: density, TEOS-10 [sigma-0, kg/m^3 ]
# name 33 = gsw_ptA0: potential temperature [ITS-90, deg C]
# name 34 = flag: flag
# span 0 =      2.000,    300.000       
# span 1 =    12.0247,    23.0778       
# span 2 =    35.5376,    36.3534       
# span 3 =  1024.6261,  1028.3543       
# span 4 =     1.5140,     2.4930       
# span 5 =     3.1597,     4.7507       
# span 6 =     52.427,     97.471       
# span 7 =   -0.02518,    0.02415       
# span 8 =    4.87048,    6.02746       
# span 9 =    4.85920,    6.02731       
# span 10 =      8.025,      8.322      
# span 11 =    -0.0757,     0.4339      
# span 12 =    8.99531,   10.91723      
# span 13 =   4.070886,   5.235035      
# span 14 = 4.7846e-14, 7.8827e+01      
# span 15 =    24.6166,    27.0097      
# span 16 =    24.6159,    27.0020      
# span 17 = 1.0000e-12, 6.3558e+02      
# span 18 =      2.114,    302.523      
# span 19 =          1,          1      
# span 20 =        452,      54872      
# span 21 =    1502.55,    1531.71      
# span 22 = 4.5518e+02, 2.0787e+03      
# span 23 =  54349.508,  55257.825      
# span 24 =     18.772,   2286.295      
# span 25 = 1570389139, 1570391406      
# span 26 =      -1.08,       1.03      
# span 27 =     -1.214,      1.080      
# span 28 =   39.69586,   39.70541      
# span 29 =  -71.76424,  -71.76324      
# span 30 =    16.4942,    36.5408      
# span 31 =  1009.9214,  1028.3593      
# span 32 =     9.9120,    27.0148      
# span 33 =    11.9848,    23.0656      
# span 34 = 0.0000e+00, 0.0000e+00      
# interval = meters: 1                  
# start_time = Oct 06 2019 19:12:00 [System UTC, first data scan.]
# bad_flag = -9.990e-29
*END*
[from data line 83]
     88.000    19.0228    35.9926  1026.1619     2.0414     4.0136     76.519    0.00023    5.24522    5.23647      8.217     0.0608    9.61686   4.813927 2.1161e-02    25.7783    25.7742 4.1292e-01     88.692          1       5702    1521.33 1.9514e+03  54683.866    237.525 1570389357      -0.02      0.468   39.69683  -71.76340    36.1529  1026.1587    25.7751    19.0070 0.0000e+00
     89.000    18.9625    35.9877  1026.1781     2.0379     4.0130     76.221   -0.00158    5.26493    5.25634      8.216     0.0580    9.64974   4.807350 2.0010e-02    25.7901    25.7860 3.9022e-01     89.705          1       5782    1521.17 1.9500e+03  54681.936    240.868 1570389361       0.11      0.395   39.69684  -71.76340    36.1497  1026.1763    25.7882    18.9464 0.0000e+00
     90.000    18.8192    35.9763  1026.2106     2.0155     3.9580     74.424   -0.01017    5.31797    5.30987      8.209     0.0294    9.73752   4.790191 1.8474e-02    25.8180    25.8139 3.5837e-01     90.718          1       5848    1520.77 1.9400e+03  54676.844    243.631 1570389363      -0.08      0.321   39.69686  -71.76340    36.1293  1026.2020    25.8094    18.8031 0.0000e+00
     91.000    18.3923    35.9657  1026.3155     2.0010     3.9137     73.708   -0.01009    5.30980    5.30163      8.209     0.0387    9.72402   4.743572 1.6317e-02    25.9179    25.9139 3.1718e-01     91.712          1       5880    1519.55 1.9440e+03  54693.652    244.977 1570389365       0.45      0.675   39.69686  -71.76340    36.1067  1026.2978    25.9002    18.3763 0.0000e+00
     92.000    18.2705    35.9853  1026.3658     1.9897     3.9183     73.697   -0.00411    5.31684    5.30873      8.205     0.0313    9.73565   4.735466 1.5275e-02    25.9636    25.9595 2.9437e-01     92.726          1       5959    1519.24 1.9266e+03  54729.839    248.265 1570389368       0.58      0.506   39.69687  -71.76340    36.1442  1026.3616    25.9594    18.2544 0.0000e+00
     93.000    18.2473    35.9826  1026.3739     1.9855     3.9093     73.514   -0.00388    5.31777    5.30968      8.204     0.0380    9.73720   4.732626 1.3572e-02    25.9674    25.9633 2.6107e-01     93.721          1       5995    1519.18 1.9234e+03  54728.403    249.748 1570389370       0.53      1.012   39.69689  -71.76340    36.1400  1026.3686    25.9621    18.2310 0.0000e+00
     94.000    18.1914    35.9866  1026.3954     1.9806     3.9029     73.401   -0.00249    5.31719    5.30909      8.203     0.0320    9.73605   4.727965 1.3352e-02    25.9844    25.9803 2.5961e-01     94.746          1       6078    1519.04 1.9439e+03  54738.498    253.198 1570389373       0.07      0.670   39.69691  -71.76341    36.1490  1026.3940    25.9829    18.1749 0.0000e+00
     95.000    18.1918    36.0047  1026.4136     1.9738     3.8750     72.854   -0.00502    5.31886    5.31079      8.200     0.0239    9.73872   4.730751 1.0929e-02    25.9982    25.9941 2.1076e-01     95.739          1       6134    1519.08 1.9285e+03  54763.654    255.522 1570389375       0.88      1.012   39.69692  -71.76342    36.1721  1026.4158    26.0005    18.1752 0.0000e+00
     96.000    18.1994    36.0263  1026.4327     1.9670     3.8555     72.552   -0.00465    5.31417    5.30607      8.200     0.0285    9.73067   4.734422 1.1402e-02    26.0130    26.0088 2.1207e-01     96.745          1       6186    1519.14 1.8712e+03  54792.840    257.729 1570389378       0.16      1.018   39.69693  -71.76342    36.1966  1026.4370    26.0173    18.1825 0.0000e+00
     97.000    18.2552    36.0636  1026.4516     1.9547     3.8046     71.706   -0.00743    5.30578    5.29761 -9.990e-29     0.0310    9.71627   4.745319 1.1748e-02    26.0276    26.0233 1.9557e-01     97.757          1       6261    1519.36 1.6989e+03  54839.550    260.834 1570389381       0.32      0.959   39.69694  -71.76342    36.2403  1026.4606    26.0367    18.2382 0.0000e+00
     98.000    18.3009    36.1077  1026.4782     1.9361     3.7774     70.880   -0.00675    5.32933    5.32140      8.192     0.0209    9.75497   4.754553 1.1454e-02    26.0500    26.0456 1.9098e-01     98.776          1       6351    1519.56 1.6792e+03  54896.394    264.574 1570389384       0.17      0.372   39.69696  -71.76342    36.2786  1026.4827    26.0545    18.2837 0.0000e+00
     99.000    18.1797    36.1199  1026.5225     1.9252     3.7543     70.399   -0.00617    5.33293    5.32504      8.192     0.0052    9.76093   4.742087 9.0545e-03    26.0896    26.0853 1.6921e-01     99.785          1       6396    1519.24 1.8776e+03  54922.551    266.473 1570389386       0.18      0.612   39.69696  -71.76342    36.2786  1026.5176    26.0848    18.1624 0.0000e+00
    100.000    17.9814    36.1148  1026.5727     1.9212     3.7798     70.688   -0.00099    5.34715    5.33939      8.190     0.0147    9.78467   4.721080 1.2069e-02    26.1352    26.1309 1.5997e-01    100.791          1       6463    1518.68 1.3468e+03  54931.774    269.237 1570389389       0.39      0.433   39.69697  -71.76343    36.2735  1026.5679    26.1304    17.9640 0.0000e+00
    101.000    17.8737    36.1066  1026.5977     1.9235     3.8056     71.100    0.00217    5.35247    5.34476      8.189     0.0112    9.79347   4.709173 8.6979e-03    26.1556    26.1513 1.3783e-01    101.787          1       6508    1518.37 1.6261e+03  54929.959    271.109 1570389391       0.48      0.841   39.69698  -71.76344    36.2661  1026.5934    26.1513    17.8562 0.0000e+00
    102.000    17.8009    36.1069  1026.6203     1.9231     3.8001     70.920    0.00021    5.35825    5.35059      8.188     0.0101    9.80306   4.702300 7.1251e-03    26.1738    26.1694 1.3313e-01    102.803          1       6601    1518.17 1.8793e+03  54936.530    275.019 1570389395       0.20      0.470   39.69700  -71.76344    36.2711  1026.6197    26.1732    17.7833 0.0000e+00
    103.000    17.7593    36.1057  1026.6341     1.9180     3.7831     70.468   -0.00223    5.36853    5.36098      8.188    -0.0179    9.82003   4.698262 8.2091e-03    26.1831    26.1788 1.2769e-01    103.826          1       6710    1518.07 1.7107e+03  54938.785    279.539 1570389399       0.21      0.163   39.69701  -71.76344    36.2728  1026.6358    26.1847    17.7416 0.0000e+00
    104.000    17.7093    36.1107  1026.6548     1.9181     3.7925     70.639   -0.00048    5.36887    5.36133      8.188     0.0020    9.82051   4.693590 1.9268e-02    26.1993    26.1949 1.1543e-01    104.823          1       6746    1517.94 6.8101e+02  54950.218    281.058 1570389401      -0.03      0.520   39.69702  -71.76344    36.2765  1026.6554    26.1999    17.6914 0.0000e+00
    105.000    17.6611    36.1220  1026.6798     1.9171     3.7926     70.630   -0.00019    5.36968    5.36215      8.186     0.0074    9.82175   4.690240 1.8711e-02    26.2199    26.2155 1.0600e-01    105.838          1       6818    1517.83 5.6600e+02  54970.124    284.060 1570389404       0.06      0.279   39.69704  -71.76345    36.2901  1026.6821    26.2222    17.6430 0.0000e+00
    106.000    17.6535    36.1316  1026.6935     1.9171     3.7958     70.664    0.00009    5.37152    5.36401      8.186    -0.0049    9.82471   4.690720 1.5976e-02    26.2292    26.2247 9.7659e-02    106.844          1       6887    1517.84 6.2095e+02  54984.310    286.930 1570389407      -0.06      0.316   39.69704  -71.76346    36.3007  1026.6965    26.2322    17.6353 0.0000e+00
    107.000    17.6477    36.1410  1026.7065     1.9164     3.7921     70.567   -0.00068    5.37375    5.36626      8.184    -0.0129    9.82838   4.691220 1.5019e-02    26.2378    26.2333 8.3788e-02    107.853          1       6945    1517.85 5.5774e+02  54998.004    289.316 1570389409       0.33      0.475   39.69706  -71.76346    36.3098  1026.7093    26.2406    17.6293 0.0000e+00
    108.000    17.6101    36.1448  1026.7231     1.9147     3.7838     70.461   -0.00100    5.37008    5.36257      8.184    -0.0260    9.82201   4.687754 9.7123e-03    26.2500    26.2454 7.6923e-02    108.858          1       7009    1517.76 1.0732e+03  55006.908    292.000 1570389412       0.16      0.463   39.69707  -71.76346    36.3129  1026.7253    26.2521    17.5916 0.0000e+00
    109.000    17.5538    36.1564  1026.7503     1.9189     3.8073     70.967    0.00216    5.36478    5.35723      8.185    -0.0227    9.81283   4.683749 7.4139e-03    26.2727    26.2681 6.4607e-02    109.864          1       7074    1517.62 1.0218e+03  55027.854    294.699 1570389415       0.53      0.629   39.69708  -71.76346    36.3281  1026.7552    26.2776    17.5352 0.0000e+00
    110.000    17.6593    36.2052  1026.7661     1.9305     3.8525     71.866    0.00573    5.36071    5.35314      8.188    -0.0260    9.80587   4.700707 1.0955e-02    26.2843    26.2797 6.1027e-02    110.874          1       7122    1518.01 5.5675e+02  55085.518    296.714 1570389417      -0.21      0.531   39.69708  -71.76346    36.3807  1026.7737    26.2920    17.6404 0.0000e+00
    111.000    17.7119    36.2344  1026.7799     1.9459     3.8846     72.549    0.00478    5.35446    5.34684      8.192    -0.0244    9.79512   4.709481 7.7492e-03    26.2939    26.2892 5.5776e-02    111.883          1       7202    1518.21 8.0786e+02  55121.492    300.028 1570389420       0.06      0.274   39.69710  -71.76346    36.4094  1026.7869    26.3009    17.6928 0.0000e+00
    112.000    17.7507    36.2610  1026.7950     1.9587     3.8975     73.094    0.00393    5.33211    5.32431      8.192    -0.0333    9.75723   4.716644 2.4986e-03    26.3047    26.3000 4.8003e-02    112.894          1       7279    1518.37 1.8582e+03  55154.701    303.232 1570389423       0.09      0.383   39.69711  -71.76346    36.4364  1026.8024    26.3121    17.7313 0.0000e+00
    113.000    17.8970    36.3304  1026.8162     1.9637     3.9070     73.221    0.00248    5.33588    5.32811      8.196    -0.0418    9.76357   4.740773 6.8625e-03    26.3219    26.3170 4.1146e-02    113.899          1       7329    1518.89 6.5656e+02  55237.298    305.314 1570389425      -0.03      0.475   39.69712  -71.76347    36.5139  1026.8294    26.3351    17.8774 0.0000e+00
    114.000    17.9279    36.3391  1026.8196     1.9571     3.8610     72.317   -0.00398    5.33907    5.33133      8.196    -0.0345    9.76898   4.743776 3.6095e-03    26.3210    26.3161 3.5287e-02    114.908          1       7390    1519.01 1.3383e+03  55246.999    307.870 1570389428       0.17      0.370   39.69713  -71.76348    36.5119  1026.8246    26.3259    17.9081 0.0000e+00
    115.000    17.8162    36.3118  1026.8310     1.9370     3.7940     70.822   -0.00977    5.35709    5.34952 -9.990e-29    -0.0450    9.79900   4.728128 1.6310e-03    26.3277    26.3228 2.9185e-02    115.911          1       7475    1518.67 1.8626e+03  55219.870    311.428 1570389431       0.46      0.489   39.69715  -71.76348    36.4761  1026.8295    26.3263    17.7963 0.0000e+00
    116.000    17.7199    36.3120  1026.8594     1.9351     3.8388     71.631    0.00005    5.35911    5.35157 -9.990e-29    -0.0441    9.80233   4.718870 1.2319e-03    26.3516    26.3467 2.2117e-02    116.928          1       7530    1518.41 1.8115e+03  55228.491    313.716 1570389434      -0.19      0.470   39.69716  -71.76348    36.4818  1026.8623    26.3545    17.6999 0.0000e+00
    117.000    17.7048    36.3248  1026.8774     1.9456     3.8906     72.522    0.00390    5.36468    5.35719      8.194    -0.0572    9.81157   4.719225 1.0130e-03    26.3652    26.3603 1.9631e-02    117.932          1       7611    1518.39 1.9362e+03  55247.642    317.070 1570389437       0.27      0.306   39.69717  -71.76348    36.4980  1026.8828    26.3706    17.6846 0.0000e+00
    118.000    17.6662    36.3212  1026.8886     1.9433     3.8653     71.907   -0.00175    5.37546    5.36807      8.193    -0.0475    9.82967   4.714082 7.3874e-04    26.3719    26.3669 1.4337e-02    118.938          1       7679    1518.29 1.9414e+03  55246.422    319.934 1570389440      -0.03      0.431   39.69719  -71.76348    36.4876  1026.8888    26.3721    17.6459 0.0000e+00
    119.000    17.5200    36.2881  1026.9037     1.9233     3.7983     70.468   -0.00679    5.39006    5.38279      8.185    -0.0425    9.85413   4.694924 4.0161e-04    26.3824    26.3774 7.7745e-03    119.967          1       7777    1517.84 1.9389e+03  55214.572    324.005 1570389444       0.24      0.114   39.69720  -71.76348    36.4519  1026.9022    26.3808    17.4997 0.0000e+00
    120.000    17.4520    36.2706  1026.9115     1.9202     3.7953     70.492   -0.00478    5.38406    5.37674      8.186    -0.0543    9.84407   4.685864 7.7129e-05    26.3856    26.3806 1.4997e-03    120.945          1       7805    1517.64 1.9394e+03  55197.216    325.149 1570389445       0.38      0.739   39.69721  -71.76348    36.4337  1026.9093    26.3835    17.4315 0.0000e+00
    121.000    17.4070    36.2597  1026.9186     1.9050     3.7506     69.529   -0.00729    5.39422    5.38699      8.180    -0.0553    9.86115   4.680221 1.2412e-06    26.3882    26.3832 2.4168e-05    121.960          1       7913    1517.51 1.9040e+03  55186.882    329.672 1570389450       0.42      0.962   39.69724  -71.76348    36.4245  1026.9178    26.3874    17.3864 0.0000e+00
    122.000    17.3550    36.2454  1026.9248     1.8947     3.7257     69.033   -0.00715    5.39699    5.38979      8.179    -0.0475    9.86583   4.673134 6.3299e-06    26.3899    26.3849 8.8592e-05    122.961          1       7965    1517.36 1.9180e+03  55172.385    331.853 1570389452       0.11      0.837   39.69725  -71.76348    36.4090  1026.9230    26.3882    17.3343 0.0000e+00
    123.000    17.2659    36.2216  1026.9327     1.8712     3.6612     67.658   -0.00957    5.41138    5.40431      8.174    -0.0440    9.89000   4.660851 3.1712e-07    26.3933    26.3882 4.4383e-06    123.968          1       8064    1517.08 1.9007e+03  55148.554    335.950 1570389456       0.42      0.765   39.69726  -71.76348    36.3813  1026.9281    26.3887    17.2451 0.0000e+00
    124.000    17.0940    36.1908  1026.9553     1.8444     3.6086     66.465   -0.00837    5.42941    5.42250      8.168    -0.0419    9.92017   4.639933 5.1048e-14    26.4110    26.4060 1.0000e-12    124.986          1       8159    1516.55 1.9539e+03  55122.592    339.918 1570389460       0.00      0.569   39.69728  -71.76350    36.3523  1026.9522    26.4080    17.0732 0.0000e+00
    125.000    17.0318    36.1826  1026.9685     1.8303     3.6063     66.291   -0.00302    5.44000    5.43320      8.164    -0.0355    9.93794   4.633242 5.0985e-14    26.4198    26.4147 1.0000e-12    126.002          1       8239    1516.37 1.9614e+03  55117.688    343.256 1570389463       0.02      0.312   39.69730  -71.76350    36.3492  1026.9695    26.4207    17.0108 0.0000e+00
    126.000    17.0128    36.1753  1026.9719     1.8219     3.5799     65.759   -0.00427    5.44403    5.43726      8.160    -0.0413    9.94464   4.630076 5.0985e-14    26.4188    26.4137 1.0000e-12    127.009          1       8294    1516.33 1.9614e+03  55110.098    345.538 1570389465       0.26      0.433   39.69731  -71.76349    36.3381  1026.9700    26.4168    16.9917 0.0000e+00
    127.000    16.8837    36.1521  1026.9897     1.8119     3.5604     65.301   -0.00404    5.45228    5.44559      8.156    -0.0381    9.95845   4.614195 5.1078e-14    26.4318    26.4268 1.0000e-12    128.014          1       8376    1515.93 1.9580e+03  55090.917    348.950 1570389469       0.40      0.455   39.69733  -71.76348    36.3144  1026.9874    26.4296    16.8625 0.0000e+00
    128.000    16.8416    36.1495  1027.0023     1.8056     3.5468     65.015   -0.00378    5.45535    5.44870      8.155    -0.0283    9.96358   4.609926 5.1015e-14    26.4399    26.4348 1.0000e-12    129.015          1       8424    1515.81 1.9602e+03  55091.929    350.944 1570389471       0.25      0.830   39.69734  -71.76348    36.3144  1027.0019    26.4396    16.8203 0.0000e+00
