CalculateIndicators/WaterTemperature/Data/CTD_NYOS/NYOS1910_C05.cnv
* Sea-Bird SBE 9 Data File:
* FileName = C:\Seabird 9 CTD\Data\2019\201910_offhore\NYOS1910_C05.hex
* Software Version Seasave V 7.23.2
* Temperature SN = 4590
* Conductivity SN = 3228
* Number of Bytes Per Scan = 44
* Number of Voltage Words = 5
* Number of Scans Averaged by the Deck Unit = 1
* NMEA Latitude = 39 48.08 N
* NMEA Longitude = 071 28.03 W
* NMEA UTC (Time) = Oct 06 2019  15:59:25
* NMEA baud rate = 4800
** Ship: seawolf
** Station: 1.5
** Operator: EIH
# nquan = 35
# nvalues = 599                         
# units = specified
# name 0 = depSM: Depth [salt water, m]
# name 1 = t090C: Temperature [ITS-90, deg C]
# name 2 = sal00: Salinity, Practical [PSU]
# name 3 = density00: Density [density, kg/m^3]
# name 4 = sbeox0V: Oxygen raw, SBE 43 [V]
# name 5 = sbeox0ML/L: Oxygen, SBE 43 [ml/l]
# name 6 = sbeox0PS: Oxygen, SBE 43 [% saturation]
# name 7 = sbox0dV/dT: Oxygen, SBE 43 [dov/dt]
# name 8 = oxsolML/L: Oxygen Saturation, Garcia & Gordon [ml/l]
# name 9 = oxsatML/L: Oxygen Saturation, Weiss [ml/l]
# name 10 = ph: pH
# name 11 = flECO-AFL: Fluorescence, WET Labs ECO-AFL/FL [mg/m^3]
# name 12 = n2satML/L: Nitrogen Saturation [ml/l]
# name 13 = c0S/m: Conductivity [S/m]
# name 14 = cpar: CPAR/Corrected Irradiance [%]
# name 15 = sigma-é00: Density [sigma-theta, kg/m^3]
# name 16 = sigma-t00: Density [sigma-t, kg/m^3 ]
# name 17 = par: PAR/Irradiance, Biospherical/Licor
# name 18 = prDM: Pressure, Digiquartz [db]
# name 19 = pumps: Pump Status
# name 20 = scan: Scan Count
# name 21 = svCM: Sound Velocity [Chen-Millero, m/s]
# name 22 = spar: SPAR, Biospherical/Licor
# name 23 = specc: Specific Conductance [uS/cm]
# name 24 = timeS: Time, Elapsed [seconds]
# name 25 = timeY: Time, System [seconds]
# name 26 = accM: Acceleration [m/s^2]
# name 27 = dz/dtM: Descent Rate [m/s]
# name 28 = latitude: Latitude [deg]
# name 29 = longitude: Longitude [deg]
# name 30 = gsw_saA0: Absolute Salinity [g/kg]
# name 31 = gsw_densityA0: density, TEOS-10 [density, kg/m^3]
# name 32 = gsw_sigma0A0: density, TEOS-10 [sigma-0, kg/m^3 ]
# name 33 = gsw_ptA0: potential temperature [ITS-90, deg C]
# name 34 = flag: flag
# span 0 =      1.000,    300.000       
# span 1 =    12.0050,    23.1110       
# span 2 =    35.1958,    36.2345       
# span 3 =  1024.6835,  1028.3578       
# span 4 =     1.5212,     2.4826       
# span 5 =     3.1800,     5.0869       
# span 6 =     52.746,     96.746       
# span 7 =   -0.02692,    0.01879       
# span 8 =    4.86581,    6.03020       
# span 9 =    4.85452,    6.03009       
# span 10 =      8.030,      8.326      
# span 11 =    -0.0632,     0.4257      
# span 12 =    8.98695,   10.92178      
# span 13 =   4.068899,   5.244589      
# span 14 = -3.268e-09, 7.9860e+01      
# span 15 =    24.6792,    27.0130      
# span 16 =    24.6787,    27.0054      
# span 17 = -6.817e-08, 1.6542e+03      
# span 18 =      0.997,    302.524      
# span 19 =          1,          1      
# span 20 =        274,      45987      
# span 21 =    1502.47,    1531.73      
# span 22 = 8.2519e+02, 2.1992e+03      
# span 23 =  53615.966,  55121.595      
# span 24 =     11.384,   1916.075      
# span 25 = 1570377577, 1570379482      
# span 26 =      -1.00,       0.89      
# span 27 =     -1.121,      1.147      
# span 28 =   39.80137,   39.80953      
# span 29 =  -71.47191,  -71.46729      
# span 30 =    35.2829,    36.4042      
# span 31 =  1024.6869,  1028.3626      
# span 32 =    24.6827,    27.0180      
# span 33 =    11.9652,    23.1103      
# span 34 = 0.0000e+00, 0.0000e+00      
# interval = meters: 1                  
# start_time = Oct 06 2019 15:59:26 [System UTC, first data scan.]
# bad_flag = -9.990e-29
*END*
[from data line 332]
    267.000    12.9811    35.6731  1028.1176     1.5888     3.3116     56.145    0.00200    5.89819    5.89644      8.054    -0.0500   10.70182   4.178076 4.7773e-14    26.9260    26.9184 1.0000e-12    269.239          1      18316    1505.38 2.0933e+03  54985.663    763.125 1570378329      -0.04     -0.689   39.80448  -71.46914    35.8524  1028.1296    26.9380    12.9438 0.0000e+00
    266.000    13.0364    35.6793  1028.1065     1.5912     3.3070     56.092    0.00066    5.89567    5.89390      8.057    -0.0450   10.69762   4.183712 4.7600e-14    26.9196    26.9121 1.0000e-12    268.220          1      18390    1505.55 2.1008e+03  54985.227    766.207 1570378332       0.10     -0.277   39.80449  -71.46914    35.8546  1028.1154    26.9286    12.9991 0.0000e+00
    265.000    13.0448    35.6821  1028.1024     1.5936     3.3164     56.265    0.00113    5.89427    5.89247      8.059    -0.0450   10.69528   4.184743 4.7687e-14    26.9200    26.9125 1.0000e-12    267.208          1      18447    1505.57 2.0970e+03  54987.144    768.599 1570378334      -0.45     -0.395   39.80450  -71.46916    35.8570  1028.1110    26.9287    13.0076 0.0000e+00
    264.000    13.0595    35.6836  1028.0961     1.5947     3.3145     56.276    0.00088    5.88979    5.88794      8.058    -0.0444   10.68777   4.186222 4.7647e-14    26.9182    26.9107 1.0000e-12    266.205          1      18492    1505.60 2.0988e+03  54986.401    770.466 1570378336      -0.17     -0.507   39.80451  -71.46916    35.8578  1028.1041    26.9263    13.0224 0.0000e+00
    263.000    13.0738    35.6880  1028.0920     1.5982     3.3321     56.623    0.00234    5.88475    5.88284      8.058    -0.0506   10.67941   4.188180 4.7547e-14    26.9187    26.9112 1.0000e-12    265.186          1      18537    1505.64 2.1032e+03  54989.753    772.348 1570378338      -0.97     -0.459   39.80452  -71.46916    35.8634  1028.1010    26.9277    13.0368 0.0000e+00
    262.000    13.0991    35.6927  1028.0859     1.6000     3.3409     56.770    0.00282    5.88496    5.88306      8.059    -0.0506   10.67976   4.191255 4.7639e-14    26.9171    26.9096 1.0000e-12    264.209          1      18553    1505.71 2.0991e+03  54991.774    772.990 1570378339      -0.81     -1.121   39.80452  -71.46916    35.8694  1028.0960    26.9272    13.0622 0.0000e+00
    261.000    13.1446    35.6976  1028.0758     1.6053     3.3462     56.902    0.00180    5.88065    5.87869      8.059    -0.0406   10.67257   4.196123 4.7658e-14    26.9118    26.9043 1.0000e-12    263.195          1      18623    1505.85 2.0982e+03  54991.391    775.914 1570378342      -0.66     -0.682   39.80453  -71.46917    35.8734  1028.0851    26.9210    13.1078 0.0000e+00
    260.000    13.1750    35.6993  1028.0663     1.6096     3.3520     57.042    0.00129    5.87635    5.87434 -9.990e-29    -0.0513   10.66542   4.199001 4.7973e-14    26.9068    26.8994 1.0000e-12    262.169          1      18694    1505.94 2.0846e+03  54988.531    778.866 1570378345      -0.07     -0.458   39.80454  -71.46919    35.8726  1028.0736    26.9142    13.1384 0.0000e+00
    259.000    13.1827    35.7008  1028.0613     1.6107     3.3491     57.016    0.00063    5.87395    5.87191 -9.990e-29    -0.0486   10.66145   4.199888 4.8401e-14    26.9063    26.8989 1.0000e-12    261.166          1      18737    1505.95 2.0661e+03  54988.742    780.657 1570378347      -0.44     -0.628   39.80455  -71.46920    35.8743  1028.0688    26.9139    13.1461 0.0000e+00
    258.000    13.2212    35.7045  1028.0517     1.6143     3.3626     57.258    0.00119    5.87285    5.87080      8.063    -0.0497   10.65961   4.204080 4.7867e-14    26.9014    26.8939 1.0000e-12    260.152          1      18801    1506.06 2.0892e+03  54987.660    783.343 1570378349       0.11     -0.372   39.80456  -71.46920    35.8784  1028.0595    26.9093    13.1847 0.0000e+00
    257.000    13.2389    35.7062  1028.0448     1.6170     3.3640     57.313    0.00057    5.86953    5.86744      8.064    -0.0437   10.65408   4.205827 4.7403e-14    26.8990    26.8916 1.0000e-12    259.142          1      18894    1506.11 2.1095e+03  54986.730    787.205 1570378353       0.02     -0.258   39.80458  -71.46921    35.8789  1028.0517    26.9059    13.2025 0.0000e+00
    256.000    13.2711    35.7100  1028.0365     1.6212     3.3762     57.575    0.00111    5.86401    5.86185      8.068    -0.0467   10.64488   4.209362 4.7461e-14    26.8954    26.8879 1.0000e-12    258.134          1      18996    1506.20 2.1070e+03  54986.613    791.443 1570378357      -0.11     -0.229   39.80460  -71.46922    35.8827  1028.0434    26.9023    13.2348 0.0000e+00
    255.000    13.3177    35.7164  1028.0273     1.6263     3.3902     57.877    0.00154    5.85766    5.85542      8.069    -0.0557   10.63429   4.214639 4.7307e-14    26.8908    26.8834 1.0000e-12    257.124          1      19090    1506.35 2.1139e+03  54988.135    795.368 1570378361      -0.08     -0.258   39.80461  -71.46924    35.8895  1028.0344    26.8980    13.2815 0.0000e+00
    254.000    13.3670    35.7235  1028.0179     1.6323     3.4029     58.126    0.00120    5.85426    5.85198      8.070    -0.0449   10.62862   4.220232 4.6834e-14    26.8862    26.8787 1.0000e-12    256.117          1      19186    1506.50 2.1352e+03  54990.113    799.363 1570378365      -0.04     -0.270   39.80463  -71.46924    35.8968  1028.0252    26.8935    13.3308 0.0000e+00
    253.000    13.3866    35.7271  1028.0121     1.6352     3.4048     58.176    0.00043    5.85260    5.85031      8.071    -0.0529   10.62584   4.222409 4.6248e-14    26.8849    26.8775 1.0000e-12    255.106          1      19286    1506.55 2.1626e+03  54991.674    803.561 1570378369      -0.05     -0.252   39.80464  -71.46925    35.8995  1028.0187    26.8915    13.3505 0.0000e+00
    252.000    13.3975    35.7300  1028.0076     1.6359     3.4039     58.168    0.00016    5.85186    5.84956      8.071    -0.0484   10.62460   4.223710 1.0032e-13    26.8849    26.8775 1.0000e-12    254.098          1      19377    1506.57 1.1176e+03  54993.451    807.325 1570378373       0.02     -0.259   39.80466  -71.46926    35.9020  1028.0139    26.8912    13.3615 0.0000e+00
    251.000    13.4031    35.7314  1028.0030     1.6356     3.3994     58.107   -0.00017    5.85030    5.84798 -9.990e-29    -0.0570   10.62198   4.224391 1.1939e-13    26.8848    26.8774 1.0000e-12    253.088          1      19459    1506.58 8.2519e+02  54994.050    810.749 1570378377      -0.07     -0.315   39.80468  -71.46926    35.9036  1028.0095    26.8913    13.3673 0.0000e+00
    250.000    13.4327    35.7370  1027.9966     1.6377     3.4042     58.298    0.00067    5.83929    5.83684      8.073    -0.0475   10.60359   4.227925 9.5940e-14    26.8830    26.8756 1.0000e-12    252.078          1      19551    1506.66 1.0397e+03  54996.881    814.579 1570378380       0.06     -0.216   39.80469  -71.46927    35.9098  1028.0035    26.8899    13.3970 0.0000e+00
    249.000    13.4907    35.7464  1027.9871     1.6408     3.4120     58.520    0.00138    5.83049    5.82794      8.075    -0.0444   10.58893   4.234848 9.3193e-14    26.8782    26.8709 1.0000e-12    251.076          1      19613    1506.85 1.0738e+03  55000.761    817.186 1570378383      -0.15     -0.499   39.80470  -71.46928    35.9214  1027.9958    26.8869    13.4550 0.0000e+00
    248.000    13.5784    35.7604  1027.9750     1.6433     3.4133     58.563    0.00072    5.82843    5.82585 -9.990e-29    -0.0594   10.58550   4.245120 8.2015e-14    26.8710    26.8636 1.0000e-12    250.053          1      19683    1507.14 1.2179e+03  55007.172    820.084 1570378386       0.08     -0.279   39.80472  -71.46928    35.9369  1027.9846    26.8807    13.5427 0.0000e+00
    247.000    13.5903    35.7603  1027.9679     1.6464     3.4241     58.757    0.00111    5.82763    5.82505      8.079    -0.0500   10.58417   4.245935 6.6625e-14    26.8684    26.8610 1.0000e-12    249.057          1      19748    1507.16 1.5245e+03  55004.698    822.794 1570378389      -0.40     -0.364   39.80473  -71.46930    35.9338  1027.9753    26.8758    13.5547 0.0000e+00
    246.000    13.5979    35.7619  1027.9630     1.6476     3.4228     58.743    0.00057    5.82666    5.82406      8.079    -0.0523   10.58254   4.246742 5.1359e-14    26.8680    26.8606 1.0000e-12    248.046          1      19818    1507.17 1.9742e+03  55005.220    825.697 1570378392      -0.08     -0.423   39.80475  -71.46930    35.9347  1027.9699    26.8749    13.5625 0.0000e+00
    245.000    13.5992    35.7628  1027.9590     1.6498     3.4278     58.870    0.00078    5.82269    5.82005      8.080    -0.0550   10.57589   4.246869 4.5464e-14    26.8684    26.8611 1.0000e-12    247.033          1      19884    1507.16 2.1992e+03  55005.714    828.468 1570378394      -0.46     -0.380   39.80476  -71.46930    35.9352  1027.9655    26.8750    13.5638 0.0000e+00
    244.000    13.6332    35.7706  1027.9533     1.6513     3.4247     58.938    0.00083    5.81073    5.80795      8.080    -0.0515   10.55593   4.251368 4.5999e-14    26.8674    26.8600 1.0000e-12    246.028          1      19943    1507.26 2.1740e+03  55011.096    830.925 1570378397      -0.14     -0.404   39.80477  -71.46930    35.9462  1027.9622    26.8763    13.5980 0.0000e+00
    243.000    13.7343    35.7860  1027.9392     1.6565     3.4442     59.317    0.00197    5.80632    5.80348      8.084    -0.0479   10.54856   4.263173 4.6535e-14    26.8582    26.8508 1.0000e-12    245.020          1      20011    1507.59 2.1489e+03  55017.528    833.740 1570378400      -0.29     -0.435   39.80478  -71.46932    35.9633  1027.9494    26.8685    13.6991 0.0000e+00
    242.000    13.7640    35.7910  1027.9323     1.6613     3.4571     59.563    0.00204    5.80413    5.80127      8.084    -0.0575   10.54489   4.266299 4.7001e-14    26.8558    26.8485 1.0000e-12    244.007          1      20072    1507.68 2.1276e+03  55019.704    836.276 1570378402      -0.88     -0.473   39.80478  -71.46932    35.9654  1027.9403    26.8639    13.7288 0.0000e+00
    241.000    13.7806    35.7951  1027.9274     1.6624     3.4502     59.459    0.00070    5.80264    5.79976      8.084    -0.0562   10.54240   4.268357 4.7210e-14    26.8555    26.8481 1.0000e-12    243.012          1      20124    1507.72 2.1182e+03  55022.447    838.455 1570378404      -0.37     -0.702   39.80481  -71.46932    35.9696  1027.9355    26.8636    13.7456 0.0000e+00
    240.000    13.8044    35.8002  1027.9218     1.6638     3.4494     59.475    0.00037    5.79978    5.79687      8.086    -0.0559   10.53760   4.271112 4.7206e-14    26.8544    26.8471 1.0000e-12    241.993          1      20211    1507.79 2.1184e+03  55025.580    842.099 1570378408       0.02     -0.493   39.80482  -71.46934    35.9738  1027.9291    26.8618    13.7695 0.0000e+00
    239.000    13.8156    35.8028  1027.9169     1.6646     3.4508     59.508    0.00037    5.79884    5.79593      8.086    -0.0514   10.53603   4.272417 4.7299e-14    26.8541    26.8468 1.0000e-12    240.977          1      20267    1507.81 2.1142e+03  55027.059    844.403 1570378410      -0.29     -0.422   39.80482  -71.46934    35.9760  1027.9239    26.8612    13.7808 0.0000e+00
    238.000    13.8256    35.8060  1027.9127     1.6646     3.4473     59.452   -0.00006    5.79854    5.79562      8.088    -0.0519   10.53552   4.273669 4.7483e-14    26.8544    26.8471 1.0000e-12    239.976          1      20319    1507.83 2.1060e+03  55029.449    846.563 1570378412      -0.07     -0.451   39.80484  -71.46935    35.9788  1027.9195    26.8612    13.7910 0.0000e+00
    237.000    13.8314    35.8076  1027.9083     1.6654     3.4501     59.506    0.00016    5.79799    5.79507      8.088    -0.0446   10.53460   4.274288 4.7253e-14    26.8544    26.8471 1.0000e-12    238.960          1      20408    1507.83 2.1163e+03  55030.246    850.310 1570378416      -0.23     -0.228   39.80486  -71.46936    35.9797  1027.9144    26.8606    13.7968 0.0000e+00
    236.000    13.8330    35.8081  1027.9038     1.6652     3.4496     59.498    0.00020    5.79794    5.79502      8.088    -0.0515   10.53452   4.274430 4.7291e-14    26.8544    26.8472 1.0000e-12    237.958          1      20449    1507.82 2.1146e+03  55030.135    851.981 1570378418      -0.67     -0.587   39.80486  -71.46936    35.9799  1027.9098    26.8604    13.7986 0.0000e+00
    235.000    13.8347    35.8086  1027.8994     1.6645     3.4449     59.423   -0.00005    5.79727    5.79433      8.088    -0.0602   10.53339   4.274599 4.7585e-14    26.8544    26.8472 1.0000e-12    236.952          1      20506    1507.81 2.1015e+03  55029.960    854.367 1570378420      -0.30     -0.519   39.80487  -71.46937    35.9803  1027.9053    26.8603    13.8005 0.0000e+00
    234.000    13.8405    35.8098  1027.8946     1.6654     3.4493     59.504    0.00035    5.79677    5.79383      8.088 -9.990e-29   10.53256   4.275263 4.7525e-14    26.8541    26.8469 1.0000e-12    235.943          1      20562    1507.82 2.1042e+03  55030.341    856.715 1570378423      -0.01     -0.602   39.80488  -71.46938    35.9815  1027.9005    26.8600    13.8064 0.0000e+00
    233.000    13.8443    35.8104  1027.8898     1.6671     3.4561     59.625    0.00070    5.79641    5.79347      8.088    -0.0604   10.53196   4.275630 4.7282e-14    26.8537    26.8466 1.0000e-12    234.924          1      20629    1507.81 2.1150e+03  55030.029    859.517 1570378425      -0.10     -0.307   39.80490  -71.46938    35.9819  1027.8954    26.8594    13.8104 0.0000e+00
    232.000    13.8459    35.8108  1027.8853     1.6667     3.4490     59.502   -0.00016    5.79636    5.79341      8.089    -0.0594   10.53187   4.275772 4.7522e-14    26.8536    26.8465 1.0000e-12    233.925          1      20670    1507.80 2.1043e+03  55029.736    861.210 1570378427      -0.07     -0.572   39.80490  -71.46938    35.9821  1027.8909    26.8593    13.8121 0.0000e+00
    231.000    13.8477    35.8114  1027.8810     1.6669     3.4505     59.543    0.00018    5.79500    5.79205      8.091    -0.0537   10.52961   4.275966 4.8093e-14    26.8538    26.8467 1.0000e-12    232.902          1      20761    1507.79 2.0792e+03  55029.841    864.995 1570378431      -0.64     -0.217   39.80492  -71.46940    35.9827  1027.8864    26.8593    13.8140 0.0000e+00
    230.000    13.8534    35.8127  1027.8762     1.6677     3.4534     59.613    0.00055    5.79304    5.79006      8.092    -0.0498   10.52632   4.276664 4.7594e-14    26.8535    26.8464 1.0000e-12    231.909          1      20800    1507.80 2.1011e+03  55030.120    866.621 1570378432      -0.40     -0.577   39.80493  -71.46940    35.9843  1027.8820    26.8593    13.8199 0.0000e+00
    229.000    13.8645    35.8148  1027.8710     1.6697     3.4617     59.780    0.00121    5.79064    5.78763      8.093    -0.0471   10.52232   4.278015 4.7499e-14    26.8528    26.8458 1.0000e-12    230.885          1      20854    1507.81 2.1053e+03  55031.050    868.864 1570378435      -1.00     -0.456   39.80494  -71.46940    35.9871  1027.8773    26.8591    13.8310 0.0000e+00
    228.000    13.8802    35.8186  1027.8661     1.6705     3.4629     59.804    0.00102    5.79043    5.78741      8.093    -0.0492   10.52195   4.280049 4.7641e-14    26.8524    26.8454 1.0000e-12    229.905          1      20883    1507.85 2.0990e+03  55033.508    870.094 1570378436      -0.56     -0.926   39.80494  -71.46940    35.9920  1027.8733    26.8595    13.8469 0.0000e+00
    227.000    13.8996    35.8206  1027.8590     1.6718     3.4591     59.762    0.00021    5.78803    5.78499      8.093    -0.0541   10.51796   4.282000 4.7560e-14    26.8498    26.8428 1.0000e-12    228.877          1      20987    1507.90 2.1026e+03  55033.012    874.396 1570378440      -0.02     -0.422   39.80496  -71.46942    35.9926  1027.8650    26.8559    13.8664 0.0000e+00
