CalculateIndicators/WaterTemperature/Data/CTD_NYOS/NYOS190728_6_6.cnv
* Sea-Bird SBE 9 Data File:
* FileName = C:\Seabird 9 CTD\Data\2019\201907_offshore\NYOS190728_6_6.hex
* Software Version Seasave V 7.23.2
* Temperature SN = 4590
* Conductivity SN = 3228
* Number of Bytes Per Scan = 44
* Number of Voltage Words = 5
* Number of Scans Averaged by the Deck Unit = 1
* NMEA Latitude = 38 47.26 N
* NMEA Longitude = 072 49.02 W
* NMEA UTC (Time) = Jul 28 2019  13:39:28
* NMEA baud rate = 4800
** Ship: Seawolf
** Station: 6.6
** Operator: ajb
# nquan = 35
# nvalues = 1182                        
# units = specified
# name 0 = depSM: Depth [salt water, m]
# name 1 = t090C: Temperature [ITS-90, deg C]
# name 2 = sal00: Salinity, Practical [PSU]
# name 3 = density00: Density [density, kg/m^3]
# name 4 = sbeox0V: Oxygen raw, SBE 43 [V]
# name 5 = sbeox0ML/L: Oxygen, SBE 43 [ml/l]
# name 6 = sbeox0PS: Oxygen, SBE 43 [% saturation]
# name 7 = sbox0dV/dT: Oxygen, SBE 43 [dov/dt]
# name 8 = oxsolML/L: Oxygen Saturation, Garcia & Gordon [ml/l]
# name 9 = oxsatML/L: Oxygen Saturation, Weiss [ml/l]
# name 10 = ph: pH
# name 11 = flECO-AFL: Fluorescence, WET Labs ECO-AFL/FL [mg/m^3]
# name 12 = n2satML/L: Nitrogen Saturation [ml/l]
# name 13 = c0S/m: Conductivity [S/m]
# name 14 = cpar: CPAR/Corrected Irradiance [%]
# name 15 = sigma-é00: Density [sigma-theta, kg/m^3]
# name 16 = sigma-t00: Density [sigma-t, kg/m^3 ]
# name 17 = par: PAR/Irradiance, Biospherical/Licor
# name 18 = prDM: Pressure, Digiquartz [db]
# name 19 = pumps: Pump Status
# name 20 = scan: Scan Count
# name 21 = svCM: Sound Velocity [Chen-Millero, m/s]
# name 22 = spar: SPAR, Biospherical/Licor
# name 23 = specc: Specific Conductance [uS/cm]
# name 24 = timeS: Time, Elapsed [seconds]
# name 25 = timeY: Time, System [seconds]
# name 26 = accM: Acceleration [m/s^2]
# name 27 = dz/dtM: Descent Rate [m/s]
# name 28 = latitude: Latitude [deg]
# name 29 = longitude: Longitude [deg]
# name 30 = gsw_saA0: Absolute Salinity [g/kg]
# name 31 = gsw_densityA0: density, TEOS-10 [density, kg/m^3]
# name 32 = gsw_sigma0A0: density, TEOS-10 [sigma-0, kg/m^3 ]
# name 33 = gsw_ptA0: potential temperature [ITS-90, deg C]
# name 34 = flag: flag
# span 0 =      1.000,    592.000       
# span 1 =     5.8234,    25.7560       
# span 2 =    35.0516,    35.7672       
# span 3 =  1023.1566,  1030.3537       
# span 4 =     1.4039,     2.8894       
# span 5 =     2.9235,     5.9866       
# span 6 =     46.662,    118.075       
# span 7 =   -0.04152,    0.05480       
# span 8 =    4.67611,    6.93487       
# span 9 =    4.66416,    6.94828       
# span 10 =      7.927,      8.330      
# span 11 =    -0.0741,     0.6441      
# span 12 =    8.68121,   12.42129      
# span 13 =   3.451886,   5.394164      
# span 14 = -2.978e-07, 1.5887e+01      
# span 15 =    23.1515,    27.6230      
# span 16 =    23.1512,    27.6164      
# span 17 = -5.998e-06, 3.2484e+02      
# span 18 =      1.008,    597.361      
# span 19 =          1,          1      
# span 20 =        598,      35816      
# span 21 =    1483.82,    1536.35      
# span 22 = 1.9738e+03, 2.0761e+03      
# span 23 =  53129.146,  55993.062      
# span 24 =     24.895,   1492.304      
# span 25 = 1564321193, 1564322660      
# span 26 =      -0.71,       0.74      
# span 27 =     -1.743,      1.291      
# span 28 =   38.78704,   38.78776      
# span 29 =  -72.81703,  -72.81410      
# span 30 =    35.2188,    35.9415      
# span 31 =  1023.1592,  1030.3569      
# span 32 =    23.1548,    27.6261      
# span 33 =     5.7712,    25.7557      
# span 34 = 0.0000e+00, 0.0000e+00      
# interval = meters: 1                  
# start_time = Jul 28 2019 13:39:28 [System UTC, first data scan.]
# bad_flag = -9.990e-29
*END*
      2.000    25.7207    35.0611  1023.1749     2.5008     4.5693     97.674    0.00672    4.67808    4.66613      8.249    -0.0501    8.68445   5.390780 5.7762e+00    23.1664    23.1662 1.1535e+02      2.013          1        598    1536.23 1.9972e+03  53137.054     24.895 1564321193       0.02     -0.054   38.78776  -72.81703    35.2259  1023.1766    23.1681    25.7202 0.0000e+00
      3.000    25.7141    35.0616  1023.1817     2.5080     4.5770     97.778    0.00159    4.68099    4.66904      8.250    -0.0502    8.68927   5.390345 7.0568e+00    23.1689    23.1687 1.4109e+02      3.030          1        729    1536.23 1.9993e+03  53138.256     30.350 1564321198       0.62      0.214   38.78776  -72.81700    35.2275  1023.1843    23.1714    25.7134 0.0000e+00
      4.000    25.7134    35.0617  1023.1863     2.5069     4.5723     97.669    0.00037    4.68145    4.66951      8.250    -0.0478    8.69003   5.390278 5.5357e+00    23.1692    23.1689 1.1061e+02      4.029          1        754    1536.24 1.9981e+03  53138.812     31.361 1564321199       0.38      0.868   38.78776  -72.81700    35.2272  1023.1885    23.1715    25.7125 0.0000e+00
      5.000    25.7028    35.0613  1023.1936     2.5047     4.5609     97.425   -0.00211    4.68150    4.66955      8.250    -0.0429    8.69011   5.389140 5.4951e+00    23.1722    23.1719 1.1040e+02      5.041          1        780    1536.23 2.0090e+03  53138.771     32.439 1564321200      -0.04      0.928   38.78776  -72.81700    35.2267  1023.1958    23.1745    25.7017 0.0000e+00
      6.000    25.6932    35.0615  1023.2011     2.5043     4.5641     97.491   -0.00092    4.68161    4.66966      8.250    -0.0584    8.69029   5.388125 4.9982e+00    23.1754    23.1751 1.0084e+02      6.050          1        803    1536.23 2.0176e+03  53139.667     33.400 1564321201       0.11      0.982   38.78776  -72.81700    35.2264  1023.2029    23.1772    25.6919 0.0000e+00
      7.000    25.6880    35.0630  1023.2082     2.5017     4.5574     97.343   -0.00148    4.68180    4.66985      8.250    -0.0493    8.69059   5.387920 4.3126e+00    23.1783    23.1778 8.6958e+01      7.055          1        822    1536.23 2.0163e+03  53142.230     34.225 1564321202       0.19      1.111   38.78776  -72.81700    35.2285  1023.2105    23.1806    25.6864 0.0000e+00
      8.000    25.6873    35.0633  1023.2129     2.4987     4.5457     97.093   -0.00333    4.68181    4.66986      8.250    -0.0514    8.69061   5.387939 3.7635e+00    23.1788    23.1782 7.5550e+01      8.059          1        841    1536.25 2.0074e+03  53143.015     35.009 1564321203       0.12      1.236   38.78776  -72.81700    35.2289  1023.2153    23.1811    25.6856 0.0000e+00
      9.000    25.6871    35.0635  1023.2175     2.5029     4.5636     97.474   -0.00063    4.68182    4.66987      8.250    -0.0580    8.69063   5.387991 3.5482e+00    23.1791    23.1785 7.0805e+01      9.065          1        861    1536.27 1.9956e+03  53143.758     35.843 1564321203      -0.05      1.259   38.78776  -72.81700    35.2291  1023.2198    23.1814    25.6851 0.0000e+00
     10.000    25.6842    35.0638  1023.2230     2.5068     4.5877     97.987    0.00453    4.68197    4.67002      8.250    -0.0417    8.69087   5.387752 4.1897e+00    23.1803    23.1796 8.3319e+01     10.075          1        884    1536.28 1.9888e+03  53144.587     36.793 1564321204      -0.16      1.149   38.78776  -72.81700    35.2293  1023.2252    23.1825    25.6820 0.0000e+00
     11.000    25.6830    35.0641  1023.2279     2.5099     4.5924     98.083    0.00341    4.68223    4.67028      8.250    -0.0401    8.69130   5.387730 5.3524e+00    23.1809    23.1802 1.0634e+02     11.088          1        908    1536.29 1.9869e+03  53145.383     37.777 1564321205      -0.04      1.025   38.78776  -72.81700    35.2297  1023.2303    23.1833    25.6806 0.0000e+00
     12.000    25.6833    35.0638  1023.2319     2.5091     4.5873     97.964    0.00195    4.68260    4.67065      8.250    -0.0455    8.69190   5.387758 4.6060e+00    23.1807    23.1798 9.1909e+01     12.092          1        928    1536.31 1.9958e+03  53145.374     38.632 1564321206       0.15      1.085   38.78776  -72.81700    35.2294  1023.2343    23.1830    25.6806 0.0000e+00
     13.000    25.6815    35.0641  1023.2370     2.5044     4.5655     97.481   -0.00255    4.68348    4.67153      8.250    -0.0367    8.69334   5.387669 3.4956e+00    23.1815    23.1806 7.0312e+01     13.095          1        949    1536.32 2.0119e+03  53146.311     39.496 1564321207       0.02      1.176   38.78776  -72.81700    35.2298  1023.2394    23.1839    25.6786 0.0000e+00
     14.000    25.6791    35.0647  1023.2426     2.4916     4.5255     96.514   -0.00855    4.68901    4.67707      8.251    -0.0393    8.70230   5.387516 2.8419e+00    23.1828    23.1818 5.7332e+01     14.106          1        972    1536.33 2.0173e+03  53147.592     40.471 1564321208      -0.13      1.104   38.78776  -72.81700    35.2302  1023.2449    23.1851    25.6759 0.0000e+00
     15.000    25.6729    35.0658  1023.2496     2.4881     4.5121     96.206   -0.01107    4.69006    4.67812      8.251    -0.0519    8.70403   5.387055 2.4599e+00    23.1856    23.1845 4.9428e+01     15.118          1        996    1536.34 2.0093e+03  53149.461     41.461 1564321209      -0.02      1.016   38.78776  -72.81700    35.2313  1023.2519    23.1878    25.6696 0.0000e+00
     16.000    25.6686    35.0664  1023.2558     2.5063     4.6090     98.253    0.00786    4.69095    4.67901      8.251    -0.0611    8.70549   5.386601 2.2047e+00    23.1874    23.1863 4.4149e+01     16.129          1       1018    1536.35 2.0025e+03  53150.841     42.361 1564321210       0.10      1.057   38.78776  -72.81700    35.2309  1023.2574    23.1890    25.6651 0.0000e+00
     17.000    25.5927    35.0893  1023.3008     2.5187     4.6677     99.410    0.01654    4.69541    4.68348      8.252    -0.0387    8.71293   5.381451 6.9119e+00    23.2283    23.2271 1.3840e+02     17.126          1       1042    1536.21 2.0024e+03  53183.168     43.357 1564321211      -0.12      1.096   38.78776  -72.81700    35.2514  1023.3005    23.2279    25.5890 0.0000e+00
     18.000    25.5688    35.0947  1023.3166     2.5266     4.6738     99.378    0.00933    4.70303    4.69111      8.254    -0.0379    8.72556   5.379882 1.5142e+01    23.2398    23.2385 3.0319e+02     18.145          1       1066    1536.17 2.0024e+03  53191.092     44.385 1564321212      -0.03      0.889   38.78776  -72.81700    35.2580  1023.3173    23.2403    25.5648 0.0000e+00
     19.000    25.5601    35.0956  1023.3244     2.5296     4.6802     99.398    0.00698    4.70849    4.69657      8.255    -0.0498    8.73454   5.379174 1.2910e+01    23.2432    23.2419 2.5843e+02     19.139          1       1084    1536.17 2.0019e+03  53192.934     45.127 1564321213       0.46      1.122   38.78776  -72.81700    35.2592  1023.3251    23.2440    25.5559 0.0000e+00
     20.000    25.5274    35.0943  1023.3378     2.5173     4.6205     98.165   -0.00326    4.70682    4.69490      8.254    -0.0314    8.73175   5.375135 9.7953e+00    23.2524    23.2510 1.9588e+02     20.153          1       1105    1536.11 1.9995e+03  53192.114     45.994 1564321214      -0.09      1.271   38.78776  -72.81700    35.2544  1023.3360    23.2505    25.5230 0.0000e+00
     21.000    25.4537    35.0914  1023.3627     2.5297     4.6448     98.778   -0.00295    4.70230    4.69037      8.254    -0.0263    8.72432   5.366544 3.6839e+00    23.2730    23.2715 7.3474e+01     21.160          1       1127    1535.95 1.9944e+03  53189.659     46.908 1564321214      -0.11      1.140   38.78776  -72.81700    35.2477  1023.3581    23.2683    25.4490 0.0000e+00
     22.000    25.3472    35.0981  1023.4047     2.5467     4.7579    100.606    0.01221    4.72908    4.71720      8.258    -0.0210    8.76862   5.356072 5.5404e+00    23.3108    23.3093 1.1092e+02     22.154          1       1174    1535.72 2.0017e+03  53200.730     48.880 1564321216       0.24      0.756   38.78776  -72.81699    35.2526  1023.3988    23.3048    25.3424 0.0000e+00
     23.000    25.1998    35.1091  1023.4627     2.5705     4.8607    101.608    0.00758    4.78377    4.77201      8.266     0.0018    8.85891   5.341898 6.7274e+00    23.3643    23.3628 1.3513e+02     23.178          1       1243    1535.39 2.0089e+03  53218.194     51.758 1564321219       0.62      0.709   38.78776  -72.81698    35.2618  1023.4554    23.3570    25.1947 0.0000e+00
     24.000    25.0336    35.1162  1023.5231     2.6118     5.0349    104.959    0.02763    4.79698    4.78525      8.270     0.0059    8.88074   5.323825 5.6313e+00    23.4204    23.4188 1.1321e+02     24.180          1       1267    1535.02 2.0104e+03  53231.219     52.751 1564321220       0.09      0.994   38.78776  -72.81698    35.2565  1023.5065    23.4039    25.0283 0.0000e+00
     25.000    24.5714    35.1506  1023.6934     2.6520     5.2122    107.713    0.03775    4.83893    4.82734      8.275     0.0038    8.95008   5.279249 7.6183e+00    23.5863    23.5847 1.5249e+02     25.189          1       1296    1533.95 2.0023e+03  53286.352     53.964 1564321222      -0.17      0.914   38.78776  -72.81698    35.2845  1023.6720    23.5649    24.5661 0.0000e+00
     26.000    24.2872    35.1780  1023.8038     2.6869     5.3252    108.683    0.02422    4.89968    4.88834      8.285     0.0092    9.05074   5.253865 9.1745e+00    23.6924    23.6907 1.8327e+02     26.204          1       1329    1533.30 1.9976e+03  53329.866     55.328 1564321223       0.01      0.718   38.78776  -72.81698    35.3167  1023.7861    23.6746    24.2816 0.0000e+00
     27.000    23.9575    35.1927  1023.9174     2.7260     5.4854    111.206    0.03156    4.93267    4.92150      8.293     0.0411    9.10536   5.218439 7.7620e+00    23.8014    23.7997 1.5488e+02     27.205          1       1356    1532.52 1.9954e+03  53357.673     56.463 1564321224       0.10      0.848   38.78776  -72.81698    35.3086  1023.8825    23.7666    23.9518 0.0000e+00
     28.000    23.3601    35.2373  1024.1312     2.7794     5.6940    114.674    0.04206    4.96537    4.95437      8.297     0.0287    9.15968   5.160759 7.4575e+00    24.0108    24.0091 1.4914e+02     28.219          1       1385    1531.10 2.0000e+03  53434.101     57.679 1564321225      -0.05      0.846   38.78776  -72.81698    35.3430  1024.0888    23.9683    23.3542 0.0000e+00
     29.000    22.7300    35.2349  1024.3160     2.8042     5.7427    115.332    0.03357    4.97931    4.96839      8.302     0.0586    9.18253   5.093584 6.4009e+00    24.1911    24.1894 1.2888e+02     29.225          1       1410    1529.50 2.0137e+03  53449.696     58.712 1564321226       0.15      0.890   38.78776  -72.81698    35.3292  1024.2651    24.1401    22.7241 0.0000e+00
     30.000    22.5690    35.2531  1024.3803     2.8277     5.7707    115.797    0.02380    4.98350    4.97261      8.306     0.0579    9.18940   5.081886 3.9834e+00    24.2509    24.2492 8.0384e+01     30.229          1       1432    1529.13 2.0179e+03  53480.645     59.634 1564321227       0.12      1.043   38.78776  -72.81698    35.3676  1024.3447    24.2153    22.5629 0.0000e+00
     31.000    22.2354    35.2540  1024.4801     2.8436     5.8176    116.499    0.02221    4.99367    4.98283      8.308     0.0631    9.20625   5.045821 3.2783e+00    24.3466    24.3448 6.5889e+01     31.239          1       1455    1528.28 2.0100e+03  53494.734     60.585 1564321228      -0.02      1.075   38.78776  -72.81698    35.3552  1024.4345    24.3007    22.2292 0.0000e+00
     32.000    22.0626    35.2740  1024.5485     2.8539     5.8398    116.459    0.01397    5.01447    5.00376      8.312     0.0969    9.24077   5.033350 3.5757e+00    24.4101    24.4083 7.1293e+01     32.245          1       1477    1527.87 1.9939e+03  53527.145     61.508 1564321229       0.02      1.072   38.78776  -72.81698    35.3974  1024.5196    24.3814    22.0562 0.0000e+00
     33.000    22.0096    35.2909  1024.5805     2.8621     5.8832    116.639    0.00992    5.04388    5.03335      8.314     0.0883    9.28955   5.030161 3.8221e+00    24.4380    24.4361 7.6072e+01     33.253          1       1500    1527.77 1.9903e+03  53553.043     62.446 1564321230      -0.01      1.086   38.78776  -72.81698    35.4152  1024.5524    24.4098    22.0030 0.0000e+00
     34.000    21.9057    35.2953  1024.6174     2.8715     5.9230    117.100    0.00952    5.05805    5.04761      8.315     0.1059    9.31296   5.019745 3.5913e+00    24.4704    24.4686 7.1905e+01     34.263          1       1523    1527.51 2.0023e+03  53563.327     63.410 1564321231      -0.03      1.061   38.78776  -72.81698    35.4174  1024.5876    24.4407    21.8990 0.0000e+00
     35.000    21.6975    35.2947  1024.6795     2.8806     5.9441    117.531    0.00931    5.05747    5.04703      8.315     0.1179    9.31207   4.997132 3.5444e+00    24.5282    24.5263 7.1227e+01     35.271          1       1545    1526.98 2.0096e+03  53571.697     64.339 1564321232       0.03      1.057   38.78776  -72.81698    35.4083  1024.6433    24.4919    21.6906 0.0000e+00
     36.000    21.3896    35.3030  1024.7755     2.8894     5.9866    118.075    0.01047    5.07017    5.05981      8.315     0.1195    9.33335   4.965642 2.7327e+00    24.6198    24.6179 5.4890e+01     36.270          1       1567    1526.19 2.0085e+03  53596.389     65.232 1564321233       0.05      1.109   38.78776  -72.81698    35.4101  1024.7344    24.5786    21.3826 0.0000e+00
     37.000    20.9493    35.2944  1024.8939     2.8857     5.9780    117.232    0.00104    5.09934    5.08918      8.317     0.1581    9.38175   4.920900 3.7289e+00    24.7336    24.7316 7.4908e+01     37.280          1       1639    1525.02 2.0088e+03  53605.241     68.244 1564321236      -0.00      0.425   38.78776  -72.81696    35.4142  1024.8626    24.7022    20.9422 0.0000e+00
     38.000    20.3451    35.2819  1025.0520     2.8674     5.9738    116.141   -0.00245    5.14362    5.13378      8.317     0.2048    9.45531   4.860281 3.7494e+00    24.8870    24.8851 7.5398e+01     38.288          1       1885    1523.38 2.0110e+03  53618.675     78.484 1564321246       0.09      0.233   38.78776  -72.81695    35.4252  1025.0386    24.8736    20.3379 0.0000e+00
     39.000    19.9986    35.2695  1025.1393     2.8466     5.9759    115.254   -0.00188    5.18501    5.17548      8.304     0.2370    9.52414   4.825705 3.4089e+00    24.9697    24.9677 6.8677e+01     39.301          1       2457    1522.43 2.0146e+03  53620.885    102.318 1564321270       0.09      0.224   38.78776  -72.81691    35.4323  1025.1408    24.9711    19.9913 0.0000e+00
     40.000    19.7550    35.2794  1025.2155     2.8217     5.9392    113.469   -0.01009    5.23410    5.22500      8.295     0.2892    9.60487   4.801059 3.1275e+00    25.0413    25.0394 6.2946e+01     40.312          1       2569    1521.78 2.0125e+03  53648.632    106.985 1564321275       0.03      0.373   38.78776  -72.81690    35.4339  1025.2107    25.0365    19.7476 0.0000e+00
     41.000    19.4885    35.2442  1025.2625     2.8078     5.9209    113.002   -0.00773    5.23959    5.23057      8.291     0.2964    9.61302   4.766422 2.7173e+00    25.0838    25.0819 5.4470e+01     41.322          1       2601    1521.01 2.0047e+03  53617.223    108.324 1564321276       0.31      0.587   38.78776  -72.81690    35.3714  1025.2372    25.0585    19.4810 0.0000e+00
     42.000    19.2858    35.3335  1025.3878     2.7922     5.8790    111.879   -0.01228    5.25485    5.24596      8.288     0.3182    9.63833   4.761544 2.3182e+00    25.2046    25.2027 4.6616e+01     42.318          1       2625    1520.56 2.0110e+03  53751.269    109.341 1564321277       0.20      0.892   38.78776  -72.81690    35.5028  1025.3941    25.2109    19.2782 0.0000e+00
