CalculateIndicators/WaterTemperature/Data/CTD_NYOS/NYOS1910_C09.cnv
* Sea-Bird SBE 9 Data File:
* FileName = C:\Seabird 9 CTD\Data\2019\201910_offhore\NYOS1910_C09.hex
* Software Version Seasave V 7.23.2
* Temperature SN = 4590
* Conductivity SN = 3228
* Number of Bytes Per Scan = 44
* Number of Voltage Words = 5
* Number of Scans Averaged by the Deck Unit = 1
* NMEA Latitude = 40 34.30 N
* NMEA Longitude = 072 05.32 W
* NMEA UTC (Time) = Oct 07 2019  06:21:02
* NMEA baud rate = 4800
** Ship: seawolf
** Station: 2.2
** Operator: SW
# nquan = 35
# nvalues = 88                          
# units = specified
# name 0 = depSM: Depth [salt water, m]
# name 1 = t090C: Temperature [ITS-90, deg C]
# name 2 = sal00: Salinity, Practical [PSU]
# name 3 = density00: Density [density, kg/m^3]
# name 4 = sbeox0V: Oxygen raw, SBE 43 [V]
# name 5 = sbeox0ML/L: Oxygen, SBE 43 [ml/l]
# name 6 = sbeox0PS: Oxygen, SBE 43 [% saturation]
# name 7 = sbox0dV/dT: Oxygen, SBE 43 [dov/dt]
# name 8 = oxsolML/L: Oxygen Saturation, Garcia & Gordon [ml/l]
# name 9 = oxsatML/L: Oxygen Saturation, Weiss [ml/l]
# name 10 = ph: pH
# name 11 = flECO-AFL: Fluorescence, WET Labs ECO-AFL/FL [mg/m^3]
# name 12 = n2satML/L: Nitrogen Saturation [ml/l]
# name 13 = c0S/m: Conductivity [S/m]
# name 14 = cpar: CPAR/Corrected Irradiance [%]
# name 15 = sigma-é00: Density [sigma-theta, kg/m^3]
# name 16 = sigma-t00: Density [sigma-t, kg/m^3 ]
# name 17 = par: PAR/Irradiance, Biospherical/Licor
# name 18 = prDM: Pressure, Digiquartz [db]
# name 19 = pumps: Pump Status
# name 20 = scan: Scan Count
# name 21 = svCM: Sound Velocity [Chen-Millero, m/s]
# name 22 = spar: SPAR, Biospherical/Licor
# name 23 = specc: Specific Conductance [uS/cm]
# name 24 = timeS: Time, Elapsed [seconds]
# name 25 = timeY: Time, System [seconds]
# name 26 = accM: Acceleration [m/s^2]
# name 27 = dz/dtM: Descent Rate [m/s]
# name 28 = latitude: Latitude [deg]
# name 29 = longitude: Longitude [deg]
# name 30 = gsw_saA0: Absolute Salinity [g/kg]
# name 31 = gsw_densityA0: density, TEOS-10 [density, kg/m^3]
# name 32 = gsw_sigma0A0: density, TEOS-10 [sigma-0, kg/m^3 ]
# name 33 = gsw_ptA0: potential temperature [ITS-90, deg C]
# name 34 = flag: flag
# span 0 =      1.000,     45.000       
# span 1 =     9.3292,    19.1437       
# span 2 =    31.9575,    33.3854       
# span 3 =  1022.6679,  1025.2990       
# span 4 =     1.6819,     2.5130       
# span 5 =     3.8337,     5.3739       
# span 6 =     59.016,     99.633       
# span 7 =   -0.05755,    0.05056       
# span 8 =    5.34563,    6.50834       
# span 9 =    5.33666,    6.51210       
# span 10 =      7.793,      8.201      
# span 11 =     0.0957,     0.8151      
# span 12 =    9.81014,   11.74801      
# span 13 =   3.502893,   4.475936      
# span 14 = -7.979e+03, 1.0728e+05      
# span 15 =    22.6635,    25.0932      
# span 16 =    22.6635,    25.0925      
# span 17 = -1.203e-05, 1.4636e-01      
# span 18 =      1.089,     45.343      
# span 19 =          1,          1      
# span 20 =         72,      13873      
# span 21 =    1485.06,    1516.67      
# span 22 = 1.5748e-01, 4.0028e+00      
# span 23 =  49131.742,  51124.112      
# span 24 =      2.954,    578.014      
# span 25 = 1570429265, 1570429840      
# span 26 =      -1.58,       1.06      
# span 27 =     -1.834,      0.866      
# span 28 =   40.57182,   40.57308      
# span 29 =  -72.08866,  -72.08748      
# span 30 =    32.1107,    33.5608      
# span 31 =  1022.6732,  1025.2925      
# span 32 =    22.6685,    25.0901      
# span 33 =     9.3244,    19.1435      
# span 34 = 0.0000e+00, 0.0000e+00      
# interval = meters: 1                  
# start_time = Oct 07 2019 06:21:02 [System UTC, first data scan.]
# bad_flag = -9.990e-29
*END*
      2.000    19.1295    31.9617  1022.6769     2.4232     5.0402     94.129   -0.00210    5.35457    5.34513 -9.990e-29     0.4649    9.83956   4.337147 1.5862e+04    22.6682    22.6681 1.4636e-01      2.019          1         72    1515.65 3.3178e+00  49135.931      2.954 1570429265       0.60     -0.000   40.57182  -72.08866    32.1132  1022.6828    22.6740    19.1292 0.0000e+00
      3.000    19.1297    31.9617  1022.6814     2.4144     5.0050     93.470   -0.00510    5.35463    5.34518      8.192     0.4805    9.83964   4.337208 4.5648e+04    22.6682    22.6681 5.1055e-02      3.014          1        240    1515.67 2.0114e+00  49136.494      9.945 1570429272       0.40      0.672   40.57184  -72.08866    32.1132  1022.6871    22.6740    19.1292 0.0000e+00
      4.000    19.1288    31.9618  1022.6862     2.4106     5.0015     93.405   -0.00377    5.35465    5.34521      8.193     0.4718    9.83969   4.337171 1.9640e+03    22.6686    22.6684 4.1549e-03      4.021          1        319    1515.68 3.8664e+00  49137.165     13.237 1570429276       0.26      0.606   40.57185  -72.08865    32.1133  1022.6918    22.6743    19.1281 0.0000e+00
      5.000    19.1284    31.9618  1022.6906     2.4206     5.0633     94.557    0.00399    5.35472    5.34527      8.193     0.4570    9.83979   4.337173 -3.046e-04    22.6687    22.6685 -1.203e-05      5.040          1        396    1515.70 3.9495e+00  49137.573     16.450 1570429279       0.25      0.517   40.57186  -72.08864    32.1132  1022.6964    22.6744    19.1275 0.0000e+00
      6.000    19.1288    31.9618  1022.6950     2.4161     5.0259     93.859   -0.00182    5.35474    5.34530      8.193     0.5163    9.83984   4.337263 -9.990e-29    22.6686    22.6684 1.0000e-12      6.043          1        433    1515.72 3.9495e+00  49138.074     17.991 1570429280       0.00      0.646   40.57186  -72.08864    32.1133  1022.7007    22.6744    19.1278 0.0000e+00
      7.000    19.1258    31.9615  1022.6999     2.4238     5.0685     94.613    0.00256    5.35712    5.34770      8.192     0.4594    9.84379   4.336886 2.5320e-11    22.6692    22.6689 1.0000e-12      7.061          1        511    1515.73 3.9495e+00  49138.239     21.257 1570429284       0.16      0.223   40.57187  -72.08864    32.1122  1022.7051    22.6744    19.1246 0.0000e+00
      8.000    19.0990    31.9634  1022.7125     2.4289     5.0893     94.874    0.00247    5.36432    5.35496      8.191     0.4650    9.85570   4.334407 2.5320e-11    22.6774    22.6770 1.0000e-12      8.050          1        560    1515.67 3.9495e+00  49142.665     23.309 1570429286       0.50      0.602   40.57188  -72.08864    32.1121  1022.7161    22.6811    19.0976 0.0000e+00
      9.000    19.0226    31.9684  1022.7399     2.4136     5.0144     93.274   -0.00807    5.37595    5.36668      8.188     0.5102    9.87500   4.327610 4.8517e+03    22.7005    22.7001 1.0000e-12      9.059          1        628    1515.47 3.4704e+00  49154.666     26.104 1570429288       1.06      0.526   40.57188  -72.08864    32.1145  1022.7416    22.7021    19.0210 0.0000e+00
     10.000    18.6817    31.9884  1022.8443     2.3947     5.0257     92.266   -0.00985    5.44749    5.43884      8.178     0.4845    9.99352   4.295443 5.8975e+04    22.8003    22.7998 1.0000e-12     10.065          1        693    1514.52 1.6046e+00  49202.637     28.816 1570429291       0.37      0.585   40.57190  -72.08863    32.1107  1022.8278    22.7839    18.6800 0.0000e+00
     11.000    17.8736    32.0671  1023.1068     2.3384     4.9159     89.689   -0.00836    5.48071    5.47236      8.157     0.4618   10.04845   4.230715 1.9657e+04    23.0584    23.0580 1.0000e-12     11.089          1        800    1512.27 3.4613e+00  49362.854     33.279 1570429296      -0.09      0.226   40.57190  -72.08862    32.1983  1023.0969    23.0484    17.8718 0.0000e+00
     12.000    17.8902    32.0662  1023.1063     2.4329     5.3739     98.084    0.03451    5.47884    5.47048      8.147     0.4926   10.04522   4.233052 2.2665e+03    23.0535    23.0530 1.0000e-12     12.088          1        869    1512.33 3.8869e+00  49361.081     36.162 1570429298       0.27      0.441   40.57192  -72.08862    32.2047  1023.1019    23.0491    17.8882 0.0000e+00
     13.000    17.8821    32.0641  1023.1112     2.4725     5.3260     97.205    0.00221    5.47916    5.47080 -9.990e-29     0.5894   10.04573   4.232810 2.5320e-11    23.0538    23.0533 1.0000e-12     13.101          1        965    1512.33 3.9495e+00  49359.201     40.178 1570429303       0.48      0.352   40.57192  -72.08862    32.2087  1023.1114    23.0541    17.8799 0.0000e+00
     14.000    17.8794    32.0649  1023.1169     2.4734     5.3199     97.103    0.00043    5.47862    5.47026 -9.990e-29     0.6627   10.04481   4.232985 2.5320e-11    23.0552    23.0546 1.0000e-12     14.108          1       1036    1512.34 3.9495e+00  49361.035     43.109 1570429305      -0.06      0.313   40.57193  -72.08862    32.2119  1023.1189    23.0573    17.8771 0.0000e+00
     15.000    17.8831    32.0676  1023.1224     2.4697     5.2952     96.684   -0.00242    5.47677    5.46839      8.141     0.8151   10.04167   4.234045 2.5320e-11    23.0564    23.0557 1.0000e-12     15.121          1       1126    1512.37 3.9495e+00  49364.902     46.868 1570429309       0.19      0.328   40.57194  -72.08860    32.2177  1023.1269    23.0608    17.8806 0.0000e+00
     16.000    17.8964    32.0721  1023.1272     2.4691     5.3031     96.837   -0.00041    5.47627    5.46789      8.139     0.7453   10.04080   4.235905 2.5320e-11    23.0567    23.0560 1.0000e-12     16.123          1       1182    1512.43 3.9495e+00  49370.795     49.212 1570429312      -0.07      0.368   40.57194  -72.08860    32.2226  1023.1319    23.0614    17.8937 0.0000e+00
     17.000    17.9048    32.0776  1023.1338     2.4681     5.2971     96.794   -0.00059    5.47260    5.46420 -9.990e-29     0.7206   10.03450   4.237543 2.5320e-11    23.0589    23.0582 1.0000e-12     17.138          1       1276    1512.47 3.9495e+00  49378.315     53.134 1570429315       0.09      0.249   40.57196  -72.08860    32.2295  1023.1396    23.0647    17.9019 0.0000e+00
     18.000    17.9218    32.0890  1023.1429     2.4614     5.2660     96.210   -0.00352    5.47341    5.46502      8.137     0.7355   10.03587   4.240617 2.5320e-11    23.0635    23.0628 1.0000e-12     18.141          1       1316    1512.55 3.9495e+00  49393.265     54.777 1570429317       0.30      0.550   40.57196  -72.08860    32.2418  1023.1493    23.0700    17.9188 0.0000e+00
     19.000    17.9410    32.1096  1023.1584     2.4510     5.2187     95.498   -0.00588    5.46470    5.45625      8.135     0.7314   10.02070   4.245355 1.0728e+05    23.0747    23.0739 1.0000e-12     19.142          1       1377    1512.65 2.2111e+00  49420.630     57.352 1570429320       0.28      0.542   40.57196  -72.08860    32.2665  1023.1679    23.0842    17.9378 0.0000e+00
     20.000    17.9841    32.1697  1023.1984     2.4337     5.1498     94.427   -0.00846    5.45371    5.44521      8.133     0.6497   10.00161   4.256659 9.9999e+04    23.1104    23.1096 1.0000e-12     20.147          1       1442    1512.86 6.6214e-01  49501.469     60.034 1570429322       0.12      0.688   40.57197  -72.08860    32.3280  1023.2087    23.1206    17.9808 0.0000e+00
     21.000    18.1661    32.3188  1023.2726     2.3853     4.9267     91.536   -0.01439    5.38276    5.37390      8.129     0.3843    9.87716   4.293564 2.9929e+04    23.1802    23.1793 1.0000e-12     21.179          1       1561    1513.59 2.6209e+00  49694.817     65.008 1570429327       0.26      0.019   40.57198  -72.08860    32.4960  1023.2968    23.2044    18.1625 0.0000e+00
     22.000    18.4311    32.5016  1023.3518     2.3421     4.7319     87.698   -0.03452    5.39566    5.38687      8.130     0.3898    9.89960   4.341476 8.0825e+03    23.2550    23.2540 1.0000e-12     22.169          1       1577    1514.58 3.4043e+00  49928.914     65.663 1570429328       0.41      0.708   40.57198  -72.08859    32.6895  1023.3833    23.2866    18.4274 0.0000e+00
     23.000    18.4464    32.7574  1023.5480     2.3140     4.7508     88.201   -0.01272    5.38649    5.37770      8.132     0.3774    9.88245   4.370793 6.0264e+02    23.4470    23.4460 1.0000e-12     23.172          1       1650    1514.93 3.9048e+00  50281.010     68.706 1570429331       0.13      0.516   40.57199  -72.08858    32.9238  1023.5621    23.4611    18.4425 0.0000e+00
     24.000    18.3929    32.8688  1023.6508     2.3148     4.8112     89.881    0.00659    5.35270    5.34374      8.147     0.2276    9.82330   4.378167 2.5312e-11    23.5454    23.5443 1.0000e-12     24.206          1       1736    1514.92 3.9501e+00  50437.554     72.307 1570429335       0.11      0.337   40.57200  -72.08858    33.0285  1023.6595    23.5540    18.3887 0.0000e+00
     25.000    18.4707    33.0187  1023.7505     2.3306     4.8810     91.205    0.01313    5.35175    5.34279      8.147     0.2499    9.82154   4.407895 2.5320e-11    23.6408    23.6397 1.0000e-12     25.188          1       1753    1515.33 3.9495e+00  50638.873     72.991 1570429335       0.50      0.801   40.57200  -72.08858    33.2159  1023.7871    23.6774    18.4664 0.0000e+00
     26.000    18.7210    33.2209  1023.8471     2.3521     4.9189     91.974    0.00968    5.34814    5.33917      8.155     0.1712    9.81495   4.452988 2.5320e-11    23.7331    23.7320 1.0000e-12     26.202          1       1808    1516.30 3.9495e+00  50900.364     75.274 1570429338      -0.19      0.475   40.57200  -72.08858    33.3926  1023.8636    23.7496    18.7165 0.0000e+00
     27.000    18.7694    33.3073  1023.9054     2.3579     4.8880     91.440   -0.00018    5.34563    5.33666      8.161     0.1328    9.81014   4.467146 -9.990e-29    23.7871    23.7859 1.0000e-12     27.210          1       1872    1516.55 3.9495e+00  51016.213     77.949 1570429340       0.20      0.461   40.57201  -72.08858    33.4719  1023.9162    23.7978    18.7647 0.0000e+00
     28.000    18.7468    33.3582  1023.9544     2.3490     4.8542     90.683   -0.00424    5.35298    5.34408      8.154     0.1170    9.82230   4.471176 -9.990e-29    23.8317    23.8304 1.0000e-12     28.226          1       1928    1516.56 3.9495e+00  51087.689     80.284 1570429343      -0.12      0.422   40.57202  -72.08858    33.5237  1023.9657    23.8430    18.7418 0.0000e+00
     29.000    18.7689    33.3854  1023.9740     2.3301     4.7698     89.014   -0.01309    5.35843    5.34958      8.152     0.1189    9.83143   4.475936 -9.990e-29    23.8470    23.8457 1.0000e-12     29.221          1       1959    1516.67 3.9495e+00  51124.112     81.581 1570429344       0.35      0.688   40.57202  -72.08858    33.5453  1023.9809    23.8538    18.7638 0.0000e+00
     30.000    18.6578    33.3767  1023.9996     2.3064     4.8068     88.227   -0.00955    5.44859    5.44045      8.144     0.1297    9.98320   4.463688 9.9999e+04    23.8681    23.8668 1.0000e-12     30.238          1       2019    1516.36 7.8775e-01  51119.523     84.071 1570429346      -0.24      0.387   40.57202  -72.08858    33.5324  1024.0034    23.8718    18.6526 0.0000e+00
     31.000    18.3472    33.2921  1024.0164     2.2535     4.6597     84.086   -0.02728    5.54151    5.53423      8.117     0.1191   10.13788   4.419462 6.0148e+04    23.8804    23.8790 1.0000e-12     31.242          1       2067    1515.38 1.3534e+00  51024.821     86.075 1570429348       0.24      0.571   40.57204  -72.08856    33.4114  1023.9929    23.8568    18.3418 0.0000e+00
     32.000    17.4529    33.1129  1024.1009     2.2074     4.5329     81.359   -0.03234    5.57153    5.56452      8.104     0.0957   10.18822   4.308610 -3.225e+02    23.9598    23.9586 1.0000e-12     32.251          1       2103    1512.56 3.9635e+00  50843.046     87.591 1570429350      -0.04      0.676   40.57204  -72.08856    33.1947  1024.0493    23.9083    17.4475 0.0000e+00
     33.000    16.9467    33.1508  1024.2548     2.1732     4.5660     80.728   -0.02138    5.65610    5.64991      8.092     0.1163   10.32933   4.269660 2.5320e-11    24.1091    24.1079 1.0000e-12     33.258          1       2143    1511.10 3.9495e+00  50935.416     89.233 1570429352      -0.05      0.625   40.57204  -72.08856    33.2743  1024.2348    24.0891    16.9413 0.0000e+00
     34.000    16.5065    33.0887  1024.3139     2.1284     4.4675     78.107   -0.02569    5.71971    5.71415      8.082     0.1260   10.43552   4.216931 2.5320e-11    24.1635    24.1622 1.0000e-12     34.269          1       2185    1509.71 3.9495e+00  50887.394     90.995 1570429353       0.06      0.554   40.57204  -72.08856    33.1772  1024.2674    24.1170    16.5011 0.0000e+00
     35.000    15.6702    33.0206  1024.4556     2.0698     4.4607     74.935   -0.02814    5.95659    5.95358      8.052     0.1083   10.83099   4.130642 4.1704e+04    24.3002    24.2990 1.0000e-12     35.274          1       2234    1507.06 2.3024e+00  50870.353     93.038 1570429355      -0.12      0.485   40.57205  -72.08856    33.1095  1024.4094    24.2540    15.6648 0.0000e+00
     36.000    14.6876    32.8675  1024.5557     1.9556     4.0859     65.751   -0.05755    6.21358    6.21360      7.989     0.1334   11.25777   4.014307 2.4510e+04    24.3952    24.3941 1.0000e-12     36.286          1       2287    1503.78 2.9280e+00  50761.675     95.248 1570429358       0.20      0.465   40.57206  -72.08856    32.8830  1024.4535    24.2930    14.6823 0.0000e+00
     37.000    12.4665    32.6756  1024.8626     1.8930     3.9842     63.769   -0.04790    6.24783    6.24827      7.963     0.1457   11.31482   3.785309 -9.990e-29    24.6960    24.6951 1.0000e-12     37.292          1       2321    1496.25 3.5847e+00  50772.348     96.658 1570429359       0.10      0.683   40.57206  -72.08856    32.6442  1024.7236    24.5569    12.4616 0.0000e+00
     38.000    11.5726    32.6904  1025.0470     1.8558     4.0161     63.896   -0.03168    6.28534    6.28623      7.954     0.1508   11.37738   3.711561 -9.990e-29    24.8751    24.8743 1.0000e-12     38.295          1       2353    1493.22 3.9322e+00  50926.243     97.996 1570429360      -0.01      0.758   40.57206  -72.08856    32.7110  1024.9474    24.7755    11.5678 0.0000e+00
     39.000    11.0769    32.6444  1025.1055     1.8171     4.0556     63.780   -0.01729    6.35884    6.36065      7.929     0.1408   11.49977   3.665096 9.9999e+04    24.9287    24.9279 1.0000e-12     39.306          1       2406    1491.45 7.6637e-01  50942.661    100.208 1570429363      -0.14      0.450   40.57206  -72.08856    32.6914  1025.0261    24.8493    11.0722 0.0000e+00
     40.000    10.6138    32.5906  1025.1497     1.7781     3.9963     61.935   -0.01679    6.45240    6.45543      7.893     0.1408   11.65497   3.619533 2.2446e+04    24.9679    24.9671 1.0000e-12     40.320          1       2463    1489.76 2.9150e+00  50946.232    102.593 1570429365       0.14      0.432   40.57207  -72.08856    32.6497  1025.0796    24.8978    10.6091 0.0000e+00
     41.000    10.1632    32.5302  1025.1840     1.7555     3.9208     60.735   -0.01737    6.45551    6.45858      7.885     0.1657   11.66005   3.572260 4.0850e+02    24.9973    24.9966 1.0000e-12     41.323          1       2495    1488.09 3.9336e+00  50943.489    103.920 1570429366       0.20      0.690   40.57208  -72.08855    32.5766  1025.1039    24.9172    10.1585 0.0000e+00
     42.000     9.7870    32.5325  1025.2531     1.7360     3.9002     60.396   -0.01254    6.45774    6.46084      7.879     0.1488   11.66394   3.542148 9.3789e+04    25.0616    25.0608 1.0000e-12     42.324          1       2540    1486.75 7.2834e-01  51017.895    105.808 1570429368      -0.01      0.661   40.57208  -72.08854    32.6092  1025.1962    25.0047     9.7823 0.0000e+00
