CalculateIndicators/WaterTemperature/Data/CTD_NYOS/NYOS2006_C07.cnv
* Sea-Bird SBE19plus Data File:
* FileName = C:\Users\radar\Desktop\NYOS2006.ctd\NYOS2006_C07.hex
* Software Version 1.59
* Temperature SN =  4675
* Conductivity SN =  4675
* System UpLoad Time = Sep 21 2009 07:18:46
* NMEA Latitude = 40 45.174 N
* NMEA Longitude = 72 30.140 W
# nquan = 15
# nvalues = 54                          
# units = specified
# name 0 = depSM: Depth [salt water, m]
# name 1 = tv290C: Temperature [ITS-90, deg C]
# name 2 = sal00: Salinity, Practical [PSU]
# name 3 = density00: Density [density, kg/m^3]
# name 4 = c0S/m: Conductivity [S/m]
# name 5 = sigma-�00: Density [sigma-theta, kg/m^3]
# name 6 = sigma-t00: Density [sigma-t, kg/m^3 ]
# name 7 = prdM: Pressure, Strain Gauge [db]
# name 8 = scan: Scan Count
# name 9 = svCM: Sound Velocity [Chen-Millero, m/s]
# name 10 = specc: Specific Conductance [uS/cm]
# name 11 = timeS: Time, Elapsed [seconds]
# name 12 = accM: Acceleration [m/s^2]
# name 13 = dz/dtM: Descent Rate [m/s]
# name 14 = flag: flag
# span 0 =      1.000,     28.000       
# span 1 =    10.1979,    14.0859       
# span 2 =    30.9978,    31.7130       
# span 3 =  1023.1007,  1024.4815       
# span 4 =   3.503676,   3.771549       
# span 5 =    23.0855,    24.3544       
# span 6 =    23.0854,    24.3539       
# span 7 =      1.008,     28.213       
# span 8 =        774,       1211       
# span 9 =    1487.00,    1499.13       
# span 10 =  48211.119,  49776.044      
# span 11 =    193.338,    302.453      
# span 12 =      -1.02,       0.69      
# span 13 =     -0.852,      0.742      
# span 14 = 0.0000e+00, 0.0000e+00      
# interval = meters: 1                  
# start_time = Jun 02 2020 21:24:28 [Instrument's time stamp, header]
# bad_flag = -9.990e-29
*END*
      2.000    14.0859    31.0233  1023.1075   3.771549    23.0986    23.0986      2.002        774    1499.13  48241.628    193.338       0.03      0.439 0.0000e+00
      3.000    14.0581    31.0004  1023.1007   3.765741    23.0855    23.0854      3.025        781    1499.01  48211.119    195.074       0.15      0.541 0.0000e+00
      4.000    13.9347    31.0045  1023.1325   3.755674    23.1161    23.1160      4.025        789    1498.64  48235.051    196.995      -0.07      0.542 0.0000e+00
      5.000    13.8313    30.9978  1023.1538   3.744864    23.1296    23.1295      4.998        797    1498.29  48234.284    199.078       0.08      0.385 0.0000e+00
      6.000    13.6851    31.0129  1023.1981   3.734304    23.1725    23.1724      6.043        803    1497.86  48276.051    200.460      -0.04      0.692 0.0000e+00
      7.000    13.5701    31.0006  1023.2184   3.720902    23.1826    23.1824      7.028        811    1497.44  48266.575    202.414       0.16      0.428 0.0000e+00
      8.000    13.2173    31.0314  1023.3136   3.694209    23.2796    23.2794      8.049        817    1496.37  48358.640    204.005      -0.10      0.634 0.0000e+00
      9.000    12.8961    31.0787  1023.4187   3.669811    23.3737    23.3735      9.042        825    1495.33  48457.008    205.878       0.17      0.460 0.0000e+00
     10.000    12.6051    31.1763  1023.5525   3.656351    23.5077    23.5074     10.061        831    1494.51  48637.009    207.476      -0.06      0.627 0.0000e+00
     11.000    12.5020    31.2970  1023.6717   3.659343    23.6249    23.6247     11.057        839    1494.29  48828.540    209.464       0.05      0.497 0.0000e+00
     12.000    12.1787    31.1161  1023.6009   3.605102    23.5181    23.5178     12.056        845    1492.89  48570.018    210.959       0.14      0.631 0.0000e+00
     13.000    11.3925    31.2597  1023.8514   3.558009    23.8068    23.8065     13.073        851    1490.52  48951.062    212.586      -0.03      0.611 0.0000e+00
     14.000    11.1488    31.2673  1023.9106   3.534777    23.8327    23.8324     14.053        859    1489.58  48956.197    214.545       0.52      0.329 0.0000e+00
     15.000    10.8961    31.3514  1024.0209   3.525018    23.9507    23.9504     15.101        864    1488.88  49132.460    215.872       0.20      0.669 0.0000e+00
     16.000    10.8188    31.4212  1024.0948   3.524901    24.0213    24.0210     16.106        872    1488.67  49249.613    217.670       0.43      0.491 0.0000e+00
     17.000    10.7173    31.4594  1024.1461   3.521113    24.0687    24.0684     17.055        880    1488.38  49320.579    219.852      -0.24      0.400 0.0000e+00
     18.000    10.7005    31.4745  1024.1650   3.521725    24.0832    24.0828     18.131        885    1488.36  49345.183    220.891       0.69      0.703 0.0000e+00
     19.000    10.6991    31.5101  1024.1979   3.525916    24.1096    24.1092     19.075        895    1488.41  49393.776    223.577      -0.08      0.207 0.0000e+00
     20.000    10.6909    31.5443  1024.2308   3.528274    24.1410    24.1406     20.138        900    1488.43  49450.134    224.740       0.54      0.742 0.0000e+00
     21.000    10.6133    31.5592  1024.2595   3.523616    24.1646    24.1642     21.103        907    1488.20  49482.272    226.577      -0.33      0.583 0.0000e+00
     22.000    10.5765    31.5822  1024.2884   3.522871    24.1888    24.1884     22.125        915    1488.11  49521.924    228.389      -0.06      0.562 0.0000e+00
     23.000    10.5568    31.5762  1024.2925   3.519970    24.1871    24.1867     23.127        922    1488.04  49516.686    230.238       0.17      0.536 0.0000e+00
     24.000    10.3937    31.6138  1024.3528   3.509972    24.2427    24.2422     24.143        928    1487.53  49596.104    231.720       0.05      0.679 0.0000e+00
     25.000    10.2285    31.7039  1024.4556   3.504751    24.3441    24.3436     25.119        936    1487.07  49759.691    233.765      -0.22      0.460 0.0000e+00
     26.000    10.2158    31.7058  1024.4638   3.504007    24.3456    24.3451     26.160        942    1487.03  49760.887    235.210       0.09      0.666 0.0000e+00
     27.000    10.2047    31.7104  1024.4740   3.503676    24.3510    24.3505     27.106        950    1487.01  49769.956    237.296      -0.18      0.333 0.0000e+00
     28.000    10.1979    31.7130  1024.4815   3.503821    24.3544    24.3539     28.213        965    1487.01  49776.044    240.937       0.19      0.521 0.0000e+00
     27.000    10.2021    31.7119  1024.4755   3.504147    24.3530    24.3524     27.118        982    1487.01  49773.268    245.355      -0.70     -0.343 0.0000e+00
     26.000    10.2040    31.7118  1024.4705   3.504404    24.3526    24.3521     26.124        994    1487.00  49772.264    248.210      -0.48     -0.394 0.0000e+00
     25.000    10.2120    31.7074  1024.4612   3.504715    24.3475    24.3470     25.146       1005    1487.01  49763.396    251.004      -0.18     -0.262 0.0000e+00
     24.000    10.2261    31.7037  1024.4512   3.505699    24.3423    24.3419     24.142       1015    1487.04  49755.267    253.521       0.12     -0.377 0.0000e+00
     23.000    10.2989    31.6915  1024.4249   3.511238    24.3214    24.3209     23.124       1023    1487.27  49725.976    255.382      -0.03     -0.577 0.0000e+00
     22.000    10.4572    31.6350  1024.3500   3.519431    24.2493    24.2489     22.113       1030    1487.74  49615.279    257.344      -0.08     -0.508 0.0000e+00
     21.000    10.5657    31.5849  1024.2879   3.523755    24.1928    24.1924     21.142       1042    1488.06  49527.005    260.276      -0.38     -0.213 0.0000e+00
     20.000    10.6123    31.5760  1024.2684   3.527054    24.1762    24.1758     20.096       1049    1488.20  49502.522    261.932      -0.29     -0.551 0.0000e+00
     19.000    10.6829    31.5411  1024.2247   3.529295    24.1384    24.1381     19.094       1059    1488.39  49443.832    264.406      -0.23     -0.484 0.0000e+00
     18.000    10.6867    31.4991  1024.1867   3.525136    24.1051    24.1047     18.114       1067    1488.34  49383.029    266.507      -0.01     -0.433 0.0000e+00
     17.000    10.6896    31.4663  1024.1562   3.522093    24.0792    24.0788     17.099       1077    1488.29  49336.010    268.876      -0.04     -0.352 0.0000e+00
     16.000    10.7180    31.4617  1024.1434   3.523977    24.0699    24.0695     16.091       1085    1488.37  49322.810    271.125      -0.17     -0.452 0.0000e+00
     15.000    10.7983    31.4300  1024.1003   3.527569    24.0330    24.0327     15.114       1094    1488.60  49266.469    273.313      -0.42     -0.283 0.0000e+00
     14.000    10.8162    31.4019  1024.0703   3.526976    24.0042    24.0039     14.037       1099    1488.63  49217.324    274.623      -0.66     -0.717 0.0000e+00
     13.000    10.9240    31.4211  1024.0621   3.538938    24.0043    24.0040     13.041       1110    1489.02  49232.769    277.136      -0.99     -0.637 0.0000e+00
     12.000    11.2619    31.4730  1024.0358   3.577615    23.9821    23.9818     12.088       1119    1490.30  49246.097    279.427       0.15     -0.453 0.0000e+00
     11.000    11.9047    31.5359  1023.9682   3.638669    23.9142    23.9139     11.034       1127    1492.52  49233.095    281.385      -0.55     -0.462 0.0000e+00
     10.000    12.3654    31.3160  1023.7072   3.654829    23.6602    23.6599     10.041       1135    1493.84  48863.225    283.593      -1.02     -0.477 0.0000e+00
      9.000    12.5288    31.2325  1023.6063   3.661147    23.5632    23.5631      9.011       1141    1494.29  48720.387    285.125      -0.56     -0.852 0.0000e+00
      8.000    12.8074    31.1900  1023.5159   3.681021    23.4799    23.4797      8.023       1152    1495.17  48631.822    287.825      -0.45     -0.561 0.0000e+00
      7.000    13.1664    31.1150  1023.3844   3.704257    23.3471    23.3470      7.054       1161    1496.27  48467.506    290.049      -0.18     -0.335 0.0000e+00
      6.000    13.4428    31.0755  1023.2955   3.723761    23.2624    23.2622      6.040       1170    1497.12  48379.783    292.186      -0.25     -0.353 0.0000e+00
      5.000    13.5789    31.0641  1023.2542   3.734670    23.2329    23.2328      5.000       1177    1497.56  48358.862    293.915      -0.46     -0.658 0.0000e+00
      4.000    13.7622    31.0252  1023.1842   3.745137    23.1629    23.1628      4.043       1187    1498.08  48276.063    296.481       0.16     -0.275 0.0000e+00
      3.000    13.8131    31.0418  1023.1816   3.751590    23.1688    23.1687      3.016       1194    1498.26  48299.472    298.372       0.07     -0.493 0.0000e+00
      2.000    13.9147    31.0269  1023.1448   3.758703    23.1362    23.1362      2.015       1203    1498.57  48266.288    300.580      -0.30     -0.392 0.0000e+00
      1.000    14.0059    31.0386  1023.1314   3.767635    23.1266    23.1265      1.008       1211    1498.86  48270.979    302.453       0.13     -0.541 0.0000e+00
