CalculateIndicators/WaterTemperature/Data/CTD_NYOS/NYOS190726_4_5.cnv
* Sea-Bird SBE 9 Data File:
* FileName = C:\Seabird 9 CTD\Data\2019\201907_offshore\NYOS190726_4_5.hex
* Software Version Seasave V 7.23.2
* Temperature SN = 4590
* Conductivity SN = 3228
* Number of Bytes Per Scan = 44
* Number of Voltage Words = 5
* Number of Scans Averaged by the Deck Unit = 1
* NMEA Latitude = 39 31.62 N
* NMEA Longitude = 072 23.81 W
* NMEA UTC (Time) = Jul 26 2019  07:58:18
* NMEA baud rate = 4800
** Ship: seawolf
** Station: 4-5
** Operator: lissssssssssss
# nquan = 35
# nvalues = 973                         
# units = specified
# name 0 = depSM: Depth [salt water, m]
# name 1 = t090C: Temperature [ITS-90, deg C]
# name 2 = sal00: Salinity, Practical [PSU]
# name 3 = density00: Density [density, kg/m^3]
# name 4 = sbeox0V: Oxygen raw, SBE 43 [V]
# name 5 = sbeox0ML/L: Oxygen, SBE 43 [ml/l]
# name 6 = sbeox0PS: Oxygen, SBE 43 [% saturation]
# name 7 = sbox0dV/dT: Oxygen, SBE 43 [dov/dt]
# name 8 = oxsolML/L: Oxygen Saturation, Garcia & Gordon [ml/l]
# name 9 = oxsatML/L: Oxygen Saturation, Weiss [ml/l]
# name 10 = ph: pH
# name 11 = flECO-AFL: Fluorescence, WET Labs ECO-AFL/FL [mg/m^3]
# name 12 = n2satML/L: Nitrogen Saturation [ml/l]
# name 13 = c0S/m: Conductivity [S/m]
# name 14 = cpar: CPAR/Corrected Irradiance [%]
# name 15 = sigma-é00: Density [sigma-theta, kg/m^3]
# name 16 = sigma-t00: Density [sigma-t, kg/m^3 ]
# name 17 = par: PAR/Irradiance, Biospherical/Licor
# name 18 = prDM: Pressure, Digiquartz [db]
# name 19 = pumps: Pump Status
# name 20 = scan: Scan Count
# name 21 = svCM: Sound Velocity [Chen-Millero, m/s]
# name 22 = spar: SPAR, Biospherical/Licor
# name 23 = specc: Specific Conductance [uS/cm]
# name 24 = timeS: Time, Elapsed [seconds]
# name 25 = timeY: Time, System [seconds]
# name 26 = accM: Acceleration [m/s^2]
# name 27 = dz/dtM: Descent Rate [m/s]
# name 28 = latitude: Latitude [deg]
# name 29 = longitude: Longitude [deg]
# name 30 = gsw_saA0: Absolute Salinity [g/kg]
# name 31 = gsw_densityA0: density, TEOS-10 [density, kg/m^3]
# name 32 = gsw_sigma0A0: density, TEOS-10 [sigma-0, kg/m^3 ]
# name 33 = gsw_ptA0: potential temperature [ITS-90, deg C]
# name 34 = flag: flag
# span 0 =      2.000,    488.000       
# span 1 =     7.5183,    24.8949       
# span 2 =    31.5796,    35.7402       
# span 3 =  1020.7994,  1029.7031       
# span 4 =     1.4159,     2.8306       
# span 5 =     2.8264,     6.2599       
# span 6 =     47.184,    116.715       
# span 7 =   -0.04848,    0.24232       
# span 8 =    4.83015,    6.65683       
# span 9 =    4.81791,    6.66568       
# span 10 =      7.939,      8.266      
# span 11 =    -0.0667,     1.3888      
# span 12 =    8.96609,   11.96142      
# span 13 =   3.612307,   4.896596      
# span 14 = -4.030e+04, 1.5456e+05      
# span 15 =    20.7908,    27.4698      
# span 16 =    20.7907,    27.4627      
# span 17 = -3.351e-05, 1.2236e-03      
# span 18 =      2.016,    492.330      
# span 19 =          0,          1      
# span 20 =        327,      32706      
# span 21 =    1489.01,    1530.88      
# span 22 = -3.021e+00, 5.5727e+00      
# span 23 =  48420.848,  55540.768      
# span 24 =     13.579,   1362.716      
# span 25 = 1564127912, 1564129262      
# span 26 =      -0.47,       0.44      
# span 27 =     -1.618,      1.210      
# span 28 =   39.52415,   39.52701      
# span 29 =  -72.40244,  -72.39708      
# span 30 =    31.7323,    35.9145      
# span 31 =  1020.8054,  1029.7060      
# span 32 =    20.7968,    27.4728      
# span 33 =     7.4690,    24.8943      
# span 34 = 0.0000e+00, 0.0000e+00      
# interval = meters: 1                  
# start_time = Jul 26 2019 07:58:19 [System UTC, first data scan.]
# bad_flag = -9.990e-29
*END*
[from data line 332]
    334.000     9.3800    35.2539  1028.7772     1.4631     3.2412     50.649    0.00200    6.39940    6.40432      7.940    -0.0348   11.53523   3.789516 2.5320e-11    27.2612    27.2549 1.0000e-12    336.838          1       9220    1493.45 3.9495e+00  55116.714    384.111 1564128283       0.00      1.124   39.52544  -72.39808    35.4171  1028.7770    27.2611     9.3420 0.0000e+00
    335.000     9.3552    35.2504  1028.7833     1.4656     3.2563     50.881    0.00264    6.39995    6.40488      7.940    -0.0444   11.53614   3.786613 2.5320e-11    27.2626    27.2563 1.0000e-12    337.848          1       9241    1493.37 3.9495e+00  55118.052    385.012 1564128284      -0.00      1.125   39.52544  -72.39808    35.4109  1028.7810    27.2603     9.3171 0.0000e+00
    336.000     9.3169    35.2512  1028.7950     1.4679     3.2651     51.008    0.00264    6.40113    6.40607      7.941    -0.0353   11.53806   3.783440 2.5320e-11    27.2695    27.2632 1.0000e-12    338.857          1       9263    1493.25 3.9495e+00  55128.525    385.907 1564128285       0.00      1.124   39.52544  -72.39809    35.4151  1028.7954    27.2699     9.2788 0.0000e+00
    337.000     9.3152    35.2511  1028.7998     1.4704     3.2749     51.158    0.00271    6.40157    6.40652      7.941    -0.0404   11.53878   3.783394 2.5320e-11    27.2697    27.2634 1.0000e-12    339.867          1       9284    1493.26 3.9495e+00  55129.325    386.808 1564128286      -0.00      1.125   39.52544  -72.39810    35.4158  1028.8008    27.2708     9.2770 0.0000e+00
    338.000     9.3153    35.2506  1028.8040     1.4731     3.2860     51.327    0.00288    6.40212    6.40709      7.942    -0.0393   11.53969   3.783376 2.5320e-11    27.2694    27.2630 1.0000e-12    340.876          1       9306    1493.28 3.9495e+00  55129.277    387.712 1564128287      -0.01      1.119   39.52544  -72.39810    35.4151  1028.8048    27.2702     9.2770 0.0000e+00
    339.000     9.3038    35.2521  1028.8116     1.4757     3.2959     51.476    0.00291    6.40268    6.40766      7.943    -0.0363   11.54062   3.782539 2.5320e-11    27.2724    27.2661 1.0000e-12    341.885          1       9328    1493.25 3.9495e+00  55134.745    388.609 1564128287       0.01      1.120   39.52543  -72.39810    35.4172  1028.8129    27.2738     9.2654 0.0000e+00
    340.000     9.3004    35.2526  1028.8172     1.4791     3.3115     51.708    0.00325    6.40426    6.40926      7.943    -0.0468   11.54326   3.782349 2.5320e-11    27.2734    27.2671 1.0000e-12    342.894          1       9349    1493.26 3.9495e+00  55136.832    389.505 1564128288       0.00      1.126   39.52542  -72.39810    35.4182  1028.8188    27.2751     9.2618 0.0000e+00
    341.000     9.2969    35.2535  1028.8230     1.4820     3.3271     51.934    0.00367    6.40629    6.41131      7.943    -0.0331   11.54661   3.782164 3.2357e+04    27.2747    27.2683 1.0000e-12    343.904          1       9371    1493.26 2.6715e+00  55139.512    390.411 1564128289      -0.01      1.121   39.52542  -72.39810    35.4192  1028.8247    27.2764     9.2583 0.0000e+00
    342.000     9.2922    35.2535  1028.8283     1.4838     3.3243     51.882    0.00265    6.40730    6.41235      7.944    -0.0225   11.54829   3.781788 1.0068e+05    27.2754    27.2691 1.0000e-12    344.914          1       9393    1493.26 -2.699e-02  55141.169    391.322 1564128290      -0.01      1.111   39.52542  -72.39812    35.4195  1028.8303    27.2775     9.2535 0.0000e+00
    343.000     9.2853    35.2516  1028.8326     1.4846     3.3174     51.762    0.00153    6.40894    6.41401      7.944    -0.0357   11.55099   3.780908 -9.990e-29    27.2752    27.2688 1.0000e-12    345.923          1       9414    1493.25 8.9175e-01  55140.874    392.223 1564128291       0.01      1.114   39.52542  -72.39812    35.4166  1028.8338    27.2764     9.2465 0.0000e+00
    344.000     9.2704    35.2504  1028.8387     1.4850     3.3113     51.646    0.00055    6.41139    6.41650      7.945    -0.0332   11.55503   3.779455 -9.990e-29    27.2766    27.2703 1.0000e-12    346.932          1       9436    1493.21 3.9488e+00  55143.207    393.125 1564128292       0.00      1.119   39.52542  -72.39814    35.4157  1028.8402    27.2781     9.2315 0.0000e+00
    345.000     9.2608    35.2506  1028.8451     1.4869     3.3250     51.851    0.00117    6.41267    6.41779      7.945    -0.0431   11.55714   3.778679 -9.990e-29    27.2784    27.2720 1.0000e-12    347.941          1       9458    1493.19 3.9495e+00  55146.372    394.022 1564128293       0.00      1.122   39.52542  -72.39814    35.4166  1028.8471    27.2805     9.2218 0.0000e+00
    346.000     9.2539    35.2508  1028.8510     1.4894     3.3472     52.179    0.00248    6.41479    6.41994      7.946    -0.0303   11.56067   3.777996 -9.990e-29    27.2797    27.2733 1.0000e-12    348.951          1       9479    1493.18 3.9495e+00  55148.849    394.922 1564128294      -0.00      1.124   39.52542  -72.39814    35.4158  1028.8522    27.2810     9.2148 0.0000e+00
    347.000     9.2335    35.2511  1028.8593     1.4919     3.3589     52.354    0.00269    6.41577    6.42094      7.946    -0.0362   11.56229   3.776175 2.5320e-11    27.2833    27.2769 1.0000e-12    349.960          1       9501    1493.13 3.9495e+00  55154.608    395.821 1564128295       0.00      1.121   39.52542  -72.39814    35.4166  1028.8608    27.2849     9.1943 0.0000e+00
    348.000     9.2237    35.2516  1028.8659     1.4943     3.3687     52.502    0.00282    6.41642    6.42159      7.946    -0.0512   11.56338   3.775356 2.5320e-11    27.2853    27.2789 1.0000e-12    350.970          1       9522    1493.11 3.9495e+00  55158.215    396.721 1564128296       0.00      1.123   39.52542  -72.39814    35.4172  1028.8675    27.2870     9.1844 0.0000e+00
    349.000     9.2116    35.2497  1028.8711     1.4958     3.3715     52.508    0.00227    6.42094    6.42618 -9.990e-29    -0.0513   11.57091   3.774011 2.5320e-11    27.2859    27.2794 1.0000e-12    351.979          1       9544    1493.08 3.9495e+00  55159.096    397.625 1564128296      -0.01      1.120   39.52541  -72.39815    35.4146  1028.8721    27.2870     9.1723 0.0000e+00
    350.000     9.1992    35.2491  1028.8772     1.4965     3.3668     52.420    0.00135    6.42273    6.42799 -9.990e-29    -0.0238   11.57385   3.772947 2.5320e-11    27.2874    27.2810 1.0000e-12    352.989          1       9566    1493.05 3.9495e+00  55161.699    398.536 1564128297      -0.01      1.112   39.52540  -72.39816    35.4153  1028.8793    27.2895     9.1598 0.0000e+00
    351.000     9.2006    35.2486  1028.8811     1.4956     3.3534     52.182    0.00003    6.42641    6.43172 -9.990e-29    -0.0353   11.58001   3.772990 2.5320e-11    27.2867    27.2803 1.0000e-12    353.997          1       9588    1493.07 3.9495e+00  55161.314    399.442 1564128298       0.00      1.111   39.52540  -72.39816    35.4139  1028.8826    27.2883     9.1610 0.0000e+00
    352.000     9.1746    35.2435  1028.8861     1.4942     3.3387     51.924   -0.00128    6.42991    6.43528 -9.990e-29    -0.0227   11.58583   3.769915 2.5320e-11    27.2870    27.2806 1.0000e-12    355.007          1       9609    1492.99 3.9495e+00  55160.877    400.349 1564128299       0.00      1.113   39.52540  -72.39818    35.4070  1028.8861    27.2870     9.1350 0.0000e+00
    353.000     9.1531    35.2420  1028.8932     1.4929     3.3360     51.853   -0.00136    6.43355    6.43896      7.944    -0.0329   11.59186   3.767999 -9.990e-29    27.2894    27.2829 1.0000e-12    356.017          1       9631    1492.92 3.9495e+00  55164.267    401.253 1564128300       0.00      1.115   39.52540  -72.39818    35.4077  1028.8949    27.2911     9.1135 0.0000e+00
    354.000     9.1398    35.2378  1028.8967     1.4908     3.3244     51.660   -0.00197    6.43517    6.44061      7.943    -0.0330   11.59455   3.766054 -9.990e-29    27.2882    27.2818 1.0000e-12    357.026          1       9653    1492.88 3.9495e+00  55162.124    402.154 1564128301       0.00      1.118   39.52540  -72.39818    35.4000  1028.8957    27.2873     9.1001 0.0000e+00
    355.000     9.1121    35.2347  1028.9036     1.4885     3.3153     51.499   -0.00231    6.43758    6.44306      7.942    -0.0361   11.59856   3.763295 -9.990e-29    27.2903    27.2839 1.0000e-12    358.036          1       9674    1492.80 3.9495e+00  55165.022    403.056 1564128302       0.00      1.120   39.52540  -72.39818    35.3980  1028.9034    27.2903     9.0724 0.0000e+00
    356.000     9.0838    35.2317  1028.9106     1.4863     3.3066     51.356   -0.00255    6.43848    6.44397      7.941    -0.0357   11.60004   3.760440 2.5320e-11    27.2926    27.2862 1.0000e-12    359.045          1       9696    1492.71 3.9495e+00  55168.091    403.961 1564128303      -0.01      1.118   39.52540  -72.39819    35.3957  1028.9109    27.2930     9.0440 0.0000e+00
    357.000     9.0702    35.2298  1028.9159     1.4844     3.3031     51.304   -0.00229    6.43818    6.44366      7.941    -0.0344   11.59952   3.759063 2.5320e-11    27.2933    27.2869 1.0000e-12    360.054          1       9718    1492.67 3.9495e+00  55169.158    404.863 1564128304      -0.00      1.118   39.52540  -72.39820    35.3942  1028.9166    27.2941     9.0304 0.0000e+00
    358.000     9.0589    35.2281  1028.9211     1.4834     3.3059     51.343   -0.00172    6.43883    6.44433      7.941    -0.0336   11.60060   3.757771 2.5320e-11    27.2938    27.2874 1.0000e-12    361.064          1       9739    1492.64 3.9495e+00  55170.108    405.768 1564128305      -0.00      1.116   39.52539  -72.39820    35.3914  1028.9209    27.2938     9.0189 0.0000e+00
    359.000     9.0444    35.2285  1028.9284     1.4832     3.3151     51.473   -0.00083    6.44042    6.44595      7.941    -0.0342   11.60323   3.756701 2.5320e-11    27.2965    27.2900 1.0000e-12    362.073          1       9761    1492.60 3.9495e+00  55174.650    406.675 1564128305       0.00      1.114   39.52538  -72.39820    35.3941  1028.9301    27.2982     9.0043 0.0000e+00
    360.000     9.0464    35.2292  1028.9331     1.4837     3.3268     51.651    0.00011    6.44091    6.44644      7.941    -0.0322   11.60403   3.757056 2.5320e-11    27.2967    27.2902 1.0000e-12    363.083          1       9783    1492.63 3.9495e+00  55175.868    407.577 1564128306       0.01      1.115   39.52538  -72.39820    35.3954  1028.9352    27.2989     9.0063 0.0000e+00
    361.000     9.0450    35.2303  1028.9388     1.4848     3.3388     51.835    0.00091    6.44127    6.44680      7.941    -0.0319   11.60463   3.757023 2.5320e-11    27.2978    27.2913 1.0000e-12    364.092          1       9804    1492.64 3.9495e+00  55178.400    408.479 1564128307       0.00      1.120   39.52538  -72.39820    35.3959  1028.9405    27.2996     9.0047 0.0000e+00
    362.000     9.0330    35.2295  1028.9447     1.4863     3.3490     51.990    0.00138    6.44152    6.44706      7.941    -0.0238   11.60506   3.755854 2.2348e+04    27.2991    27.2926 1.0000e-12    365.101          1       9826    1492.62 2.9786e+00  55180.784    409.381 1564128308 3.9461e-21      1.119   39.52538  -72.39822    35.3951  1028.9463    27.3008     8.9927 0.0000e+00
    363.000     9.0287    35.2296  1028.9500     1.4871     3.3517     52.032    0.00137    6.44160    6.44714      7.941    -0.0324   11.60519   3.755548 9.9005e+04    27.2999    27.2934 1.0000e-12    366.111          1       9848    1492.62 3.8101e-02  55182.498    410.280 1564128309       0.00      1.120   39.52538  -72.39822    35.3957  1028.9521    27.3020     8.9883 0.0000e+00
    364.000     9.0259    35.2292  1028.9548     1.4869     3.3418     51.876    0.00034    6.44191    6.44746      7.941    -0.0454   11.60570   3.755326 7.2869e+04    27.3001    27.2936 1.0000e-12    367.120          1       9869    1492.62 8.9292e-01  55183.370    411.183 1564128310      -0.00      1.120   39.52538  -72.39822    35.3957  1028.9571    27.3025     8.9853 0.0000e+00
    365.000     9.0239    35.2288  1028.9594     1.4869     3.3385     51.821   -0.00010    6.44244    6.44799      7.941    -0.0487   11.60656   3.755182 9.1096e+03    27.3002    27.2936 1.0000e-12    368.130          1       9891    1492.63 3.4016e+00  55183.987    412.089 1564128311      -0.01      1.117   39.52538  -72.39822    35.3956  1028.9620    27.3028     8.9833 0.0000e+00
    366.000     9.0230    35.2287  1028.9640     1.4877     3.3465     51.942    0.00039    6.44283    6.44839      7.941    -0.0404   11.60721   3.755155 -1.397e+02    27.3002    27.2936 1.0000e-12    369.140          1       9913    1492.64 3.9578e+00  55184.639    412.992 1564128312       0.00      1.115   39.52538  -72.39823    35.3958  1028.9668    27.3030     8.9823 0.0000e+00
    367.000     9.0216    35.2286  1028.9687     1.4887     3.3564     52.093    0.00100    6.44317    6.44873      7.941    -0.0339   11.60776   3.755062 2.5320e-11    27.3003    27.2937 1.0000e-12    370.149          1       9934    1492.66 3.9495e+00  55185.422    413.891 1564128313       0.01      1.121   39.52538  -72.39824    35.3957  1028.9715    27.3033     8.9807 0.0000e+00
    368.000     9.0184    35.2291  1028.9742     1.4894     3.3599     52.134    0.00098    6.44476    6.45035      7.941    -0.0334   11.61040   3.754846 2.5320e-11    27.3013    27.2947 1.0000e-12    371.158          1       9956    1492.66 3.9495e+00  55187.616    414.792 1564128314      -0.00      1.121   39.52538  -72.39824    35.3962  1028.9770    27.3041     8.9774 0.0000e+00
    369.000     9.0145    35.2294  1028.9796     1.4899     3.3622     52.123    0.00062    6.45057    6.45625      7.942    -0.0349   11.62005   3.754585 2.5320e-11    27.3022    27.2956 1.0000e-12    372.168          1       9978    1492.66 3.9495e+00  55189.575    415.691 1564128315       0.00      1.122   39.52538  -72.39824    35.3968  1028.9827    27.3053     8.9734 0.0000e+00
    370.000     9.0126    35.2293  1028.9844     1.4917     3.3813     52.329    0.00127    6.46166    6.46750      7.942    -0.0494   11.63845   3.754438 2.5320e-11    27.3024    27.2957 1.0000e-12    373.177          1       9999    1492.67 3.9495e+00  55190.528    416.590 1564128315      -0.00      1.123   39.52537  -72.39825    35.3967  1028.9874    27.3055     8.9714 0.0000e+00
    371.000     9.0082    35.2297  1028.9900     1.4931     3.3924     52.466    0.00164    6.46599    6.47189      7.942    -0.0236   11.64561   3.753974 2.5320e-11    27.3034    27.2968 1.0000e-12    374.187          1      10021    1492.67 3.9495e+00  55192.753    417.493 1564128316      -0.00      1.121   39.52536  -72.39826    35.3957  1028.9920    27.3055     8.9669 0.0000e+00
    372.000     8.9777    35.2272  1028.9978     1.4943     3.3974     52.534    0.00159    6.46693    6.47285      7.942    -0.0310   11.64717   3.750627 2.5320e-11    27.3065    27.2998 1.0000e-12    375.196          1      10043    1492.57 3.9495e+00  55197.285    418.398 1564128317      -0.01      1.116   39.52536  -72.39826    35.3903  1028.9975    27.3062     8.9364 0.0000e+00
    373.000     8.9081    35.2183  1029.0071     1.4952     3.3980     52.538    0.00125    6.46770    6.47363      7.942    -0.0341   11.64845   3.742809 2.5320e-11    27.3106    27.3040 1.0000e-12    376.206          1      10064    1492.32 3.9495e+00  55201.749    419.301 1564128318       0.00      1.116   39.52536  -72.39826    35.3766  1029.0030    27.3065     8.8669 0.0000e+00
    374.000     8.8599    35.2172  1029.0189     1.4952     3.3925     52.449    0.00065    6.46813    6.47406      7.942    -0.0416   11.64916   3.738665 2.5320e-11    27.3175    27.3109 1.0000e-12    377.216          1      10086    1492.16 3.9495e+00  55212.591    420.200 1564128319       0.00      1.119   39.52536  -72.39826    35.3804  1029.0186    27.3172     8.8187 0.0000e+00
