CalculateIndicators/WaterTemperature/Data/CTD_NYOS/NYOS190725_4_4.cnv
* Sea-Bird SBE 9 Data File:
* FileName = C:\Seabird 9 CTD\Data\2019\201907_offshore\NYOS190725_4_4.hex
* Software Version Seasave V 7.23.2
* Temperature SN = 4590
* Conductivity SN = 3228
* Number of Bytes Per Scan = 44
* Number of Voltage Words = 5
* Number of Scans Averaged by the Deck Unit = 1
* NMEA Latitude = 39 48.78 N
* NMEA Longitude = 072 30.05 W
* NMEA UTC (Time) = Jul 26 2019  02:14:46
* NMEA baud rate = 4800
** Ship: seawolf
** Station: 4-4
** Operator: lissssss
# nquan = 35
# nvalues = 115                         
# units = specified
# name 0 = depSM: Depth [salt water, m]
# name 1 = t090C: Temperature [ITS-90, deg C]
# name 2 = sal00: Salinity, Practical [PSU]
# name 3 = density00: Density [density, kg/m^3]
# name 4 = sbeox0V: Oxygen raw, SBE 43 [V]
# name 5 = sbeox0ML/L: Oxygen, SBE 43 [ml/l]
# name 6 = sbeox0PS: Oxygen, SBE 43 [% saturation]
# name 7 = sbox0dV/dT: Oxygen, SBE 43 [dov/dt]
# name 8 = oxsolML/L: Oxygen Saturation, Garcia & Gordon [ml/l]
# name 9 = oxsatML/L: Oxygen Saturation, Weiss [ml/l]
# name 10 = ph: pH
# name 11 = flECO-AFL: Fluorescence, WET Labs ECO-AFL/FL [mg/m^3]
# name 12 = n2satML/L: Nitrogen Saturation [ml/l]
# name 13 = c0S/m: Conductivity [S/m]
# name 14 = cpar: CPAR/Corrected Irradiance [%]
# name 15 = sigma-é00: Density [sigma-theta, kg/m^3]
# name 16 = sigma-t00: Density [sigma-t, kg/m^3 ]
# name 17 = par: PAR/Irradiance, Biospherical/Licor
# name 18 = prDM: Pressure, Digiquartz [db]
# name 19 = pumps: Pump Status
# name 20 = scan: Scan Count
# name 21 = svCM: Sound Velocity [Chen-Millero, m/s]
# name 22 = spar: SPAR, Biospherical/Licor
# name 23 = specc: Specific Conductance [uS/cm]
# name 24 = timeS: Time, Elapsed [seconds]
# name 25 = timeY: Time, System [seconds]
# name 26 = accM: Acceleration [m/s^2]
# name 27 = dz/dtM: Descent Rate [m/s]
# name 28 = latitude: Latitude [deg]
# name 29 = longitude: Longitude [deg]
# name 30 = gsw_saA0: Absolute Salinity [g/kg]
# name 31 = gsw_densityA0: density, TEOS-10 [density, kg/m^3]
# name 32 = gsw_sigma0A0: density, TEOS-10 [sigma-0, kg/m^3 ]
# name 33 = gsw_ptA0: potential temperature [ITS-90, deg C]
# name 34 = flag: flag
# span 0 =      2.000,     59.000       
# span 1 =     6.6844,    24.2346       
# span 2 =    30.8600,    32.7742       
# span 3 =  1020.4934,  1025.9682       
# span 4 =     1.9922,     2.9841       
# span 5 =     3.7761,     7.5085       
# span 6 =     76.833,    124.634       
# span 7 =   -0.06395,    0.22697       
# span 8 =    4.90313,    6.90121       
# span 9 =    4.89094,    6.91101       
# span 10 =      7.922,      8.228      
# span 11 =     0.0903,     1.0179      
# span 12 =    9.09415,   12.39426      
# span 13 =   3.299199,   4.735956      
# span 14 = -3.277e+03, 1.2281e+05      
# span 15 =    20.4805,    25.6992      
# span 16 =    20.4803,    25.6987      
# span 17 = -1.724e-05, 4.9803e-02      
# span 18 =      2.020,     59.456      
# span 19 =          0,          1      
# span 20 =        469,      10605      
# span 21 =    1475.47,    1528.66      
# span 22 = -3.809e-03, 4.0807e+00      
# span 23 =  47446.398,  52065.096      
# span 24 =     19.512,    441.850      
# span 25 = 1564107307, 1564107729      
# span 26 =      -0.37,       0.48      
# span 27 =     -0.905,      0.920      
# span 28 =   39.81155,   39.81296      
# span 29 =  -72.50075,  -72.49957      
# span 30 =    31.0312,    32.9215      
# span 31 =  1020.4954,  1025.9703      
# span 32 =    20.4867,    25.6984      
# span 33 =     6.6794,    24.2336      
# span 34 = 0.0000e+00, 0.0000e+00      
# interval = meters: 1                  
# start_time = Jul 26 2019 02:14:47 [System UTC, first data scan.]
# bad_flag = -9.990e-29
*END*
[from data line 83]
     33.000     7.7869    32.6459  1025.6085     2.3435     6.2772     94.044    0.01077    6.67491    6.68116      8.047     1.0132   12.02196   3.384654 2.2288e+03    25.4565    25.4561 1.0000e-12     33.259          1       7987    1479.29 3.4638e+00  51603.799    332.733 1564107620      -0.18     -0.698   39.81178  -72.50002    32.8073  1025.6162    25.4641     7.7837 0.0000e+00
     32.000     7.9412    32.6217  1025.5627     2.3947     6.5717     99.330    0.03146    6.61634    6.62176      8.064     0.9616   11.92486   3.396142 -9.990e-29    25.4153    25.4149 1.0000e-12     32.250          1       8035    1479.83 3.9469e+00  51531.808    334.741 1564107622       0.07     -0.711   39.81178  -72.50001    32.7862  1025.5729    25.4256     7.9381 0.0000e+00
     31.000     8.2479    32.6239  1025.5147     2.4601     6.7806    103.216    0.03716    6.56937    6.57409      8.086     0.8499   11.84756   3.425136 9.9999e+04    25.3722    25.3718 1.0000e-12     31.240          1       8078    1480.98 3.3940e+00  51463.190    336.530 1564107624       0.08     -0.570   39.81178  -72.50000    32.8088  1025.5410    25.3985     8.2448 0.0000e+00
     30.000     8.6869    32.6386  1025.4556     2.5123     6.8437    104.880    0.03137    6.52537    6.52948      8.100     0.7707   11.77473   3.465305 9.9999e+04    25.3180    25.3176 1.0000e-12     30.235          1       8118    1482.63 1.1805e-01  51385.602    338.197 1564107626      -0.12     -0.590   39.81178  -72.50000    32.8256  1025.4836    25.3461     8.6838 0.0000e+00
     29.000     8.9673    32.6097  1025.3851     2.5685     6.9476    107.536    0.03188    6.46088    6.46412      8.115     0.7783   11.66783   3.487646 1.8742e+04    25.2523    25.2518 1.0000e-12     29.225          1       8160    1483.62 3.1220e+00  51283.917    339.955 1564107627       0.09     -0.587   39.81176  -72.49999    32.8007  1025.4165    25.2837     8.9643 0.0000e+00
     28.000     9.3262    32.6233  1025.3345     2.6194     7.0169    109.512    0.02899    6.40741    6.40992      8.123     0.6949   11.57937   3.521786 -3.849e+02    25.2066    25.2061 1.0000e-12     28.216          1       8203    1484.95 3.9664e+00  51228.614    341.743 1564107629      -0.06     -0.557   39.81176  -72.49998    32.8257  1025.3749    25.2469     9.3232 0.0000e+00
     27.000     9.7041    32.6336  1025.2769     2.6489     7.0032    109.982    0.02215    6.36758    6.36955      8.125     0.6853   11.51344   3.555717 -9.990e-29    25.1536    25.1531 1.0000e-12     27.207          1       8237    1486.32 3.9495e+00  51166.378    343.155 1564107631      -0.13     -0.675   39.81176  -72.49996    32.8301  1025.3128    25.1896     9.7011 0.0000e+00
     26.000     9.9668    32.6296  1025.2258     2.6658     6.9607    109.839    0.01504    6.33720    6.33878      8.128     0.7017   11.46301   3.579404 -9.990e-29    25.1073    25.1068 1.0000e-12     26.209          1       8268    1487.26 3.0294e+00  51110.606    344.465 1564107632       0.04     -0.780   39.81176  -72.49996    32.8333  1025.2674    25.1489     9.9639 0.0000e+00
     25.000    10.4216    32.6359  1025.1496     2.6955     6.9777    110.903    0.01275    6.29174    6.29273      8.140     0.7075   11.38765   3.620202 6.5217e+04    25.0359    25.0354 1.0000e-12     25.189          1       8323    1488.88 8.7579e-01  51035.035    346.753 1564107634       0.10     -0.386   39.81176  -72.49996    32.8355  1025.1881    25.0745    10.4187 0.0000e+00
     24.000    10.6724    32.6434  1025.1076     2.7183     7.0233    112.144    0.01423    6.26279    6.26342      8.143     0.7292   11.33972   3.643155 9.0770e+02    24.9986    24.9981 1.0000e-12     24.187          1       8361    1489.77 3.9098e+00  51000.770    348.329 1564107636      -0.19     -0.619   39.81176  -72.49996    32.8408  1025.1445    25.0355    10.6695 0.0000e+00
     23.000    10.9145    32.6500  1025.0658     2.7428     7.0720    113.264    0.01386    6.24380    6.24418      8.149     0.7139   11.30835   3.665427 2.9535e+04    24.9615    24.9610 1.0000e-12     23.181          1       8404    1490.62 2.7523e+00  50967.992    350.131 1564107638       0.14     -0.573   39.81174  -72.49994    32.8465  1025.1021    24.9977    10.9117 0.0000e+00
     22.000    11.3196    32.6423  1024.9832     2.7982     7.1541    115.217    0.00820    6.20937    6.20922      8.181     0.6939   11.25272   3.698868 1.3905e+04    24.8836    24.8831 1.0000e-12     22.172          1       8912    1492.02 3.3401e+00  50889.200    371.285 1564107659      -0.06     -0.358   39.81170  -72.49985    32.8171  1025.0028    24.9032    11.3169 0.0000e+00
     21.000    11.5187    32.6022  1024.9114     2.8352     7.2138    117.494    0.01358    6.13976    6.13866      8.179     0.6222   11.13855   3.710855 -5.129e+02    24.8164    24.8160 1.0000e-12     21.156          1       9192    1492.65 3.9716e+00  50801.093    382.979 1564107670      -0.21     -0.567   39.81168  -72.49980    32.7589  1024.9172    24.8223    11.5161 0.0000e+00
     20.000    11.5426    32.4738  1024.8027     2.8555     7.2692    119.123    0.01985    6.10233    6.10077      8.178     0.6051   11.07651   3.701929 5.2503e+04    24.7122    24.7118 1.0000e-12     20.161          1       9209    1492.56 1.8067e+00  50616.776    383.665 1564107671      -0.18     -0.860   39.81168  -72.49980    32.6504  1024.8245    24.7339    11.5401 0.0000e+00
     19.000    12.0522    32.4271  1024.6677     2.8852     7.1590    119.906    0.01683    5.97072    5.96758      8.180     0.4785   10.85882   3.743961 3.4240e+04    24.5820    24.5815 1.0000e-12     19.148          1       9252    1494.25 2.5302e+00  50473.347    385.469 1564107673       0.22     -0.605   39.81167  -72.49980    32.6134  1024.6974    24.6116    12.0498 0.0000e+00
     18.000    12.8031    32.4024  1024.5008     2.9326     6.9155    122.029    0.02272    5.66789    5.66139      8.173     0.3248   10.35846   3.812672 -4.909e+02    24.4199    24.4194 1.0000e-12     18.138          1       9302    1496.75 3.9699e+00  50333.277    387.529 1564107675      -0.18     -0.480   39.81166  -72.49978    32.6218  1024.5563    24.4753    12.8007 0.0000e+00
     17.000    14.0636    32.3311  1024.1869     2.9841     6.6635    124.634    0.03373    5.34652    5.33696      8.159     0.2031    9.82789   3.925266 -9.990e-29    24.1108    24.1103 1.0000e-12     17.132          1       9341    1500.82 3.9495e+00  50077.788    389.176 1564107677       0.05     -0.617   39.81166  -72.49978    32.6008  1024.2816    24.2055    14.0612 0.0000e+00
     16.000    16.8269    32.0869  1023.3863     2.9144     6.0500    115.465   -0.03620    5.23908    5.22868      8.155     0.1866    9.65025   4.165035 -9.990e-29    23.3158    23.3152 1.0000e-12     16.123          1       9382    1509.19 3.9495e+00  49477.207    390.857 1564107678      -0.09     -0.579   39.81166  -72.49978    32.4667  1023.5659    23.4951    16.8243 0.0000e+00
     15.000    19.4502    31.7676  1022.5038     2.8203     5.6514    108.732   -0.06395    5.19739    5.18670      8.153     0.1889    9.58126   4.365028 9.0243e+04    22.4378    22.4372 1.0000e-12     15.119          1       9418    1516.55 4.4675e-01  48858.991    392.369 1564107680       0.03     -0.672   39.81166  -72.49976    32.0917  1022.6413    22.5755    19.4475 0.0000e+00
     14.000    20.7138    31.6451  1022.0799     2.7526     5.5644    108.391   -0.02426    5.13371    5.12261      8.150     0.1726    9.47570   4.462994 7.0936e+02    22.0188    22.0181 1.0000e-12     14.107          1       9476    1519.94 3.8937e+00  48628.943    394.805 1564107682       0.10     -0.382   39.81165  -72.49976    31.9267  1022.1850    22.1239    20.7112 0.0000e+00
     13.000    21.2457    31.6204  1021.9146     2.7262     5.4939    107.832   -0.01374    5.09485    5.08351      8.149     0.1624    9.41149   4.508061 -9.583e+00    21.8581    21.8574 1.0000e-12     13.100          1       9526    1521.34 3.9499e+00  48574.176    396.880 1564107684      -0.24     -0.515   39.81164  -72.49975    31.8882  1022.0091    21.9525    21.2433 0.0000e+00
     12.000    21.7386    31.5549  1021.7268     2.7084     5.4339    107.061   -0.01197    5.07555    5.06410      8.150     0.1543    9.37961   4.543542 2.5320e-11    21.6748    21.6741 1.0000e-12     12.094          1       9563    1522.58 3.9495e+00  48465.829    398.406 1564107686       0.03     -0.667   39.81164  -72.49974    31.8031  1021.8065    21.7544    21.7363 0.0000e+00
     11.000    22.0250    31.5242  1021.6207     2.6991     5.3961    106.970   -0.00619    5.04453    5.03292      8.149     0.1520    9.32822   4.564061 2.4612e+03    21.5729    21.5723 1.0000e-12     11.086          1       9604    1523.29 3.8152e+00  48413.453    400.126 1564107687       0.04     -0.594   39.81164  -72.49974    31.7534  1021.6859    21.6382    22.0228 0.0000e+00
     10.000    22.2925    31.5040  1021.5269     2.6881     5.3666    106.472   -0.00561    5.04033    5.02870      8.155     0.1554    9.32115   4.583201 7.5126e+04    21.4835    21.4830 1.0000e-12     10.082          1       9772    1523.96 9.3965e-01  48377.104    407.130 1564107695      -0.06     -0.456   39.81163  -72.49970    31.7069  1021.5723    21.5289    22.2906 0.0000e+00
      9.000    22.5258    31.5036  1021.4573     2.6876     5.3209    106.542   -0.00280    4.99417    4.98232      8.170     0.1463    9.24490   4.598840 -3.277e+03    21.4183    21.4178 1.0000e-12      9.067          1      10258    1524.55 4.0807e+00  48369.394    427.376 1564107715      -0.26     -0.437   39.81159  -72.49964    31.6585  1021.4664    21.4274    22.5240 0.0000e+00
      8.000    22.7236    31.4768  1021.3771     2.6760     5.2614    105.685   -0.00664    4.97838    4.96645      8.170     0.1437    9.21907   4.615556 2.5320e-11    21.3424    21.3420 1.0000e-12      8.062          1      10274    1525.02 3.9495e+00  48326.683    428.049 1564107715      -0.15     -0.686   39.81158  -72.49963    31.6442  1021.3956    21.3609    22.7220 0.0000e+00
      7.000    23.0651    31.4304  1021.2410     2.6519     5.1639    103.849   -0.01625    4.97245    4.96051      8.170     0.1379    9.20886   4.643086 2.5320e-11    21.2108    21.2104 1.0000e-12      7.055          1      10308    1525.84 3.9495e+00  48254.145    429.465 1564107717       0.08     -0.740   39.81158  -72.49962    31.6091  1021.2680    21.2377    23.0637 0.0000e+00
      6.000    23.3694    31.3583  1021.0954     2.6451     5.1481    104.123   -0.00657    4.94423    4.93218      8.169     0.1374    9.16215   4.660000 2.5320e-11    21.0692    21.0688 1.0000e-12      6.046          1      10343    1526.52 3.9495e+00  48146.712    430.923 1564107718      -0.07     -0.667   39.81158  -72.49962    31.5203  1021.1100    21.0840    23.3682 0.0000e+00
      5.000    23.3998    31.3967  1021.1114     2.6346     5.1110    103.623   -0.00599    4.93224    4.92015      8.171     0.1226    9.14237   4.669014 7.3476e+04    21.0900    21.0897 1.0000e-12      5.041          1      10378    1526.62 9.5392e-01  48199.448    432.374 1564107720       0.07     -0.714   39.81158  -72.49962    31.5670  1021.1321    21.1104    23.3988 0.0000e+00
      4.000    23.7366    31.3676  1020.9881     2.6237     5.0633    103.014   -0.00669    4.91515    4.90299      8.171     0.1144    9.11412   4.696735 1.0056e+05    20.9706    20.9704 1.0000e-12      4.028          1      10419    1527.43 3.6837e+00  48150.512    434.079 1564107721      -0.01     -0.576   39.81158  -72.49961    31.5368  1021.0078    20.9905    23.7358 0.0000e+00
      3.000    23.9209    31.3445  1020.9127     2.6130     5.0395    102.467   -0.00715    4.91814    4.90599      8.172     0.1134    9.11901   4.712041 -9.990e-29    20.8998    20.8996 1.0000e-12      3.026          1      10455    1527.85 3.9307e+00  48115.651    435.594 1564107723       0.01     -0.665   39.81157  -72.49960    31.5214  1020.9383    20.9253    23.9203 0.0000e+00
      2.000    24.0917    31.3294  1020.8472     2.6092     5.0361    102.669   -0.00094    4.90517    4.89299      8.174     0.1081    9.09754   4.724088 2.9417e+03    20.8386    20.8384 1.8677e-02      2.021          1      10605    1528.25 3.8239e+00  48090.889    441.850 1564107729       0.00     -0.334   39.81155  -72.49957    31.4912  1020.8614    20.8527    24.0913 0.0000e+00
