CalculateIndicators/WaterTemperature/Data/CTD_NYOS/NYOS2006_C11.cnv
* Sea-Bird SBE19plus Data File:
* FileName = C:\Users\radar\Desktop\NYOS.2006\NYOS2006.ctd\NYOS2006_C11.hex
* Software Version 1.59
* Temperature SN =  4675
* Conductivity SN =  4675
* System UpLoad Time = Sep 27 2009 05:44:27
* NMEA Latitude = 40 23.4151 N
* NMEA Longitude = 072 42.6279 W
# nquan = 15
# nvalues = 92                          
# units = specified
# name 0 = depSM: Depth [salt water, m]
# name 1 = tv290C: Temperature [ITS-90, deg C]
# name 2 = sal00: Salinity, Practical [PSU]
# name 3 = density00: Density [density, kg/m^3]
# name 4 = c0S/m: Conductivity [S/m]
# name 5 = sigma-�00: Density [sigma-theta, kg/m^3]
# name 6 = sigma-t00: Density [sigma-t, kg/m^3 ]
# name 7 = prdM: Pressure, Strain Gauge [db]
# name 8 = scan: Scan Count
# name 9 = svCM: Sound Velocity [Chen-Millero, m/s]
# name 10 = specc: Specific Conductance [uS/cm]
# name 11 = timeS: Time, Elapsed [seconds]
# name 12 = accM: Acceleration [m/s^2]
# name 13 = dz/dtM: Descent Rate [m/s]
# name 14 = flag: flag
# span 0 =      1.000,     47.000       
# span 1 =     7.7663,    16.3011       
# span 2 =    30.6590,    32.3552       
# span 3 =  1022.4712,  1025.4451       
# span 4 =   3.353832,   3.945565       
# span 5 =    22.4610,    25.2301       
# span 6 =    22.4609,    25.2295       
# span 7 =      1.000,     47.294       
# span 8 =        656,       1336       
# span 9 =    1478.82,    1505.94       
# span 10 =  47594.643,  51200.697      
# span 11 =    163.839,    333.773      
# span 12 =      -0.42,       0.51      
# span 13 =     -0.707,      0.725      
# span 14 = 0.0000e+00, 0.0000e+00      
# interval = meters: 1                  
# start_time = Jun 08 2020 15:22:02 [Instrument's time stamp, header]
# bad_flag = -9.990e-29
*END*
      2.000    16.3011    30.8137  1022.4712   3.943109    22.4610    22.4609      2.033        656    1505.94  47736.164    163.839       0.44      0.431 0.0000e+00
      3.000    16.1782    30.8525  1022.5345   3.936241    22.5181    22.5180      2.998        666    1505.60  47800.083    166.312       0.20      0.299 0.0000e+00
      4.000    16.1271    30.8588  1022.5545   3.932858    22.5369    22.5368      4.015        673    1505.48  47818.212    168.024      -0.02      0.532 0.0000e+00
      5.000    16.0973    30.8555  1022.5630   3.929903    22.5404    22.5402      5.057        679    1505.40  47815.325    169.475       0.51      0.640 0.0000e+00
      6.000    16.0560    30.8651  1022.5839   3.927522    22.5578    22.5576      6.015        687    1505.30  47834.176    171.524      -0.33      0.535 0.0000e+00
      7.000    16.0381    30.8564  1022.5860   3.924727    22.5543    22.5540      7.051        692    1505.25  47822.632    172.842       0.44      0.702 0.0000e+00
      8.000    15.9814    30.8542  1022.6017   3.918819    22.5713    22.5710      8.036        699    1505.08  47835.860    174.617      -0.27      0.612 0.0000e+00
      9.000    15.7572    30.7614  1022.5867   3.885392    22.5251    22.5248      9.073        705    1504.24  47681.653    176.015       0.44      0.657 0.0000e+00
     10.000    15.1389    30.9673  1022.8783   3.856489    22.8477    22.8474     10.033        713    1502.63  48081.125    177.944      -0.42      0.586 0.0000e+00
     11.000    14.7485    30.6590  1022.7427   3.773356    22.6397    22.6393     11.092        718    1500.77  47594.643    179.183       0.46      0.722 0.0000e+00
     12.000    12.9120    31.0472  1023.4162   3.653439    23.3209    23.3206     12.029        726    1495.19  48364.301    181.298      -0.20      0.356 0.0000e+00
     13.000    11.8202    31.3621  1023.8516   3.602030    23.8062    23.8059     13.086        731    1492.15  49029.532    182.565       0.08      0.725 0.0000e+00
     14.000    11.4670    31.7129  1024.1977   3.609492    24.1333    24.1330     14.055        739    1491.29  49555.655    184.588      -0.10      0.379 0.0000e+00
     15.000    11.5949    31.7857  1024.2368   3.627605    24.1674    24.1670     15.091        745    1491.82  49637.363    185.979       0.05      0.695 0.0000e+00
     16.000    11.5095    31.7772  1024.2509   3.618229    24.1787    24.1784     16.086        752    1491.51  49645.779    187.717       0.01      0.549 0.0000e+00
     17.000    11.0656    31.6984  1024.2710   3.571383    24.1974    24.1970     17.101        758    1489.91  49608.243    189.274      -0.00      0.652 0.0000e+00
     18.000    10.5731    31.7855  1024.4279   3.539798    24.3459    24.3455     18.097        766    1488.31  49802.016    191.243      -0.07      0.502 0.0000e+00
     19.000    10.4789    31.7523  1024.4255   3.525327    24.3419    24.3415     19.099        774    1487.88  49784.768    193.148       0.01      0.525 0.0000e+00
     20.000     9.9264    31.6699  1024.4558   3.469404    24.3517    24.3513     20.122        779    1485.84  49735.983    194.605       0.19      0.656 0.0000e+00
     21.000     9.3115    31.9047  1024.7424   3.440780    24.6457    24.6453     21.112        787    1483.91  50205.716    196.489      -0.21      0.554 0.0000e+00
     22.000     9.1620    32.0334  1024.8710   3.441988    24.7770    24.7766     22.121        795    1483.54  50433.157    198.398       0.09      0.532 0.0000e+00
     23.000     9.1990    32.0832  1024.9094   3.450387    24.8038    24.8035     23.139        801    1483.73  50485.099    199.959       0.09      0.632 0.0000e+00
     24.000     9.2361    32.1164  1024.9352   3.456131    24.8354    24.8350     24.117        809    1483.90  50547.514    201.978      -0.15      0.466 0.0000e+00
     25.000     8.9274    32.0831  1024.9601   3.426617    24.8412    24.8408     25.151        815    1482.77  50533.746    203.485       0.03      0.648 0.0000e+00
     26.000     8.6884    32.1447  1025.0507   3.411296    24.9326    24.9322     26.124        823    1481.95  50683.641    205.580      -0.05      0.396 0.0000e+00
     27.000     8.4747    32.1337  1025.0781   3.392070    24.9556    24.9552     27.154        830    1481.17  50715.299    207.169      -0.03      0.622 0.0000e+00
     28.000     8.1940    32.1304  1025.1217   3.367039    24.9881    24.9877     28.165        836    1480.12  50762.307    208.809       0.20      0.586 0.0000e+00
     29.000     7.9166    32.2693  1025.2752   3.357372    25.1448    25.1444     29.150        845    1479.26  51038.154    210.879      -0.20      0.480 0.0000e+00
     30.000     7.8618    32.2977  1025.3101   3.355661    25.1729    25.1725     30.180        851    1479.10  51088.411    212.573       0.02      0.621 0.0000e+00
     31.000     7.8254    32.3142  1025.3333   3.354325    25.1893    25.1889     31.161        860    1478.99  51118.478    214.711       0.06      0.371 0.0000e+00
     32.000     7.7821    32.3423  1025.3658   3.353832    25.2191    25.2187     32.178        867    1478.88  51172.147    216.590      -0.13      0.541 0.0000e+00
     33.000     7.7724    32.3489  1025.3770   3.353917    25.2251    25.2247     33.198        874    1478.87  51183.438    218.336       0.31      0.569 0.0000e+00
     34.000     7.7738    32.3508  1025.3831   3.354496    25.2269    25.2265     34.178        883    1478.89  51187.422    220.420      -0.28      0.485 0.0000e+00
     35.000     7.7693    32.3511  1025.3884   3.354411    25.2274    25.2270     35.200        891    1478.89  51188.871    222.437      -0.02      0.497 0.0000e+00
     36.000     7.7687    32.3518  1025.3937   3.354643    25.2281    25.2277     36.205        899    1478.90  51190.820    224.476       0.17      0.503 0.0000e+00
     37.000     7.7702    32.3522  1025.3984   3.354935    25.2278    25.2273     37.197        906    1478.93  51190.437    226.373      -0.11      0.534 0.0000e+00
     38.000     7.7704    32.3528  1025.4035   3.355158    25.2291    25.2286     38.223        913    1478.94  51194.314    227.908       0.12      0.642 0.0000e+00
     39.000     7.7721    32.3541  1025.4088   3.355528    25.2295    25.2290     39.216        922    1478.97  51195.287    230.132      -0.13      0.432 0.0000e+00
     40.000     7.7713    32.3535  1025.4131   3.355515    25.2291    25.2286     40.223        930    1478.98  51195.142    232.338       0.04      0.477 0.0000e+00
     41.000     7.7721    32.3539  1025.4179   3.355687    25.2293    25.2287     41.221        937    1479.00  51196.131    233.959       0.22      0.565 0.0000e+00
     42.000     7.7759    32.3536  1025.4219   3.356032    25.2277    25.2271     42.241        944    1479.03  51193.869    235.804      -0.04      0.512 0.0000e+00
     43.000     7.7747    32.3549  1025.4276   3.356179    25.2301    25.2295     43.246        954    1479.05  51198.961    238.288       0.04      0.430 0.0000e+00
     44.000     7.7755    32.3543  1025.4316   3.356231    25.2290    25.2284     44.256        963    1479.06  51197.640    240.457       0.23      0.463 0.0000e+00
     45.000     7.7751    32.3552  1025.4370   3.356334    25.2300    25.2294     45.251        971    1479.08  51200.084    242.423      -0.07      0.511 0.0000e+00
     46.000     7.7757    32.3552  1025.4415   3.356441    25.2300    25.2294     46.257        980    1479.10  51200.697    244.731      -0.05      0.423 0.0000e+00
     47.000     7.7806    32.3548  1025.4451   3.356964    25.2285    25.2278     47.294        998    1479.14  51198.714    249.309      -0.01      0.047 0.0000e+00
     46.000     7.7887    32.3550  1025.4395   3.357528    25.2276    25.2270     46.253       1002    1479.15  51196.479    250.353      -0.29     -0.409 0.0000e+00
     45.000     7.7834    32.3537  1025.4346   3.356961    25.2277    25.2271     45.265       1012    1479.11  51196.030    252.672       0.08     -0.415 0.0000e+00
     44.000     7.7823    32.3544  1025.4307   3.356863    25.2292    25.2286     44.246       1020    1479.09  51198.249    254.680      -0.01     -0.456 0.0000e+00
     43.000     7.7817    32.3532  1025.4253   3.356606    25.2274    25.2269     43.226       1028    1479.07  51194.186    256.654      -0.25     -0.548 0.0000e+00
     42.000     7.7759    32.3547  1025.4226   3.356296    25.2295    25.2289     42.261       1038    1479.04  51197.201    259.258      -0.04     -0.266 0.0000e+00
     41.000     7.7766    32.3517  1025.4155   3.355953    25.2272    25.2266     41.231       1045    1479.02  51192.331    261.053       0.07     -0.518 0.0000e+00
     40.000     7.7758    32.3514  1025.4108   3.355818    25.2267    25.2262     40.219       1053    1479.00  51190.836    263.090      -0.08     -0.534 0.0000e+00
     39.000     7.7724    32.3519  1025.4070   3.355578    25.2281    25.2275     39.231       1061    1478.97  51192.586    265.017      -0.07     -0.460 0.0000e+00
     38.000     7.7721    32.3495  1025.4007   3.355246    25.2260    25.2255     38.214       1068    1478.95  51188.326    266.808       0.11     -0.549 0.0000e+00
     37.000     7.7718    32.3477  1025.3947   3.354982    25.2242    25.2237     37.199       1076    1478.93  51184.380    268.783      -0.07     -0.551 0.0000e+00
     36.000     7.7674    32.3473  1025.3903   3.354592    25.2250    25.2246     36.207       1084    1478.90  51185.066    270.874      -0.05     -0.428 0.0000e+00
     35.000     7.7689    32.3455  1025.3842   3.354458    25.2231    25.2226     35.200       1092    1478.88  51180.987    272.761       0.06     -0.533 0.0000e+00
     34.000     7.7675    32.3444  1025.3788   3.354199    25.2225    25.2220     34.188       1100    1478.86  51179.195    274.703       0.04     -0.536 0.0000e+00
     33.000     7.7663    32.3450  1025.3749   3.354150    25.2232    25.2227     33.195       1108    1478.84  51179.940    276.718      -0.19     -0.413 0.0000e+00
     32.000     7.7690    32.3399  1025.3659   3.353840    25.2189    25.2185     32.187       1116    1478.82  51171.516    278.659       0.02     -0.465 0.0000e+00
     31.000     7.7851    32.3290  1025.3504   3.354242    25.2085    25.2081     31.157       1123    1478.86  51152.231    280.573      -0.30     -0.504 0.0000e+00
     30.000     7.8139    32.3124  1025.3286   3.355309    25.1909    25.1905     30.178       1132    1478.93  51120.219    282.689      -0.25     -0.334 0.0000e+00
     29.000     7.8674    32.2860  1025.2957   3.357515    25.1618    25.1614     29.161       1139    1479.08  51067.988    284.519      -0.03     -0.500 0.0000e+00
     28.000     7.9664    32.2814  1025.2725   3.366845    25.1465    25.1461     28.142       1147    1479.46  51042.227    286.397      -0.13     -0.594 0.0000e+00
     27.000     8.2911    32.2384  1025.1886   3.390503    25.0599    25.0596     27.177       1156    1480.58  50894.477    288.697       0.05     -0.321 0.0000e+00
     26.000     8.4268    32.2242  1025.1517   3.401720    25.0317    25.0313     26.138       1161    1481.08  50850.627    289.976      -0.11     -0.707 0.0000e+00
     25.000     8.6418    32.2127  1025.1056   3.419863    24.9896    24.9893     25.143       1168    1481.86  50784.004    291.864       0.09     -0.529 0.0000e+00
     24.000     8.9491    32.1886  1025.0356   3.443932    24.9279    24.9275     24.137       1176    1482.94  50692.421    293.782       0.06     -0.528 0.0000e+00
     23.000     9.1229    32.0812  1024.9200   3.448085    24.8156    24.8152     23.127       1183    1483.45  50501.021    295.515      -0.27     -0.479 0.0000e+00
     22.000     9.0760    31.9757  1024.8394   3.433642    24.7411    24.7407     22.128       1190    1483.14  50361.365    297.287       0.09     -0.551 0.0000e+00
     21.000     9.1388    31.9823  1024.8302   3.440519    24.7359    24.7356     21.108       1197    1483.37  50356.469    299.008      -0.10     -0.606 0.0000e+00
     20.000     9.4302    31.9545  1024.7583   3.464001    24.6618    24.6615     20.107       1204    1484.38  50244.498    300.809      -0.09     -0.520 0.0000e+00
     19.000     9.9086    31.9483  1024.6716   3.506035    24.5902    24.5898     19.104       1211    1486.10  50166.882    302.615       0.08     -0.574 0.0000e+00
     18.000    10.3528    31.8671  1024.5308   3.536012    24.4453    24.4449     18.121       1219    1487.57  49953.931    304.498      -0.08     -0.493 0.0000e+00
     17.000    10.6702    31.8815  1024.4831   3.566215    24.3972    24.3969     17.096       1226    1488.71  49908.910    306.150       0.03     -0.541 0.0000e+00
     16.000    11.0388    31.8896  1024.4199   3.599875    24.3503    24.3500     16.071       1233    1490.03  49878.858    307.890      -0.18     -0.614 0.0000e+00
     15.000    11.4121    31.7862  1024.2703   3.620505    24.1972    24.1969     15.097       1241    1491.17  49661.032    309.875       0.06     -0.442 0.0000e+00
     14.000    11.4882    31.6805  1024.1694   3.615201    24.1078    24.1075     14.087       1247    1491.31  49511.966    311.589       0.09     -0.587 0.0000e+00
     13.000    11.4399    31.5670  1024.0847   3.598903    24.0244    24.0241     13.054       1253    1491.00  49352.027    312.973      -0.38     -0.639 0.0000e+00
     12.000    11.4778    31.5384  1024.0492   3.601983    23.9980    23.9977     12.079       1260    1491.12  49310.349    314.808       0.34     -0.618 0.0000e+00
     11.000    12.0177    31.5941  1023.9885   3.659308    23.9352    23.9349     11.042       1266    1493.05  49297.963    316.305      -0.30     -0.662 0.0000e+00
     10.000    13.7640    31.4803  1023.5624   3.802842    23.5226    23.5223     10.068       1274    1498.68  48932.966    318.231       0.18     -0.522 0.0000e+00
      9.000    14.8016    31.1074  1023.0569   3.852969    23.0117    23.0114      9.042       1280    1501.62  48282.587    319.661      -0.18     -0.682 0.0000e+00
      8.000    15.3152    31.0152  1022.8696   3.888977    22.8419    22.8416      8.045       1286    1503.18  48124.038    321.314       0.14     -0.638 0.0000e+00
      7.000    15.7447    30.9140  1022.6960   3.913300    22.6577    22.6575      7.043       1293    1504.38  47916.475    323.043      -0.04     -0.574 0.0000e+00
      6.000    15.8993    30.8696  1022.6227   3.920752    22.5942    22.5940      6.027       1300    1504.81  47850.574    324.642       0.01     -0.637 0.0000e+00
      5.000    15.9759    30.8651  1022.5976   3.925808    22.5757    22.5756      5.035       1307    1505.02  47840.670    326.389      -0.04     -0.541 0.0000e+00
      4.000    15.9995    30.8583  1022.5822   3.926503    22.5643    22.5642      4.019       1313    1505.08  47827.179    327.922       0.03     -0.664 0.0000e+00
      3.000    16.0477    30.8586  1022.5678   3.929664    22.5535    22.5534      3.013       1320    1505.21  47822.388    329.687      -0.00     -0.569 0.0000e+00
      2.000    16.0867    30.8671  1022.5605   3.933727    22.5520    22.5520      2.017       1329    1505.33  47831.531    331.907       0.07     -0.430 0.0000e+00
      1.000    16.1916    30.8891  1022.5498   3.945565    22.5426    22.5426      1.000       1336    1505.66  47847.624    333.773      -0.02     -0.556 0.0000e+00
