CalculateIndicators/WaterTemperature/Data/CTD_NYOS/NYOS1910_C09.cnv
* Sea-Bird SBE 9 Data File:
* FileName = C:\Seabird 9 CTD\Data\2019\201910_offhore\NYOS1910_C09.hex
* Software Version Seasave V 7.23.2
* Temperature SN = 4590
* Conductivity SN = 3228
* Number of Bytes Per Scan = 44
* Number of Voltage Words = 5
* Number of Scans Averaged by the Deck Unit = 1
* NMEA Latitude = 40 34.30 N
* NMEA Longitude = 072 05.32 W
* NMEA UTC (Time) = Oct 07 2019  06:21:02
* NMEA baud rate = 4800
** Ship: seawolf
** Station: 2.2
** Operator: SW
# nquan = 35
# nvalues = 88                          
# units = specified
# name 0 = depSM: Depth [salt water, m]
# name 1 = t090C: Temperature [ITS-90, deg C]
# name 2 = sal00: Salinity, Practical [PSU]
# name 3 = density00: Density [density, kg/m^3]
# name 4 = sbeox0V: Oxygen raw, SBE 43 [V]
# name 5 = sbeox0ML/L: Oxygen, SBE 43 [ml/l]
# name 6 = sbeox0PS: Oxygen, SBE 43 [% saturation]
# name 7 = sbox0dV/dT: Oxygen, SBE 43 [dov/dt]
# name 8 = oxsolML/L: Oxygen Saturation, Garcia & Gordon [ml/l]
# name 9 = oxsatML/L: Oxygen Saturation, Weiss [ml/l]
# name 10 = ph: pH
# name 11 = flECO-AFL: Fluorescence, WET Labs ECO-AFL/FL [mg/m^3]
# name 12 = n2satML/L: Nitrogen Saturation [ml/l]
# name 13 = c0S/m: Conductivity [S/m]
# name 14 = cpar: CPAR/Corrected Irradiance [%]
# name 15 = sigma-é00: Density [sigma-theta, kg/m^3]
# name 16 = sigma-t00: Density [sigma-t, kg/m^3 ]
# name 17 = par: PAR/Irradiance, Biospherical/Licor
# name 18 = prDM: Pressure, Digiquartz [db]
# name 19 = pumps: Pump Status
# name 20 = scan: Scan Count
# name 21 = svCM: Sound Velocity [Chen-Millero, m/s]
# name 22 = spar: SPAR, Biospherical/Licor
# name 23 = specc: Specific Conductance [uS/cm]
# name 24 = timeS: Time, Elapsed [seconds]
# name 25 = timeY: Time, System [seconds]
# name 26 = accM: Acceleration [m/s^2]
# name 27 = dz/dtM: Descent Rate [m/s]
# name 28 = latitude: Latitude [deg]
# name 29 = longitude: Longitude [deg]
# name 30 = gsw_saA0: Absolute Salinity [g/kg]
# name 31 = gsw_densityA0: density, TEOS-10 [density, kg/m^3]
# name 32 = gsw_sigma0A0: density, TEOS-10 [sigma-0, kg/m^3 ]
# name 33 = gsw_ptA0: potential temperature [ITS-90, deg C]
# name 34 = flag: flag
# span 0 =      1.000,     45.000       
# span 1 =     9.3292,    19.1437       
# span 2 =    31.9575,    33.3854       
# span 3 =  1022.6679,  1025.2990       
# span 4 =     1.6819,     2.5130       
# span 5 =     3.8337,     5.3739       
# span 6 =     59.016,     99.633       
# span 7 =   -0.05755,    0.05056       
# span 8 =    5.34563,    6.50834       
# span 9 =    5.33666,    6.51210       
# span 10 =      7.793,      8.201      
# span 11 =     0.0957,     0.8151      
# span 12 =    9.81014,   11.74801      
# span 13 =   3.502893,   4.475936      
# span 14 = -7.979e+03, 1.0728e+05      
# span 15 =    22.6635,    25.0932      
# span 16 =    22.6635,    25.0925      
# span 17 = -1.203e-05, 1.4636e-01      
# span 18 =      1.089,     45.343      
# span 19 =          1,          1      
# span 20 =         72,      13873      
# span 21 =    1485.06,    1516.67      
# span 22 = 1.5748e-01, 4.0028e+00      
# span 23 =  49131.742,  51124.112      
# span 24 =      2.954,    578.014      
# span 25 = 1570429265, 1570429840      
# span 26 =      -1.58,       1.06      
# span 27 =     -1.834,      0.866      
# span 28 =   40.57182,   40.57308      
# span 29 =  -72.08866,  -72.08748      
# span 30 =    32.1107,    33.5608      
# span 31 =  1022.6732,  1025.2925      
# span 32 =    22.6685,    25.0901      
# span 33 =     9.3244,    19.1435      
# span 34 = 0.0000e+00, 0.0000e+00      
# interval = meters: 1                  
# start_time = Oct 07 2019 06:21:02 [System UTC, first data scan.]
# bad_flag = -9.990e-29
*END*
[from data line 42]
     44.000     9.4859    32.5012  1025.2870     1.7010     3.8567     59.288   -0.00803    6.50499    6.50872      7.852     0.2435   11.74233   3.515762 -9.990e-29    25.0860    25.0852 1.0000e-12     44.339          1       2669    1485.65 3.9495e+00  51033.743    111.171 1570429373      -0.05      0.866   40.57209  -72.08854    32.6106  1025.2554    25.0544     9.4811 0.0000e+00
     45.000     9.3292    32.4785  1025.2990     1.6819     3.8337     59.016   -0.00286    6.49611    6.49968      7.834     0.1377   11.72795   3.502893 9.9999e+04    25.0932    25.0925 1.0000e-12     45.343          1       3065    1485.06 2.8599e+00  51033.513    127.676 1570429390      -0.25      0.302   40.57212  -72.08850    32.6201  1025.2925    25.0868     9.3244 0.0000e+00
     44.000     9.3928    32.4782  1025.2840     1.6822     3.8774     59.609    0.00143    6.50480    6.50849      7.797     0.1445   11.74241   3.510125 8.8002e+03    25.0829    25.0821 1.0000e-12     44.361          1       3360    1485.28 3.8615e+00  51019.678    139.949 1570429402      -0.48     -0.591   40.57215  -72.08847    32.6373  1025.2912    25.0901     9.3880 0.0000e+00
     43.000     9.5178    32.4687  1025.2519     1.6926     3.8945     60.397    0.00407    6.44834    6.45127      7.793     0.1516   11.64892   3.520518 -9.990e-29    25.0555    25.0547 1.0000e-12     43.342          1       4402    1485.71 3.9495e+00  50980.914    183.379 1570429446       0.02     -0.764   40.57226  -72.08835    32.6311  1025.2617    25.0652     9.5131 0.0000e+00
     42.000     9.6597    32.4782  1025.2316     1.7053     3.9285     61.319    0.00674    6.40670    6.40908      7.794     0.1433   11.57985   3.534391 2.5320e-11    25.0399    25.0391 1.0000e-12     42.332          1       4482    1486.22 3.9495e+00  50965.640    186.714 1570429449       0.05     -0.571   40.57226  -72.08834    32.6451  1025.2450    25.0533     9.6551 0.0000e+00
     41.000     9.9887    32.4852  1025.1782     1.7300     3.9804     62.858    0.01000    6.33259    6.33404      7.804     0.1390   11.45643   3.565329 2.5320e-11    24.9913    24.9906 1.0000e-12     41.321          1       4543    1487.41 3.9495e+00  50912.226    189.236 1570429452       0.08     -0.368   40.57226  -72.08834    32.6636  1025.2006    25.0138     9.9841 0.0000e+00
     40.000    10.3307    32.5292  1025.1505     1.7565     4.0088     64.367    0.01287    6.22821    6.22834      7.819     0.1384   11.28307   3.600724 2.5320e-11    24.9685    24.9678 1.0000e-12     40.311          1       4592    1488.68 3.9495e+00  50910.956    191.294 1570429454      -0.26     -0.514   40.57226  -72.08834    32.7145  1025.1782    24.9962    10.3261 0.0000e+00
     39.000    10.6501    32.5567  1025.1124     1.7796     4.1036     66.089    0.01790    6.20921    6.20911      7.829     0.1435   11.25141   3.633974 2.5320e-11    24.9352    24.9344 1.0000e-12     39.310          1       4621    1489.83 3.9495e+00  50891.846    192.509 1570429455      -0.13     -0.773   40.57226  -72.08834    32.7624  1025.1560    24.9788    10.6455 0.0000e+00
     38.000    11.3436    32.6037  1025.0214     1.8167     4.1101     67.565    0.01662    6.08434    6.08279      7.849     0.1299   11.04351   3.700767 2.5320e-11    24.8492    24.8484 1.0000e-12     38.300          1       4676    1492.32 3.9495e+00  50841.115    194.796 1570429457       0.11     -0.449   40.57227  -72.08833    32.8076  1025.0637    24.8917    11.3389 0.0000e+00
     37.000    12.0455    32.6866  1024.9514     1.8833     4.1869     71.688    0.02866    5.84162    5.83728      7.868     0.1372   10.63989   3.776417 -9.990e-29    24.7844    24.7836 1.0000e-12     37.293          1       4741    1494.83 3.9495e+00  50848.212    197.487 1570429460      -0.17     -0.476   40.57228  -72.08832    32.9260  1025.0211    24.8541    12.0408 0.0000e+00
     36.000    13.9659    32.7343  1024.6047     1.9680     4.3235     76.477    0.03917    5.65429    5.64808      7.918     0.1222   10.32649   3.960979 2.5320e-11    24.4438    24.4427 1.0000e-12     36.281          1       4794    1501.29 3.9495e+00  50659.447    199.700 1570429462       0.05     -0.458   40.57228  -72.08832    33.0088  1024.7017    24.5407    13.9608 0.0000e+00
     35.000    14.8697    32.9502  1024.5769     2.0552     4.5701     81.694    0.05056    5.59365    5.58682      7.977     0.0998   10.22596   4.069123 2.5320e-11    24.4210    24.4199 1.0000e-12     35.266          1       4836    1504.45 3.9495e+00  50854.402    201.440 1570429464      -0.23     -0.536   40.57230  -72.08832    33.2312  1024.6780    24.5221    14.8645 0.0000e+00
     34.000    15.7960    33.0199  1024.4219     2.0959     4.6621     83.106    0.04376    5.60995    5.60329      8.000     0.0965   10.25253   4.166072 2.5320e-11    24.2710    24.2699 1.0000e-12     34.281          1       4865    1507.43 3.9495e+00  50857.890    202.681 1570429465      -0.26     -0.819   40.57230  -72.08830    33.3203  1024.5376    24.3867    15.7908 0.0000e+00
     33.000    16.6040    33.1141  1024.3064     2.1763     4.6588     85.430    0.03071    5.45340    5.44536      8.039     0.1146    9.98997   4.247269 -9.990e-29    24.1609    24.1596 1.0000e-12     33.251          1       4955    1510.02 3.9495e+00  50914.960    206.427 1570429469      -1.58     -0.705   40.57230  -72.08830    33.3631  1024.3824    24.2366    16.5987 0.0000e+00
     32.000    16.7829    33.0635  1024.2218     2.1894     4.6847     86.115    0.03162    5.44000    5.43178      8.043     0.0978    9.96903   4.259553 -9.990e-29    24.0800    24.0788 1.0000e-12     32.264          1       4968    1510.49 3.9495e+00  50825.079    206.953 1570429469      -1.31     -1.410   40.57230  -72.08830    33.3222  1024.3053    24.1639    16.7777 0.0000e+00
     31.000    17.3356    33.1897  1024.1835     2.2047     4.7303     86.675    0.02898    5.45751    5.44944      8.051     0.1105    9.99820   4.328844 -9.990e-29    24.0468    24.0456 1.0000e-12     31.279          1       4982    1512.28 3.9495e+00  50957.395    207.558 1570429470      -0.28     -1.834   40.57230  -72.08829    33.4666  1024.2806    24.1438    17.3304 0.0000e+00
     30.000    18.2165    33.3001  1024.0505     2.2832     4.7939     89.493    0.01978    5.35708    5.34821      8.085     0.1242    9.82945   4.422488 2.5320e-11    23.9184    23.9171 1.0000e-12     30.246          1       5091    1514.99 3.9495e+00  51041.869    212.071 1570429474      -0.34     -0.980   40.57232  -72.08828    33.5444  1024.1220    23.9902    18.2113 0.0000e+00
     29.000    18.6150    33.3420  1023.9793     2.3110     4.8350     90.365    0.01439    5.35051    5.34157      8.100     0.1210    9.81872   4.462905 2.5320e-11    23.8521    23.8508 1.0000e-12     29.231          1       5139    1516.18 3.9495e+00  51074.512    214.073 1570429476       0.20     -0.714   40.57232  -72.08828    33.5608  1024.0312    23.9040    18.6100 0.0000e+00
     28.000    18.7533    33.3612  1023.9551     2.3383     4.8850     91.352    0.01050    5.34744    5.33845      8.116     0.1283    9.81426   4.475119 2.5320e-11    23.8323    23.8311 1.0000e-12     28.203          1       5198    1516.59 3.9495e+00  51091.409    216.534 1570429479      -0.59     -0.286   40.57234  -72.08828    33.5516  1023.9851    23.8625    18.7483 0.0000e+00
     27.000    18.7196    33.3318  1023.9366     2.3446     4.9042     91.719    0.01113    5.34696    5.33797      8.118     0.1544    9.81330   4.467817 8.6925e+04    23.8183    23.8171 1.0000e-12     27.220          1       5215    1516.44 5.1635e-01  51052.837    217.267 1570429480      -0.66     -0.903   40.57234  -72.08828    33.5180  1023.9637    23.8453    18.7148 0.0000e+00
     26.000    18.7511    33.2814  1023.8858     2.3481     4.8910     91.128    0.00206    5.36740    5.35852      8.117     0.2007    9.84895   4.463762 6.1398e+04    23.7718    23.7707 1.0000e-12     26.212          1       5276    1516.45 1.5246e+00  50981.332    219.804 1570429482      -0.09     -0.847   40.57234  -72.08828    33.4588  1023.9064    23.7924    18.7465 0.0000e+00
     25.000    18.7066    33.1889  1023.8218     2.3321     4.8026     88.962   -0.01423    5.39845    5.38973      8.112     0.2814    9.90321   4.445614 6.2549e+03    23.7125    23.7114 1.0000e-12     25.192          1       5353    1516.20 3.7025e+00  50858.565    222.983 1570429485      -0.57     -0.770   40.57234  -72.08828    33.3428  1023.8249    23.7153    18.7022 0.0000e+00
     24.000    18.5371    33.0029  1023.7175     2.3202     4.7556     88.173   -0.01670    5.39342    5.38470      8.106     0.2858    9.89391   4.404873 9.6012e+04    23.6120    23.6110 1.0000e-12     24.200          1       5372    1515.49 1.5748e-01  50611.067    223.803 1570429486      -0.29     -1.135   40.57234  -72.08828    33.1374  1023.7066    23.6012    18.5329 0.0000e+00
     23.000    18.4281    32.8667  1023.6360     2.3075     4.7700     88.493   -0.00540    5.39021    5.38137      8.121     0.3604    9.89060   4.379926 9.1668e+04    23.5350    23.5340 1.0000e-12     23.192          1       6752    1515.00 3.0439e+00  50431.857    281.275 1570429544       0.15     -0.788   40.57248  -72.08819    33.0153  1023.6364    23.5353    18.4241 0.0000e+00
     22.000    18.4995    32.6743  1023.4669     2.3111     4.8538     89.437    0.00347    5.42668    5.41800      8.129     0.4673    9.95525   4.364210 -7.979e+03    23.3703    23.3694 1.0000e-12     22.166          1       7272    1514.98 4.0028e+00  50162.987    302.961 1570429565      -0.04     -0.163   40.57254  -72.08814    32.8263  1023.4705    23.3739    18.4957 0.0000e+00
     21.000    18.4648    32.4914  1023.3313     2.3450     5.0330     92.227    0.01611    5.45725    5.44877      8.129     0.6029   10.00761   4.337299 2.5320e-11    23.2390    23.2381 1.0000e-12     21.160          1       7298    1514.65 3.9495e+00  49913.065    304.045 1570429566      -0.65     -0.497   40.57254  -72.08814    32.6280  1023.3238    23.2316    18.4611 0.0000e+00
     20.000    18.2043    32.3136  1023.2548     2.3805     5.1596     94.518    0.02249    5.45877    5.45029      8.128     0.5849   10.01039   4.291284 2.5320e-11    23.1669    23.1660 1.0000e-12     20.170          1       7336    1513.67 3.9495e+00  49684.747    305.615 1570429568      -0.29     -0.827   40.57254  -72.08814    32.4467  1023.2455    23.1574    18.2009 0.0000e+00
     19.000    18.0055    32.1802  1023.1968     2.4280     5.2488     95.906    0.01177    5.47279    5.46440      8.130     0.7245   10.03481   4.257765 2.5320e-11    23.1132    23.1125 1.0000e-12     19.155          1       7422    1512.92 3.9495e+00  49514.202    309.215 1570429572      -0.68     -0.705   40.57254  -72.08812    32.3209  1023.1937    23.1100    18.0023 0.0000e+00
     18.000    17.9474    32.1090  1023.1520     2.4480     5.2794     96.462    0.00709    5.47305    5.46465      8.132     0.6827   10.03532   4.244356 2.5320e-11    23.0727    23.0720 1.0000e-12     18.145          1       7487    1512.65 3.9495e+00  49419.148    311.924 1570429574       0.01     -0.429   40.57255  -72.08812    32.2533  1023.1519    23.0726    17.9444 0.0000e+00
     17.000    17.9343    32.0882  1023.1348     2.4626     5.2999     96.713    0.00197    5.47998    5.47163      8.133     0.7597   10.04713   4.241099 2.5320e-11    23.0599    23.0592 1.0000e-12     17.115          1       7593    1512.57 3.9495e+00  49390.911    316.331 1570429579      -0.33     -0.162   40.57256  -72.08812    32.2364  1023.1376    23.0628    17.9315 0.0000e+00
     16.000    17.9165    32.0791  1023.1277     2.4647     5.3094     96.899    0.00289    5.47936    5.47100      8.133     0.7434   10.04607   4.238094 2.5320e-11    23.0572    23.0565 1.0000e-12     16.136          1       7607    1512.49 3.9495e+00  49379.072    316.924 1570429579      -0.51     -0.789   40.57256  -72.08812    32.2253  1023.1292    23.0586    17.9138 0.0000e+00
     15.000    17.8795    32.0635  1023.1202     2.4709     5.3205     97.102    0.00191    5.47929    5.47093      8.133     0.7009   10.04599   4.233078 2.5320e-11    23.0541    23.0535 1.0000e-12     15.121          1       7690    1512.35 3.9495e+00  49359.566    320.368 1570429583      -0.17     -0.400   40.57256  -72.08810    32.2123  1023.1237    23.0576    17.8769 0.0000e+00
     14.000    17.8792    32.0606  1023.1136     2.4750     5.3260     97.205    0.00105    5.47918    5.47082      8.133     0.6608   10.04583   4.232853 2.5320e-11    23.0519    23.0514 1.0000e-12     14.106          1       7770    1512.33 3.9495e+00  49355.082    323.716 1570429586       0.06     -0.318   40.57257  -72.08810    32.2110  1023.1183    23.0566    17.8768 0.0000e+00
     13.000    17.8816    32.0601  1023.1082     2.4721     5.3056     96.827   -0.00157    5.47942    5.47106      8.133     0.6981   10.04625   4.232996 2.5320e-11    23.0509    23.0504 1.0000e-12     13.099          1       7811    1512.32 3.9495e+00  49353.742    325.402 1570429588      -0.26     -0.588   40.57258  -72.08810    32.2107  1023.1131    23.0558    17.8794 0.0000e+00
     12.000    17.8804    32.0586  1023.1029     2.4757     5.3030     97.200    0.00120    5.45608    5.44752      8.136     0.6234   10.00760   4.232698 2.5320e-11    23.0501    23.0496 1.0000e-12     12.101          1       7858    1512.30 3.9495e+00  49351.322    327.387 1570429590      -0.11     -0.627   40.57258  -72.08808    32.2094  1023.1080    23.0551    17.8784 0.0000e+00
     11.000    17.8993    32.0612  1023.0959     2.5030     5.3353     99.498    0.01460    5.36223    5.35283      8.155     0.4886    9.85263   4.235864 2.5320e-11    23.0475    23.0470 1.0000e-12     11.080          1       7943    1512.34 3.9495e+00  49353.152    330.928 1570429593      -0.60     -0.603   40.57258  -72.08808    32.2217  1023.1082    23.0598    17.8975 0.0000e+00
     10.000    18.2673    32.0543  1022.9968     2.5091     5.3467     99.633    0.01248    5.36637    5.35701      8.167     0.4796    9.85923   4.273501 2.5320e-11    22.9529    22.9525 1.0000e-12     10.081          1       7965    1513.40 3.9495e+00  49320.131    331.817 1570429594      -0.26     -0.984   40.57258  -72.08808    32.2506  1023.0364    22.9924    18.2656 0.0000e+00
      9.000    18.8861    31.9751  1022.7790     2.5080     5.2912     98.680    0.00187    5.36199    5.35260      8.175     0.4959    9.85192   4.320132 2.5320e-11    22.7394    22.7390 1.0000e-12      9.082          1       8014    1515.09 2.9627e+00  49171.214    333.855 1570429596      -0.10     -0.778   40.57259  -72.08807    32.1582  1022.8088    22.7693    18.8845 0.0000e+00
      8.000    19.0785    31.9580  1022.7135     2.5121     5.2893     98.760    0.00060    5.35569    5.34625      8.182     0.4984    9.84147   4.334173 1.1759e+04    22.6784    22.6781 1.0000e-12      8.067          1       8107    1515.60 2.8167e+00  49136.537    337.749 1570429600       0.03     -0.443   40.57260  -72.08806    32.1260  1022.7319    22.6968    19.0771 0.0000e+00
      7.000    19.1168    31.9575  1022.6991     2.5118     5.2888     98.771    0.00108    5.35462    5.34518      8.189     0.4816    9.83969   4.336510 1.0493e+05    22.6684    22.6681 1.0000e-12      7.061          1       9412    1515.69 2.1173e+00  49133.301    392.116 1570429654      -0.25     -0.537   40.57271  -72.08792    32.1160  1022.7103    22.6796    19.1155 0.0000e+00
