CalculateIndicators/WaterTemperature/Data/CTD_NYOS/NYOS190728_6_5.cnv
* Sea-Bird SBE 9 Data File:
* FileName = C:\Seabird 9 CTD\Data\2019\201907_offshore\NYOS190728_6_5.hex
* Software Version Seasave V 7.23.2
* Temperature SN = 4590
* Conductivity SN = 3228
* Number of Bytes Per Scan = 44
* Number of Voltage Words = 5
* Number of Scans Averaged by the Deck Unit = 1
* NMEA Latitude = 39 07.97 N
* NMEA Longitude = 072 56.60 W
* NMEA UTC (Time) = Jul 28 2019  08:49:34
* NMEA baud rate = 4800
** Ship: Seawolf
** Station: 6.5
** Operator: lis
# nquan = 35
# nvalues = 154                         
# units = specified
# name 0 = depSM: Depth [salt water, m]
# name 1 = t090C: Temperature [ITS-90, deg C]
# name 2 = sal00: Salinity, Practical [PSU]
# name 3 = density00: Density [density, kg/m^3]
# name 4 = sbeox0V: Oxygen raw, SBE 43 [V]
# name 5 = sbeox0ML/L: Oxygen, SBE 43 [ml/l]
# name 6 = sbeox0PS: Oxygen, SBE 43 [% saturation]
# name 7 = sbox0dV/dT: Oxygen, SBE 43 [dov/dt]
# name 8 = oxsolML/L: Oxygen Saturation, Garcia & Gordon [ml/l]
# name 9 = oxsatML/L: Oxygen Saturation, Weiss [ml/l]
# name 10 = ph: pH
# name 11 = flECO-AFL: Fluorescence, WET Labs ECO-AFL/FL [mg/m^3]
# name 12 = n2satML/L: Nitrogen Saturation [ml/l]
# name 13 = c0S/m: Conductivity [S/m]
# name 14 = cpar: CPAR/Corrected Irradiance [%]
# name 15 = sigma-é00: Density [sigma-theta, kg/m^3]
# name 16 = sigma-t00: Density [sigma-t, kg/m^3 ]
# name 17 = par: PAR/Irradiance, Biospherical/Licor
# name 18 = prDM: Pressure, Digiquartz [db]
# name 19 = pumps: Pump Status
# name 20 = scan: Scan Count
# name 21 = svCM: Sound Velocity [Chen-Millero, m/s]
# name 22 = spar: SPAR, Biospherical/Licor
# name 23 = specc: Specific Conductance [uS/cm]
# name 24 = timeS: Time, Elapsed [seconds]
# name 25 = timeY: Time, System [seconds]
# name 26 = accM: Acceleration [m/s^2]
# name 27 = dz/dtM: Descent Rate [m/s]
# name 28 = latitude: Latitude [deg]
# name 29 = longitude: Longitude [deg]
# name 30 = gsw_saA0: Absolute Salinity [g/kg]
# name 31 = gsw_densityA0: density, TEOS-10 [density, kg/m^3]
# name 32 = gsw_sigma0A0: density, TEOS-10 [sigma-0, kg/m^3 ]
# name 33 = gsw_ptA0: potential temperature [ITS-90, deg C]
# name 34 = flag: flag
# span 0 =      1.000,     78.000       
# span 1 =     8.0470,    25.9043       
# span 2 =    30.6498,    37.3291       
# span 3 =  1019.7990,  1027.4416       
# span 4 =     1.7904,     2.8963       
# span 5 =     3.0114,     8.2547       
# span 6 =     62.976,    137.082       
# span 7 =   -0.05550,    0.31717       
# span 8 =    4.78000,    6.68140       
# span 9 =    4.76751,    6.68811       
# span 10 =      7.997,      8.240      
# span 11 =    -0.0106,     1.5272      
# span 12 =    8.89416,   12.02855      
# span 13 =   3.436098,   4.823786      
# span 14 = -4.273e+03, 1.0166e+05      
# span 15 =    19.7904,    27.3762      
# span 16 =    19.7903,    27.3756      
# span 17 = -8.586e-05, 3.3874e-01      
# span 18 =      1.011,     78.602      
# span 19 =          0,          1      
# span 20 =        355,       8278      
# span 21 =    1480.97,    1532.17      
# span 22 = -6.572e-02, 4.1260e+00      
# span 23 =  47134.409,  56645.832      
# span 24 =     14.744,    344.858      
# span 25 = 1564303789, 1564304119      
# span 26 =      -0.63,       0.45      
# span 27 =     -0.963,      1.061      
# span 28 =   39.13292,   39.13359      
# span 29 =  -72.94332,  -72.94130      
# span 30 =    30.7981,    37.3365      
# span 31 =  1019.8045,  1027.3159      
# span 32 =    19.7959,    27.2500      
# span 33 =     8.0420,    25.9041      
# span 34 = 0.0000e+00, 0.0000e+00      
# interval = meters: 1                  
# start_time = Jul 28 2019 08:49:34 [System UTC, first data scan.]
# bad_flag = -9.990e-29
*END*
[from data line 42]
     44.000     8.3168    32.9346  1025.8081     2.2887     5.8938     88.701   -0.00881    6.64461    6.65077      8.051     0.2718   11.96795   3.457026 2.5320e-11    25.6061    25.6054 1.0000e-12     44.347          1       1989    1481.84 3.9495e+00  51897.050     82.837 1564303857      -0.05      0.403   39.13298  -72.94280    33.0773  1025.8003    25.5982     8.3124 0.0000e+00
     45.000     8.2996    32.9441  1025.8227     2.2778     5.8642     88.271   -0.00804    6.64342    6.64956      8.048     0.2694   11.96594   3.456582 2.5320e-11    25.6160    25.6154 1.0000e-12     45.351          1       2023    1481.80 3.9495e+00  51915.081     84.247 1564303858       0.25      0.658   39.13300  -72.94278    33.0884  1025.8161    25.6095     8.2950 0.0000e+00
     46.000     8.2938    32.9447  1025.8286     2.2722     5.8617     88.275   -0.00603    6.64019    6.64629      8.048     0.2679   11.96049   3.456390 2.7615e-11    25.6174    25.6167 1.0000e-12     46.351          1       2052    1481.80 3.9495e+00  51917.960     85.438 1564303860       0.04      0.832   39.13300  -72.94278    33.0912  1025.8238    25.6126     8.2892 0.0000e+00
     47.000     8.3010    32.9484  1025.8350     2.2688     5.8827     88.683   -0.00198    6.63345    6.63948      8.048     0.2830   11.94907   3.457696 2.5014e-11    25.6192    25.6185 1.0000e-12     47.367          1       2092    1481.85 3.9495e+00  51922.131     87.133 1564303861      -0.17      0.619   39.13300  -72.94277    33.0979  1025.8325    25.6167     8.2963 0.0000e+00
     48.000     8.3300    32.9627  1025.8465     2.2666     5.8979     88.670   -0.00154    6.65151    6.65779      8.047     0.2781   11.97907   3.462104 2.5315e-11    25.6262    25.6255 1.0000e-12     48.370          1       2131    1481.99 3.9495e+00  51936.492     88.748 1564303863       0.06      0.623   39.13300  -72.94276    33.1170  1025.8477    25.6273     8.3251 0.0000e+00
     49.000     8.3495    32.9797  1025.8615     2.2628     5.9105     88.462   -0.00206    6.68140    6.68811      8.042     0.2055   12.02855   3.465110 2.5118e-11    25.6366    25.6358 1.0000e-12     49.382          1       2174    1482.10 3.9495e+00  51956.756     90.548 1564303865      -0.05      0.560   39.13300  -72.94274    33.1301  1025.8596    25.6346     8.3446 0.0000e+00
     50.000     8.1905    32.9653  1025.8786     2.2619     5.9175     88.603   -0.00082    6.67864    6.68534      8.039     0.1715   12.02374   3.448529 2.9570e+04    25.6489    25.6481 1.0000e-12     50.389          1       2212    1481.50 2.7816e+00  51973.914     92.113 1564303866       0.09      0.629   39.13301  -72.94274    33.1030  1025.8667    25.6370     8.1855 0.0000e+00
     51.000     8.0470    32.9617  1025.9016     2.2635     5.9044     88.898    0.00097    6.64178    6.64800      8.039     0.1311   11.96204   3.436098 7.5547e+04    25.6672    25.6664 1.0000e-12     51.396          1       2247    1480.97 8.5928e-01  52002.946     93.579 1564303868      -0.01      0.690   39.13302  -72.94272    33.1053  1025.8943    25.6598     8.0420 0.0000e+00
     52.000     8.0492    32.9801  1025.9203     2.2600     5.8568     88.364   -0.00151    6.62802    6.63406      8.038     0.1232   11.93898   3.439400 5.8868e+02    25.6813    25.6805 1.0000e-12     52.404          1       2282    1481.02 3.9254e+00  52029.136     95.030 1564303869       0.03      0.684   39.13302  -72.94272    33.1380  1025.9242    25.6851     8.0441 0.0000e+00
     53.000     8.2702    33.0423  1025.9409     2.2554     5.8330     87.909   -0.00321    6.63520    6.64135      8.038     0.1189   11.95091   3.465499 2.5320e-11    25.6975    25.6967 1.0000e-12     53.409          1       2318    1481.95 3.9495e+00  52066.622     96.524 1564303871      -0.07      0.693   39.13302  -72.94271    33.2071  1025.9499    25.7066     8.2649 0.0000e+00
     54.000     8.3787    33.0736  1025.9537     2.2459     5.8174     87.234   -0.00502    6.66875    6.67537      8.037     0.0802   12.00650   3.477838 -9.990e-29    25.7059    25.7051 1.0000e-12     54.421          1       2362    1482.41 3.9495e+00  52086.545     98.390 1564303873      -0.03      0.535   39.13304  -72.94269    33.2354  1025.9603    25.7126     8.3732 0.0000e+00
     55.000     8.2506    33.0604  1025.9672     2.2416     5.8215     87.303   -0.00313    6.66813    6.67476      8.034     0.0719   12.00534   3.463458 2.5320e-11    25.7146    25.7138 1.0000e-12     55.430          1       2403    1481.93 3.9495e+00  52098.044    100.088 1564303874       0.08      0.582   39.13304  -72.94268    33.2030  1025.9589    25.7063     8.2451 0.0000e+00
     56.000     8.0959    33.0561  1025.9915     2.2428     5.8537     87.906    0.00069    6.65913    6.66565      8.031     0.0648   11.99025   3.450087 2.5320e-11    25.7342    25.7334 1.0000e-12     56.433          1       2437    1481.35 3.9495e+00  52128.906    101.488 1564303876       0.05      0.705   39.13304  -72.94268    33.2062  1025.9889    25.7316     8.0904 0.0000e+00
     57.000     8.1035    33.0676  1026.0040     2.2416     5.8203     87.647   -0.00063    6.64060    6.64688      8.030     0.0451   11.95928   3.452382 2.5320e-11    25.7421    25.7412 1.0000e-12     57.446          1       2476    1481.41 3.9495e+00  52143.983    103.125 1564303877      -0.08      0.626   39.13304  -72.94267    33.2231  1026.0057    25.7437     8.0978 0.0000e+00
     58.000     8.1577    33.0852  1026.0144     2.2405     5.8045     87.553   -0.00083    6.62973    6.63586      8.029     0.0460   11.94118   3.459188 2.5027e-11    25.7480    25.7471 1.0000e-12     58.453          1       2509    1481.66 3.9495e+00  52156.974    104.510 1564303879       0.16      0.682   39.13305  -72.94265    33.2440  1026.0186    25.7521     8.1519 0.0000e+00
     59.000     8.2506    33.1082  1026.0231     2.2375     5.7850     87.278   -0.00177    6.62829    6.63441      8.029     0.0456   11.93871   3.470241 2.6945e-11    25.7522    25.7514 1.0000e-12     59.453          1       2541    1482.05 3.9495e+00  52168.548    105.850 1564303880      -0.07      0.771   39.13306  -72.94264    33.2734  1026.0322    25.7613     8.2446 0.0000e+00
     60.000     8.3542    33.1283  1026.0279     2.2359     5.7405     87.352   -0.00027    6.57182    6.57722      8.029     0.0263   11.84408   3.480907 7.8497e+03    25.7526    25.7516 1.0000e-12     60.472          1       2600    1482.48 3.6395e+00  52173.618    108.286 1564303882      -0.07      0.347   39.13306  -72.94264    33.2883  1026.0329    25.7576     8.3481 0.0000e+00
     61.000     8.4502    33.1673  1026.0485     2.2342     5.7179     87.179   -0.00088    6.55885    6.56408      8.033     0.0397   11.82243   3.495171 1.0166e+05    25.7687    25.7677 1.0000e-12     61.478          1       2640    1482.91 -6.572e-02  52207.348    109.971 1564303884       0.16      0.590   39.13306  -72.94262    33.3483  1026.0698    25.7900     8.4439 0.0000e+00
     62.000     8.7219    33.2421  1026.0699     2.2275     5.6689     86.322   -0.00479    6.56714    6.57248      8.033     0.0331   11.83625   3.526509 4.0025e+04    25.7861    25.7851 1.0000e-12     62.484          1       2671    1484.03 2.2371e+00  52253.628    111.270 1564303885       0.09      0.743   39.13306  -72.94262    33.4223  1026.0903    25.8065     8.7155 0.0000e+00
     63.000     8.7856    33.2540  1026.0739     2.2225     5.6649     86.148   -0.00436    6.57576    6.58122      8.031     0.0435   11.85055   3.532316 8.5188e+01    25.7855    25.7845 1.0000e-12     63.491          1       2701    1484.30 3.9459e+00  52256.546    112.518 1564303887       0.01      0.807   39.13307  -72.94261    33.4228  1026.0855    25.7971     8.7790 0.0000e+00
     64.000     8.7499    33.2485  1026.0797     2.2195     5.6725     86.235   -0.00273    6.57799    6.58349      8.028     0.0501   11.85424   3.527998 2.7014e-11    25.7867    25.7857 1.0000e-12     64.495          1       2734    1484.18 3.9495e+00  52257.268    113.882 1564303888      -0.08      0.770   39.13308  -72.94260    33.4106  1026.0861    25.7931     8.7433 0.0000e+00
     65.000     8.6660    33.2410  1026.0915     2.2173     5.6780     86.380   -0.00096    6.57332    6.57877      8.023     0.0408   11.84626   3.519690 2.5350e-11    25.7937    25.7927 1.0000e-12     65.509          1       2784    1483.87 3.9495e+00  52265.865    115.954 1564303890      -0.09      0.474   39.13308  -72.94259    33.4018  1026.0969    25.7992     8.6592 0.0000e+00
     66.000     8.6624    33.2431  1026.0983     2.2070     5.6212     85.356   -0.00482    6.58550    6.59116      8.016     0.0344   11.86598   3.519560 2.5319e-11    25.7960    25.7950 1.0000e-12     66.517          1       2827    1483.88 3.9495e+00  52270.423    117.758 1564303892       0.15      0.546   39.13308  -72.94258    33.4034  1026.1033    25.8010     8.6555 0.0000e+00
     67.000     8.6704    33.2649  1026.1187     2.1885     5.4663     83.482   -0.01144    6.54786    6.55306      8.015     0.0271   11.80277   3.522151 2.5320e-11    25.8118    25.8108 1.0000e-12     67.521          1       2865    1483.95 3.9495e+00  52300.190    119.315 1564303894      -0.06      0.652   39.13308  -72.94256    33.4227  1026.1216    25.8147     8.6635 0.0000e+00
     68.000     8.6505    33.3277  1026.1754     2.1718     5.4260     82.977   -0.00908    6.53915    6.54425      8.019     0.0337   11.78810   3.528409 2.5320e-11    25.8640    25.8629 1.0000e-12     68.537          1       2909    1483.97 3.9495e+00  52394.028    121.150 1564303895       0.08      0.514   39.13308  -72.94256    33.5068  1026.1948    25.8833     8.6435 0.0000e+00
     69.000     8.8315    33.3803  1026.1931     2.1606     5.3969     82.498   -0.00855    6.54192    6.54705      8.016     0.0334   11.79271   3.548619 2.5320e-11    25.8774    25.8763 1.0000e-12     69.538          1       2938    1484.73 3.9495e+00  52428.710    122.376 1564303897       0.20      0.747   39.13308  -72.94256    33.5481  1026.2035    25.8878     8.8242 0.0000e+00
     70.000     8.8712    33.3982  1026.2055     2.1445     5.3294     81.460   -0.01031    6.54240    6.54755      8.010     0.0334   11.79346   3.553672 7.6759e+04    25.8853    25.8841 1.0000e-12     70.544          1       2975    1484.91 9.7619e-01  52446.126    123.909 1564303898      -0.18      0.702   39.13310  -72.94254    33.5632  1026.2135    25.8934     8.8639 0.0000e+00
     71.000     8.8571    33.3991  1026.2129     2.1308     5.3088     81.241   -0.00694    6.53465    6.53972      8.008     0.0334   11.78031   3.552287 -9.990e-29    25.8882    25.8870 1.0000e-12     71.560          1       3021    1484.88 4.0654e+00  52450.987    125.834 1564303900       0.19      0.458   39.13310  -72.94252    33.5615  1026.2191    25.8943     8.8496 0.0000e+00
     72.000     8.8547    33.4054  1026.2228     2.1251     5.3106     81.299   -0.00451    6.53219    6.53722 -9.990e-29     0.0149   11.77615   3.552842 -9.990e-29    25.8935    25.8923 1.0000e-12     72.559          1       3055    1484.89 3.9495e+00  52461.049    127.240 1564303901      -0.02      0.703   39.13310  -72.94252    33.5691  1026.2300    25.9006     8.8471 0.0000e+00
     73.000     8.9043    33.4331  1026.2413     2.1189     5.2976     81.161   -0.00333    6.52727    6.53225 -9.990e-29     0.0151   11.76783   3.560030 -9.990e-29    25.9075    25.9063 1.0000e-12     73.574          1       3100    1485.13 3.9495e+00  52490.023    129.122 1564303903      -0.02      0.519   39.13310  -72.94251    33.5972  1026.2487    25.9148     8.8966 0.0000e+00
     74.000     8.9188    33.4390  1026.2483     2.1157     5.2915     81.153   -0.00223    6.52047    6.52537      8.006     0.0088   11.75636   3.561816 -9.990e-29    25.9099    25.9086 1.0000e-12     74.582          1       3136    1485.21 3.9495e+00  52495.880    130.634 1564303905       0.12      0.640   39.13310  -72.94249    33.6017  1026.2545    25.9161     8.9110 0.0000e+00
     75.000     8.9335    33.4484  1026.2578     2.1121     5.2753     80.917   -0.00265    6.51938    6.52427      8.004    -0.0106   11.75453   3.564362 -9.990e-29    25.9149    25.9137 1.0000e-12     75.585          1       3165    1485.29 3.9495e+00  52506.462    131.832 1564303906       0.12      0.793   39.13311  -72.94248    33.6141  1026.2664    25.9235     8.9256 0.0000e+00
     76.000     8.9787    33.4701  1026.2722     2.1068     5.2491     80.514   -0.00365    6.51948    6.52436      8.004     0.0204   11.75467   3.570420 9.9999e+04    25.9248    25.9235 1.0000e-12     76.593          1       3198    1485.50 1.3833e+00  52527.924    133.215 1564303907      -0.13      0.775   39.13312  -72.94248    33.6344  1026.2796    25.9322     8.9706 0.0000e+00
     77.000     8.9922    33.4801  1026.2825     2.0977     5.2426     80.427   -0.00098    6.51846    6.52335      8.002     0.0184   11.75290   3.572265 2.1114e+04    25.9306    25.9293 1.0000e-12     77.597          1       3596    1485.58 3.1104e+00  52539.751    149.783 1564303924       0.04      0.308   39.13317  -72.94239    33.6405  1026.2868    25.9349     8.9840 0.0000e+00
     78.000     9.0095    33.5074  1026.3057     2.0791     5.1844     79.553   -0.00043    6.51686    6.52173      7.997    -0.0078   11.75013   3.576339 5.2201e+04    25.9492    25.9479 1.0000e-12     78.602          1       4923    1485.69 1.8836e+00  52575.227    205.098 1564303979      -0.32      0.257   39.13331  -72.94206    33.6663  1026.3087    25.9523     9.0011 0.0000e+00
     77.000     9.0075    33.4967  1026.2931     2.0873     5.2189     79.847   -0.00140    6.53610    6.54117 -9.990e-29    -0.0014   11.78278   3.575092 -4.273e+03    25.9412    25.9399 1.0000e-12     77.584          1       4571    1485.65 4.1260e+00  52559.959    190.404 1564303965      -0.63     -0.353   39.13326  -72.94215    33.6556  1026.2961    25.9443     8.9992 0.0000e+00
     76.000     9.0049    33.4939  1026.2867     2.0871     5.2232     79.946   -0.00058    6.53336    6.53842 -9.990e-29     0.0089   11.77804   3.574462 2.5320e-11    25.9394    25.9381 1.0000e-12     76.602          1       4577    1485.63 3.9495e+00  52555.898    190.682 1564303965      -0.59     -0.900   39.13326  -72.94214    33.6520  1026.2892    25.9418     8.9967 0.0000e+00
     75.000     8.9719    33.4718  1026.2700     2.0942     5.2666     80.598    0.00163    6.53439    6.53945 -9.990e-29     0.0091   11.77983   3.569087 2.5320e-11    25.9272    25.9260 1.0000e-12     75.592          1       4629    1485.46 3.9495e+00  52531.296    192.848 1564303967       0.01     -0.631   39.13327  -72.94214    33.6273  1026.2706    25.9278     8.9639 0.0000e+00
     74.000     8.9369    33.4491  1026.2533     2.1011     5.2893     80.824    0.00087    6.54425    6.54942 -9.990e-29     0.0304   11.79654   3.563522 2.5320e-11    25.9150    25.9137 1.0000e-12     74.575          1       4695    1485.29 3.9495e+00  52506.301    195.579 1564303970      -0.45     -0.521   39.13328  -72.94213    33.6025  1026.2522    25.9139     8.9291 0.0000e+00
     73.000     8.8841    33.4243  1026.2376     2.1054     5.3217     81.332    0.00303    6.54320    6.54836      8.003     0.0326   11.79482   3.556106 -9.990e-29    25.9037    25.9025 1.0000e-12     73.570          1       4720    1485.04 3.9495e+00  52481.729    196.633 1564303971      -0.18     -0.859   39.13328  -72.94212    33.5752  1026.2347    25.9008     8.8764 0.0000e+00
