CalculateIndicators/WaterTemperature/Data/CTD_NYOS/NYOS190728_6_5.cnv
* Sea-Bird SBE 9 Data File:
* FileName = C:\Seabird 9 CTD\Data\2019\201907_offshore\NYOS190728_6_5.hex
* Software Version Seasave V 7.23.2
* Temperature SN = 4590
* Conductivity SN = 3228
* Number of Bytes Per Scan = 44
* Number of Voltage Words = 5
* Number of Scans Averaged by the Deck Unit = 1
* NMEA Latitude = 39 07.97 N
* NMEA Longitude = 072 56.60 W
* NMEA UTC (Time) = Jul 28 2019  08:49:34
* NMEA baud rate = 4800
** Ship: Seawolf
** Station: 6.5
** Operator: lis
# nquan = 35
# nvalues = 154                         
# units = specified
# name 0 = depSM: Depth [salt water, m]
# name 1 = t090C: Temperature [ITS-90, deg C]
# name 2 = sal00: Salinity, Practical [PSU]
# name 3 = density00: Density [density, kg/m^3]
# name 4 = sbeox0V: Oxygen raw, SBE 43 [V]
# name 5 = sbeox0ML/L: Oxygen, SBE 43 [ml/l]
# name 6 = sbeox0PS: Oxygen, SBE 43 [% saturation]
# name 7 = sbox0dV/dT: Oxygen, SBE 43 [dov/dt]
# name 8 = oxsolML/L: Oxygen Saturation, Garcia & Gordon [ml/l]
# name 9 = oxsatML/L: Oxygen Saturation, Weiss [ml/l]
# name 10 = ph: pH
# name 11 = flECO-AFL: Fluorescence, WET Labs ECO-AFL/FL [mg/m^3]
# name 12 = n2satML/L: Nitrogen Saturation [ml/l]
# name 13 = c0S/m: Conductivity [S/m]
# name 14 = cpar: CPAR/Corrected Irradiance [%]
# name 15 = sigma-é00: Density [sigma-theta, kg/m^3]
# name 16 = sigma-t00: Density [sigma-t, kg/m^3 ]
# name 17 = par: PAR/Irradiance, Biospherical/Licor
# name 18 = prDM: Pressure, Digiquartz [db]
# name 19 = pumps: Pump Status
# name 20 = scan: Scan Count
# name 21 = svCM: Sound Velocity [Chen-Millero, m/s]
# name 22 = spar: SPAR, Biospherical/Licor
# name 23 = specc: Specific Conductance [uS/cm]
# name 24 = timeS: Time, Elapsed [seconds]
# name 25 = timeY: Time, System [seconds]
# name 26 = accM: Acceleration [m/s^2]
# name 27 = dz/dtM: Descent Rate [m/s]
# name 28 = latitude: Latitude [deg]
# name 29 = longitude: Longitude [deg]
# name 30 = gsw_saA0: Absolute Salinity [g/kg]
# name 31 = gsw_densityA0: density, TEOS-10 [density, kg/m^3]
# name 32 = gsw_sigma0A0: density, TEOS-10 [sigma-0, kg/m^3 ]
# name 33 = gsw_ptA0: potential temperature [ITS-90, deg C]
# name 34 = flag: flag
# span 0 =      1.000,     78.000       
# span 1 =     8.0470,    25.9043       
# span 2 =    30.6498,    37.3291       
# span 3 =  1019.7990,  1027.4416       
# span 4 =     1.7904,     2.8963       
# span 5 =     3.0114,     8.2547       
# span 6 =     62.976,    137.082       
# span 7 =   -0.05550,    0.31717       
# span 8 =    4.78000,    6.68140       
# span 9 =    4.76751,    6.68811       
# span 10 =      7.997,      8.240      
# span 11 =    -0.0106,     1.5272      
# span 12 =    8.89416,   12.02855      
# span 13 =   3.436098,   4.823786      
# span 14 = -4.273e+03, 1.0166e+05      
# span 15 =    19.7904,    27.3762      
# span 16 =    19.7903,    27.3756      
# span 17 = -8.586e-05, 3.3874e-01      
# span 18 =      1.011,     78.602      
# span 19 =          0,          1      
# span 20 =        355,       8278      
# span 21 =    1480.97,    1532.17      
# span 22 = -6.572e-02, 4.1260e+00      
# span 23 =  47134.409,  56645.832      
# span 24 =     14.744,    344.858      
# span 25 = 1564303789, 1564304119      
# span 26 =      -0.63,       0.45      
# span 27 =     -0.963,      1.061      
# span 28 =   39.13292,   39.13359      
# span 29 =  -72.94332,  -72.94130      
# span 30 =    30.7981,    37.3365      
# span 31 =  1019.8045,  1027.3159      
# span 32 =    19.7959,    27.2500      
# span 33 =     8.0420,    25.9041      
# span 34 = 0.0000e+00, 0.0000e+00      
# interval = meters: 1                  
# start_time = Jul 28 2019 08:49:34 [System UTC, first data scan.]
# bad_flag = -9.990e-29
*END*
      2.000    25.8851    30.6498  1019.7990     1.7904     3.0114     62.976    0.00153    4.78181    4.76932 -9.990e-29     0.0623    8.89754   4.797913 -9.990e-29    19.7904    19.7903 -8.586e-05      2.019          0        355    1531.90 3.9495e+00  47134.409     14.744 1564303789       0.33     -0.090   39.13294  -72.94332    30.7981  1019.8045    19.7959    25.8847 0.0000e+00
      3.000    25.8859    30.7350  1019.8673     1.8945     3.3509     70.099    0.03622    4.78024    4.76775      8.179     0.0436    8.89474   4.809812 7.8492e-03    19.8545    19.8543 2.9980e-04      3.025          0        427    1532.01 3.9495e+00  47252.087     17.764 1564303792       0.04      0.348   39.13294  -72.94330    30.8828  1019.8721    19.8592    25.8852 0.0000e+00
      4.000    25.8879    30.7556  1019.8866     1.9383     3.4069     71.268    0.02015    4.78032    4.76783      8.181     0.0532    8.89494   4.812704 -4.536e-05    19.8694    19.8692 -1.676e-06      4.031          0        475    1532.05 3.9495e+00  47280.729     19.762 1564303794       0.19      0.506   39.13294  -72.94328    30.9020  1019.8902    19.8730    25.8870 0.0000e+00
      5.000    25.9020    30.7641  1019.8931     1.9629     3.4459     72.091    0.01377    4.78000    4.76751      8.181     0.0632    8.89416   4.815261 2.5134e-11    19.8716    19.8713 1.0000e-12      5.038          0        516    1532.11 3.9495e+00  47292.703     21.464 1564303796      -0.05      0.599   39.13294  -72.94326    30.9105  1019.8967    19.8752    25.9009 0.0000e+00
      6.000    25.8961    30.7513  1019.8895     1.9899     3.5182     73.599    0.01679    4.78024    4.76776      8.182     0.0460    8.89431   4.812862 2.4854e-11    19.8638    19.8634 1.0000e-12      6.051          0        559    1532.10 3.9495e+00  47275.329     23.230 1564303797       0.05      0.560   39.13294  -72.94324    30.8970  1019.8927    19.8669    25.8948 0.0000e+00
      7.000    25.8928    30.7819  1019.9180     2.0154     3.5767     74.709    0.01431    4.78738    4.77491      8.183     0.0336    8.90551   4.817110 2.5468e-11    19.8879    19.8874 1.0000e-12      7.056          0        588    1532.14 3.9495e+00  47317.877     24.451 1564303799       0.25      0.730   39.13294  -72.94324    30.9295  1019.9224    19.8923    25.8913 0.0000e+00
      8.000    25.8911    30.7942  1019.9321     2.0655     3.8394     78.879    0.03867    4.86698    4.85478      8.186     0.0615    9.03000   4.818570 2.6787e-11    19.8977    19.8972 1.0000e-12      8.057          0        612    1532.17 3.9495e+00  47335.109     25.460 1564303800       0.13      0.950   39.13294  -72.94322    30.9408  1019.9357    19.9014    25.8893 0.0000e+00
      9.000    25.8735    30.8105  1019.9542     2.0980     3.9688     80.448    0.03563    4.93342    4.92152      8.187     0.2044    9.13566   4.819079 2.5119e-11    19.9154    19.9148 1.0000e-12      9.067          0        642    1532.16 3.9495e+00  47357.924     26.721 1564303801      -0.17      0.873   39.13294  -72.94322    30.9561  1019.9570    19.9183    25.8715 0.0000e+00
     10.000    24.5339    31.6974  1021.0281     2.0510     3.7481     74.430   -0.01984    5.03890    5.02777      8.192     0.2410    9.30232   4.808731 2.5167e-11    20.9850    20.9844 1.0000e-12     10.074          0        686    1529.86 3.9495e+00  48592.624     28.542 1564303803      -0.16      0.586   39.13294  -72.94321    31.8133  1021.0061    20.9630    24.5317 0.0000e+00
     11.000    22.9898    32.5705  1022.1437     1.9893     3.7576     71.112   -0.02578    5.28318    5.27446      8.216     0.1647    9.68633   4.775710 2.5079e-11    22.0960    22.0954 1.0000e-12     11.093          0        740    1526.96 3.9495e+00  49817.093     30.790 1564303805       0.18      0.395   39.13294  -72.94319    32.6751  1022.1108    22.0632    22.9876 0.0000e+00
     12.000    21.9517    33.2356  1022.9430     1.9754     3.7956     71.097   -0.01795    5.33851    5.33074      8.224     0.1558    9.76863   4.753579 2.5323e-11    22.8903    22.8896 1.0000e-12     12.096          0        766    1524.99 3.9495e+00  50755.968     31.893 1564303806       0.33      0.756   39.13294  -72.94318    33.2906  1022.8704    22.8184    21.9494 0.0000e+00
     13.000    19.9650    34.4527  1024.4095     1.9829     3.9470     73.043   -0.00117    5.40333    5.39665      8.228     0.1203    9.86700   4.706265 2.5320e-11    24.3532    24.3525 1.0000e-12     13.093          0        789    1520.97 3.9495e+00  52505.116     32.850 1564303807       0.14      0.993   39.13294  -72.94317    34.4916  1024.3202    24.2636    19.9626 0.0000e+00
     14.000    18.4692    35.7042  1025.7556     1.9707     3.9927     72.230   -0.00450    5.52830    5.52304      8.233     0.0952   10.07300   4.706418 2.5320e-11    25.6943    25.6937 1.0000e-12     14.104          0        823    1518.17 3.9495e+00  54294.865     34.251 1564303808      -0.26      0.817   39.13294  -72.94316    35.7565  1025.6714    25.6102    18.4668 0.0000e+00
     15.000    16.6961    37.3291  1027.4416     1.9470     3.9398     70.148   -0.01427    5.61625    5.61101      8.234     0.1003   10.23653   4.704358 2.7054e-11    27.3762    27.3756 1.0000e-12     15.116          0        868    1514.83 3.9495e+00  56645.832     36.112 1564303810      -0.01      0.535   39.13294  -72.94316    37.3365  1027.3159    27.2500    16.6936 0.0000e+00
     16.000    15.5955    36.6967  1027.2181     1.9895     4.4110     76.354    0.02429    5.77560    5.77191      8.239     0.1305   10.50563   4.512995 2.4618e-11    27.1476    27.1470 1.0000e-12     16.125          0        909    1510.78 3.9495e+00  55898.663     37.850 1564303812       0.05      0.572   39.13294  -72.94314    36.6351  1027.0418    26.9711    15.5929 0.0000e+00
     17.000    15.4871    35.4243  1026.2662     2.0830     4.8827     82.148    0.03317    5.94064    5.93755      8.239     0.1125   10.80212   4.370267 -9.990e-29    26.1904    26.1898 1.0000e-12     17.130          0        944    1508.98 3.9495e+00  54176.237     39.304 1564303814       0.06      0.678   39.13294  -72.94312    35.4361  1026.1515    26.0762    15.4845 0.0000e+00
     18.000    14.3358    35.4609  1026.5522     2.5484     8.2547    137.082    0.31717    6.02065    6.01843      8.240     0.1041   10.93589   4.243343 -9.990e-29    26.4725    26.4719 1.0000e-12     18.139          0        978    1505.40 3.9495e+00  54361.466     40.720 1564303815       0.02      0.704   39.13294  -72.94311    35.3121  1026.3133    26.2332    14.3332 0.0000e+00
     19.000    13.5722    33.0666  1024.8660     2.6994     7.6901    126.604    0.15350    6.07480    6.07319      8.238     0.0984   11.02635   3.929865 2.5320e-11    24.7808    24.7803 1.0000e-12     19.143          1       1013    1500.12 3.9495e+00  51155.613     42.159 1564303816      -0.06      0.717   39.13294  -72.94310    33.0628  1024.7476    24.6625    13.5696 0.0000e+00
     20.000    12.7256    32.8570  1024.8770     2.7615     7.1762    115.771    0.02827    6.19921    6.19906      8.236     0.1787   11.23395   3.832355 2.6649e-11    24.7871    24.7865 1.0000e-12     20.155          1       1062    1497.06 3.9495e+00  50978.233     44.223 1564303818      -0.09      0.483   39.13294  -72.94309    32.8759  1024.7762    24.6862    12.7229 0.0000e+00
     21.000    12.2581    32.7728  1024.9063     2.7636     7.1746    112.861    0.00030    6.35697    6.35880      8.234     0.3330   11.49589   3.782229 2.5394e-11    24.8116    24.8111 1.0000e-12     21.166          1       1106    1495.40 3.9495e+00  50927.114     46.037 1564303820       0.23      0.523   39.13294  -72.94307    32.8027  1024.8140    24.7193    12.2554 0.0000e+00
     22.000    11.5893    32.6847  1024.9664     2.7663     7.2169    113.036    0.00016    6.38456    6.38676      8.227     0.4049   11.54170   3.709186 6.7008e+04    24.8670    24.8665 1.0000e-12     22.165          1       1135    1493.00 1.2455e+00  50907.061     47.241 1564303821       0.09      0.793   39.13294  -72.94306    32.6786  1024.8461    24.7466    11.5866 0.0000e+00
     23.000    10.4897    32.6325  1025.1260     2.7612     7.1950    112.545   -0.00191    6.39305    6.39536      8.218     0.4576   11.55574   3.608126 6.0458e+04    25.0215    25.0210 1.0000e-12     23.177          1       1172    1489.09 1.5098e+00  51017.021     48.782 1564303823      -0.12      0.679   39.13294  -72.94305    32.6534  1025.0261    24.9215    10.4870 0.0000e+00
     24.000    10.1861    32.6171  1025.1703     2.7492     7.1121    111.295   -0.00709    6.39027    6.39256      8.212     0.4755   11.55087   3.582742 7.8281e+02    25.0611    25.0606 1.0000e-12     24.184          1       1210    1488.00 3.9179e+00  51050.783     50.395 1564303825      -0.01      0.627   39.13294  -72.94304    32.6697  1025.0947    24.9854    10.1833 0.0000e+00
     25.000    10.1391    32.6246  1025.1886     2.7343     7.0411    110.393   -0.00835    6.37823    6.38043      8.207     0.5269   11.53005   3.581991 2.5146e-11    25.0748    25.0743 1.0000e-12     25.191          1       1254    1487.86 3.9495e+00  51070.566     52.207 1564303826      -0.05      0.565   39.13294  -72.94303    32.7040  1025.1338    25.0200    10.1362 0.0000e+00
     26.000    10.1577    32.6649  1025.2215     2.7199     7.0099    109.972   -0.00624    6.37430    6.37649      8.201     0.6228   11.52296   3.589995 2.5332e-11    25.1031    25.1026 1.0000e-12     26.205          1       1304    1487.99 3.9495e+00  51124.350     54.274 1564303829       0.04      0.461   39.13294  -72.94300    32.7680  1025.1849    25.0665    10.1548 0.0000e+00
     27.000    10.2452    32.7429  1025.2721     2.7042     6.9228    108.552   -0.01138    6.37739    6.37964      8.201     0.6766   11.52794   3.607175 -9.990e-29    25.1493    25.1488 1.0000e-12     27.211          1       1336    1488.41 3.9495e+00  51219.032     55.614 1564303830       0.20      0.690   39.13292  -72.94300    32.8625  1025.2482    25.1253    10.2421 0.0000e+00
     28.000    10.2438    32.7607  1025.2908     2.6954     6.9088    108.332   -0.00970    6.37739    6.37963      8.201     0.6987   11.52796   3.608458 -9.990e-29    25.1634    25.1629 1.0000e-12     28.217          1       1362    1488.45 3.9495e+00  51244.686     56.705 1564303831       0.13      0.864   39.13292  -72.94299    32.8763  1025.2636    25.1362    10.2406 0.0000e+00
     29.000    10.2095    32.7712  1025.3094     2.6905     6.9285    108.602   -0.00570    6.37971    6.38198      8.197     0.7470   11.53183   3.607128 2.4908e-11    25.1774    25.1769 1.0000e-12     29.214          1       1390    1488.35 3.9495e+00  51266.498     57.860 1564303832      -0.09      0.915   39.13292  -72.94298    32.8936  1025.2873    25.1554    10.2062 0.0000e+00
     30.000    10.1784    32.7752  1025.3223     2.6673     6.9387    107.275   -0.00828    6.46831    6.47177      8.180     0.8817   11.67864   3.605589 2.5356e-11    25.1859    25.1853 1.0000e-12     30.241          1       1473    1488.26 3.9495e+00  51278.841     61.351 1564303836       0.02      0.125   39.13292  -72.94296    32.9057  1025.3066    25.1701    10.1750 0.0000e+00
     31.000     9.9067    32.7265  1025.3343     2.6479     6.8918    105.916   -0.01171    6.50691    6.51090      8.162     1.0957   11.74252   3.574339 2.5320e-11    25.1929    25.1923 1.0000e-12     31.242          1       1506    1487.24 3.9495e+00  51260.625     62.718 1564303837       0.45      0.688   39.13292  -72.94294    32.8342  1025.3009    25.1596     9.9032 0.0000e+00
     32.000     9.6543    32.7579  1025.4051     2.6269     6.7846    104.015   -0.01823    6.52276    6.52699      8.157     1.1176   11.76861   3.555456 2.5320e-11    25.2591    25.2585 1.0000e-12     32.249          1       1529    1486.38 3.9495e+00  51355.369     63.682 1564303838       0.16      0.982   39.13292  -72.94294    32.8706  1025.3753    25.2293     9.6508 0.0000e+00
     33.000     9.4237    32.7662  1025.4536     2.6078     6.6975    102.630   -0.02152    6.52581    6.53011      8.152     1.1509   11.77334   3.536145 2.5320e-11    25.3030    25.3025 1.0000e-12     33.243          1       1552    1485.56 3.9495e+00  51414.483     64.614 1564303839       0.05      1.061   39.13292  -72.94293    32.8826  1025.4264    25.2757     9.4201 0.0000e+00
     34.000     9.1670    32.7762  1025.5070     2.5520     6.5413     99.881   -0.02156    6.54907    6.55373      8.128     1.4762   11.81134   3.514963 2.6652e-11    25.3514    25.3508 1.0000e-12     34.268          1       1615    1484.65 3.9495e+00  51480.202     67.246 1564303841      -0.16      0.301   39.13292  -72.94290    32.8990  1025.4848    25.3292     9.1633 0.0000e+00
     35.000     9.0457    32.8131  1025.5596     2.5164     6.4157     97.993   -0.02247    6.54708    6.55173      8.119     1.5272   11.80779   3.507786 2.5013e-11    25.3994    25.3988 1.0000e-12     35.270          1       1654    1484.26 3.9495e+00  51558.730     68.868 1564303843       0.39      0.647   39.13294  -72.94290    32.9358  1025.5370    25.3769     9.0420 0.0000e+00
     36.000     8.9651    32.8278  1025.5883     2.4949     6.3978     97.597   -0.01766    6.55530    6.56008      8.112     1.2814   11.82121   3.503132 2.5310e-11    25.4235    25.4229 1.0000e-12     36.275          1       1684    1484.00 3.9495e+00  51597.348     70.145 1564303844      -0.07      0.826   39.13294  -72.94288    32.9614  1025.5742    25.4094     8.9613 0.0000e+00
     37.000     8.9845    32.8524  1025.6091     2.4692     6.3396     96.466   -0.01674    6.57190    6.57694      8.101     0.9959   11.84842   3.507725 2.5320e-11    25.4398    25.4392 1.0000e-12     37.291          1       1721    1484.12 3.9495e+00  51628.765     71.676 1564303846      -0.02      0.643   39.13294  -72.94288    32.9909  1025.5988    25.4294     8.9806 0.0000e+00
     38.000     8.9455    32.8610  1025.6266     2.4464     6.2618     95.142   -0.01819    6.58155    6.58674      8.093     1.0008   11.86424   3.504838 2.5320e-11    25.4526    25.4520 1.0000e-12     38.294          1       1750    1484.00 3.9495e+00  51649.748     72.858 1564303847       0.17      0.786   39.13294  -72.94287    32.9966  1025.6138    25.4398     8.9415 0.0000e+00
     39.000     8.8564    32.8834  1025.6626     2.4213     6.1613     93.582   -0.02047    6.58393    6.58916      8.085     0.9777   11.86809   3.498997 2.7477e-11    25.4839    25.4833 1.0000e-12     39.296          1       1778    1483.71 3.9495e+00  51701.147     74.061 1564303848      -0.05      0.865   39.13295  -72.94286    33.0178  1025.6487    25.4701     8.8523 0.0000e+00
     40.000     8.7241    32.8999  1025.7006     2.3780     6.0564     91.598   -0.01944    6.61198    6.61763      8.072     0.6177   11.91432   3.489470 2.5211e-11    25.5173    25.5167 1.0000e-12     40.311          1       1832    1483.26 3.9495e+00  51754.057     76.289 1564303851      -0.17      0.435   39.13296  -72.94285    33.0406  1025.6915    25.5082     8.7200 0.0000e+00
     41.000     8.6646    32.9226  1025.7321     2.3408     5.9557     89.726   -0.01976    6.63763    6.64364      8.062     0.3651   11.95680   3.485650 2.5320e-11    25.5441    25.5435 1.0000e-12     41.322          1       1878    1483.08 3.9495e+00  51799.822     78.217 1564303852       0.32      0.523   39.13296  -72.94282    33.0554  1025.7168    25.5289     8.6604 0.0000e+00
     42.000     8.4927    32.9186  1025.7597     2.3242     5.9316     89.326   -0.01674    6.64042    6.64649      8.061     0.3983   11.96124   3.470173 2.5320e-11    25.5671    25.5665 1.0000e-12     42.324          1       1905    1482.45 3.9495e+00  51833.139     79.317 1564303854       0.18      0.835   39.13298  -72.94282    33.0525  1025.7453    25.5526     8.4884 0.0000e+00
