CalculateIndicators/WaterTemperature/Data/CTD_NYOS/NYOS190727_5_3.cnv
* Sea-Bird SBE 9 Data File:
* FileName = C:\Seabird 9 CTD\Data\2019\201907_offshore\NYOS190727_5_3.hex
* Software Version Seasave V 7.23.2
* Temperature SN = 4590
* Conductivity SN = 3228
* Number of Bytes Per Scan = 44
* Number of Voltage Words = 5
* Number of Scans Averaged by the Deck Unit = 1
* NMEA Latitude = 39 57.58 N
* NMEA Longitude = 072 53.91 W
* NMEA UTC (Time) = Jul 27 2019  10:04:45
* NMEA baud rate = 4800
** Ship: Seawolf
** Station: 5-3
** Operator: ajb
# nquan = 35
# nvalues = 98                          
# units = specified
# name 0 = depSM: Depth [salt water, m]
# name 1 = t090C: Temperature [ITS-90, deg C]
# name 2 = sal00: Salinity, Practical [PSU]
# name 3 = density00: Density [density, kg/m^3]
# name 4 = sbeox0V: Oxygen raw, SBE 43 [V]
# name 5 = sbeox0ML/L: Oxygen, SBE 43 [ml/l]
# name 6 = sbeox0PS: Oxygen, SBE 43 [% saturation]
# name 7 = sbox0dV/dT: Oxygen, SBE 43 [dov/dt]
# name 8 = oxsolML/L: Oxygen Saturation, Garcia & Gordon [ml/l]
# name 9 = oxsatML/L: Oxygen Saturation, Weiss [ml/l]
# name 10 = ph: pH
# name 11 = flECO-AFL: Fluorescence, WET Labs ECO-AFL/FL [mg/m^3]
# name 12 = n2satML/L: Nitrogen Saturation [ml/l]
# name 13 = c0S/m: Conductivity [S/m]
# name 14 = cpar: CPAR/Corrected Irradiance [%]
# name 15 = sigma-é00: Density [sigma-theta, kg/m^3]
# name 16 = sigma-t00: Density [sigma-t, kg/m^3 ]
# name 17 = par: PAR/Irradiance, Biospherical/Licor
# name 18 = prDM: Pressure, Digiquartz [db]
# name 19 = pumps: Pump Status
# name 20 = scan: Scan Count
# name 21 = svCM: Sound Velocity [Chen-Millero, m/s]
# name 22 = spar: SPAR, Biospherical/Licor
# name 23 = specc: Specific Conductance [uS/cm]
# name 24 = timeS: Time, Elapsed [seconds]
# name 25 = timeY: Time, System [seconds]
# name 26 = accM: Acceleration [m/s^2]
# name 27 = dz/dtM: Descent Rate [m/s]
# name 28 = latitude: Latitude [deg]
# name 29 = longitude: Longitude [deg]
# name 30 = gsw_saA0: Absolute Salinity [g/kg]
# name 31 = gsw_densityA0: density, TEOS-10 [density, kg/m^3]
# name 32 = gsw_sigma0A0: density, TEOS-10 [sigma-0, kg/m^3 ]
# name 33 = gsw_ptA0: potential temperature [ITS-90, deg C]
# name 34 = flag: flag
# span 0 =      1.000,     50.000       
# span 1 =     6.3712,    25.0049       
# span 2 =    31.3090,    33.1296       
# span 3 =  1020.5914,  1025.9458       
# span 4 =     1.9412,     2.9265       
# span 5 =     4.7878,     6.9792       
# span 6 =     72.841,    121.040       
# span 7 =   -0.05811,    0.06090       
# span 8 =    4.83487,    6.95347       
# span 9 =    4.82253,    6.96405       
# span 10 =      7.912,      8.236      
# span 11 =     0.0608,     0.8179      
# span 12 =    8.98031,   12.48095      
# span 13 =   3.269120,   4.811424      
# span 14 = 1.1417e-12, 3.8508e+01      
# span 15 =    20.5826,    25.7352      
# span 16 =    20.5822,    25.7347      
# span 17 = 1.0000e-12, 3.3305e+01      
# span 18 =      1.013,     50.388      
# span 19 =          1,          1      
# span 20 =       1071,       6225      
# span 21 =    1474.09,    1530.57      
# span 22 = 7.1000e+01, 8.7980e+01      
# span 23 =  48052.586,  52135.799      
# span 24 =     44.573,    259.324      
# span 25 = 1564221930, 1564222144      
# span 26 =      -0.34,       0.32      
# span 27 =     -1.040,      0.875      
# span 28 =   39.95987,   39.96036      
# span 29 =  -72.89846,  -72.89798      
# span 30 =    31.4823,    33.2700      
# span 31 =  1020.5955,  1025.9474      
# span 32 =    20.5853,    25.7245      
# span 33 =     6.3670,    25.0041      
# span 34 = 0.0000e+00, 0.0000e+00      
# interval = meters: 1                  
# start_time = Jul 27 2019 10:04:45 [System UTC, first data scan.]
# bad_flag = -9.990e-29
*END*
[from data line 83]
     15.000    21.2486    31.7865  1022.0479     2.7246     5.3204    105.313   -0.04789    5.05200    5.04048      8.145     0.0891    9.33866   4.533679 6.0250e+00    21.9823    21.9816 5.1628e+00     15.118          1       5563    1521.56 8.5703e+01  48803.027    231.760 1564222117       0.25     -0.583   39.96030  -72.89804    32.0882  1022.1674    22.1021    21.2457 0.0000e+00
     14.000    22.0550    31.7271  1021.7793     2.6726     5.2085    104.679   -0.02024    4.97561    4.96372      8.143     0.0808    9.21264   4.599185 6.3129e+00    21.7186    21.7178 5.4867e+00     14.106          1       5617    1523.64 8.6913e+01  48692.772    234.004 1564222119      -0.22     -0.444   39.96030  -72.89804    32.0037  1021.8796    21.8189    22.0523 0.0000e+00
     13.000    22.7237    31.6306  1021.5154     2.6403     5.0724    102.926   -0.02228    4.92819    4.91610      8.142     0.0877    9.13455   4.648705 7.2348e+00    21.4591    21.4583 6.2505e+00     13.100          1       5651    1525.27 8.6888e+01  48539.929    235.435 1564222120      -0.06     -0.684   39.96032  -72.89803    31.8970  1021.6079    21.5516    22.7211 0.0000e+00
     12.000    23.2513    31.5591  1021.3073     2.6135     4.9830    101.727   -0.02020    4.89838    4.88619      8.144     0.0806    9.08548   4.687440 7.8290e+00    21.2556    21.2549 6.8025e+00     12.092          1       5685    1526.54 8.6888e+01  48428.392    236.814 1564222122      -0.03     -0.723   39.96032  -72.89802    31.8111  1021.3890    21.3371    23.2488 0.0000e+00
     11.000    23.7945    31.4763  1021.0839     2.5909     4.9187    100.784   -0.01741    4.88044    4.86819      8.144     0.1029    9.05604   4.727705 9.0625e+00    21.0363    21.0357 7.7547e+00     11.088          1       5718    1527.81 8.5605e+01  48301.497    238.193 1564222123       0.02     -0.740   39.96032  -72.89802    31.7263  1021.1641    21.1166    23.7922 0.0000e+00
     10.000    24.2874    31.3904  1020.8709     2.5683     4.8619     99.949   -0.01284    4.86435    4.85206      8.147     0.0903    9.02946   4.760638 9.9232e+00    20.8279    20.8273 8.4387e+00     10.077          1       5761    1528.94 8.5032e+01  48174.764    239.997 1564222125       0.10     -0.569   39.96032  -72.89802    31.6231  1020.9380    20.8949    24.2853 0.0000e+00
      9.000    24.5781    31.3379  1020.7413     2.5531     4.8319     99.493   -0.00796    4.85648    4.84418      8.149     0.0768    9.01645   4.778757 1.1016e+01    20.7024    20.7018 9.5705e+00      9.069          1       5806    1529.58 8.6879e+01  48097.185    241.886 1564222127      -0.02     -0.535   39.96032  -72.89802    31.5533  1020.7954    20.7566    24.5761 0.0000e+00
      8.000    24.7322    31.3246  1020.6811     2.5451     4.8128     99.244   -0.00537    4.84951    4.83718      8.151     0.0751    9.00491   4.789675 1.2633e+01    20.6468    20.6463 1.0976e+01      8.058          1       5846    1529.93 8.6888e+01  48076.688    243.549 1564222129      -0.09     -0.586   39.96033  -72.89802    31.5262  1020.7249    20.6904    24.7305 0.0000e+00
      7.000    24.7821    31.3180  1020.6570     2.5401     4.8189     99.147   -0.00317    4.86036    4.84807      8.153     0.0718    9.02269   4.792637 1.4460e+01    20.6268    20.6264 1.2563e+01      7.056          1       5877    1530.03 8.6888e+01  48066.017    244.844 1564222130      -0.09     -0.748   39.96034  -72.89802    31.5135  1020.6961    20.6660    24.7806 0.0000e+00
      6.000    24.8608    31.3090  1020.6224     2.5409     4.8183     99.249   -0.00186    4.85467    4.84236      8.155     0.1037    9.01327   4.797815 1.7076e+01    20.5966    20.5962 1.4725e+01      6.047          1       5911    1530.20 8.6265e+01  48052.586    246.255 1564222131       0.06     -0.734   39.96034  -72.89802    31.4970  1020.6558    20.6300    24.8595 0.0000e+00
      5.000    24.7505    31.3364  1020.6715     2.5517     4.8668    100.339    0.00746    4.85035    4.83803      8.156     0.0873    9.00595   4.789027 1.7931e+01    20.6498    20.6495 1.5328e+01      5.040          1       5947    1529.94 8.5503e+01  48090.231    247.737 1564222133       0.02     -0.686   39.96034  -72.89802    31.5096  1020.6938    20.6723    24.7494 0.0000e+00
      4.000    24.7948    31.3384  1020.6555     2.5502     4.8291     99.775    0.00007    4.84001    4.82767      8.159     0.0728    8.98899   4.793591 1.9130e+01    20.6385    20.6382 1.6532e+01      4.030          1       5985    1530.03 8.6413e+01  48093.761    249.343 1564222134       0.02     -0.627   39.96034  -72.89802    31.5126  1020.6785    20.6612    24.7940 0.0000e+00
      3.000    24.8858    31.3388  1020.6243     2.5425     4.7974     99.082   -0.00505    4.84189    4.82955      8.159     0.0776    8.99204   4.802190 2.0644e+01    20.6113    20.6111 1.8171e+01      3.026          1       6024    1530.24 8.7980e+01  48091.493    250.944 1564222136       0.04     -0.638   39.96034  -72.89802    31.5126  1020.6470    20.6340    24.8852 0.0000e+00
      2.000    24.9548    31.3283  1020.5914     2.5465     4.8244     99.663    0.00123    4.84065    4.82832      8.162     0.0774    8.98995   4.805903 2.8675e+01    20.5828    20.5826 2.4924e+01      2.017          1       6091    1530.38 8.7139e+01  48075.830    253.752 1564222139       0.09     -0.350   39.96035  -72.89801    31.4921  1020.6066    20.5980    24.9544 0.0000e+00
      1.000    24.8869    31.3399  1020.6161     2.5476     4.8016     99.313   -0.00533    4.83487    4.82253      8.170     0.0816    8.98031   4.798955 3.8508e+01    20.6118    20.6117 3.3305e+01      1.013          1       6225    1530.21 8.6171e+01  48092.610    259.324 1564222144      -0.12      0.064   39.96036  -72.89798    31.4886  1020.6200    20.6156    24.8867 0.0000e+00
