CalculateIndicators/WaterTemperature/Data/CTD_NYOS/NYOS190724_3_5.cnv
* Sea-Bird SBE 9 Data File:
* FileName = C:\Seabird 9 CTD\Data\2019\201907_offshore\NYOS190724_3_5.hex
* Software Version Seasave V 7.23.2
* Temperature SN = 4590
* Conductivity SN = 3228
* Number of Bytes Per Scan = 44
* Number of Voltage Words = 5
* Number of Scans Averaged by the Deck Unit = 1
* NMEA Latitude = 39 27.96 N
* NMEA Longitude = 072 01.88 W
* NMEA UTC (Time) = Jul 24 2019  20:25:22
* NMEA baud rate = 4800
** Ship: Seawolf
** Station: 1.5
** Operator: EIH
# nquan = 35
# nvalues = 1015                        
# units = specified
# name 0 = depSM: Depth [salt water, m]
# name 1 = t090C: Temperature [ITS-90, deg C]
# name 2 = sal00: Salinity, Practical [PSU]
# name 3 = density00: Density [density, kg/m^3]
# name 4 = sbeox0V: Oxygen raw, SBE 43 [V]
# name 5 = sbeox0ML/L: Oxygen, SBE 43 [ml/l]
# name 6 = sbeox0PS: Oxygen, SBE 43 [% saturation]
# name 7 = sbox0dV/dT: Oxygen, SBE 43 [dov/dt]
# name 8 = oxsolML/L: Oxygen Saturation, Garcia & Gordon [ml/l]
# name 9 = oxsatML/L: Oxygen Saturation, Weiss [ml/l]
# name 10 = ph: pH
# name 11 = flECO-AFL: Fluorescence, WET Labs ECO-AFL/FL [mg/m^3]
# name 12 = n2satML/L: Nitrogen Saturation [ml/l]
# name 13 = c0S/m: Conductivity [S/m]
# name 14 = cpar: CPAR/Corrected Irradiance [%]
# name 15 = sigma-é00: Density [sigma-theta, kg/m^3]
# name 16 = sigma-t00: Density [sigma-t, kg/m^3 ]
# name 17 = par: PAR/Irradiance, Biospherical/Licor
# name 18 = prDM: Pressure, Digiquartz [db]
# name 19 = pumps: Pump Status
# name 20 = scan: Scan Count
# name 21 = svCM: Sound Velocity [Chen-Millero, m/s]
# name 22 = spar: SPAR, Biospherical/Licor
# name 23 = specc: Specific Conductance [uS/cm]
# name 24 = timeS: Time, Elapsed [seconds]
# name 25 = timeY: Time, System [seconds]
# name 26 = accM: Acceleration [m/s^2]
# name 27 = dz/dtM: Descent Rate [m/s]
# name 28 = latitude: Latitude [deg]
# name 29 = longitude: Longitude [deg]
# name 30 = gsw_saA0: Absolute Salinity [g/kg]
# name 31 = gsw_densityA0: density, TEOS-10 [density, kg/m^3]
# name 32 = gsw_sigma0A0: density, TEOS-10 [sigma-0, kg/m^3 ]
# name 33 = gsw_ptA0: potential temperature [ITS-90, deg C]
# name 34 = flag: flag
# span 0 =      2.000,    511.000       
# span 1 =     6.2482,    24.3543       
# span 2 =    32.7763,    35.6906       
# span 3 =  1021.9007,  1029.9366       
# span 4 =     1.3974,     2.8639       
# span 5 =     2.9203,     6.4261       
# span 6 =     46.734,    119.456       
# span 7 =   -0.03491,    0.07323       
# span 8 =    4.85053,    6.85014       
# span 9 =    4.83848,    6.86212       
# span 10 =      7.942,      8.305      
# span 11 =    -0.0768,     1.0936      
# span 12 =    8.99209,   12.28130      
# span 13 =   3.488921,   5.109219      
# span 14 = -8.106e-06, 2.9471e+01      
# span 15 =    21.8920,    27.5827      
# span 16 =    21.8919,    27.5766      
# span 17 = -4.329e-05, 2.5495e+02      
# span 18 =      2.024,    515.546      
# span 19 =          1,          1      
# span 20 =          8,      47583      
# span 21 =    1484.29,    1530.77      
# span 22 = 4.6933e+02, 1.0775e+03      
# span 23 =  50067.843,  55823.789      
# span 24 =      0.275,   1982.590      
# span 25 = 1563999925, 1564001907      
# span 26 =      -1.47,       0.56      
# span 27 =     -1.617,      1.204      
# span 28 =   39.46248,   39.46606      
# span 29 =  -72.03984,  -72.03134      
# span 30 =    32.9337,    35.8605      
# span 31 =  1021.9047,  1029.9395      
# span 32 =    21.8961,    27.5856      
# span 33 =     6.2015,    24.3529      
# span 34 = 0.0000e+00, 0.0000e+00      
# interval = meters: 1                  
# start_time = Jul 24 2019 20:25:24 [System UTC, first data scan.]
# bad_flag = -9.990e-29
*END*
[from data line 705]
    311.000    10.4984    35.3402  1028.5415     1.4087     2.9467     47.271    0.00027    6.23366    6.23623 -9.990e-29 -9.990e-29   11.26037   3.904042 1.2730e-13    27.1375    27.1307 1.0000e-12    313.606          1      30269    1497.19 7.8559e+02  54984.981   1261.156 1564001185      -0.50     -0.474   39.46428  -72.03792    35.5096  1028.5462    27.1422    10.4605 0.0000e+00
    310.000    10.4985    35.3404  1028.5371     1.4093     2.9501     47.326    0.00045    6.23360    6.23616 -9.990e-29 -9.990e-29   11.26025   3.904023 1.2903e-13    27.1376    27.1309 1.0000e-12    312.621          1      30285    1497.18 7.7502e+02  54984.578   1261.816 1564001186      -0.74     -0.978   39.46428  -72.03793    35.5097  1028.5419    27.1423    10.4607 0.0000e+00
    309.000    10.4984    35.3405  1028.5327     1.4095     2.9492     47.314    0.00042    6.23311    6.23566 -9.990e-29    -0.0154   11.25944   3.903976 1.2888e-13    27.1376    27.1309 1.0000e-12    311.618          1      30322    1497.16 7.7603e+02  54984.034   1263.386 1564001188      -0.14     -0.936   39.46427  -72.03794    35.5098  1028.5374    27.1424    10.4607 0.0000e+00
    308.000    10.5010    35.3415  1028.5285 -9.990e-29     2.9418     47.206   -0.00004    6.23203    6.23457 -9.990e-29    -0.0425   11.25767   3.904340 1.2626e-13    27.1379    27.1313 1.0000e-12    310.589          1      30389    1497.15 7.9200e+02  54984.338   1266.169 1564001191      -0.84     -0.474   39.46426  -72.03794    35.5114  1028.5336    27.1431    10.4635 0.0000e+00
    307.000    10.5037    35.3408  1028.5229 -9.990e-29     2.9434     47.229    0.00011    6.23214    6.23468 -9.990e-29    -0.0452   11.25784   3.904426 1.2636e-13    27.1368    27.1302 1.0000e-12    309.600          1      30409    1497.14 7.9141e+02  54982.114   1267.003 1564001191      -0.38     -1.037   39.46426  -72.03794    35.5101  1028.5277    27.1416    10.4663 0.0000e+00
    306.000    10.5085    35.3413  1028.5179     1.4086     2.9408     47.194   -0.00004    6.23137    6.23389 -9.990e-29    -0.0396   11.25655   3.904926 1.2597e-13    27.1364    27.1298 1.0000e-12    308.574          1      30451    1497.14 7.9385e+02  54981.270   1268.765 1564001193       0.42     -0.646   39.46426  -72.03795    35.5110  1028.5229    27.1415    10.4711 0.0000e+00
    305.000    10.5099    35.3415  1028.5133     1.4087     2.9418     47.212    0.00005    6.23112    6.23364 -9.990e-29    -0.0316   11.25614   3.905039 1.2823e-13    27.1363    27.1297 1.0000e-12    307.572          1      30487    1497.13 7.7985e+02  54980.700   1270.249 1564001195      -0.35     -0.631   39.46426  -72.03796    35.5112  1028.5183    27.1414    10.4727 0.0000e+00
    304.000    10.5176    35.3425  1028.5082     1.4077     2.9371     47.152    0.00006    6.22912    6.23162 -9.990e-29    -0.0425   11.25281   3.905892 1.2544e-13    27.1357    27.1291 1.0000e-12    306.557          1      30554    1497.15 7.9721e+02  54979.919   1273.054 1564001197      -0.47     -0.436   39.46424  -72.03797    35.5128  1028.5136    27.1412    10.4805 0.0000e+00
    303.000    10.5239    35.3432  1028.5030     1.4082     2.9432     47.252    0.00061    6.22860    6.23109 -9.990e-29    -0.0397   11.25197   3.906467 1.2455e-13    27.1351    27.1286 1.0000e-12    305.556          1      30591    1497.15 8.0290e+02  54978.972   1274.602 1564001199      -0.64     -0.821   39.46424  -72.03798    35.5130  1028.5081    27.1402    10.4869 0.0000e+00
    302.000    10.5309    35.3438  1028.4977     1.4086     2.9421     47.240    0.00045    6.22806    6.23054 -9.990e-29    -0.0204   11.25107   3.907174 1.2439e-13    27.1343    27.1278 1.0000e-12    304.553          1      30644    1497.16 8.0398e+02  54977.817   1276.788 1564001201      -0.31     -0.789   39.46423  -72.03799    35.5138  1028.5029    27.1396    10.4940 0.0000e+00
    301.000    10.5378    35.3447  1028.4926     1.4088     2.9424     47.251    0.00050    6.22713    6.22960 -9.990e-29    -0.0275   11.24952   3.907895 1.2355e-13    27.1338    27.1272 1.0000e-12    303.539          1      30710    1497.17 8.0936e+02  54977.037   1279.553 1564001204      -0.74     -0.783   39.46422  -72.03800    35.5148  1028.4979    27.1392    10.5011 0.0000e+00
    300.000    10.5449    35.3452  1028.4871     1.4096     2.9444     47.289    0.00054    6.22645    6.22891      7.984    -0.0166   11.24838   3.908555 1.2288e-13    27.1329    27.1264 1.0000e-12    302.528          1      30764    1497.18 8.1379e+02  54975.692   1281.781 1564001206       0.04     -0.749   39.46421  -72.03800    35.5152  1028.4924    27.1382    10.5082 0.0000e+00
    299.000    10.5484    35.3459  1028.4825 -9.990e-29     2.9440     47.289    0.00045    6.22563    6.22808      7.985    -0.0278   11.24703   3.908936 1.2266e-13    27.1328    27.1263 1.0000e-12    301.501          1      30848    1497.17 8.1524e+02  54975.288   1285.277 1564001210      -0.74     -0.536   39.46420  -72.03800    35.5160  1028.4878    27.1382    10.5119 0.0000e+00
    298.000    10.5551    35.3470  1028.4776 -9.990e-29     2.9454     47.311    0.00046    6.22555    6.22800      7.985    -0.0296   11.24690   3.909628 1.2396e-13    27.1324    27.1259 1.0000e-12    300.519          1      30864    1497.18 8.0672e+02  54974.836   1285.954 1564001210      -0.63     -1.069   39.46420  -72.03802    35.5170  1028.4829    27.1378    10.5186 0.0000e+00
    297.000    10.5576    35.3466  1028.4723 -9.990e-29     2.9405     47.239    0.00014    6.22471    6.22715      7.986    -0.0340   11.24549   3.909766 1.2448e-13    27.1317    27.1252 1.0000e-12    299.510          1      30931    1497.18 8.0339e+02  54973.206   1288.738 1564001213      -0.36     -0.812   39.46420  -72.03803    35.5164  1028.4775    27.1368    10.5213 0.0000e+00
    296.000    10.5694    35.3491  1028.4675     1.4105     2.9426     47.284    0.00034    6.22331    6.22572      7.987    -0.0255   11.24316   3.911178 1.2423e-13    27.1314    27.1250 1.0000e-12    298.499          1      31039    1497.20 8.0499e+02  54973.649   1293.259 1564001218      -0.20     -0.660   39.46420  -72.03804    35.5197  1028.4733    27.1373    10.5332 0.0000e+00
    295.000    10.5763    35.3495  1028.4621     1.4109     2.9379     47.238    0.00016    6.21946    6.22183      7.988    -0.0274   11.23676   3.911770 1.2699e-13    27.1306    27.1241 1.0000e-12    297.477          1      32050    1497.21 7.8750e+02  54972.287   1335.357 1564001260      -0.16     -0.419   39.46417  -72.03820    35.5194  1028.4673    27.1358    10.5402 0.0000e+00
    294.000    10.5841    35.3507  1028.4570     1.4112     2.9426     47.340    0.00070    6.21596    6.21828 -9.990e-29    -0.0370   11.23095   3.912607 1.2750e-13    27.1301    27.1237 1.0000e-12    296.463          1      32069    1497.22 7.8436e+02  54971.692   1336.171 1564001261      -0.28     -0.649   39.46418  -72.03820    35.5208  1028.4624    27.1355    10.5481 0.0000e+00
    293.000    10.5975    35.3527  1028.4516     1.4109     2.9351     47.224   -0.00002    6.21527    6.21758 -9.990e-29    -0.0225   11.22981   3.914147 1.2767e-13    27.1292    27.1228 1.0000e-12    295.466          1      32091    1497.26 7.8327e+02  54971.250   1337.099 1564001261      -0.17     -0.931   39.46418  -72.03820    35.5238  1028.4578    27.1354    10.5616 0.0000e+00
    292.000    10.6217    35.3538  1028.4435     1.4108     2.9349     47.226   -0.00000    6.21464    6.21694 -9.990e-29    -0.0310   11.22876   3.916539 1.2916e-13    27.1258    27.1194 1.0000e-12    294.453          1      32133    1497.33 7.7425e+02  54967.442   1338.839 1564001263       0.23     -0.647   39.46417  -72.03822    35.5250  1028.4497    27.1320    10.5859 0.0000e+00
    291.000    10.6371    35.3556  1028.4376     1.4123     2.9373     47.287    0.00026    6.21163    6.21389      7.989    -0.0297   11.22374   3.918090 1.2865e-13    27.1244    27.1181 1.0000e-12    293.440          1      32204    1497.37 7.7732e+02  54966.270   1341.786 1564001266       0.05     -0.320   39.46416  -72.03824    35.5262  1028.4433    27.1302    10.6013 0.0000e+00
    290.000    10.6511    35.3576  1028.4320     1.4125     2.9370     47.316    0.00024    6.20718    6.20937      7.990    -0.0292   11.21635   3.919617 1.2906e-13    27.1235    27.1171 1.0000e-12    292.422          1      32271    1497.40 7.7482e+02  54965.595   1344.597 1564001269      -0.41     -0.355   39.46416  -72.03824    35.5285  1028.4379    27.1295    10.6154 0.0000e+00
    289.000    10.6639    35.3617  1028.4283     1.4127     2.9372     47.318    0.00019    6.20745    6.20965      7.991    -0.0277   11.21680   3.921314 1.2966e-13    27.1244    27.1180 1.0000e-12    291.431          1      32296    1497.44 7.7126e+02  54968.195   1345.605 1564001270      -0.26     -0.813   39.46416  -72.03824    35.5337  1028.4351    27.1312    10.6283 0.0000e+00
    288.000    10.6935    35.3617  1028.4183     1.4138     2.9362     47.354    0.00011    6.20046    6.20257      7.992    -0.0276   11.20518   3.923946 1.2985e-13    27.1191    27.1127 1.0000e-12    290.407          1      32424    1497.52 7.7014e+02  54961.771   1350.977 1564001275       0.00     -0.219   39.46415  -72.03824    35.5320  1028.4237    27.1246    10.6581 0.0000e+00
    287.000    10.7015    35.3657  1028.4155     1.4140     2.9350     47.361    0.00015    6.19716    6.19923      7.992    -0.0280   11.19968   3.925285 1.3017e-13    27.1207    27.1144 1.0000e-12    289.414          1      32461    1497.54 7.6824e+02  54965.199   1352.479 1564001277      -0.48     -0.675   39.46414  -72.03824    35.5382  1028.4226    27.1280    10.6661 0.0000e+00
    286.000    10.7670    35.3724  1028.4040     1.4129     2.9247     47.284    0.00013    6.18550    6.18741      7.992    -0.0385   11.18032   3.932347 1.3040e-13    27.1143    27.1079 1.0000e-12    288.395          1      32534    1497.76 7.6686e+02  54961.298   1355.546 1564001280      -0.54     -0.393   39.46414  -72.03824    35.5464  1028.4124    27.1226    10.7316 0.0000e+00
    285.000    10.8159    35.3792  1028.3957     1.4137     2.9277     47.363    0.00049    6.18143    6.18328      7.992    -0.0333   11.17356   3.937785 1.2997e-13    27.1107    27.1043 1.0000e-12    287.398          1      32575    1497.93 7.6943e+02  54960.636   1357.260 1564001282      -0.32     -0.749   39.46414  -72.03823    35.5543  1028.4049    27.1199    10.7805 0.0000e+00
    284.000    10.8806    35.3819  1028.3812     1.4155     2.9295     47.469    0.00071    6.17128    6.17300      7.994    -0.0274   11.15667   3.944072 1.2944e-13    27.1011    27.0947 1.0000e-12    286.363          1      32653    1498.14 7.7251e+02  54951.126   1360.480 1564001285      -0.76     -0.287   39.46412  -72.03824    35.5554  1028.3891    27.1092    10.8452 0.0000e+00
    283.000    10.9044    35.3884  1028.3773     1.4160     2.9322     47.515    0.00085    6.17116    6.17287      7.994    -0.0200   11.15649   3.947174 1.2923e-13    27.1018    27.0955 1.0000e-12    285.385          1      32671    1498.21 7.7379e+02  54954.885   1361.255 1564001286      -0.46     -0.935   39.46412  -72.03824    35.5640  1028.3870    27.1115    10.8691 0.0000e+00
    282.000    10.9589    35.3903  1028.3641     1.4176     2.9266     47.518    0.00048    6.15882    6.16037      7.996    -0.0239   11.13593   3.952278 1.2935e-13    27.0935    27.0871 1.0000e-12    284.351          1      32748    1498.39 7.7309e+02  54946.947   1364.453 1564001289      -0.12     -0.230   39.46410  -72.03824    35.5629  1028.3714    27.1008    10.9236 0.0000e+00
    281.000    10.9811    35.3959  1028.3598     1.4193     2.9316     47.667    0.00101    6.15017    6.15160      7.995 -9.990e-29   11.12161   3.955071 1.2921e-13    27.0938    27.0874 1.0000e-12    283.353          1      32782    1498.46 7.7390e+02  54949.741   1365.861 1564001290      -0.21     -0.705   39.46410  -72.03824    35.5700  1028.3682    27.1023    10.9459 0.0000e+00
    280.000    11.0620    35.4034  1028.3460     1.4222     2.9435     47.881    0.00157    6.14754    6.14894      7.996    -0.0351   11.11720   3.963922 1.2936e-13    27.0850    27.0785 1.0000e-12    282.342          1      32826    1498.73 7.7300e+02  54944.384   1367.722 1564001292       0.18     -0.565   39.46409  -72.03824    35.5810  1028.3570    27.0961    11.0267 0.0000e+00
    279.000    11.1203    35.4105  1028.3360     1.4262     2.9586     48.135    0.00200    6.14635    6.14774      8.000    -0.0197   11.11520   3.969976 1.2903e-13    27.0798    27.0734 1.0000e-12    281.333          1      32877    1498.93 7.7502e+02  54942.818   1369.836 1564001294      -0.17     -0.476   39.46408  -72.03824    35.5858  1028.3452    27.0892    11.0851 0.0000e+00
    278.000    11.1361    35.4134  1028.3307     1.4289     2.9587     48.159    0.00123    6.14358    6.14493      8.000    -0.0224   11.11060   3.971551 1.2939e-13    27.0791    27.0727 1.0000e-12    280.316          1      32925    1498.97 7.7284e+02  54943.061   1371.853 1564001296       0.10     -0.505   39.46408  -72.03824    35.5868  1028.3385    27.0870    11.1009 0.0000e+00
    277.000    11.1385    35.4154  1028.3273     1.4305     2.9652     48.269    0.00145    6.14295    6.14429      8.000    -0.0198   11.10955   3.971970 1.2888e-13    27.0803    27.0738 1.0000e-12    279.314          1      32956    1498.96 7.7589e+02  54944.916   1373.113 1564001297      -0.37     -0.687   39.46406  -72.03824    35.5891  1028.3354    27.0884    11.1034 0.0000e+00
    276.000    11.1534    35.4165  1028.3208     1.4310     2.9589     48.171    0.00057    6.14252    6.14386      8.000    -0.0331   11.10883   3.973429 1.2924e-13    27.0783    27.0719 1.0000e-12    278.311          1      32987    1499.00 7.7377e+02  54942.980   1374.407 1564001299       0.11     -0.826   39.46406  -72.03826    35.5897  1028.3285    27.0861    11.1185 0.0000e+00
    275.000    11.1642    35.4176  1028.3151     1.4329     2.9659     48.296    0.00086    6.14098    6.14230      8.000    -0.0182   11.10627   3.974419 1.2909e-13    27.0772    27.0708 1.0000e-12    277.292          1      33043    1499.02 7.7469e+02  54941.907   1376.755 1564001301       0.06     -0.368   39.46406  -72.03826    35.5897  1028.3219    27.0841    11.1293 0.0000e+00
    274.000    11.1720    35.4192  1028.3104     1.4339     2.9660     48.300    0.00056    6.14079    6.14210      8.001    -0.0311   11.10596   3.975284 1.2912e-13    27.0770    27.0706 1.0000e-12    276.289          1      33087    1499.04 7.7448e+02  54942.115   1378.593 1564001303      -0.02     -0.555   39.46404  -72.03826    35.5912  1028.3171    27.0838    11.1373 0.0000e+00
    273.000    11.1775    35.4198  1028.3053     1.4347     2.9673     48.322    0.00044    6.14078    6.14209      8.002    -0.0388   11.10596   3.975763 1.2917e-13    27.0765    27.0701 1.0000e-12    275.264          1      33132    1499.04 7.7414e+02  54941.273   1380.471 1564001305      -0.08     -0.487   39.46404  -72.03826    35.5911  1028.3115    27.0827    11.1429 0.0000e+00
    272.000    11.1792    35.4194  1028.3002 -9.990e-29     2.9668     48.317    0.00038    6.14017    6.14147      8.003    -0.0463   11.10496   3.975791 1.2854e-13    27.0758    27.0695 1.0000e-12    274.275          1      33154    1499.03 7.7796e+02  54939.841   1381.375 1564001306      -0.45     -0.828   39.46404  -72.03826    35.5902  1028.3060    27.0817    11.1447 0.0000e+00
    271.000    11.1799    35.4179  1028.2943     1.4344     2.9585     48.214   -0.00015    6.13612    6.13737      8.004    -0.0399   11.09822   3.975668 1.3001e-13    27.0744    27.0681 1.0000e-12    273.262          1      33200    1499.01 7.6928e+02  54936.894   1383.296 1564001308       0.26     -0.575   39.46403  -72.03827    35.5887  1028.3002    27.0804    11.1456 0.0000e+00
