CalculateIndicators/WaterTemperature/Data/CTD_NYOS/NYOS190724_1_5.cnv
* Sea-Bird SBE 9 Data File:
* FileName = C:\Seabird 9 CTD\Data\2019\201907_offshore\NYOS190724_1_5.hex
* Software Version Seasave V 7.23.2
* Temperature SN = 4590
* Conductivity SN = 3228
* Number of Bytes Per Scan = 44
* Number of Voltage Words = 5
* Number of Scans Averaged by the Deck Unit = 1
* NMEA Latitude = 39 47.81 N
* NMEA Longitude = 071 27.48 W
* NMEA UTC (Time) = Jul 24 2019  15:15:53
* NMEA baud rate = 4800
** Ship: Seawolf
** Station: 1.5
** Operator: AJB
# nquan = 35
# nvalues = 1179                        
# units = specified
# name 0 = depSM: Depth [salt water, m]
# name 1 = t090C: Temperature [ITS-90, deg C]
# name 2 = sal00: Salinity, Practical [PSU]
# name 3 = density00: Density [density, kg/m^3]
# name 4 = sbeox0V: Oxygen raw, SBE 43 [V]
# name 5 = sbeox0ML/L: Oxygen, SBE 43 [ml/l]
# name 6 = sbeox0PS: Oxygen, SBE 43 [% saturation]
# name 7 = sbox0dV/dT: Oxygen, SBE 43 [dov/dt]
# name 8 = oxsolML/L: Oxygen Saturation, Garcia & Gordon [ml/l]
# name 9 = oxsatML/L: Oxygen Saturation, Weiss [ml/l]
# name 10 = ph: pH
# name 11 = flECO-AFL: Fluorescence, WET Labs ECO-AFL/FL [mg/m^3]
# name 12 = n2satML/L: Nitrogen Saturation [ml/l]
# name 13 = c0S/m: Conductivity [S/m]
# name 14 = cpar: CPAR/Corrected Irradiance [%]
# name 15 = sigma-é00: Density [sigma-theta, kg/m^3]
# name 16 = sigma-t00: Density [sigma-t, kg/m^3 ]
# name 17 = par: PAR/Irradiance, Biospherical/Licor
# name 18 = prDM: Pressure, Digiquartz [db]
# name 19 = pumps: Pump Status
# name 20 = scan: Scan Count
# name 21 = svCM: Sound Velocity [Chen-Millero, m/s]
# name 22 = spar: SPAR, Biospherical/Licor
# name 23 = specc: Specific Conductance [uS/cm]
# name 24 = timeS: Time, Elapsed [seconds]
# name 25 = timeY: Time, System [seconds]
# name 26 = accM: Acceleration [m/s^2]
# name 27 = dz/dtM: Descent Rate [m/s]
# name 28 = latitude: Latitude [deg]
# name 29 = longitude: Longitude [deg]
# name 30 = gsw_saA0: Absolute Salinity [g/kg]
# name 31 = gsw_densityA0: density, TEOS-10 [density, kg/m^3]
# name 32 = gsw_sigma0A0: density, TEOS-10 [sigma-0, kg/m^3 ]
# name 33 = gsw_ptA0: potential temperature [ITS-90, deg C]
# name 34 = flag: flag
# span 0 =      1.000,    590.000       
# span 1 =     5.7579,    23.9409       
# span 2 =    32.9670,    35.8491       
# span 3 =  1022.1398,  1030.3507       
# span 4 =     1.3937,     2.8151       
# span 5 =     2.8951,     6.6436       
# span 6 =     46.351,    126.141       
# span 7 =   -0.07214,    0.15072       
# span 8 =    4.85652,    6.94597       
# span 9 =    4.84478,    6.95958       
# span 10 =      7.950,      8.270      
# span 11 =    -0.0752,     1.9230      
# span 12 =    8.98843,   12.43967      
# span 13 =   3.430626,   5.061575      
# span 14 = -1.379e-05, 5.2563e+01      
# span 15 =    22.1351,    27.6273      
# span 16 =    22.1349,    27.6208      
# span 17 = -5.445e-05, 6.2503e+02      
# span 18 =      1.004,    595.387      
# span 19 =          0,          1      
# span 20 =        758,      59465      
# span 21 =    1480.25,    1530.58      
# span 22 = 3.3199e+02, 2.0466e+03      
# span 23 =  50333.144,  56007.935      
# span 24 =     31.541,   2477.675      
# span 25 = 1563981387, 1563983833      
# span 26 =      -1.73,       1.02      
# span 27 =     -2.402,      1.003      
# span 28 =   39.78442,   39.79668      
# span 29 =  -71.46794,  -71.45816      
# span 30 =    33.1234,    36.0293      
# span 31 =  1022.1440,  1030.3535      
# span 32 =    22.1393,    27.6321      
# span 33 =     5.7059,    23.9377      
# span 34 = 0.0000e+00, 0.0000e+00      
# interval = meters: 1                  
# start_time = Jul 24 2019 15:15:55 [System UTC, first data scan.]
# bad_flag = -9.990e-29
*END*
[from data line 622]
    557.000     6.0509    35.0583  1030.1665     1.7395     4.6118     66.893   -0.00127    6.89422    6.90694      7.994    -0.0422   12.35416   3.472092 1.0788e-13    27.5988    27.5923 1.0000e-12    562.059          1      31675    1484.26 9.2689e+02  55902.696   1319.758 1563982675      -0.12     -1.426   39.79039  -71.46264    35.2296  1030.1721    27.6044     6.0007 0.0000e+00
    556.000     6.0554    35.0585  1030.1613     1.7385     4.6089     66.863   -0.00107    6.89309    6.90580      7.994    -0.0456   12.35229   3.472406 1.0752e-13    27.5983    27.5919 1.0000e-12    561.055          1      31697    1484.26 9.3005e+02  55900.782   1320.652 1563982676       0.26     -1.335   39.79038  -71.46264    35.2289  1030.1664    27.6033     6.0053 0.0000e+00
    555.000     6.0668    35.0602  1030.1565     1.7363     4.5921     66.666   -0.00134    6.88824    6.90086      7.994    -0.0527   12.34427   3.473631 1.0680e-13    27.5982    27.5917 1.0000e-12    560.021          1      31736    1484.29 9.3630e+02  55898.830   1322.304 1563982677       0.36     -0.642   39.79038  -71.46264    35.2316  1030.1621    27.6039     6.0167 0.0000e+00
    554.000     6.0783    35.0608  1030.1507     1.7356     4.5966     66.749   -0.00067    6.88638    6.89897      7.994    -0.0397   12.34119   3.474656 1.0661e-13    27.5972    27.5908 1.0000e-12    559.004          1      31763    1484.32 9.3797e+02  55895.183   1323.436 1563982678      -0.51     -0.658   39.79038  -71.46264    35.2317  1030.1560    27.6025     6.0282 0.0000e+00
    553.000     6.0836    35.0616  1030.1460     1.7350     4.5921     66.707   -0.00067    6.88404    6.89658      7.994    -0.0499   12.33734   3.475250 1.0685e-13    27.5971    27.5907 1.0000e-12    558.008          1      31778    1484.33 9.3590e+02  55893.874   1324.042 1563982679      -0.75     -1.100   39.79038  -71.46264    35.2334  1030.1520    27.6031     6.0336 0.0000e+00
    552.000     6.0983    35.0640  1030.1412     1.7347     4.5884     66.655   -0.00082    6.88380    6.89635      7.994    -0.0515   12.33695   3.476827 1.0705e-13    27.5971    27.5907 1.0000e-12    557.008          1      31792    1484.37 9.3409e+02  55891.831   1324.638 1563982680      -0.50     -1.489   39.79037  -71.46265    35.2365  1030.1478    27.6037     6.0484 0.0000e+00
    551.000     6.1124    35.0611  1030.1323     1.7339     4.5847     66.605   -0.00084    6.88350    6.89604      7.994    -0.0422   12.33644   3.477703 1.0710e-13    27.5930    27.5865 1.0000e-12    556.006          1      31810    1484.40 9.3371e+02  55882.275   1325.362 1563982680       0.11     -1.593   39.79036  -71.46266    35.2324  1030.1380    27.5986     6.0625 0.0000e+00
    550.000     6.1262    35.0627  1030.1271     1.7323     4.5727     66.436   -0.00121    6.88291    6.89544      7.994    -0.0429   12.33548   3.479137 1.0662e-13    27.5925    27.5861 1.0000e-12    554.979          1      31839    1484.45 9.3789e+02  55879.564   1326.582 1563982682       0.52     -1.056   39.79036  -71.46266    35.2348  1030.1332    27.5987     6.0763 0.0000e+00
    549.000     6.1388    35.0626  1030.1205     1.7303     4.5603     66.263   -0.00153    6.88209    6.89461 -9.990e-29 -9.990e-29   12.33410   3.480109 1.0576e-13    27.5907    27.5843 1.0000e-12    553.963          1      31869    1484.48 9.4556e+02  55874.506   1327.853 1563982683      -0.12     -0.718   39.79036  -71.46266    35.2332  1030.1256    27.5959     6.0889 0.0000e+00
    548.000     6.1409    35.0629  1030.1159     1.7293     4.5588     66.248   -0.00125    6.88142    6.89392 -9.990e-29 -9.990e-29   12.33300   3.480284 1.0554e-13    27.5907    27.5843 1.0000e-12    552.960          1      31893    1484.47 9.4751e+02  55873.512   1328.844 1563982684      -0.17     -0.950   39.79036  -71.46266    35.2335  1030.1209    27.5958     6.0912 0.0000e+00
    547.000     6.1440    35.0633  1030.1112     1.7285     4.5584     66.248   -0.00095    6.88091    6.89340      7.994    -0.0529   12.33215   3.480547 1.0519e-13    27.5906    27.5842 1.0000e-12    551.943          1      31918    1484.47 9.5070e+02  55872.428   1329.887 1563982685       0.04     -0.977   39.79035  -71.46267    35.2338  1030.1161    27.5956     6.0943 0.0000e+00
    546.000     6.1477    35.0641  1030.1066     1.7280     4.5600     66.273   -0.00061    6.88072    6.89321      7.994    -0.0525   12.33185   3.480908 1.0490e-13    27.5907    27.5843 1.0000e-12    550.937          1      31940    1484.47 9.5329e+02  55871.644   1330.780 1563982686      -0.15     -1.035   39.79034  -71.46268    35.2345  1030.1116    27.5957     6.0981 0.0000e+00
    545.000     6.1516    35.0641  1030.1015     1.7279     4.5614     66.293   -0.00044    6.88068    6.89317      7.994    -0.0530   12.33177   3.481200 1.0484e-13    27.5902    27.5838 1.0000e-12    549.924          1      31960    1484.46 9.5380e+02  55869.641   1331.633 1563982687      -0.10     -1.150   39.79034  -71.46268    35.2343  1030.1062    27.5950     6.1021 0.0000e+00
    544.000     6.1539    35.0640  1030.0965     1.7275     4.5607     66.286   -0.00034    6.88034    6.89283      7.994    -0.0413   12.33121   3.481344 1.0484e-13    27.5899    27.5834 1.0000e-12    548.915          1      31979    1484.46 9.5380e+02  55868.045   1332.409 1563982687      -0.11     -1.216   39.79034  -71.46268    35.2340  1030.1011    27.5945     6.1045 0.0000e+00
    543.000     6.1561    35.0641  1030.0916     1.7267     4.5527     66.186   -0.00061    6.87868    6.89114      7.994    -0.0410   12.32844   3.481486 1.0501e-13    27.5896    27.5832 1.0000e-12    547.916          1      31997    1484.45 9.5226e+02  55866.702   1333.153 1563982688      -0.10     -1.311   39.79034  -71.46268    35.2338  1030.0961    27.5941     6.1068 0.0000e+00
    542.000     6.1572    35.0643  1030.0870     1.7258     4.5441     66.090   -0.00074    6.87572    6.88812      7.994    -0.0441   12.32357   3.481539 1.0455e-13    27.5896    27.5832 1.0000e-12    546.900          1      32029    1484.44 9.5650e+02  55865.909   1334.507 1563982689       0.42     -0.944   39.79033  -71.46270    35.2339  1030.0914    27.5939     6.1079 0.0000e+00
    541.000     6.1667    35.0670  1030.0832     1.7246     4.5388     66.020   -0.00068    6.87485    6.88724      7.994    -0.0463   12.32214   3.482773 1.0373e-13    27.5905    27.5841 1.0000e-12    545.861          1      32069    1484.46 9.6408e+02  55866.013   1336.152 1563982691      -0.33     -0.457   39.79032  -71.46270    35.2385  1030.0889    27.5963     6.1175 0.0000e+00
    540.000     6.1840    35.0666  1030.0759     1.7242     4.5361     65.986   -0.00072    6.87439    6.88678      7.994    -0.0421   12.32138   3.484201 1.0377e-13    27.5880    27.5816 1.0000e-12    544.859          1      32083    1484.51 9.6367e+02  55859.116   1336.761 1563982692      -0.85     -0.906   39.79032  -71.46270    35.2371  1030.0808    27.5930     6.1349 0.0000e+00
    539.000     6.1871    35.0651  1030.0696     1.7237     4.5333     65.943   -0.00082    6.87461    6.88700      7.994    -0.0528   12.32176   3.484241 1.0387e-13    27.5863    27.5799 1.0000e-12    543.858          1      32095    1484.50 9.6276e+02  55855.315   1337.260 1563982692      -0.94     -1.368   39.79032  -71.46270    35.2349  1030.0741    27.5909     6.1380 0.0000e+00
    538.000     6.1890    35.0656  1030.0652     1.7236     4.5337     65.947   -0.00076    6.87475    6.88714      7.994    -0.0520   12.32197   3.484451 1.0405e-13    27.5865    27.5801 1.0000e-12    542.861          1      32106    1484.50 9.6106e+02  55854.674   1337.725 1563982693      -0.74     -1.762   39.79032  -71.46270    35.2358  1030.0700    27.5913     6.1400 0.0000e+00
    537.000     6.1920    35.0657  1030.0602     1.7232     4.5339     65.954   -0.00058    6.87430    6.88669      7.994    -0.0439   12.32124   3.484676 1.0427e-13    27.5862    27.5798 1.0000e-12    541.869          1      32119    1484.49 9.5904e+02  55853.195   1338.230 1563982693      -0.28     -2.014   39.79032  -71.46270    35.2357  1030.0650    27.5908     6.1431 0.0000e+00
    536.000     6.1940    35.0657  1030.0553     1.7224     4.5291     65.897   -0.00054    6.87299    6.88535      7.994    -0.0390   12.31908   3.484772 1.0348e-13    27.5859    27.5796 1.0000e-12    540.842          1      32156    1484.48 9.6638e+02  55851.782   1339.800 1563982695       0.36     -1.152   39.79030  -71.46272    35.2353  1030.0596    27.5902     6.1452 0.0000e+00
    535.000     6.1969    35.0663  1030.0508     1.7220     4.5347     65.995    0.00027    6.87136    6.88369      7.994    -0.0270   12.31635   3.485040 1.0269e-13    27.5860    27.5797 1.0000e-12    539.799          1      32205    1484.48 9.7379e+02  55851.079   1341.833 1563982697      -1.17     -0.367   39.79030  -71.46272    35.2358  1030.0549    27.5902     6.1482 0.0000e+00
    534.000     6.1985    35.0661  1030.0458     1.7221     4.5330     65.983    0.00021    6.86991    6.88222      7.994    -0.0380   12.31397   3.485111 1.0293e-13    27.5856    27.5793 1.0000e-12    538.803          1      32215    1484.47 9.7152e+02  55849.484   1342.270 1563982697      -1.34     -1.094   39.79030  -71.46272    35.2355  1030.0499    27.5898     6.1498 0.0000e+00
    533.000     6.2008    35.0668  1030.0414     1.7219     4.5274     65.915   -0.00008    6.86851    6.88079      7.994    -0.0399   12.31164   3.485411 1.0305e-13    27.5859    27.5795 1.0000e-12    537.806          1      32226    1484.46 9.7046e+02  55849.070   1342.722 1563982698      -1.06     -1.642   39.79030  -71.46272    35.2369  1030.0462    27.5906     6.1522 0.0000e+00
    532.000     6.2083    35.0691  1030.0375     1.7213     4.5207     65.826   -0.00039    6.86764    6.87990      7.994    -0.0479   12.31023   3.486377 1.0314e-13    27.5867    27.5804 1.0000e-12    536.807          1      32237    1484.48 9.6960e+02  55849.238   1343.187 1563982698      -0.54     -2.001   39.79030  -71.46272    35.2406  1030.0434    27.5925     6.1598 0.0000e+00
    531.000     6.2218    35.0669  1030.0293     1.7213     4.5180     65.788   -0.00058    6.86746    6.87973 -9.990e-29    -0.0518   12.30994   3.487162 1.0315e-13    27.5832    27.5769 1.0000e-12    535.806          1      32251    1484.51 9.6948e+02  55841.156   1343.752 1563982699       0.11     -2.098   39.79030  -71.46273    35.2360  1030.0333    27.5871     6.1733 0.0000e+00
    530.000     6.2244    35.0674  1030.0247     1.7205     4.5136     65.737   -0.00054    6.86610    6.87835 -9.990e-29    -0.0482   12.30769   3.487494 1.0229e-13    27.5832    27.5769 1.0000e-12    534.781          1      32285    1484.51 9.7763e+02  55840.162   1345.150 1563982700       0.64     -1.133   39.79029  -71.46274    35.2376  1030.0295    27.5880     6.1760 0.0000e+00
    529.000     6.2409    35.0671  1030.0175     1.7185     4.4943     65.497   -0.00109    6.86191    6.87408      7.994    -0.0528   12.30078   3.488876 1.0139e-13    27.5808    27.5745 1.0000e-12    533.736          1      32338    1484.55 9.8627e+02  55833.797   1347.355 1563982702      -0.34     -0.259   39.79028  -71.46274    35.2366  1030.0216    27.5851     6.1926 0.0000e+00
    528.000     6.2397    35.0681  1030.0139     1.7185     4.5026     65.609   -0.00046    6.86277    6.87496      7.994    -0.0515   12.30218   3.488852 1.0115e-13    27.5817    27.5754 1.0000e-12    532.735          1      32352    1484.53 9.8861e+02  55834.824   1347.968 1563982703      -0.84     -0.800   39.79028  -71.46274    35.2380  1030.0184    27.5864     6.1915 0.0000e+00
    527.000     6.2445    35.0687  1030.0091     1.7178     4.4995     65.571   -0.00045    6.86205    6.87423      7.994    -0.0410   12.30098   3.489402 1.0108e-13    27.5816    27.5754 1.0000e-12    531.738          1      32365    1484.54 9.8936e+02  55833.486   1348.495 1563982703      -0.92     -1.286   39.79028  -71.46274    35.2398  1030.0145    27.5871     6.1963 0.0000e+00
    526.000     6.2594    35.0708  1030.0040     1.7172     4.4916     65.464   -0.00086    6.86126    6.87343      7.994    -0.0437   12.29970   3.491005 1.0113e-13    27.5813    27.5750 1.0000e-12    530.738          1      32377    1484.58 9.8888e+02  55830.953   1349.005 1563982704      -0.63     -1.687   39.79028  -71.46274    35.2430  1030.0104    27.5877     6.2112 0.0000e+00
    525.000     6.2701    35.0680  1029.9956     1.7164     4.4826     65.337   -0.00127    6.86075    6.87291      7.994    -0.0643   12.29886   3.491520 1.0138e-13    27.5777    27.5714 1.0000e-12    529.739          1      32391    1484.61 9.8639e+02  55822.915   1349.567 1563982705      -0.12     -1.883   39.79028  -71.46274    35.2382  1030.0005    27.5825     6.2220 0.0000e+00
    524.000     6.2692    35.0680  1029.9912     1.7161     4.4854     65.379   -0.00092    6.86061    6.87276      7.994    -0.0479   12.29862   3.491338 1.0164e-13    27.5778    27.5715 1.0000e-12    528.727          1      32411    1484.58 9.8392e+02  55822.452   1350.406 1563982705       0.52     -1.628   39.79026  -71.46276    35.2376  1029.9955    27.5821     6.2212 0.0000e+00
    523.000     6.2774    35.0688  1029.9861     1.7146     4.4785     65.303   -0.00075    6.85797    6.87008      7.994    -0.0519   12.29426   3.492183 1.0077e-13    27.5773    27.5711 1.0000e-12    527.688          1      32454    1484.60 9.9240e+02  55820.227   1352.226 1563982707       0.37     -0.510   39.79026  -71.46277    35.2391  1029.9909    27.5822     6.2295 0.0000e+00
    522.000     6.2814    35.0686  1029.9807     1.7142     4.4753     65.305   -0.00057    6.85292    6.86495      7.993    -0.0528   12.28591   3.492419 9.9998e-14    27.5767    27.5704 1.0000e-12    526.677          1      32481    1484.60 1.0000e+03  55818.033   1353.326 1563982708      -0.60     -0.663   39.79026  -71.46278    35.2382  1029.9850    27.5810     6.2335 0.0000e+00
    521.000     6.2828    35.0694  1029.9765     1.7141     4.4766     65.346   -0.00027    6.85055    6.86253      7.993    -0.0515   12.28199   3.492651 9.9773e-14    27.5771    27.5708 1.0000e-12    525.682          1      32496    1484.59 1.0023e+03  55817.906   1353.966 1563982709      -0.70     -1.125   39.79026  -71.46278    35.2398  1029.9815    27.5820     6.2351 0.0000e+00
    520.000     6.2930    35.0702  1029.9711     1.7138     4.4745     65.326   -0.00025    6.84940    6.86136      7.993    -0.0293   12.28009   3.493632 9.9687e-14    27.5764    27.5701 1.0000e-12    524.685          1      32513    1484.62 1.0032e+03  55815.231   1354.664 1563982710      -0.22     -1.447   39.79025  -71.46278    35.2408  1029.9763    27.5815     6.2453 0.0000e+00
    519.000     6.3117    35.0696  1029.9633     1.7123     4.4605     65.133   -0.00082    6.84831    6.86026      7.993    -0.0307   12.27831   3.495380 9.9882e-14    27.5734    27.5671 1.0000e-12    523.660          1      32541    1484.67 1.0012e+03  55807.556   1355.822 1563982711       0.49     -1.125   39.79024  -71.46278    35.2416  1029.9696    27.5797     6.2640 0.0000e+00
    518.000     6.3454    35.0714  1029.9553     1.7097     4.4345     64.759   -0.00204    6.84769    6.85963 -9.990e-29    -0.0410   12.27728   3.498536 9.9490e-14    27.5704    27.5641 1.0000e-12    522.643          1      32570    1484.79 1.0051e+03  55798.771   1357.057 1563982712      -0.09     -0.746   39.79024  -71.46278    35.2429  1029.9611    27.5763     6.2977 0.0000e+00
    517.000     6.3538    35.0713  1029.9495     1.7079     4.4239     64.637   -0.00210    6.84424    6.85612 -9.990e-29    -0.0431   12.27155   3.499219 9.9445e-14    27.5693    27.5630 1.0000e-12    521.643          1      32593    1484.80 1.0056e+03  55795.361   1358.011 1563982713      -0.19     -0.974   39.79024  -71.46279    35.2424  1029.9549    27.5747     6.3062 0.0000e+00
