CalculateIndicators/WaterTemperature/Data/CTD_NYOS/NYOS2006_C14.cnv
* Sea-Bird SBE19plus Data File:
* FileName = C:\Users\radar\Desktop\NYOS.2006\NYOS2006.ctd\NYOS2006_C14.hex
* Software Version 1.59
* Temperature SN =  4675
* Conductivity SN =  4675
* System UpLoad Time = Sep 27 2009 05:49:24
* NMEA Latitude = 40 16.0767 N
* NMEA Longitude = 073 00.6627 W
# nquan = 15
# nvalues = 78                          
# units = specified
# name 0 = depSM: Depth [salt water, m]
# name 1 = tv290C: Temperature [ITS-90, deg C]
# name 2 = sal00: Salinity, Practical [PSU]
# name 3 = density00: Density [density, kg/m^3]
# name 4 = c0S/m: Conductivity [S/m]
# name 5 = sigma-�00: Density [sigma-theta, kg/m^3]
# name 6 = sigma-t00: Density [sigma-t, kg/m^3 ]
# name 7 = prdM: Pressure, Strain Gauge [db]
# name 8 = scan: Scan Count
# name 9 = svCM: Sound Velocity [Chen-Millero, m/s]
# name 10 = specc: Specific Conductance [uS/cm]
# name 11 = timeS: Time, Elapsed [seconds]
# name 12 = accM: Acceleration [m/s^2]
# name 13 = dz/dtM: Descent Rate [m/s]
# name 14 = flag: flag
# span 0 =      1.000,     40.000       
# span 1 =     7.8953,    16.6177       
# span 2 =    31.3304,    32.5866       
# span 3 =  1022.7937,  1025.5586       
# span 4 =   3.385446,   4.030579       
# span 5 =    22.7880,    25.3748       
# span 6 =    22.7879,    25.3742       
# span 7 =      1.013,     40.230       
# span 8 =        222,        790       
# span 9 =    1479.70,    1507.53       
# span 10 =  48432.896,  51462.310      
# span 11 =     55.153,    197.371      
# span 12 =      -0.32,       0.26      
# span 13 =     -0.734,      0.727      
# span 14 = 0.0000e+00, 0.0000e+00      
# interval = meters: 1                  
# start_time = Jun 08 2020 16:59:05 [Instrument's time stamp, header]
# bad_flag = -9.990e-29
*END*
      2.000    16.6177    31.3304  1022.7937   4.030579    22.7880    22.7879      2.018        222    1507.53  48432.896     55.153       0.23      0.533 0.0000e+00
      3.000    16.3581    31.4131  1022.9231   4.015937    22.9120    22.9119      3.016        228    1506.82  48571.342     56.838       0.01      0.591 0.0000e+00
      4.000    16.2489    31.4255  1022.9619   4.007768    22.9445    22.9443      4.022        235    1506.51  48595.412     58.497      -0.02      0.611 0.0000e+00
      5.000    16.1913    31.4233  1022.9779   4.002303    22.9564    22.9562      5.021        241    1506.34  48598.502     60.097       0.06      0.611 0.0000e+00
      6.000    16.1245    31.4096  1022.9869   3.994739    22.9603    22.9601      6.031        248    1506.14  48584.857     61.787      -0.13      0.606 0.0000e+00
      7.000    16.0319    31.4026  1023.0063   3.986007    22.9736    22.9734      7.048        255    1505.86  48579.452     63.420       0.25      0.580 0.0000e+00
      8.000    15.9363    31.4649  1023.0808   3.984097    23.0462    23.0459      8.044        261    1505.64  48681.144     64.885      -0.04      0.711 0.0000e+00
      9.000    15.6864    31.4798  1023.1523   3.961112    23.1090    23.1087      9.044        267    1504.89  48718.385     66.581      -0.10      0.601 0.0000e+00
     10.000    15.1889    31.5536  1023.3195   3.925603    23.2781    23.2777     10.063        274    1503.45  48874.165     68.211       0.06      0.622 0.0000e+00
     11.000    14.8262    31.5875  1023.4328   3.892308    23.3725    23.3722     11.058        280    1502.27  48942.448     69.841       0.05      0.588 0.0000e+00
     12.000    14.0456    31.7430  1023.7131   3.840696    23.6873    23.6869     12.062        286    1500.04  49304.496     71.326      -0.04      0.693 0.0000e+00
     13.000    13.0457    31.6939  1023.8818   3.741528    23.8015    23.8012     13.080        293    1496.61  49271.189     72.890      -0.01      0.654 0.0000e+00
     14.000    11.8718    32.0195  1024.3610   3.673317    24.3047    24.3043     14.078        300    1493.07  49935.349     74.761      -0.02      0.525 0.0000e+00
     15.000    11.3873    32.0492  1024.4823   3.629405    24.4035    24.4032     15.077        307    1491.34  50028.272     76.503       0.03      0.564 0.0000e+00
     16.000    10.5501    32.1068  1024.6701   3.566719    24.6141    24.6137     16.086        313    1488.63  50285.488     78.099      -0.03      0.638 0.0000e+00
     17.000    10.2349    32.2714  1024.8593   3.556113    24.7799    24.7796     17.107        319    1487.66  50546.380     79.569       0.13      0.666 0.0000e+00
     18.000    10.1718    32.3561  1024.9418   3.559900    24.8600    24.8596     18.088        328    1487.53  50682.331     81.873      -0.18      0.404 0.0000e+00
     19.000    10.1267    32.3418  1024.9430   3.555072    24.8554    24.8551     19.118        335    1487.36  50669.121     83.457       0.21      0.646 0.0000e+00
     20.000    10.0050    32.3627  1024.9836   3.547593    24.8922    24.8918     20.091        342    1486.98  50722.570     85.230      -0.18      0.569 0.0000e+00
     21.000     9.8811    32.3632  1025.0088   3.536829    24.9143    24.9139     21.136        347    1486.55  50749.852     86.567       0.08      0.727 0.0000e+00
     22.000     9.6779    32.4191  1025.0909   3.524757    24.9907    24.9903     22.107        357    1485.88  50865.692     88.974      -0.12      0.341 0.0000e+00
     23.000     9.5903    32.4224  1025.1121   3.517779    25.0062    25.0058     23.133        363    1485.59  50886.935     90.548       0.11      0.624 0.0000e+00
     24.000     9.4828    32.4177  1025.1312   3.507033    25.0239    25.0235     24.128        370    1485.18  50908.388     92.209      -0.05      0.604 0.0000e+00
     25.000     9.1603    32.3820  1025.1580   3.475288    25.0438    25.0434     25.142        377    1483.99  50919.013     93.930      -0.07      0.593 0.0000e+00
     26.000     8.7875    32.3777  1025.2170   3.442294    25.0992    25.0988     26.141        384    1482.63  50991.909     95.828       0.08      0.518 0.0000e+00
     27.000     8.5407    32.3821  1025.2626   3.421272    25.1384    25.1379     27.155        391    1481.72  51050.580     97.505      -0.04      0.601 0.0000e+00
     28.000     8.3475    32.3946  1025.3062   3.405966    25.1754    25.1749     28.158        398    1481.02  51107.472     99.365       0.08      0.514 0.0000e+00
     29.000     8.2507    32.4240  1025.3480   3.401235    25.2180    25.2176     29.160        406    1480.72  51182.622    101.223      -0.07      0.549 0.0000e+00
     30.000     8.1958    32.4207  1025.3582   3.396558    25.2191    25.2187     30.171        414    1480.52  51182.211    103.217      -0.03      0.509 0.0000e+00
     31.000     8.1664    32.4288  1025.3737   3.395081    25.2316    25.2311     31.163        422    1480.43  51204.731    105.173       0.12      0.491 0.0000e+00
     32.000     8.1333    32.4332  1025.3864   3.393011    25.2395    25.2390     32.185        428    1480.33  51218.511    106.853      -0.08      0.593 0.0000e+00
     33.000     8.0975    32.4361  1025.3987   3.390313    25.2468    25.2464     33.183        437    1480.21  51231.288    109.116       0.05      0.427 0.0000e+00
     34.000     8.0418    32.4618  1025.4315   3.388182    25.2753    25.2748     34.190        445    1480.05  51281.617    111.070       0.02      0.513 0.0000e+00
     35.000     7.9988    32.4920  1025.4661   3.387396    25.3051    25.3046     35.189        452    1479.94  51335.291    112.859       0.04      0.552 0.0000e+00
     36.000     7.9532    32.5354  1025.5112   3.387685    25.3463    25.3458     36.206        459    1479.84  51409.387    114.581      -0.07      0.587 0.0000e+00
     37.000     7.9324    32.5522  1025.5321   3.387552    25.3621    25.3616     37.206        469    1479.79  51438.249    116.900      -0.01      0.423 0.0000e+00
     38.000     7.9138    32.5536  1025.5406   3.386124    25.3657    25.3652     38.211        476    1479.74  51444.823    118.821       0.17      0.502 0.0000e+00
     39.000     7.8953    32.5612  1025.5537   3.385446    25.3748    25.3742     39.223        483    1479.70  51461.565    120.382      -0.02      0.653 0.0000e+00
     40.000     7.9006    32.5625  1025.5586   3.386208    25.3748    25.3742     40.230        499    1479.74  51462.310    124.412      -0.19      0.112 0.0000e+00
     39.000     7.9022    32.5599  1025.5516   3.386235    25.3725    25.3720     39.225        513    1479.73  51457.400    128.061      -0.10     -0.459 0.0000e+00
     38.000     7.9021    32.5606  1025.5477   3.386239    25.3731    25.3726     38.213        520    1479.71  51458.105    129.737       0.05     -0.581 0.0000e+00
     37.000     7.9075    32.5614  1025.5430   3.386822    25.3730    25.3725     37.210        528    1479.71  51457.271    131.820       0.03     -0.482 0.0000e+00
     36.000     7.9204    32.5593  1025.5348   3.387742    25.3696    25.3691     36.195        536    1479.74  51450.943    133.649      -0.12     -0.554 0.0000e+00
     35.000     7.9336    32.5488  1025.5200   3.387889    25.3591    25.3586     35.205        544    1479.76  51431.461    135.830       0.10     -0.446 0.0000e+00
     34.000     7.9599    32.5251  1025.4930   3.387993    25.3372    25.3368     34.181        551    1479.82  51391.809    137.459      -0.16     -0.613 0.0000e+00
     33.000     8.0129    32.4760  1025.4422   3.388074    25.2901    25.2897     33.193        560    1479.94  51307.161    139.732       0.20     -0.414 0.0000e+00
     32.000     8.0460    32.4655  1025.4246   3.390039    25.2779    25.2775     32.179        568    1480.04  51285.377    141.656      -0.10     -0.540 0.0000e+00
     31.000     8.0918    32.4478  1025.3994   3.392393    25.2571    25.2566     31.167        575    1480.17  51248.461    143.403      -0.02     -0.581 0.0000e+00
     30.000     8.1333    32.4345  1025.3784   3.394669    25.2405    25.2401     30.172        583    1480.29  51219.031    145.504       0.04     -0.462 0.0000e+00
     29.000     8.1593    32.4304  1025.3666   3.396546    25.2335    25.2331     29.162        591    1480.37  51206.767    147.520       0.02     -0.500 0.0000e+00
     28.000     8.1934    32.4307  1025.3572   3.399708    25.2293    25.2289     28.160        599    1480.49  51199.659    149.475      -0.09     -0.502 0.0000e+00
     27.000     8.2452    32.4367  1025.3497   3.404945    25.2265    25.2261     27.145        605    1480.68  51196.131    151.002      -0.05     -0.647 0.0000e+00
     26.000     8.3767    32.4693  1025.3513   3.419905    25.2308    25.2304     26.145        613    1481.19  51208.443    152.878       0.08     -0.537 0.0000e+00
     25.000     8.5658    32.4776  1025.3243   3.438198    25.2041    25.2037     25.156        621    1481.91  51168.419    155.058       0.03     -0.438 0.0000e+00
     24.000     8.7971    32.5866  1025.3695   3.470282    25.2678    25.2674     24.115        626    1482.89  51297.810    156.333      -0.32     -0.714 0.0000e+00
     23.000     9.2396    32.5097  1025.2371   3.500520    25.1312    25.1308     23.135        634    1484.39  51081.904    158.210       0.26     -0.561 0.0000e+00
     22.000     9.4053    32.4773  1025.1802   3.512168    25.0805    25.0801     22.118        641    1484.96  51003.382    160.052      -0.05     -0.558 0.0000e+00
     21.000     9.5531    32.4505  1025.1310   3.522357    25.0324    25.0320     21.133        649    1485.45  50929.145    162.002       0.02     -0.491 0.0000e+00
     20.000     9.6877    32.4567  1025.1090   3.535198    25.0216    25.0212     20.108        655    1485.94  50922.259    163.520      -0.04     -0.656 0.0000e+00
     19.000     9.8613    32.4092  1025.0394   3.545454    24.9504    24.9501     19.096        661    1486.48  50810.786    165.094      -0.09     -0.619 0.0000e+00
     18.000    10.0334    32.3704  1024.9761   3.556518    24.8949    24.8946     18.113        670    1487.04  50729.435    167.276       0.18     -0.441 0.0000e+00
     17.000    10.0890    32.3455  1024.9427   3.558587    24.8668    24.8665     17.089        677    1487.20  50684.030    168.912      -0.12     -0.627 0.0000e+00
     16.000    10.1189    32.2939  1024.8929   3.555648    24.8177    24.8174     16.087        683    1487.23  50598.580    170.578      -0.02     -0.590 0.0000e+00
     15.000    10.2321    32.3053  1024.8775   3.568201    24.8095    24.8093     15.084        691    1487.65  50596.867    172.446       0.10     -0.548 0.0000e+00
     14.000    10.5659    32.3654  1024.8606   3.607330    24.8109    24.8106     14.086        698    1488.95  50641.852    174.253      -0.18     -0.513 0.0000e+00
     13.000    11.1884    32.3019  1024.7024   3.654266    24.6371    24.6368     13.073        704    1490.96  50419.204    175.739       0.05     -0.696 0.0000e+00
     12.000    11.8006    32.3983  1024.6547   3.727033    24.6082    24.6079     12.055        710    1493.32  50470.682    177.207      -0.16     -0.640 0.0000e+00
     11.000    13.4482    32.0941  1024.1097   3.837585    24.0438    24.0435     11.076        718    1498.35  49792.580    179.136       0.24     -0.540 0.0000e+00
     10.000    13.9777    31.9732  1023.8967   3.875874    23.8656    23.8653     10.039        723    1500.03  49606.640    180.614      -0.14     -0.680 0.0000e+00
      9.000    14.7870    31.7412  1023.5488   3.921129    23.4925    23.4922      9.076        731    1502.32  49145.368    182.464       0.10     -0.484 0.0000e+00
      8.000    15.2088    31.7157  1023.4326   3.957198    23.4017    23.4015      8.035        736    1503.64  49104.054    183.783      -0.01     -0.734 0.0000e+00
      7.000    15.7097    31.5285  1023.1761   3.979041    23.1385    23.1383      7.052        743    1504.98  48777.630    185.571       0.03     -0.469 0.0000e+00
      6.000    15.8448    31.4706  1023.0960   3.984313    23.0700    23.0698      6.028        750    1505.34  48694.886    187.147       0.05     -0.646 0.0000e+00
      5.000    15.9749    31.4308  1023.0315   3.991027    23.0086    23.0084      5.017        757    1505.68  48623.971    188.882      -0.16     -0.555 0.0000e+00
      4.000    16.1154    31.4313  1022.9971   4.001895    22.9787    22.9785      4.032        765    1506.09  48614.203    190.977       0.14     -0.477 0.0000e+00
      3.000    16.1613    31.4366  1022.9859   4.006044    22.9732    22.9731      3.014        773    1506.23  48618.651    193.057       0.06     -0.488 0.0000e+00
      2.000    16.2184    31.4401  1022.9710   4.011051    22.9619    22.9619      2.008        782    1506.40  48616.164    195.346      -0.11     -0.454 0.0000e+00
      1.000    16.3345    31.4847  1022.9738   4.027759    22.9686    22.9686      1.013        790    1506.81  48664.612    197.371      -0.01     -0.477 0.0000e+00
