CalculateIndicators/WaterTemperature/Data/CTD_NYOS/NYOS1910_C07.cnv
* Sea-Bird SBE 9 Data File:
* FileName = C:\Seabird 9 CTD\Data\2019\201910_offhore\NYOS1910_C07.hex
* Software Version Seasave V 7.23.2
* Temperature SN = 4590
* Conductivity SN = 3228
* Number of Bytes Per Scan = 44
* Number of Voltage Words = 5
* Number of Scans Averaged by the Deck Unit = 1
* NMEA Latitude = 39 59.53 N
* NMEA Longitude = 071 52.11 W
* NMEA UTC (Time) = Oct 06 2019  23:06:46
* NMEA baud rate = 4800
** Ship: seawolf
** Station: 2.4
** Operator: SW
# nquan = 35
# nvalues = 160                         
# units = specified
# name 0 = depSM: Depth [salt water, m]
# name 1 = t090C: Temperature [ITS-90, deg C]
# name 2 = sal00: Salinity, Practical [PSU]
# name 3 = density00: Density [density, kg/m^3]
# name 4 = sbeox0V: Oxygen raw, SBE 43 [V]
# name 5 = sbeox0ML/L: Oxygen, SBE 43 [ml/l]
# name 6 = sbeox0PS: Oxygen, SBE 43 [% saturation]
# name 7 = sbox0dV/dT: Oxygen, SBE 43 [dov/dt]
# name 8 = oxsolML/L: Oxygen Saturation, Garcia & Gordon [ml/l]
# name 9 = oxsatML/L: Oxygen Saturation, Weiss [ml/l]
# name 10 = ph: pH
# name 11 = flECO-AFL: Fluorescence, WET Labs ECO-AFL/FL [mg/m^3]
# name 12 = n2satML/L: Nitrogen Saturation [ml/l]
# name 13 = c0S/m: Conductivity [S/m]
# name 14 = cpar: CPAR/Corrected Irradiance [%]
# name 15 = sigma-é00: Density [sigma-theta, kg/m^3]
# name 16 = sigma-t00: Density [sigma-t, kg/m^3 ]
# name 17 = par: PAR/Irradiance, Biospherical/Licor
# name 18 = prDM: Pressure, Digiquartz [db]
# name 19 = pumps: Pump Status
# name 20 = scan: Scan Count
# name 21 = svCM: Sound Velocity [Chen-Millero, m/s]
# name 22 = spar: SPAR, Biospherical/Licor
# name 23 = specc: Specific Conductance [uS/cm]
# name 24 = timeS: Time, Elapsed [seconds]
# name 25 = timeY: Time, System [seconds]
# name 26 = accM: Acceleration [m/s^2]
# name 27 = dz/dtM: Descent Rate [m/s]
# name 28 = latitude: Latitude [deg]
# name 29 = longitude: Longitude [deg]
# name 30 = gsw_saA0: Absolute Salinity [g/kg]
# name 31 = gsw_densityA0: density, TEOS-10 [density, kg/m^3]
# name 32 = gsw_sigma0A0: density, TEOS-10 [sigma-0, kg/m^3 ]
# name 33 = gsw_ptA0: potential temperature [ITS-90, deg C]
# name 34 = flag: flag
# span 0 =      1.000,     81.000       
# span 1 =    16.1097,    22.6479       
# span 2 =    34.9276,    36.0496       
# span 3 =  1024.5108,  1026.6860       
# span 4 =     1.8497,     2.5104       
# span 5 =     3.6594,     4.9339       
# span 6 =     66.563,     98.405       
# span 7 =   -0.02243,    0.03161       
# span 8 =    4.91128,    5.52101       
# span 9 =    4.90012,    5.51487       
# span 10 =      8.137,      8.301      
# span 11 =     0.0172,     0.3334      
# span 12 =    9.06543,   10.07600      
# span 13 =   4.491707,   5.158692      
# span 14 = -1.643e+04, 1.1407e+05      
# span 15 =    24.4986,    26.3287      
# span 16 =    24.4976,    26.3257      
# span 17 = -4.642e-02, 4.5202e-02      
# span 18 =      1.069,     81.624      
# span 19 =          1,          1      
# span 20 =        -30,      18864      
# span 21 =    1512.39,    1530.00      
# span 22 = -7.276e-01, 4.5161e+00      
# span 23 =  53299.445,  54857.672      
# span 24 =     -1.312,    785.967      
# span 25 = 1570403206, 1570403992      
# span 26 =      -1.27,       1.12      
# span 27 =     -1.474,      1.449      
# span 28 =   39.99216,   39.99490      
# span 29 =  -71.86859,  -71.86490      
# span 30 =    35.0506,    36.2388      
# span 31 =  1024.5150,  1026.6951      
# span 32 =    24.4942,    26.3425      
# span 33 =    16.0967,    22.6399      
# span 34 = 0.0000e+00, 0.0000e+00      
# interval = meters: 1                  
# start_time = Oct 06 2019 23:06:47 [System UTC, first data scan.]
# bad_flag = -9.990e-29
*END*
[from data line 42]
     44.000    20.4430    35.3551  1025.1080     2.3302     4.6340     89.649   -0.00638    5.16905    5.15940      8.260     0.3303    9.49763   4.876491 -1.165e+03    24.9169    24.9147 1.0000e-12     44.358          1       2724    1523.83 4.0016e+00  53715.345    113.457 1570403321       0.60      0.267   39.99266  -71.86804    35.4736  1025.0756    24.8844    20.4347 0.0000e+00
     45.000    20.1399    35.3049  1025.1551     2.3281     4.6395     89.726   -0.00412    5.17073    5.16109      8.260     0.3180    9.50040   4.841074 2.5320e-11    24.9596    24.9573 1.0000e-12     45.347          1       2743    1522.96 3.9495e+00  53664.161    114.257 1570403321       0.58      0.881   39.99266  -71.86802    35.4377  1025.1337    24.9380    20.1315 0.0000e+00
     46.000    20.0412    35.2899  1025.1743     2.3254     4.6399     89.704   -0.00275    5.17243    5.16280      8.258     0.3121    9.50330   4.829804 2.5320e-11    24.9742    24.9720 1.0000e-12     46.351          1       2775    1522.69 3.9495e+00  53649.454    115.579 1570403323      -0.14      0.904   39.99267  -71.86802    35.4277  1025.1568    24.9567    20.0326 0.0000e+00
     47.000    19.8855    35.2436  1025.1845     2.3040     4.6684     88.305   -0.00865    5.28666    5.27788      8.249     0.3076    9.69509   4.808147 2.5320e-11    24.9800    24.9777 1.0000e-12     47.376          1       2872    1522.22 3.9495e+00  53595.977    119.617 1570403327       0.71      0.269   39.99268  -71.86800    35.3799  1025.1661    24.9615    19.8768 0.0000e+00
     48.000    19.6399    35.1908  1025.2131     2.2845     4.6027     86.752   -0.01581    5.30560    5.29698      8.245     0.3160    9.72656   4.775390 3.2896e+03    25.0041    25.0018 1.0000e-12     48.371          1       2895    1521.49 3.6896e+00  53539.488    120.589 1570403328       0.22      0.870   39.99268  -71.86799    35.3155  1025.1860    24.9770    19.6311 0.0000e+00
     49.000    19.0723    35.0896  1025.2870     2.2666     4.5934     86.065   -0.01383    5.33708    5.32873      8.243     0.3334    9.77943   4.703780 1.0258e+02    25.0731    25.0709 1.0000e-12     49.380          1       2930    1519.80 3.9414e+00  53437.627    122.038 1570403329      -0.15      0.748   39.99268  -71.86798    35.1976  1025.2478    25.0339    19.0635 0.0000e+00
     50.000    18.3945    35.0046  1025.3986     2.2365     4.5732     84.876   -0.01102    5.38812    5.38021      8.229     0.3276    9.86450   4.626494 7.2789e+04    25.1798    25.1776 1.0000e-12     50.393          1       2994    1517.78 1.0441e+00  53368.036    124.708 1570403332      -0.06      0.318   39.99269  -71.86797    35.1217  1025.3667    25.1478    18.3858 0.0000e+00
     51.000    17.9091    34.9276  1025.4649     2.2111     4.5277     83.743   -0.01009    5.40658    5.39891      8.211     0.2999    9.89374   4.569553 1.0188e+05    25.2412    25.2390 1.0000e-12     51.404          1       3050    1516.29 -7.270e-02  53299.445    127.051 1570403334       0.04      0.471   39.99270  -71.86796    35.0506  1025.4377    25.2140    17.9003 0.0000e+00
     52.000    17.8159    34.9963  1025.5448     2.1807     4.3898     81.206   -0.02165    5.40578    5.39809      8.208     0.2696    9.89254   4.569350 9.9999e+04    25.3166    25.3144 1.0000e-12     52.410          1       3084    1516.12 0.0000e+00  53400.799    128.457 1570403336       0.29      0.630   39.99270  -71.86796    35.1287  1025.5245    25.2963    17.8070 0.0000e+00
     53.000    17.6339    35.0797  1025.6577     2.1560     4.3484     80.620   -0.01471    5.39364    5.38590      8.202     0.2729    9.87101   4.561600 -1.432e+02    25.4251    25.4229 1.0000e-12     53.408          1       3134    1515.69 3.9552e+00  53529.470    130.542 1570403338       0.26      0.601   39.99272  -71.86795    35.2189  1025.6422    25.4095    17.6248 0.0000e+00
     54.000    17.5974    35.1318  1025.7109     2.1210     4.2097     78.626   -0.01784    5.35404    5.34608      8.192     0.2586    9.80192   4.565892 7.4990e+01    25.4738    25.4716 1.0000e-12     54.419          1       3196    1515.66 3.9465e+00  53603.089    133.116 1570403340       0.78      0.683   39.99272  -71.86792    35.2873  1025.7077    25.4706    17.5882 0.0000e+00
     55.000    17.7384    35.3413  1025.8414     2.0960     4.0912     77.064   -0.02154    5.30874    5.30048      8.190     0.2447    9.72420   4.606473 2.5320e-11    25.6001    25.5978 1.0000e-12     55.424          1       3226    1516.33 3.9495e+00  53877.543    134.371 1570403342      -0.12      0.915   39.99273  -71.86792    35.5151  1025.8512    25.6100    17.7290 0.0000e+00
     56.000    18.2558    35.7111  1026.0004     2.0425     3.9333     74.603   -0.01964    5.27235    5.26382      8.190     0.1795    9.66234   4.705062 2.5320e-11    25.7554    25.7529 1.0000e-12     56.442          1       3290    1518.28 3.9495e+00  54340.722    137.035 1570403344      -0.11      0.315   39.99274  -71.86792    35.9097  1026.0276    25.7826    18.2460 0.0000e+00
     57.000    18.6573    35.9244  1026.0669     2.0145     3.9203     74.021   -0.01065    5.29617    5.28784      8.195     0.1703    9.70215   4.769601 2.5320e-11    25.8180    25.8155 1.0000e-12     57.450          1       3345    1519.69 3.9495e+00  54601.144    139.334 1570403347       0.18      0.487   39.99274  -71.86790    36.1090  1026.0825    25.8336    18.6472 0.0000e+00
     58.000    18.7007    35.9472  1026.0777     2.0025     3.9076     73.592   -0.00890    5.30988    5.30167      8.195     0.1457    9.72502   4.775975 2.5320e-11    25.8245    25.8218 1.0000e-12     58.454          1       3380    1519.86 3.9495e+00  54629.405    140.804 1570403348       0.10      0.657   39.99274  -71.86790    36.1247  1026.0877    25.8345    18.6904 0.0000e+00
     59.000    18.3581    35.8984  1026.1316     1.9930     3.9249     73.625   -0.00353    5.33097    5.32294      8.193     0.1500    9.76038   4.732908 2.5320e-11    25.8736    25.8710 1.0000e-12     59.464          1       3440    1518.84 3.9495e+00  54588.373    143.281 1570403351      -0.14      0.372   39.99276  -71.86788    36.0579  1026.1282    25.8703    18.3477 0.0000e+00
     60.000    18.1700    35.8694  1026.1610     1.9880     3.9310     73.558   -0.00179    5.34410    5.33618      8.190     0.1300    9.78236   4.710245 1.8667e+04    25.8985    25.8959 1.0000e-12     60.478          1       3497    1518.28 3.6094e+00  54563.670    145.684 1570403353       0.09      0.491   39.99276  -71.86787    36.0289  1026.1578    25.8953    18.1595 0.0000e+00
     61.000    18.0780    35.8511  1026.1743     1.9865     3.9268     73.498   -0.00158    5.34278    5.33485      8.188     0.1314    9.78014   4.698605 1.0081e+05    25.9074    25.9048 1.0000e-12     61.486          1       3526    1518.00 -3.581e-02  54546.586    146.867 1570403354       0.42      0.658   39.99276  -71.86786    36.0095  1026.1704    25.9034    18.0674 0.0000e+00
     62.000    18.0166    35.8363  1026.1828     1.9851     3.9315     73.485   -0.00109    5.35011    5.34224      8.187     0.1431    9.79244   4.690756 9.9999e+04    25.9114    25.9087 1.0000e-12     62.474          1       3561    1517.83 6.3546e-01  54531.701    148.329 1570403356       0.27      0.876   39.99277  -71.86786    35.9957  1026.1796    25.9082    18.0058 0.0000e+00
     63.000    17.8707    35.7882  1026.1865     1.9741     3.9181     72.718   -0.00423    5.38804    5.38052      8.181     0.1310    9.85579   4.669192 -9.990e-29    25.9105    25.9078 1.0000e-12     63.495          1       3645    1517.36 3.8867e+00  54478.064    151.850 1570403359       0.74      0.652   39.99278  -71.86784    35.9380  1026.1763    25.9003    17.8599 0.0000e+00
     64.000    17.7594    35.7890  1026.2191     1.9673     3.8883     72.183   -0.00645    5.38669    5.37917      8.180     0.1132    9.85335   4.658470 -9.990e-29    25.9387    25.9360 1.0000e-12     64.495          1       3671    1517.05 3.9495e+00  54488.757    152.916 1570403360       0.06      1.009   39.99278  -71.86783    35.9433  1026.2122    25.9317    17.7484 0.0000e+00
     65.000    17.6142    35.7914  1026.2611     1.9564     3.8671     71.756   -0.00533    5.38929    5.38179      8.177     0.1132    9.85767   4.644370 2.5320e-11    25.9761    25.9733 1.0000e-12     65.510          1       3721    1516.65 3.9495e+00  54504.352    154.991 1570403362      -0.21      0.528   39.99279  -71.86782    35.9490  1026.2568    25.9718    17.6031 0.0000e+00
     66.000    17.5661    35.8001  1026.2840     1.9498     3.8531     71.789   -0.00133    5.36726    5.35960      8.174     0.1065    9.82010   4.641029 2.5320e-11    25.9946    25.9918 1.0000e-12     66.525          1       3792    1516.53 3.9495e+00  54520.700    157.965 1570403365      -0.02      0.336   39.99280  -71.86781    35.9623  1026.2832    25.9937    17.5548 0.0000e+00
     67.000    17.5606    35.7995  1026.2893     1.9485     3.8482     71.863    0.00032    5.35487    5.34710      8.174     0.0963    9.79923   4.640833 -9.990e-29    25.9955    25.9927 1.0000e-12     67.547          1       3837    1516.53 3.9495e+00  54520.833    159.824 1570403367       0.52      0.414   39.99281  -71.86780    35.9651  1026.2911    25.9971    17.5492 0.0000e+00
     68.000    17.7015    35.9126  1026.3457     1.9461     3.8282     71.493   -0.00254    5.35465    5.34688 -9.990e-29     0.0946    9.79885   4.672817 -9.990e-29    26.0478    26.0449 1.0000e-12     68.516          1       3853    1517.09 3.9495e+00  54663.428    160.483 1570403368       0.80      0.963   39.99282  -71.86780    36.1173  1026.3767    26.0788    17.6898 0.0000e+00
     69.000    17.8625    35.9399  1026.3314     1.9406     3.8168     71.223   -0.00275    5.35891    5.35118      8.174     0.1097    9.80587   4.687948 2.5320e-11    26.0292    26.0262 1.0000e-12     69.530          1       3919    1517.61 3.9495e+00  54687.718    163.254 1570403370       0.74      0.779   39.99282  -71.86779    36.1050  1026.3321    26.0299    17.8506 0.0000e+00
     70.000    17.8216    35.9408  1026.3466     1.9380     3.8127     71.232   -0.00122    5.35245    5.34467      8.174     0.0951    9.79481   4.684553 2.5320e-11    26.0400    26.0370 1.0000e-12     70.535          1       3960    1517.51 3.9495e+00  54692.855    164.944 1570403372       0.38      1.142   39.99283  -71.86777    36.1116  1026.3516    26.0451    17.8095 0.0000e+00
     71.000    17.8932    35.9786  1026.3622     1.9342     3.7999     71.034   -0.00159    5.34940    5.34162      8.174     0.0969    9.78917   4.696909 5.9343e+04    26.0513    26.0482 1.0000e-12     71.570          1       4037    1517.78 1.4755e+00  54738.849    168.152 1570403375       0.18      0.301   39.99284  -71.86776    36.1545  1026.3711    26.0602    17.8809 0.0000e+00
     72.000    17.9135    36.0126  1026.3876     1.9280     3.7682     70.398   -0.00531    5.35265    5.34490 -9.990e-29     0.1155    9.79452   4.702961 1.3392e+03    26.0724    26.0693 1.0000e-12     72.561          1       4066    1517.89 3.8937e+00  54783.896    169.370 1570403377       0.61      0.815   39.99284  -71.86774    36.1884  1026.3962    26.0810    17.9010 0.0000e+00
     73.000    17.8821    36.0348  1026.4168     1.9236     3.7677     70.325   -0.00384    5.35755    5.34985      8.174     0.0765    9.80264   4.701823 2.7562e-11    26.0972    26.0941 1.0000e-12     73.572          1       4101    1517.84 3.8862e+00  54816.985    170.842 1570403378      -0.22      0.791   39.99284  -71.86774    36.2060  1026.4219    26.1023    17.8695 0.0000e+00
     74.000    17.8309    36.0324  1026.4322     1.9188     3.7716     70.269   -0.00208    5.36736    5.35976      8.172     0.0741    9.81875   4.695975 -9.990e-29    26.1081    26.1050 1.0000e-12     74.585          1       4153    1517.71 3.9482e+00  54818.431    172.984 1570403380       0.13      0.442   39.99286  -71.86772    36.2006  1026.4349    26.1108    17.8181 0.0000e+00
     75.000    17.7758    36.0427  1026.4581     1.9114     3.7494     69.736   -0.00413    5.37654    5.36904      8.170     0.0578    9.83392   4.691717 2.5320e-11    26.1296    26.1264 1.0000e-12     75.600          1       4197    1517.58 3.9495e+00  54837.357    174.819 1570403382      -0.02      0.553   39.99286  -71.86772    36.2124  1026.4620    26.1334    17.7629 0.0000e+00
     76.000    17.7071    36.0460  1026.4820     1.9071     3.7360     69.510   -0.00420    5.37480    5.36728      8.170     0.0545    9.83103   4.683990 2.5320e-11    26.1491    26.1459 1.0000e-12     76.600          1       4224    1517.39 3.9495e+00  54847.856    175.954 1570403383       0.34      0.739   39.99286  -71.86771    36.2062  1026.4786    26.1456    17.6940 0.0000e+00
     77.000    17.6134    36.0471  1026.5104     1.8945     3.7273     68.687   -0.00683    5.42751    5.42049      8.166     0.0350    9.91929   4.674394 2.5320e-11    26.1729    26.1697 1.0000e-12     77.604          1       4273    1517.14 3.9495e+00  54857.672    178.001 1570403385       0.22      0.653   39.99287  -71.86770    36.2060  1026.5060    26.1685    17.6002 0.0000e+00
     78.000    17.4372    35.9935  1026.5169     1.8686     3.6645     66.563   -0.01643    5.50532    5.49904      8.156     0.0189   10.04921   4.646651 2.6975e+04    26.1750    26.1718 1.0000e-12     78.633          1       4332    1516.57 2.8841e+00  54801.449    180.446 1570403388       1.12      0.615   39.99288  -71.86770    36.1212  1026.4890    26.1468    17.4239 0.0000e+00
     79.000    17.0407    35.8514  1026.5083     1.8643     3.6594     66.609   -0.01361    5.49390    5.48751      8.156     0.0288   10.03022   4.583689 9.6995e+04    26.1606    26.1575 1.0000e-12     79.613          1       4344    1515.25 1.1864e-01  54639.641    180.976 1570403388       1.00      1.224   39.99288  -71.86768    35.9232  1026.4382    26.0911    17.0275 0.0000e+00
     80.000    16.5248    35.8415  1026.6281     1.8623     3.6862     67.113   -0.00731    5.49251    5.48610      8.156     0.0224   10.02792   4.535184 9.7176e+04    26.2759    26.2728 1.0000e-12     80.610          1       4369    1513.70 2.6133e-01  54677.426    182.008 1570403389      -0.01      1.449   39.99288  -71.86768    35.9569  1026.5911    26.2390    16.5117 0.0000e+00
     81.000    16.1097    35.7842  1026.6860     1.8497     3.6999     67.251    0.00057    5.50160    5.49529      8.141     0.0172   10.04318   4.491707 -2.565e+03    26.3287    26.3257 1.0000e-12     81.624          1       5253    1512.39 4.0461e+00  54640.246    218.841 1570403426      -0.40      0.655   39.99304  -71.86754    35.9432  1026.6826    26.3255    16.0967 0.0000e+00
     80.000    16.2812    35.8283  1026.6754     1.8567     3.7524     67.965    0.00410    5.52101    5.51487      8.137     0.0241   10.07600   4.517309 2.5320e-11    26.3227    26.3197 1.0000e-12     80.645          1       6111    1512.95 3.9495e+00  54682.191    254.577 1570403462      -0.87     -0.666   39.99317  -71.86741    36.0175  1026.6951    26.3425    16.2682 0.0000e+00
     79.000    16.7033    35.9143  1026.6375     1.8745     3.7453     68.975    0.00683    5.43069    5.42369      8.139     0.0352    9.92469   4.571988 2.5320e-11    26.2901    26.2870 1.0000e-12     79.633          1       6400    1514.31 3.9495e+00  54758.472    266.635 1570403474      -0.44     -0.663   39.99321  -71.86736    36.1232  1026.6719    26.3243    16.6903 0.0000e+00
