CalculateIndicators/WaterTemperature/Data/CTD_NYOS/NYOS190724_3_2.cnv
* Sea-Bird SBE 9 Data File:
* FileName = C:\Seabird 9 CTD\Data\2019\201907_offshore\NYOS190724_3_2.hex
* Software Version Seasave V 7.23.2
* Temperature SN = 4590
* Conductivity SN = 3228
* Number of Bytes Per Scan = 44
* Number of Voltage Words = 5
* Number of Scans Averaged by the Deck Unit = 1
* NMEA Latitude = 40 25.76 N
* NMEA Longitude = 072 23.11 W
* NMEA UTC (Time) = Jul 25 2019  06:54:59
* NMEA baud rate = 4800
** Ship: seawolf
** Station: 3-2
** Operator: LIS
# nquan = 35
# nvalues = 96                          
# units = specified
# name 0 = depSM: Depth [salt water, m]
# name 1 = t090C: Temperature [ITS-90, deg C]
# name 2 = sal00: Salinity, Practical [PSU]
# name 3 = density00: Density [density, kg/m^3]
# name 4 = sbeox0V: Oxygen raw, SBE 43 [V]
# name 5 = sbeox0ML/L: Oxygen, SBE 43 [ml/l]
# name 6 = sbeox0PS: Oxygen, SBE 43 [% saturation]
# name 7 = sbox0dV/dT: Oxygen, SBE 43 [dov/dt]
# name 8 = oxsolML/L: Oxygen Saturation, Garcia & Gordon [ml/l]
# name 9 = oxsatML/L: Oxygen Saturation, Weiss [ml/l]
# name 10 = ph: pH
# name 11 = flECO-AFL: Fluorescence, WET Labs ECO-AFL/FL [mg/m^3]
# name 12 = n2satML/L: Nitrogen Saturation [ml/l]
# name 13 = c0S/m: Conductivity [S/m]
# name 14 = cpar: CPAR/Corrected Irradiance [%]
# name 15 = sigma-é00: Density [sigma-theta, kg/m^3]
# name 16 = sigma-t00: Density [sigma-t, kg/m^3 ]
# name 17 = par: PAR/Irradiance, Biospherical/Licor
# name 18 = prDM: Pressure, Digiquartz [db]
# name 19 = pumps: Pump Status
# name 20 = scan: Scan Count
# name 21 = svCM: Sound Velocity [Chen-Millero, m/s]
# name 22 = spar: SPAR, Biospherical/Licor
# name 23 = specc: Specific Conductance [uS/cm]
# name 24 = timeS: Time, Elapsed [seconds]
# name 25 = timeY: Time, System [seconds]
# name 26 = accM: Acceleration [m/s^2]
# name 27 = dz/dtM: Descent Rate [m/s]
# name 28 = latitude: Latitude [deg]
# name 29 = longitude: Longitude [deg]
# name 30 = gsw_saA0: Absolute Salinity [g/kg]
# name 31 = gsw_densityA0: density, TEOS-10 [density, kg/m^3]
# name 32 = gsw_sigma0A0: density, TEOS-10 [sigma-0, kg/m^3 ]
# name 33 = gsw_ptA0: potential temperature [ITS-90, deg C]
# name 34 = flag: flag
# span 0 =      1.000,     49.000       
# span 1 =     7.5664,    23.4227       
# span 2 =    30.7932,    36.5683       
# span 3 =  1020.6535,  1027.2153       
# span 4 =     1.7819,     3.0056       
# span 5 =     3.1126,     7.5832       
# span 6 =     61.428,    126.577       
# span 7 =   -0.09771,    0.22107       
# span 8 =    4.98311,    6.77166       
# span 9 =    4.97113,    6.77925       
# span 10 =      7.931,      8.266      
# span 11 =     0.1214,     1.1492      
# span 12 =    9.23044,   12.18261      
# span 13 =   3.357698,   4.617521      
# span 14 = -1.136e+04, 1.0200e+05      
# span 15 =    20.6302,    27.1623      
# span 16 =    20.6298,    27.1619      
# span 17 = -1.470e-04, 1.3632e-01      
# span 18 =      1.007,     49.381      
# span 19 =          0,          1      
# span 20 =        303,       7668      
# span 21 =    1478.52,    1526.20      
# span 22 = -8.862e-02, 4.2709e+00      
# span 23 =  47369.916,  55784.003      
# span 24 =     12.571,    319.447      
# span 25 = 1564037713, 1564038020      
# span 26 =      -0.60,       0.37      
# span 27 =     -1.246,      1.013      
# span 28 =   40.42876,   40.42944      
# span 29 =  -72.38530,  -72.38508      
# span 30 =    30.9373,    36.6561      
# span 31 =  1020.6625,  1027.1540      
# span 32 =    20.6333,    27.1008      
# span 33 =     7.5617,    23.4225      
# span 34 = 0.0000e+00, 0.0000e+00      
# interval = meters: 1                  
# start_time = Jul 25 2019 06:55:01 [System UTC, first data scan.]
# bad_flag = -9.990e-29
*END*
[from data line 42]
     44.000     7.5700    32.5717  1025.6319     2.0361     5.2273     77.199   -0.00160    6.77111    6.77871 -9.990e-29     0.1311   12.18160   3.358297 -9.990e-29    25.4289    25.4283 1.0000e-12     44.346          1       1782    1478.55 3.9495e+00  51557.969     74.189 1564037775       0.20      0.791   40.42934  -72.38524    32.7222  1025.6312    25.4282     7.5659 0.0000e+00
     45.000     7.5683    32.5715  1025.6366     2.0341     5.2246     77.158   -0.00125    6.77128    6.77888      7.968     0.1363   12.18189   3.358264 3.8235e+04    25.4290    25.4284 1.0000e-12     45.351          1       1824    1478.56 2.6796e+00  51558.853     75.971 1564037776      -0.18      0.595   40.42933  -72.38524    32.7230  1025.6367    25.4291     7.5640 0.0000e+00
     46.000     7.5675    32.5700  1025.6402     2.0322     5.2252     77.166   -0.00063    6.77138    6.77898      7.966     0.1225   12.18208   3.358199 1.2977e+04    25.4280    25.4274 1.0000e-12     46.362          1       1889    1478.57 3.3572e+00  51557.606     78.683 1564037779       0.17      0.381   40.42932  -72.38524    32.7226  1025.6411    25.4289     7.5632 0.0000e+00
     47.000     7.5671    32.5691  1025.6441     2.0317     5.2294     77.227   -0.00013    6.77147    6.77907      7.964     0.1214   12.18224   3.358173 1.3935e+03    25.4273    25.4267 1.0000e-12     47.371          1       1945    1478.59 3.7898e+00  51556.985     80.990 1564037781      -0.04      0.434   40.42932  -72.38524    32.7222  1025.6454    25.4287     7.5627 0.0000e+00
     48.000     7.5669    32.5682  1025.6478     2.0303     5.2191     77.078   -0.00064    6.77117    6.77876      7.961     0.1300   12.18174   3.358157 6.3159e+04    25.4267    25.4260 1.0000e-12     48.377          1       2004    1478.60 2.2959e+00  51556.434     83.476 1564037784      -0.07      0.395   40.42932  -72.38524    32.7217  1025.6497    25.4283     7.5624 0.0000e+00
     49.000     7.5664    32.5622  1025.6482     2.0283     5.2211     77.103    0.00025    6.77153    6.77913      7.931     0.1370   12.18243   3.357730 4.6852e+04    25.4220    25.4214 1.0000e-12     49.381          1       2828    1478.61 1.9182e+00  51548.669    117.806 1564037818      -0.09     -0.057   40.42924  -72.38519    32.7171  1025.6508    25.4249     7.5617 0.0000e+00
     48.000     7.5686    32.5635  1025.6437     2.0288     5.2188     77.071 7.5522e-07    6.77140    6.77899      7.942     0.1344   12.18218   3.357942 -1.136e+04    25.4223    25.4217 1.0000e-12     48.372          1       2697    1478.60 4.2709e+00  51548.637    112.327 1564037813      -0.19     -0.322   40.42926  -72.38520    32.7178  1025.6464    25.4250     7.5641 0.0000e+00
     47.000     7.5699    32.5631  1025.6390     2.0299     5.2276     77.200    0.00053    6.77150    6.77910      7.942     0.1387   12.18235   3.358000 2.7515e-11    25.4222    25.4216 1.0000e-12     47.368          1       2706    1478.59 3.7783e+00  51547.821    112.723 1564037813      -0.26     -0.678   40.42926  -72.38520    32.7176  1025.6415    25.4247     7.5655 0.0000e+00
     46.000     7.5689    32.5631  1025.6346     2.0301     5.2284     77.210    0.00056    6.77166    6.77925      7.942     0.1431   12.18261   3.357863 2.5436e-11    25.4224    25.4218 1.0000e-12     46.368          1       2735    1478.57 3.9405e+00  51547.406    113.931 1564037814      -0.01     -0.830   40.42926  -72.38520    32.7176  1025.6370    25.4248     7.5645 0.0000e+00
     45.000     7.5676    32.5629  1025.6300     2.0282     5.2068     76.900   -0.00076    6.77077    6.77835      7.942     0.1260   12.18116   3.357698 2.5320e-11    25.4224    25.4218 1.0000e-12     45.351          1       2796    1478.55 3.9495e+00  51546.801    116.469 1564037817       0.17     -0.360   40.42924  -72.38520    32.7175  1025.6325    25.4249     7.5634 0.0000e+00
     44.000     7.5712    32.5624  1025.6244     2.0298     5.2291     77.239    0.00112    6.77000    6.77757      7.942     0.1354   12.17990   3.357941 2.5320e-11    25.4215    25.4209 1.0000e-12     44.333          1       2845    1478.54 3.9495e+00  51544.514    118.513 1564037819      -0.55     -0.484   40.42924  -72.38520    32.7172  1025.6270    25.4242     7.5671 0.0000e+00
     43.000     7.5723    32.5596  1025.6174     2.0310     5.2364     77.362    0.00162    6.76869    6.77624      7.942     0.1438   12.17778   3.357729 2.5320e-11    25.4191    25.4185 1.0000e-12     43.341          1       2863    1478.53 3.9495e+00  51539.449    119.254 1564037820      -0.60     -0.974   40.42924  -72.38520    32.7143  1025.6201    25.4217     7.5683 0.0000e+00
     42.000     7.5753    32.5607  1025.6133     2.0321     5.2379     77.383    0.00142    6.76879    6.77634      7.942     0.1651   12.17794   3.358052 2.5320e-11    25.4195    25.4190 1.0000e-12     42.342          1       2883    1478.52 3.9495e+00  51539.718    120.098 1564037821      -0.06     -1.246   40.42924  -72.38520    32.7155  1025.6160    25.4222     7.5713 0.0000e+00
     41.000     7.5800    32.5595  1025.6070     2.0334     5.2346     77.378    0.00102    6.76503    6.77252      7.941     0.1481   12.17182   3.358344 5.5016e+03    25.4179    25.4174 1.0000e-12     41.324          1       2916    1478.52 3.5863e+00  51536.135    121.466 1564037822       0.36     -0.867   40.42923  -72.38520    32.7146  1025.6100    25.4209     7.5762 0.0000e+00
     40.000     7.5984    32.5546  1025.5959     2.0357     5.2406     77.495    0.00116    6.76246    6.76990      7.942     0.1673   12.16762   3.359502 3.4113e+04    25.4114    25.4109 1.0000e-12     40.316          1       2965    1478.57 2.5609e+00  51523.921    123.500 1564037824       0.15     -0.514   40.42922  -72.38520    32.7103  1025.5994    25.4149     7.5947 0.0000e+00
     39.000     7.6243    32.5471  1025.5818     2.0414     5.2682     77.978    0.00270    6.75597    6.76331      7.946     0.1888   12.15699   3.361019 -3.238e+03    25.4019    25.4014 1.0000e-12     39.294          1       3020    1478.65 4.0804e+00  51506.198    125.802 1564037826      -0.31     -0.368   40.42922  -72.38520    32.7028  1025.5853    25.4055     7.6206 0.0000e+00
     38.000     7.6301    32.5459  1025.5754     2.0461     5.3002     78.451    0.00431    6.75607    6.76342      7.946     0.1743   12.15714   3.361390 3.8705e+04    25.4001    25.3996 1.0000e-12     38.302          1       3042    1478.65 2.2510e+00  51502.451    126.697 1564037827      -0.43     -0.833   40.42922  -72.38520    32.7018  1025.5791    25.4038     7.6265 0.0000e+00
     37.000     7.6640    32.5396  1025.5611     2.0440     5.2612     77.903    0.00126    6.75348    6.76078      7.945     0.1907   12.15292   3.363845 3.1190e+04    25.3905    25.3900 1.0000e-12     37.299          1       3099    1478.76 2.6283e+00  51484.669    129.087 1564037830      -0.02     -0.684   40.42921  -72.38519    32.6969  1025.5659    25.3952     7.6605 0.0000e+00
     36.000     7.7132    32.5358  1025.5465     2.0314     5.1886     76.850   -0.00159    6.75163    6.75891      7.940     0.1903   12.14986   3.367548 -7.341e+03    25.3805    25.3800 1.0000e-12     36.286          1       3614    1478.92 4.2576e+00  51466.561    150.552 1564037851      -0.09     -0.361   40.42917  -72.38517    32.6911  1025.5497    25.3837     7.7098 0.0000e+00
     35.000     7.7253    32.5329  1025.5379     2.0303     5.1698     76.642   -0.00242    6.74537    6.75254      7.941     0.1837   12.13957   3.368328 4.8238e+04    25.3765    25.3761 1.0000e-12     35.277          1       3899    1478.95 2.0154e+00  51458.890    162.435 1564037863       0.20     -0.551   40.42914  -72.38516    32.6886  1025.5414    25.3800     7.7220 0.0000e+00
     34.000     7.7433    32.5297  1025.5281     2.0277     5.1683     76.677   -0.00110    6.74036    6.74745 -9.990e-29     0.2302   12.13138   3.369554 1.9101e+04    25.3714    25.3710 1.0000e-12     34.262          1       3963    1479.00 3.0604e+00  51449.303    165.081 1564037866      -0.37     -0.452   40.42914  -72.38516    32.6854  1025.5317    25.3750     7.7401 0.0000e+00
     33.000     7.7499    32.5295  1025.5224     2.0269     5.1659     76.678   -0.00075    6.73717    6.74421 -9.990e-29     0.2285   12.12610   3.370078 4.9527e+02    25.3703    25.3699 1.0000e-12     33.263          1       3991    1479.01 3.9267e+00  51446.742    166.240 1564037867      -0.13     -0.807   40.42914  -72.38516    32.6853  1025.5261    25.3740     7.7468 0.0000e+00
     32.000     7.7761    32.5238  1025.5096     2.0247     5.1487     76.483   -0.00122    6.73180    6.73877      7.940     0.2673   12.11729   3.371887 -9.990e-29    25.3621    25.3617 1.0000e-12     32.252          1       4030    1479.08 3.9495e+00  51431.678    167.858 1564037868       0.17     -0.664   40.42914  -72.38514    32.6806  1025.5141    25.3666     7.7731 0.0000e+00
     31.000     7.8138    32.5223  1025.4984     2.0222     5.1342     76.300   -0.00149    6.72898    6.73588      7.941     0.3746   12.11279   3.375127 -9.990e-29    25.3555    25.3551 1.0000e-12     31.240          1       4072    1479.21 3.9495e+00  51419.721    169.632 1564037870      -0.10     -0.546   40.42912  -72.38514    32.6806  1025.5040    25.3612     7.8109 0.0000e+00
     30.000     7.8419    32.5176  1025.4861     2.0281     5.1801     77.048    0.00181    6.72322    6.73003      7.952     0.5307   12.10335   3.377028 9.9999e+04    25.3478    25.3474 1.0000e-12     30.235          1       4105    1479.29 1.1009e+00  51405.776    171.005 1564037871      -0.07     -0.712   40.42912  -72.38514    32.6752  1025.4912    25.3530     7.8390 0.0000e+00
     29.000     7.8586    32.5072  1025.4709     2.0605     5.4697     81.271    0.01991    6.73014    6.73707      7.964     0.4836   12.11462   3.377359 2.4102e+04    25.3373    25.3369 1.0000e-12     29.224          1       4136    1479.33 2.5955e+00  51386.374    172.281 1564037873      -0.06     -0.763   40.42912  -72.38514    32.6635  1025.4751    25.3415     7.8558 0.0000e+00
     28.000     7.8909    32.5002  1025.4561     2.0841     5.5446     82.547    0.02079    6.71693    6.72365      7.959     0.4133   12.09301   3.379737 5.4136e+04    25.3271    25.3268 1.0000e-12     28.231          1       4189    1479.43 1.7315e+00  51368.065    174.516 1564037875      -0.06     -0.810   40.42912  -72.38514    32.6593  1025.4626    25.3336     7.8882 0.0000e+00
     27.000     7.9869    32.4950  1025.4335     2.0857     5.2758     78.676   -0.00669    6.70576    6.71229      7.960     0.7042   12.07471   3.387251 -6.560e+03    25.3092    25.3089 1.0000e-12     27.213          1       4699    1479.77 4.2147e+00  51337.302    195.767 1564037896      -0.23     -0.438   40.42907  -72.38513    32.6505  1025.4373    25.3130     7.9843 0.0000e+00
     26.000     7.9940    32.4945  1025.4275     2.1041     5.4564     81.671    0.00838    6.68124    6.68740      7.990     0.6923   12.03444   3.387751 2.6678e-11    25.3078    25.3075 1.0000e-12     26.206          1       4828    1479.78 3.9495e+00  51334.370    201.128 1564037902      -0.05     -0.698   40.42906  -72.38512    32.6497  1025.4309    25.3112     7.9915 0.0000e+00
     25.000     8.0520    32.4706  1025.3957     2.2310     6.3862     96.406    0.07026    6.62543    6.63076      8.041     0.7885   11.94250   3.391035 2.5309e-11    25.2806    25.2803 1.0000e-12     25.194          1       4875    1479.95 3.9495e+00  51286.062    203.075 1564037904       0.09     -0.591   40.42906  -72.38512    32.6312  1025.4035    25.2884     8.0496 0.0000e+00
     24.000     8.2324    32.4541  1025.3517     2.3519     6.7491    103.155    0.07860    6.54261    6.54673      8.074     0.7607   11.80617   3.406064 2.5320e-11    25.2414    25.2411 1.0000e-12     24.184          1       4913    1480.60 3.9495e+00  51220.928    204.656 1564037905      -0.14     -0.608   40.42906  -72.38512    32.6239  1025.3668    25.2565     8.2300 0.0000e+00
     23.000     8.4630    32.4422  1025.3034     2.4347     6.8983    106.022    0.07061    6.50659    6.51021      8.089     0.7169   11.74653   3.426643 2.5320e-11    25.1978    25.1974 1.0000e-12     23.178          1       4941    1481.43 3.9495e+00  51151.265    205.820 1564037906      -0.16     -0.802   40.42906  -72.38512    32.6285  1025.3316    25.2260     8.4607 0.0000e+00
     22.000     8.9139    32.3854  1025.1857     2.5065     7.0555    109.183    0.06915    6.46219    6.46518      8.096     0.7405   11.67340   3.461706 2.5320e-11    25.0848    25.0845 1.0000e-12     22.177          1       4967    1483.03 3.9495e+00  50973.009    206.905 1564037907      -0.04     -0.918   40.42905  -72.38511    32.5820  1025.2222    25.1214     8.9116 0.0000e+00
     21.000     9.4009    32.3649  1025.0883     2.5961     7.1320    111.234    0.05241    6.41179    6.41406      8.112     0.6328   11.59065   3.502662 3.6438e+04    24.9922    24.9919 1.0000e-12     21.166          1       5010    1484.79 2.5104e+00  50843.569    208.702 1564037909       0.22     -0.612   40.42904  -72.38510    32.5629  1025.1262    25.0302     9.3986 0.0000e+00
     20.000     9.9159    32.3405  1024.9814     2.6376     6.8859    108.498    0.01638    6.34625    6.34760      8.093     0.5574   11.48282   3.545898 3.4068e+04    24.8904    24.8901 1.0000e-12     20.148          1       5063    1486.62 2.5379e+00  50709.555    210.909 1564037911      -0.27     -0.403   40.42904  -72.38510    32.5406  1025.0212    24.9300     9.9137 0.0000e+00
     19.000    10.1553    32.2907  1024.8981     2.5726     6.2191     98.724   -0.03609    6.29922    6.29993      8.080     0.5827   11.40538   3.562123 7.5878e+02    24.8114    24.8111 1.0000e-12     19.151          1       5089    1487.41 3.8925e+00  50592.995    211.990 1564037912      -0.25     -0.793   40.42904  -72.38510    32.4906  1024.9380    24.8515    10.1531 0.0000e+00
     18.000    10.6728    32.2207  1024.7504     2.5425     6.2365     99.224   -0.01971    6.28534    6.28588      8.091     0.6115   11.38239   3.600810 3.1487e+04    24.6685    24.6682 1.0000e-12     18.145          1       5182    1489.16 2.6481e+00  50403.591    215.866 1564037916       0.10     -0.517   40.42903  -72.38510    32.4187  1024.7893    24.7075    10.6707 0.0000e+00
     17.000    11.4644    32.2367  1024.6193     2.6871     6.8622    112.793    0.03844    6.08302    6.08108      8.178     0.5101   11.04687   3.670164 -4.152e+03    24.5423    24.5419 1.0000e-12     17.128          1       5765    1491.95 4.1206e+00  50293.947    240.174 1564037941      -0.16     -0.300   40.42895  -72.38510    32.4088  1024.6384    24.5615    11.4623 0.0000e+00
     16.000    11.7310    32.2164  1024.5503     2.7914     7.2955    121.553    0.07414    6.00195    5.99900      8.200     0.4945   10.91344   3.693314 2.5320e-11    24.4779    24.4776 1.0000e-12     16.119          1       5747    1492.84 3.9495e+00  50224.477    239.408 1564037940      -0.42     -0.614   40.42896  -72.38510    32.4026  1024.5804    24.5081    11.7290 0.0000e+00
     15.000    12.1489    32.2129  1024.4654     2.8497     7.4342    124.373    0.07485    5.97737    5.97411      8.206     0.4744   10.87295   3.733013 2.5320e-11    24.3978    24.3974 1.0000e-12     15.125          1       5770    1494.26 3.9495e+00  50157.832    240.356 1564037941      -0.21     -0.969   40.42896  -72.38510    32.4250  1024.5158    24.4480    12.1470 0.0000e+00
