CalculateIndicators/WaterTemperature/Data/CTD_NYOS/NYOS1910_C07.cnv
* Sea-Bird SBE 9 Data File:
* FileName = C:\Seabird 9 CTD\Data\2019\201910_offhore\NYOS1910_C07.hex
* Software Version Seasave V 7.23.2
* Temperature SN = 4590
* Conductivity SN = 3228
* Number of Bytes Per Scan = 44
* Number of Voltage Words = 5
* Number of Scans Averaged by the Deck Unit = 1
* NMEA Latitude = 39 59.53 N
* NMEA Longitude = 071 52.11 W
* NMEA UTC (Time) = Oct 06 2019  23:06:46
* NMEA baud rate = 4800
** Ship: seawolf
** Station: 2.4
** Operator: SW
# nquan = 35
# nvalues = 160                         
# units = specified
# name 0 = depSM: Depth [salt water, m]
# name 1 = t090C: Temperature [ITS-90, deg C]
# name 2 = sal00: Salinity, Practical [PSU]
# name 3 = density00: Density [density, kg/m^3]
# name 4 = sbeox0V: Oxygen raw, SBE 43 [V]
# name 5 = sbeox0ML/L: Oxygen, SBE 43 [ml/l]
# name 6 = sbeox0PS: Oxygen, SBE 43 [% saturation]
# name 7 = sbox0dV/dT: Oxygen, SBE 43 [dov/dt]
# name 8 = oxsolML/L: Oxygen Saturation, Garcia & Gordon [ml/l]
# name 9 = oxsatML/L: Oxygen Saturation, Weiss [ml/l]
# name 10 = ph: pH
# name 11 = flECO-AFL: Fluorescence, WET Labs ECO-AFL/FL [mg/m^3]
# name 12 = n2satML/L: Nitrogen Saturation [ml/l]
# name 13 = c0S/m: Conductivity [S/m]
# name 14 = cpar: CPAR/Corrected Irradiance [%]
# name 15 = sigma-é00: Density [sigma-theta, kg/m^3]
# name 16 = sigma-t00: Density [sigma-t, kg/m^3 ]
# name 17 = par: PAR/Irradiance, Biospherical/Licor
# name 18 = prDM: Pressure, Digiquartz [db]
# name 19 = pumps: Pump Status
# name 20 = scan: Scan Count
# name 21 = svCM: Sound Velocity [Chen-Millero, m/s]
# name 22 = spar: SPAR, Biospherical/Licor
# name 23 = specc: Specific Conductance [uS/cm]
# name 24 = timeS: Time, Elapsed [seconds]
# name 25 = timeY: Time, System [seconds]
# name 26 = accM: Acceleration [m/s^2]
# name 27 = dz/dtM: Descent Rate [m/s]
# name 28 = latitude: Latitude [deg]
# name 29 = longitude: Longitude [deg]
# name 30 = gsw_saA0: Absolute Salinity [g/kg]
# name 31 = gsw_densityA0: density, TEOS-10 [density, kg/m^3]
# name 32 = gsw_sigma0A0: density, TEOS-10 [sigma-0, kg/m^3 ]
# name 33 = gsw_ptA0: potential temperature [ITS-90, deg C]
# name 34 = flag: flag
# span 0 =      1.000,     81.000       
# span 1 =    16.1097,    22.6479       
# span 2 =    34.9276,    36.0496       
# span 3 =  1024.5108,  1026.6860       
# span 4 =     1.8497,     2.5104       
# span 5 =     3.6594,     4.9339       
# span 6 =     66.563,     98.405       
# span 7 =   -0.02243,    0.03161       
# span 8 =    4.91128,    5.52101       
# span 9 =    4.90012,    5.51487       
# span 10 =      8.137,      8.301      
# span 11 =     0.0172,     0.3334      
# span 12 =    9.06543,   10.07600      
# span 13 =   4.491707,   5.158692      
# span 14 = -1.643e+04, 1.1407e+05      
# span 15 =    24.4986,    26.3287      
# span 16 =    24.4976,    26.3257      
# span 17 = -4.642e-02, 4.5202e-02      
# span 18 =      1.069,     81.624      
# span 19 =          1,          1      
# span 20 =        -30,      18864      
# span 21 =    1512.39,    1530.00      
# span 22 = -7.276e-01, 4.5161e+00      
# span 23 =  53299.445,  54857.672      
# span 24 =     -1.312,    785.967      
# span 25 = 1570403206, 1570403992      
# span 26 =      -1.27,       1.12      
# span 27 =     -1.474,      1.449      
# span 28 =   39.99216,   39.99490      
# span 29 =  -71.86859,  -71.86490      
# span 30 =    35.0506,    36.2388      
# span 31 =  1024.5150,  1026.6951      
# span 32 =    24.4942,    26.3425      
# span 33 =    16.0967,    22.6399      
# span 34 = 0.0000e+00, 0.0000e+00      
# interval = meters: 1                  
# start_time = Oct 06 2019 23:06:47 [System UTC, first data scan.]
# bad_flag = -9.990e-29
*END*
      2.000    21.5925    35.2244  1024.5108     2.5097     4.9315     98.205   -0.00026    5.02162    5.01093      8.299     0.2240    9.25337   4.982696 -1.278e+04    24.5021    24.5020 9.6275e-03      2.023          1        -30    1526.07 4.4469e+00  53465.401     -1.312 1570403206       0.26      0.032   39.99216  -71.86853    35.3911  1024.5150    24.5064    21.5921 0.0000e+00
      3.000    21.5930    35.2244  1024.5150     2.5089     4.9269     98.128   -0.00088    5.02087    5.01018      8.299     0.1931    9.25210   4.982869 4.0338e+04    24.5020    24.5018 2.8951e-02      3.012          1        161    1526.09 2.3801e+00  53465.755      6.651 1570403214       0.40      0.461   39.99229  -71.86859    35.3917  1024.5196    24.5067    21.5924 0.0000e+00
      4.000    21.6107    35.2303  1024.5189     2.5088     4.9278     98.168   -0.00054    5.01974    5.00904 -9.990e-29     0.1975    9.25017   4.985481 1.9555e+02    24.5016    24.5014 1.4668e-04      4.032          1        339    1526.16 3.8937e+00  53473.529     14.097 1570403221      -0.14      0.410   39.99231  -71.86855    35.3976  1024.5236    24.5063    21.6100 0.0000e+00
      5.000    21.6110    35.2315  1024.5241     2.5096     4.9319     98.267    0.00014    5.01884    5.00814 -9.990e-29     0.1885    9.24865   4.985737 2.5320e-11    24.5025    24.5022 1.0000e-12      5.036          1        406    1526.18 3.9427e+00  53475.535     16.868 1570403224       0.07      0.421   39.99232  -71.86854    35.3991  1024.5290    24.5074    21.6100 0.0000e+00
      6.000    21.6169    35.2346  1024.5292     2.5093     4.9279     98.196   -0.00081    5.01846    5.00775 -9.990e-29     0.1790    9.24801   4.986836 2.5320e-11    24.5033    24.5029 1.0000e-12      6.054          1        478    1526.21 3.9495e+00  53479.970     19.884 1570403227       0.35      0.232   39.99234  -71.86852    35.4026  1024.5345    24.5085    21.6157 0.0000e+00
      7.000    21.6211    35.2339  1024.5319     2.5090     4.9303     98.243   -0.00012    5.01846    5.00775 -9.990e-29     0.1923    9.24799   4.987133 2.6340e-11    24.5017    24.5013 1.0000e-12      7.054          1        531    1526.24 3.9495e+00  53479.393     22.095 1570403229      -0.07      0.403   39.99234  -71.86851    35.4012  1024.5365    24.5063    21.6198 0.0000e+00
      8.000    21.6196    35.2332  1024.5362     2.5104     4.9319     98.382    0.00074    5.01300    5.00227 -9.990e-29     0.1980    9.23875   4.986909 2.5379e-11    24.5016    24.5011 1.0000e-12      8.059          1        590    1526.25 3.9495e+00  53478.923     24.555 1570403232       0.13      0.491   39.99236  -71.86850    35.4003  1024.5406    24.5060    21.6181 0.0000e+00
      9.000    21.6629    35.2531  1024.5437     2.5061     4.9110     97.975   -0.00224    5.01247    5.00174 -9.990e-29     0.1849    9.23786   4.994348 2.5320e-11    24.5048    24.5043 1.0000e-12      9.077          1        652    1526.41 3.9495e+00  53504.557     27.113 1570403234      -0.06      0.353   39.99236  -71.86850    35.4236  1024.5507    24.5117    21.6611 0.0000e+00
     10.000    21.6671    35.2514  1024.5456     2.5045     4.9073     97.924   -0.00182    5.01130    5.00056 -9.990e-29     0.1886    9.23587   4.994372 2.5320e-11    24.5024    24.5019 1.0000e-12     10.071          1        683    1526.43 3.9495e+00  53502.634     28.435 1570403236       0.24      0.685   39.99236  -71.86848    35.4200  1024.5511    24.5079    21.6652 0.0000e+00
     11.000    21.6684    35.2502  1024.5487     2.5070     4.9249     98.259    0.00074    5.01213    5.00139 -9.990e-29     0.1780    9.23729   4.994051 8.1501e+04    24.5012    24.5006 1.0000e-12     11.088          1        778    1526.45 1.1830e+00  53501.324     32.378 1570403240       0.05      0.249   39.99238  -71.86845    35.4161  1024.5522    24.5046    21.6662 0.0000e+00
     12.000    21.6813    35.2584  1024.5557     2.5063     4.9160     98.110   -0.00082    5.01077    5.00003      8.298     0.2240    9.23496   4.996849 -9.990e-29    24.5038    24.5031 1.0000e-12     12.098          1        826    1526.51 4.0103e+00  53512.131     34.394 1570403242       0.31      0.581   39.99238  -71.86844    35.4274  1024.5615    24.5096    21.6789 0.0000e+00
     13.000    21.6971    35.2646  1024.5604     2.5056     4.9157     98.124   -0.00026    5.00971    4.99896      8.298     0.1958    9.23314   4.999239 2.5320e-11    24.5042    24.5035 1.0000e-12     13.088          1        871    1526.58 3.9495e+00  53520.597     36.233 1570403243       0.30      0.715   39.99239  -71.86844    35.4331  1024.5658    24.5096    21.6945 0.0000e+00
     14.000    21.7013    35.2661  1024.5648     2.5038     4.9138     98.104    0.00038    5.00874    4.99798      8.299     0.2035    9.23156   4.999953 2.5320e-11    24.5043    24.5035 1.0000e-12     14.098          1        949    1526.61 3.9495e+00  53522.965     39.488 1570403247       0.68      0.822   39.99241  -71.86841    35.4349  1024.5704    24.5099    21.6986 0.0000e+00
     15.000    21.7253    35.2748  1024.5691     2.5024     4.9129     97.999   -0.00031    5.01325    5.00251      8.299     0.1875    9.23916   5.003537 2.5320e-11    24.5042    24.5034 1.0000e-12     15.113          1        992    1526.70 2.8683e+00  53534.173     41.309 1570403249      -0.26      0.670   39.99242  -71.86840    35.4434  1024.5745    24.5096    21.7224 0.0000e+00
     16.000    21.6786    35.2552  1024.5716     2.5039     4.9204     98.142    0.00044    5.01360    5.00287      8.299     0.1984    9.23973   4.995975 2.5320e-11    24.5024    24.5015 1.0000e-12     16.126          1       1073    1526.57 3.9800e+00  53510.082     44.669 1570403252      -0.01      0.243   39.99242  -71.86839    35.4213  1024.5752    24.5060    21.6754 0.0000e+00
     17.000    21.6459    35.2382  1024.5721     2.5062     4.9112     98.310    0.00129    4.99564    4.98482      8.297     0.2037    9.20922   4.989996 2.5320e-11    24.4986    24.4976 1.0000e-12     17.136          1       1131    1526.48 3.9503e+00  53488.917     47.092 1570403254       0.33      0.485   39.99244  -71.86838    35.4001  1024.5727    24.4991    21.6426 0.0000e+00
     18.000    21.6736    35.2652  1024.5893     2.5023     4.8943     97.942   -0.00130    4.99713    4.98632      8.297     0.2083    9.21176   4.998240 2.5320e-11    24.5114    24.5105 1.0000e-12     18.134          1       1164    1526.60 3.9495e+00  53524.665     48.440 1570403256      -0.02      0.723   39.99244  -71.86836    35.4426  1024.6014    24.5236    21.6701 0.0000e+00
     19.000    21.8353    35.3206  1024.5907     2.4995     4.8852     97.850   -0.00074    4.99255    4.98173      8.298     0.2032    9.20398   5.021085 1.3597e+03    24.5086    24.5075 1.0000e-12     19.146          1       1227    1527.11 3.7806e+00  53593.400     51.102 1570403258      -0.08      0.374   39.99244  -71.86835    35.4910  1024.5973    24.5152    21.8316 0.0000e+00
     20.000    21.8921    35.3452  1024.5979     2.4947     4.8641     97.486   -0.00288    4.98952    4.97868      8.298     0.2075    9.19878   5.030331 1.1407e+05    24.5115    24.5104 1.0000e-12     20.168          1       1310    1527.30 -7.276e-01  53624.947     54.546 1570403262       0.11      0.219   39.99246  -71.86834    35.5174  1024.6058    24.5193    21.8881 0.0000e+00
     21.000    21.8824    35.3402  1024.6012     2.4965     4.8697     97.809    0.00057    4.97881    4.96792      8.297     0.2023    9.18059   5.028334 9.5049e+04    24.5104    24.5093 1.0000e-12     21.160          1       1330    1527.28 9.7742e-02  53618.833     55.366 1570403263       0.50      0.744   39.99246  -71.86832    35.5092  1024.6066    24.5159    21.8782 0.0000e+00
     22.000    21.9243    35.3642  1024.6120     2.4945     4.8523     97.640   -0.00032    4.96961    4.95868      8.297     0.2029    9.16492   5.036259 3.0294e+04    24.5170    24.5158 1.0000e-12     22.164          1       1372    1527.44 2.7994e+00  53650.610     57.112 1570403264      -0.10      0.727   39.99247  -71.86832    35.5372  1024.6204    24.5253    21.9200 0.0000e+00
     23.000    22.1713    35.4704  1024.6277     2.4858     4.8118     97.064   -0.00262    4.95736    4.94638 -9.990e-29     0.2097    9.14406   5.076044 -9.990e-29    24.5284    24.5271 1.0000e-12     23.190          1       1467    1528.22 3.9875e+00  53784.388     61.088 1570403268       0.67      0.393   39.99248  -71.86830    35.6488  1024.6396    24.5403    22.1666 0.0000e+00
     24.000    22.1958    35.4766  1024.6298     2.4853     4.8149     97.149   -0.00108    4.95621    4.94523 -9.990e-29     0.2281    9.14211   5.079044 -9.990e-29    24.5262    24.5249 1.0000e-12     24.179          1       1486    1528.31 3.9495e+00  53792.508     61.861 1570403269       0.42      0.935   39.99249  -71.86829    35.6520  1024.6394    24.5358    22.1910 0.0000e+00
     25.000    22.2287    35.4934  1024.6376     2.4858     4.8116     97.196   -0.00080    4.95034    4.93934      8.297     0.2238    9.13208   5.084782 4.1463e+04    24.5298    24.5284 1.0000e-12     25.189          1       1536    1528.43 2.3425e+00  53814.376     63.965 1570403271       0.02      0.630   39.99250  -71.86828    35.6698  1024.6479    24.5401    22.2237 0.0000e+00
     26.000    22.3022    35.5269  1024.6466     2.4866     4.8123     97.273   -0.00046    4.94716    4.93614      8.298     0.2037    9.12666   5.096493 9.2962e+04    24.5345    24.5330 1.0000e-12     26.199          1       1604    1528.67 1.4015e+00  53857.382     66.800 1570403274       0.09      0.499   39.99250  -71.86828    35.7014  1024.6553    24.5431    22.2970 0.0000e+00
     27.000    22.3205    35.5349  1024.6519     2.4865     4.8080     97.192   -0.00146    4.94689    4.93587      8.299     0.2159    9.12622   5.099373 -9.990e-29    24.5354    24.5339 1.0000e-12     27.221          1       1666    1528.74 4.1074e+00  53867.781     69.394 1570403277       0.50      0.264   39.99252  -71.86824    35.7087  1024.6601    24.5436    22.3150 0.0000e+00
     28.000    22.3404    35.5470  1024.6598     2.4870     4.8176     97.403    0.00092    4.94610    4.93507      8.299     0.2167    9.12484   5.102943 2.5320e-11    24.5391    24.5375 1.0000e-12     28.198          1       1712    1528.83 3.9495e+00  53884.252     71.287 1570403279       0.74      0.745   39.99252  -71.86824    35.7202  1024.6673    24.5466    22.3348 0.0000e+00
     29.000    22.3449    35.5479  1024.6636     2.4817     4.7926     96.921   -0.00236    4.94487    4.93383 -9.990e-29     0.2119    9.12275   5.103316 2.5320e-11    24.5385    24.5369 1.0000e-12     29.204          1       1780    1528.86 3.9495e+00  53885.548     74.138 1570403281       0.47      1.104   39.99252  -71.86822    35.7191  1024.6696    24.5445    22.3391 0.0000e+00
     30.000    22.3517    35.5515  1024.6687     2.4877     4.8259     97.623    0.00301    4.94345    4.93242 -9.990e-29     0.2220    9.12033   5.104388 2.5320e-11    24.5393    24.5376 1.0000e-12     30.244          1       1883    1528.89 3.9495e+00  53890.564     78.405 1570403286      -0.14     -0.031   39.99254  -71.86821    35.7216  1024.6740    24.5446    22.3456 0.0000e+00
     31.000    22.3598    35.5565  1024.6746     2.4863     4.8092     97.321   -0.00029    4.94158    4.93053 -9.990e-29     0.2165    9.11711   5.105971 4.7821e+04    24.5409    24.5392 1.0000e-12     31.240          1       1932    1528.94 1.9694e+00  53897.542     80.476 1570403288       0.01      0.411   39.99254  -71.86819    35.7271  1024.6802    24.5465    22.3535 0.0000e+00
     32.000    22.3862    35.5719  1024.6832     2.4817     4.7890     96.978   -0.00217    4.93820    4.92714 -9.990e-29     0.2128    9.11131   5.110800 3.2242e+03    24.5452    24.5433 1.0000e-12     32.252          1       2014    1529.04 3.7623e+00  53917.764     83.873 1570403291       0.04      0.313   39.99256  -71.86818    35.7430  1024.6890    24.5510    22.3798 0.0000e+00
     33.000    22.4072    35.5850  1024.6915     2.4799     4.7898     97.010   -0.00061    4.93736    4.92630 -9.990e-29     0.2283    9.10989   5.114735 2.5314e-11    24.5493    24.5474 1.0000e-12     33.261          1       2066    1529.12 3.9500e+00  53935.177     86.057 1570403293       0.53      0.403   39.99256  -71.86816    35.7564  1024.6976    24.5553    22.4005 0.0000e+00
     34.000    22.4193    35.5913  1024.6972     2.4821     4.7991     97.220    0.00087    4.93633    4.92526 -9.990e-29     0.2355    9.10810   5.116750 2.5320e-11    24.5506    24.5487 1.0000e-12     34.261          1       2114    1529.18 3.9495e+00  53943.663     88.029 1570403295      -0.06      0.505   39.99257  -71.86815    35.7620  1024.7027    24.5561    22.4124 0.0000e+00
     35.000    22.4369    35.6073  1024.7087     2.4790     4.7817     96.966   -0.00086    4.93132    4.92025      8.300     0.2136    9.09953   5.120901 -9.990e-29    24.5578    24.5558 1.0000e-12     35.284          1       2228    1529.26 3.4186e+00  53964.915     92.804 1570403300       0.91      0.390   39.99259  -71.86813    35.7797  1024.7155    24.5646    22.4298 0.0000e+00
     36.000    22.4571    35.6214  1024.7180     2.4753     4.7658     96.606   -0.00336    4.93318    4.92210      8.300     0.2079    9.10269   5.125193 -9.990e-29    24.5629    24.5608 1.0000e-12     36.271          1       2244    1529.34 1.3667e+00  53983.869     93.461 1570403301       0.68      1.025   39.99260  -71.86812    35.7965  1024.7267    24.5716    22.4498 0.0000e+00
     37.000    22.5091    35.6523  1024.7310     2.4753     4.7645     96.743   -0.00153    4.92490    4.91380      8.299     0.2300    9.08849   5.134681 2.5320e-11    24.5715    24.5694 1.0000e-12     37.267          1       2309    1529.53 3.9304e+00  54024.039     96.147 1570403303       0.40      0.913   39.99260  -71.86811    35.8280  1024.7399    24.5806    22.5015 0.0000e+00
     38.000    22.5707    35.6769  1024.7364     2.4719     4.7706     96.632   -0.00141    4.93685    4.92582      8.301     0.2337    9.10801   5.144332 2.5320e-11    24.5727    24.5705 1.0000e-12     38.310          1       2412    1529.73 3.9495e+00  54055.511    100.450 1570403308      -0.09      0.278   39.99261  -71.86809    35.8526  1024.7454    24.5816    22.5630 0.0000e+00
     39.000    22.6479    35.7210  1024.7521     2.4621     4.7191     95.641   -0.00849    4.93418    4.92313      8.301     0.2397    9.10376   5.158692 -9.990e-29    24.5843    24.5820 1.0000e-12     39.297          1       2434    1530.00 3.9495e+00  54113.707    101.368 1570403309       0.73      0.696   39.99262  -71.86808    35.9014  1024.7644    24.5964    22.6399 0.0000e+00
     40.000    22.3327    35.6352  1024.7812     2.4276     4.6974     93.433   -0.01673    5.02861    5.01807      8.291     0.2626    9.26204   5.108093 2.5320e-11    24.6086    24.6063 1.0000e-12     40.309          1       2496    1529.10 3.9495e+00  54007.777    103.964 1570403311       0.30      0.535   39.99262  -71.86808    35.7629  1024.7542    24.5817    22.3246 0.0000e+00
     41.000    21.6701    35.5287  1024.8911     2.3892     4.6311     91.176   -0.02243    5.07934    5.06910      8.283     0.2864    9.34687   5.023285 7.8434e+04    24.7138    24.7115 1.0000e-12     41.315          1       2543    1527.27 7.7427e-01  53890.972    105.915 1570403313       0.48      0.730   39.99263  -71.86807    35.6372  1024.8500    24.6728    21.6620 0.0000e+00
     42.000    21.1097    35.4925  1025.0229     2.3700     4.6422     90.944   -0.01354    5.10448    5.09440      8.277     0.2852    9.38906   4.963082 9.8381e+04    24.8410    24.8388 1.0000e-12     42.326          1       2584    1525.75 5.7517e-02  53867.924    107.605 1570403315      -0.20      0.657   39.99264  -71.86806    35.6196  1024.9962    24.8142    21.1016 0.0000e+00
