CalculateIndicators/WaterTemperature/Data/CTD_NYOS/NYOS190726_5_5.cnv
* Sea-Bird SBE 9 Data File:
* FileName = C:\Seabird 9 CTD\Data\2019\201907_offshore\NYOS190726_5_5.hex
* Software Version Seasave V 7.23.2
* Temperature SN = 4590
* Conductivity SN = 3228
* Number of Bytes Per Scan = 44
* Number of Voltage Words = 5
* Number of Scans Averaged by the Deck Unit = 1
* NMEA Latitude = 39 19.84 N
* NMEA Longitude = 072 40.12 W
* NMEA UTC (Time) = Jul 27 2019  04:35:11
* NMEA baud rate = 4800
** Ship: Seawolf
** Station: 5-5
** Operator: lis
# nquan = 35
# nvalues = 215                         
# units = specified
# name 0 = depSM: Depth [salt water, m]
# name 1 = t090C: Temperature [ITS-90, deg C]
# name 2 = sal00: Salinity, Practical [PSU]
# name 3 = density00: Density [density, kg/m^3]
# name 4 = sbeox0V: Oxygen raw, SBE 43 [V]
# name 5 = sbeox0ML/L: Oxygen, SBE 43 [ml/l]
# name 6 = sbeox0PS: Oxygen, SBE 43 [% saturation]
# name 7 = sbox0dV/dT: Oxygen, SBE 43 [dov/dt]
# name 8 = oxsolML/L: Oxygen Saturation, Garcia & Gordon [ml/l]
# name 9 = oxsatML/L: Oxygen Saturation, Weiss [ml/l]
# name 10 = ph: pH
# name 11 = flECO-AFL: Fluorescence, WET Labs ECO-AFL/FL [mg/m^3]
# name 12 = n2satML/L: Nitrogen Saturation [ml/l]
# name 13 = c0S/m: Conductivity [S/m]
# name 14 = cpar: CPAR/Corrected Irradiance [%]
# name 15 = sigma-é00: Density [sigma-theta, kg/m^3]
# name 16 = sigma-t00: Density [sigma-t, kg/m^3 ]
# name 17 = par: PAR/Irradiance, Biospherical/Licor
# name 18 = prDM: Pressure, Digiquartz [db]
# name 19 = pumps: Pump Status
# name 20 = scan: Scan Count
# name 21 = svCM: Sound Velocity [Chen-Millero, m/s]
# name 22 = spar: SPAR, Biospherical/Licor
# name 23 = specc: Specific Conductance [uS/cm]
# name 24 = timeS: Time, Elapsed [seconds]
# name 25 = timeY: Time, System [seconds]
# name 26 = accM: Acceleration [m/s^2]
# name 27 = dz/dtM: Descent Rate [m/s]
# name 28 = latitude: Latitude [deg]
# name 29 = longitude: Longitude [deg]
# name 30 = gsw_saA0: Absolute Salinity [g/kg]
# name 31 = gsw_densityA0: density, TEOS-10 [density, kg/m^3]
# name 32 = gsw_sigma0A0: density, TEOS-10 [sigma-0, kg/m^3 ]
# name 33 = gsw_ptA0: potential temperature [ITS-90, deg C]
# name 34 = flag: flag
# span 0 =      2.000,    109.000       
# span 1 =     7.3167,    24.6014       
# span 2 =    31.5138,    35.3274       
# span 3 =  1020.8377,  1027.1162       
# span 4 =     1.7023,     2.7790       
# span 5 =     2.8497,     7.1611       
# span 6 =     57.843,    121.555       
# span 7 =   -0.04858,    0.25770       
# span 8 =    4.85314,    6.80377       
# span 9 =    4.84082,    6.81201       
# span 10 =      7.994,      8.207      
# span 11 =    -0.0266,     1.5863      
# span 12 =    9.01031,   12.23394      
# span 13 =   3.349813,   4.798335      
# span 14 = -1.092e+04, 1.0346e+05      
# span 15 =    20.8290,    26.6292      
# span 16 =    20.8289,    26.6261      
# span 17 = -5.753e-05, 1.6307e-01      
# span 18 =      2.016,    109.859      
# span 19 =          0,          1      
# span 20 =        375,      12516      
# span 21 =    1477.79,    1529.71      
# span 22 = -4.904e-01, 4.6552e+00      
# span 23 =  48335.923,  54397.863      
# span 24 =     15.586,    521.438      
# span 25 = 1564202127, 1564202633      
# span 26 =      -0.64,       0.39      
# span 27 =     -1.116,      0.952      
# span 28 =   39.33086,   39.33238      
# span 29 =  -72.67261,  -72.66890      
# span 30 =    31.6638,    35.4952      
# span 31 =  1020.8420,  1027.1208      
# span 32 =    20.8334,    26.6337      
# span 33 =     7.3121,    24.6010      
# span 34 = 0.0000e+00, 0.0000e+00      
# interval = meters: 1                  
# start_time = Jul 27 2019 04:35:12 [System UTC, first data scan.]
# bad_flag = -9.990e-29
*END*
[from data line 166]
     50.000     7.3167    32.7217  1025.8129     2.2210     5.9231     87.202    0.00293    6.79245    6.80048      8.026     0.2436   12.21568   3.349813 2.5320e-11    25.5821    25.5814 1.0000e-12     50.387          1       8408    1477.86 3.9495e+00  51839.582    350.311 1564202462      -0.20     -0.590   39.33166  -72.67116    32.8667  1025.8072    25.5764     7.3121 0.0000e+00
     49.000     7.3310    32.7084  1025.7958     2.2291     5.9624     87.928    0.00524    6.78101    6.78887      8.029     0.3113   12.19676   3.350565 7.7436e+04    25.5696    25.5690 1.0000e-12     49.385          1       8439    1477.88 8.9114e-01  51816.315    351.602 1564202463      -0.05     -0.760   39.33168  -72.67117    32.8618  1025.7968    25.5706     7.3265 0.0000e+00
     48.000     7.4371    32.6712  1025.7472     2.2549     6.0849     90.041    0.01123    6.75802    6.76554      8.047     0.5331   12.15868   3.356697 1.6329e+04    25.5257    25.5251 1.0000e-12     48.374          1       8494    1478.23 3.2531e+00  51735.722    353.876 1564202465       0.15     -0.440   39.33168  -72.67118    32.8283  1025.7512    25.5298     7.4326 0.0000e+00
     47.000     7.6017    32.6747  1025.7221     2.3018     6.3007     93.476    0.01911    6.74047    6.74774      8.067     0.8700   12.12966   3.372043 -9.106e+02    25.5054    25.5048 1.0000e-12     47.362          1       8559    1478.85 3.9885e+00  51699.063    356.584 1564202468      -0.14     -0.399   39.33170  -72.67121    32.8393  1025.7321    25.5154     7.5973 0.0000e+00
     46.000     7.7022    32.6775  1025.7055     2.3311     6.4013     95.003    0.01963    6.73808    6.74531      8.069     0.9665   12.12569   3.380876 2.5320e-11    25.4935    25.4929 1.0000e-12     46.356          1       8595    1479.22 3.9495e+00  51677.884    358.089 1564202470      -0.16     -0.625   39.33170  -72.67122    32.8402  1025.7140    25.5020     7.6978 0.0000e+00
     45.000     7.7309    32.6768  1025.6963     2.3494     6.4092     95.252    0.01521    6.72875    6.73585      8.072     1.1489   12.11030   3.383153 -9.990e-29    25.4889    25.4883 1.0000e-12     45.354          1       8627    1479.31 3.9495e+00  51669.350    359.426 1564202471      -0.01     -0.752   39.33171  -72.67124    32.8382  1025.7037    25.4964     7.7266 0.0000e+00
     44.000     7.7688    32.6779  1025.6870     2.3719     6.4315     95.799    0.01146    6.71354    6.72040      8.079     1.4546   12.08530   3.386632 2.5320e-11    25.4844    25.4838 1.0000e-12     44.343          1       8675    1479.44 3.9495e+00  51661.058    361.402 1564202473       0.13     -0.522   39.33172  -72.67125    32.8405  1025.6954    25.4928     7.7646 0.0000e+00
     43.000     7.9069    32.6665  1025.6536     2.4055     6.5154     97.454    0.01186    6.68556    6.69200      8.084     1.5789   12.03905   3.397884 2.5320e-11    25.4556    25.4550 1.0000e-12     43.333          1       8742    1479.94 3.9495e+00  51611.089    364.210 1564202476       0.01     -0.339   39.33173  -72.67127    32.8318  1025.6642    25.4663     7.9027 0.0000e+00
     42.000     8.0368    32.6601  1025.6250     2.4214     6.4866     97.460    0.00682    6.65559    6.66161      8.086     1.4690   11.98944   3.408814 2.5320e-11    25.4318    25.4312 1.0000e-12     42.320          1       8794    1480.41 3.9495e+00  51570.527    366.364 1564202478      -0.21     -0.477   39.33174  -72.67128    32.8274  1025.6373    25.4441     8.0327 0.0000e+00
     41.000     8.1273    32.6660  1025.6117     2.4253     6.4613     97.233    0.00396    6.64519    6.65105      8.086     1.3854   11.97223   3.417671 2.5320e-11    25.4232    25.4226 1.0000e-12     41.323          1       8823    1480.74 3.9495e+00  51557.315    367.571 1564202479      -0.16     -0.761   39.33174  -72.67131    32.8377  1025.6275    25.4390     8.1232 0.0000e+00
     40.000     8.3149    32.6695  1025.5821     2.4336     6.4784     97.600    0.00375    6.63774    6.64349 -9.990e-29     1.2193   11.95992   3.434395 7.4194e+04    25.3984    25.3978 1.0000e-12     40.312          1       8875    1481.44 1.0790e+00  51518.538    369.744 1564202481       0.17     -0.474   39.33176  -72.67132    32.8405  1025.5974    25.4137     8.3109 0.0000e+00
     39.000     8.3117    32.6449  1025.5587     2.4409     6.5060     97.624    0.00109    6.66436    6.67044      8.089     1.1454   12.00467   3.430150 -6.910e+03    25.3795    25.3789 1.0000e-12     39.310          1       9666    1481.38 4.2168e+00  51483.614    402.708 1564202514      -0.13     -0.428   39.33189  -72.67160    32.7990  1025.5609    25.3817     8.3078 0.0000e+00
     38.000     8.1364    32.5562  1025.5105     2.4358     6.5171     97.117   -0.00091    6.71059    6.71722      8.078     0.8930   12.08241   3.405644 2.5320e-11    25.3358    25.3352 1.0000e-12     38.291          1      10247    1480.59 3.9495e+00  51396.951    426.925 1564202539      -0.12     -0.292   39.33199  -72.67181    32.7023  1025.5067    25.3319     8.1327 0.0000e+00
     37.000     7.9727    32.5217  1025.5027     2.4356     6.4955     97.173   -0.00003    6.68445    6.69070      8.077     0.7304   12.03919   3.387567 2.5320e-11    25.3324    25.3319 1.0000e-12     37.287          1      10220    1479.91 3.9495e+00  51385.470    425.779 1564202537      -0.29     -0.694   39.33198  -72.67180    32.6625  1025.4948    25.3244     7.9691 0.0000e+00
     36.000     7.9350    32.4982  1025.4851     2.4382     6.4892     97.450    0.00134    6.65905    6.66490      8.082     0.6516   11.99752   3.383009 2.5320e-11    25.3194    25.3189 1.0000e-12     36.276          1      10249    1479.72 3.9495e+00  51360.144    426.987 1564202539      -0.02     -0.828   39.33199  -72.67180    32.6494  1025.4854    25.3196     7.9315 0.0000e+00
     35.000     8.0275    32.4993  1025.4679     2.4462     6.5464     98.364    0.00506    6.65531    6.66111      8.088     0.5668   11.99140   3.392283 2.5320e-11    25.3069    25.3064 1.0000e-12     35.279          1      10276    1480.06 3.9495e+00  51339.230    428.109 1564202540      -0.02     -0.890   39.33200  -72.67182    32.6626  1025.4777    25.3166     8.0241 0.0000e+00
     34.000     8.3748    32.4715  1025.3904     2.4832     6.6490    100.731    0.00977    6.60090    6.60592      8.102     0.4407   11.90162   3.419808 2.5320e-11    25.2342    25.2337 1.0000e-12     34.260          1      10363    1481.32 3.9495e+00  51219.630    431.755 1564202543       0.04     -0.216   39.33202  -72.67185    32.6330  1025.3990    25.2429     8.3714 0.0000e+00
     33.000     8.3761    32.4606  1025.3770     2.5170     6.6179    102.942    0.01680    6.42886    6.43144      8.120     0.3655   11.61772   3.418599 2.5320e-11    25.2254    25.2249 1.0000e-12     33.248          1      10415    1481.30 3.9495e+00  51203.258    433.929 1564202546      -0.50     -0.547   39.33202  -72.67186    32.6194  1025.3835    25.2319     8.3728 0.0000e+00
     32.000     8.5658    32.4628  1025.3455     2.5501     6.7435    105.815    0.02757    6.37299    6.37478      8.124     0.3958   11.52582   3.439019 2.5320e-11    25.1988    25.1983 1.0000e-12     32.253          1      10436    1481.99 3.9495e+00  51164.847    434.805 1564202546      -0.34     -0.969   39.33202  -72.67186    32.6599  1025.3820    25.2352     8.5626 0.0000e+00
     31.000     9.4029    32.4202  1025.1760     2.5991     6.9390    109.241    0.03592    6.35212    6.35364      8.136     0.3691   11.49133   3.510993 2.5320e-11    25.0343    25.0337 1.0000e-12     31.248          1      10468    1485.02 3.9495e+00  50930.627    436.138 1564202548       0.21     -0.867   39.33203  -72.67188    32.6419  1025.2321    25.0903     9.3996 0.0000e+00
     30.000    11.0972    32.3270  1024.8163     2.7472     6.8083    114.505    0.02954    5.94360    5.93997      8.163     0.2443   10.81597   3.652451 2.5320e-11    24.6803    24.6796 1.0000e-12     30.218          1      10597    1491.01 3.9495e+00  50483.435    441.485 1564202553      -0.39     -0.021   39.33206  -72.67193    32.5526  1024.8763    24.7404    11.0936 0.0000e+00
     29.000    11.9517    32.3012  1024.6336     2.7466     6.7158    113.270    0.01837    5.92891    5.92516      8.162     0.2578   10.79172   3.731662 9.0040e+04    24.5027    24.5020 1.0000e-12     29.228          1      10612    1493.91 4.6874e-01  50319.366    442.125 1564202554      -0.33     -0.735   39.33206  -72.67192    32.5777  1024.7333    24.6024    11.9480 0.0000e+00
     28.000    13.1501    32.2169  1024.3336     2.7497     6.6128    111.882    0.00431    5.91045    5.90648      8.164     0.2666   10.76123   3.829666 2.2150e+04    24.2078    24.2071 1.0000e-12     28.222          1      10648    1497.86 3.0084e+00  50035.144    443.638 1564202555       0.16     -0.719   39.33206  -72.67195    32.4807  1024.4241    24.2983    13.1463 0.0000e+00
     27.000    14.2682    32.1545  1024.0561     2.7764     6.4865    113.476    0.01122    5.71708    5.71101      8.165     0.2186   10.44105   3.919304 -3.472e+03    23.9353    23.9345 1.0000e-12     27.202          1      10771    1501.47 4.1038e+00  49810.838    448.733 1564202560      -0.29     -0.182   39.33208  -72.67198    32.3706  1024.1102    23.9895    14.2644 0.0000e+00
     26.000    14.6622    32.1547  1023.9679     2.7790     6.3929    112.913    0.00496    5.66182    5.65516      8.165     0.1924   10.34974   3.958450 2.5320e-11    23.8518    23.8510 1.0000e-12     26.205          1      10805    1502.71 3.9495e+00  49768.991    450.180 1564202562      -0.29     -0.726   39.33210  -72.67200    32.4001  1024.0446    23.9285    14.6584 0.0000e+00
     25.000    15.8750    32.0626  1023.6281     2.7530     6.2176    110.211   -0.00966    5.64153    5.63467      8.166     0.1674   10.31606   4.058242 2.5320e-11    23.5170    23.5162 1.0000e-12     25.196          1      10857    1506.42 3.9495e+00  49522.914    452.346 1564202564       0.15     -0.489   39.33210  -72.67202    32.2986  1023.6981    23.5870    15.8712 0.0000e+00
     24.000    16.6051    32.0163  1023.4242     2.7382     6.0978    110.327    0.00135    5.52700    5.51904      8.165     0.1325   10.12614   4.115981 2.5320e-11    23.3179    23.3171 1.0000e-12     24.179          1      10973    1508.62 3.9495e+00  49393.641    457.172 1564202569      -0.13     -0.104   39.33212  -72.67206    32.2160  1023.4666    23.3603    16.6013 0.0000e+00
     23.000    16.9553    32.0138  1023.3366     2.7393     6.0103    110.137   -0.00002    5.45713    5.44854      8.167     0.1210   10.01035   4.149974 2.5320e-11    23.2348    23.2340 1.0000e-12     23.176          1      11013    1509.66 3.9495e+00  49362.074    458.834 1564202570      -0.47     -0.619   39.33212  -72.67207    32.2310  1023.3923    23.2906    16.9516 0.0000e+00
     22.000    17.5244    31.9830  1023.1744     2.7275     5.9539    108.993   -0.00665    5.46267    5.45412      8.168     0.1259   10.01943   4.200307 -9.990e-29    23.0774    23.0765 1.0000e-12     22.178          1      11042    1511.32 3.9495e+00  49277.502    460.024 1564202572       0.02     -0.864   39.33213  -72.67208    32.2112  1023.2386    23.1415    17.5208 0.0000e+00
     21.000    18.3716    31.9462  1022.9378     2.7312     5.8500    109.729    0.00240    5.33162    5.32198      8.170     0.0991    9.80214   4.272053 2.6794e+02    22.8454    22.8445 1.0000e-12     21.158          1      11147    1513.77 3.9276e+00  49168.124    464.432 1564202576      -0.10     -0.197   39.33216  -72.67212    32.1529  1022.9857    22.8933    18.3680 0.0000e+00
     20.000    19.0871    31.9091  1022.7270     2.7131     5.7004    107.638   -0.01194    5.29592    5.28599      8.171     0.0966    9.74295   4.335638 9.4573e+04    22.6393    22.6384 1.0000e-12     20.157          1      11198    1515.77 4.1271e-01  49074.769    466.522 1564202578      -0.10     -0.566   39.33216  -72.67214    32.1272  1022.7836    22.6959    19.0836 0.0000e+00
     19.000    23.0439    31.5788  1021.4127     2.5910     5.0025    100.588   -0.02281    4.97361    4.96172      8.177     0.0133    9.20886   4.665736 -9.990e-29    21.3305    21.3294 1.0000e-12     19.146          1      11758    1526.15 4.3653e+00  48462.197    489.889 1564202601       0.05     -0.340   39.33226  -72.67233    31.7936  1021.4664    21.3842    23.0400 0.0000e+00
     18.000    23.2130    31.5921  1021.3699     2.5813     5.0182    101.407   -0.00318    4.94864    4.93664      8.178     0.0177    9.16744   4.680844 2.5320e-11    21.2919    21.2909 1.0000e-12     18.133          1      11811    1526.58 3.9495e+00  48476.485    492.090 1564202604      -0.27     -0.545   39.33226  -72.67234    31.7866  1021.4081    21.3303    23.2094 0.0000e+00
     17.000    23.3729    31.5974  1021.3235     2.5785     4.9948    101.218   -0.00354    4.93465    4.92260      8.178     0.0212    9.14442   4.696838 2.5320e-11    21.2501    21.2490 1.0000e-12     17.132          1      11834    1526.98 3.9495e+00  48479.992    493.053 1564202605      -0.22     -0.842   39.33226  -72.67236    31.7933  1021.3627    21.2892    23.3694 0.0000e+00
     16.000    23.4850    31.5866  1021.2787     2.5756     4.9564    101.030   -0.00356    4.90587    4.89373      8.177     0.0194    9.09678   4.705658 2.5320e-11    21.2096    21.2087 1.0000e-12     16.128          1      11861    1527.23 3.9495e+00  48461.767    494.165 1564202606       0.03     -0.934   39.33228  -72.67236    31.7798  1021.3160    21.2468    23.4817 0.0000e+00
     15.000    23.7460    31.5580  1021.1773     2.5668     4.9212    100.497   -0.00482    4.89687    4.88470      8.179     0.0205    9.08157   4.726672 2.5320e-11    21.1124    21.1115 1.0000e-12     15.118          1      11898    1527.85 3.9495e+00  48416.575    495.727 1564202607       0.18     -0.700   39.33228  -72.67238    31.7517  1021.2149    21.1501    23.7429 0.0000e+00
     14.000    24.1791    31.5295  1021.0253     2.5529     4.8725     99.681   -0.00660    4.88812    4.87593      8.180     0.0027    9.06707   4.763031 5.3406e+04    20.9650    20.9641 1.0000e-12     14.106          1      11949    1528.89 1.7559e+00  48368.656    497.821 1564202609      -0.00     -0.464   39.33228  -72.67240    31.7162  1021.0574    20.9971    24.1761 0.0000e+00
     13.000    24.3053    31.5441  1020.9949     2.5469     4.8669     99.584   -0.00328    4.88720    4.87501      8.180     0.0234    9.06548   4.776286 7.1256e+03    20.9389    20.9381 1.0000e-12     13.097          1      11991    1529.20 3.6140e+00  48386.363    499.569 1564202611      -0.09     -0.568   39.33229  -72.67241    31.7258  1021.0231    20.9671    24.3026 0.0000e+00
     12.000    24.3314    31.5335  1020.9749     2.5420     4.8552     99.290   -0.00401    4.88996    4.87778      8.180     0.0208    9.06996   4.776272 -2.179e+02    20.9232    20.9224 1.0000e-12     12.090          1      12025    1529.24 3.9595e+00  48370.784    500.996 1564202613      -0.06     -0.691   39.33230  -72.67242    31.7075  1020.9973    20.9456    24.3289 0.0000e+00
     11.000    24.3550    31.5390  1020.9677     2.5432     4.8704     99.598    0.00002    4.89006    4.87787      8.182     0.0093    9.07009   4.778489 2.5320e-11    20.9203    20.9196 1.0000e-12     11.082          1      12055    1529.28 3.9495e+00  48377.356    502.231 1564202614      -0.11     -0.769   39.33230  -72.67244    31.7077  1020.9861    20.9387    24.3527 0.0000e+00
     10.000    24.3173    31.5494  1020.9823     2.5478     4.8841     99.982    0.00272    4.88494    4.87274      8.184     0.0125    9.06164   4.775880 6.4380e+04    20.9392    20.9386 1.0000e-12     10.083          1      12084    1529.18 1.3744e+00  48391.951    503.441 1564202615       0.05     -0.853   39.33230  -72.67245    31.7152  1020.9985    20.9554    24.3152 0.0000e+00
