CalculateIndicators/WaterTemperature/Data/CTD_NYOS/NYOS190726_5_6.cnv
* Sea-Bird SBE 9 Data File:
* FileName = C:\Seabird 9 CTD\Data\2019\201907_offshore\NYOS190726_5_6.hex
* Software Version Seasave V 7.23.2
* Temperature SN = 4590
* Conductivity SN = 3228
* Number of Bytes Per Scan = 44
* Number of Voltage Words = 5
* Number of Scans Averaged by the Deck Unit = 1
* NMEA Latitude = 39 01.09 N
* NMEA Longitude = 072 33.17 W
* NMEA UTC (Time) = Jul 27 2019  00:18:59
* NMEA baud rate = 4800
** Ship: Seawolf
** Station: 5-6
** Operator: lis
# nquan = 35
# nvalues = 1167                        
# units = specified
# name 0 = depSM: Depth [salt water, m]
# name 1 = t090C: Temperature [ITS-90, deg C]
# name 2 = sal00: Salinity, Practical [PSU]
# name 3 = density00: Density [density, kg/m^3]
# name 4 = sbeox0V: Oxygen raw, SBE 43 [V]
# name 5 = sbeox0ML/L: Oxygen, SBE 43 [ml/l]
# name 6 = sbeox0PS: Oxygen, SBE 43 [% saturation]
# name 7 = sbox0dV/dT: Oxygen, SBE 43 [dov/dt]
# name 8 = oxsolML/L: Oxygen Saturation, Garcia & Gordon [ml/l]
# name 9 = oxsatML/L: Oxygen Saturation, Weiss [ml/l]
# name 10 = ph: pH
# name 11 = flECO-AFL: Fluorescence, WET Labs ECO-AFL/FL [mg/m^3]
# name 12 = n2satML/L: Nitrogen Saturation [ml/l]
# name 13 = c0S/m: Conductivity [S/m]
# name 14 = cpar: CPAR/Corrected Irradiance [%]
# name 15 = sigma-é00: Density [sigma-theta, kg/m^3]
# name 16 = sigma-t00: Density [sigma-t, kg/m^3 ]
# name 17 = par: PAR/Irradiance, Biospherical/Licor
# name 18 = prDM: Pressure, Digiquartz [db]
# name 19 = pumps: Pump Status
# name 20 = scan: Scan Count
# name 21 = svCM: Sound Velocity [Chen-Millero, m/s]
# name 22 = spar: SPAR, Biospherical/Licor
# name 23 = specc: Specific Conductance [uS/cm]
# name 24 = timeS: Time, Elapsed [seconds]
# name 25 = timeY: Time, System [seconds]
# name 26 = accM: Acceleration [m/s^2]
# name 27 = dz/dtM: Descent Rate [m/s]
# name 28 = latitude: Latitude [deg]
# name 29 = longitude: Longitude [deg]
# name 30 = gsw_saA0: Absolute Salinity [g/kg]
# name 31 = gsw_densityA0: density, TEOS-10 [density, kg/m^3]
# name 32 = gsw_sigma0A0: density, TEOS-10 [sigma-0, kg/m^3 ]
# name 33 = gsw_ptA0: potential temperature [ITS-90, deg C]
# name 34 = flag: flag
# span 0 =      2.000,    585.000       
# span 1 =     5.9856,    26.6468       
# span 2 =    33.4912,    35.8889       
# span 3 =  1021.7021,  1030.3045       
# span 4 =     1.4012,     2.8245       
# span 5 =     2.8621,     5.9058       
# span 6 =     46.432,    115.164       
# span 7 =   -0.04006,    0.04410       
# span 8 =    4.64699,    6.90796       
# span 9 =    4.63491,    6.92092       
# span 10 =      7.905,      8.274      
# span 11 =    -0.0745,     0.6332      
# span 12 =    8.64184,   12.37684      
# span 13 =   3.467108,   5.405222      
# span 14 = -3.609e+03, 1.0314e+05      
# span 15 =    21.6936,    27.6087      
# span 16 =    21.6935,    27.6020      
# span 17 = 1.0000e-12, 6.9816e-01      
# span 18 =      2.017,    590.295      
# span 19 =          1,          1      
# span 20 =        259,      33526      
# span 21 =    1484.43,    1537.11      
# span 22 = -1.198e-01, 6.1919e+00      
# span 23 =  51007.324,  55944.721      
# span 24 =     10.763,   1396.859      
# span 25 = 1564186750, 1564188136      
# span 26 =      -0.60,       0.56      
# span 27 =     -1.738,      1.357      
# span 28 =   39.01432,   39.01814      
# span 29 =  -72.55306,  -72.55220      
# span 30 =    33.6528,    36.0650      
# span 31 =  1021.7069,  1030.3076      
# span 32 =    21.6983,    27.6107      
# span 33 =     5.9331,    26.6464      
# span 34 = 0.0000e+00, 0.0000e+00      
# interval = meters: 1                  
# start_time = Jul 27 2019 00:19:00 [System UTC, first data scan.]
# bad_flag = -9.990e-29
*END*
[from data line 995]
    173.000    13.4869    35.6964  1027.6090     1.7062     3.6467     62.450    0.01210    5.83937    5.83689      8.072    -0.0486   10.60437   4.225929 5.2869e+02    26.8381    26.8330 1.0000e-12    174.393          1      28148    1505.51 3.8731e+00  54887.885   1172.808 1564187912      -0.18     -1.266   39.01496  -72.55234    35.8721  1027.6183    26.8474    13.4622 0.0000e+00
    172.000    13.4903    35.6940  1027.6020     1.7146     3.6692     62.864    0.01210    5.83675    5.83423      8.074    -0.0400   10.60001   4.225801 2.5339e-11    26.8355    26.8304 1.0000e-12    173.388          1      28166    1505.50 3.9480e+00  54883.677   1173.521 1564187913      -0.10     -1.365   39.01496  -72.55234    35.8681  1027.6101    26.8436    13.4657 0.0000e+00
    171.000    13.4906    35.6922  1027.5961     1.7228     3.6894     63.220    0.01168    5.83582    5.83329      8.075    -0.0398   10.59849   4.225632 2.5320e-11    26.8341    26.8290 1.0000e-12    172.381          1      28183    1505.48 3.9495e+00  54880.525   1174.269 1564187914       0.02     -1.393   39.01496  -72.55234    35.8667  1027.6044    26.8424    13.4661 0.0000e+00
    170.000    13.5027    35.6907  1027.5878     1.7325     3.7127     63.646    0.01126    5.83335    5.83078      8.077    -0.0476   10.59438   4.226717 2.5320e-11    26.8303    26.8253 1.0000e-12    171.370          1      28203    1505.50 3.9495e+00  54876.122   1175.095 1564187915       0.14     -1.314   39.01494  -72.55234    35.8660  1027.5969    26.8394    13.4784 0.0000e+00
    169.000    13.5229    35.6924  1027.5805     1.7431     3.7452     64.233    0.01186    5.83066    5.82806      8.080    -0.0459   10.58989   4.228907 2.5320e-11    26.8275    26.8225 1.0000e-12    170.361          1      28224    1505.55 3.9495e+00  54875.142   1175.970 1564187915       0.10     -1.198   39.01494  -72.55234    35.8683  1027.5899    26.8369    13.4987 0.0000e+00
    168.000    13.5478    35.6910  1027.5696     1.7516     3.7628     64.564    0.01111    5.82807    5.82545      8.080    -0.0445   10.58558   4.231004 2.5320e-11    26.8211    26.8161 1.0000e-12    169.352          1      28246    1505.62 3.9495e+00  54868.852   1176.870 1564187916       0.04     -1.139   39.01494  -72.55234    35.8651  1027.5778    26.8293    13.5238 0.0000e+00
    167.000    13.5607    35.6928  1027.5638     1.7578     3.7606     64.558    0.00841    5.82512    5.82246      8.081    -0.0520   10.58066   4.232568 2.5320e-11    26.8198    26.8148 1.0000e-12    168.342          1      28268    1505.65 3.9495e+00  54869.034   1177.776 1564187917       0.01     -1.114   39.01494  -72.55234    35.8683  1027.5730    26.8291    13.5368 0.0000e+00
    166.000    13.5840    35.6949  1027.5561     1.7614     3.7541     64.449    0.00592    5.82493    5.82227      8.081    -0.0520   10.58036   4.235109 2.5320e-11    26.8166    26.8117 1.0000e-12    167.334          1      28289    1505.71 3.9495e+00  54868.183   1178.660 1564187918      -0.02     -1.127   39.01494  -72.55234    35.8710  1027.5657    26.8263    13.5601 0.0000e+00
    165.000    13.6041    35.6970  1027.5490     1.7608     3.7292     64.008    0.00234    5.82613    5.82347      8.083    -0.0520   10.58241   4.237248 2.5320e-11    26.8140    26.8091 1.0000e-12    166.324          1      28310    1505.76 3.9495e+00  54867.578   1179.534 1564187919      -0.01     -1.143   39.01494  -72.55234    35.8728  1027.5584    26.8235    13.5804 0.0000e+00
    164.000    13.6260    35.7028  1027.5444     1.7606     3.7085     63.648   -0.00071    5.82647    5.82382      8.084    -0.0429   10.58303   4.239985 -9.990e-29    26.8140    26.8091 1.0000e-12    165.315          1      28329    1505.82 3.9495e+00  54872.198   1180.350 1564187920      -0.08     -1.178   39.01492  -72.55234    35.8786  1027.5538    26.8234    13.6024 0.0000e+00
    163.000    13.6417    35.7029  1027.5367     1.7647     3.7317     64.059    0.00118    5.82542    5.82275      8.084 -9.990e-29   10.58127   4.241310 -9.990e-29    26.8107    26.8058 1.0000e-12    164.309          1      28348    1505.86 3.9495e+00  54869.245   1181.111 1564187921      -0.11     -1.258   39.01492  -72.55234    35.8768  1027.5446    26.8187    13.6183 0.0000e+00
    162.000    13.6356    35.7002  1027.5314     1.7733     3.7880     65.084    0.00659    5.82010    5.81737      8.084 -9.990e-29   10.57240   4.240168 -9.990e-29    26.8099    26.8050 1.0000e-12    163.305          1      28366    1505.82 3.9495e+00  54865.899   1181.885 1564187921      -0.02     -1.313   39.01492  -72.55234    35.8722  1027.5379    26.8164    13.6123 0.0000e+00
    161.000    13.6294    35.6932  1027.5228     1.7837     3.8446     66.098    0.01106    5.81656    5.81378      8.088 -9.990e-29   10.56656   4.238776 -9.990e-29    26.8057    26.8009 1.0000e-12    162.296          1      28387    1505.77 3.9495e+00  54856.551   1182.748 1564187922       0.13     -1.258   39.01492  -72.55234    35.8653  1027.5294    26.8123    13.6062 0.0000e+00
    160.000    13.6319    35.6906  1027.5158     1.7926     3.8656     66.508    0.01087    5.81216    5.80933      8.089 -9.990e-29   10.55925   4.238823 2.5320e-11    26.8032    26.7984 1.0000e-12    161.284          1      28411    1505.76 3.9495e+00  54852.116   1183.745 1564187923       0.17     -1.095   39.01492  -72.55234    35.8638  1027.5232    26.8106    13.6089 0.0000e+00
    159.000    13.6701    35.6962  1027.5076     1.7978     3.8489     66.291    0.00676    5.80609    5.80320      8.090    -0.0520   10.54910   4.243725 2.5320e-11    26.7995    26.7947 1.0000e-12    160.272          1      28435    1505.87 3.9495e+00  54853.800   1184.752 1564187924       0.01     -0.988   39.01492  -72.55234    35.8748  1027.5191    26.8111    13.6472 0.0000e+00
    158.000    13.7102    35.6962  1027.4946     1.8009     3.8381     66.168    0.00440    5.80060    5.79764      8.090    -0.0520   10.53991   4.247114 2.5320e-11    26.7911    26.7864 1.0000e-12    159.269          1      28457    1505.99 3.9495e+00  54847.864   1185.648 1564187925      -0.11     -1.056   39.01492  -72.55234    35.8697  1027.5023    26.7988    13.6874 0.0000e+00
    157.000    13.7428    35.6965  1027.4835     1.8020     3.8260     66.001    0.00258    5.79690    5.79390      8.091    -0.0520   10.53372   4.250753 2.5320e-11    26.7845    26.7798 1.0000e-12    158.260          1      28480    1506.08 3.9495e+00  54843.056   1186.627 1564187926       0.07     -1.090   39.01491  -72.55234    35.8740  1027.4942    26.7953    13.7201 0.0000e+00
    156.000    13.7885    35.7069  1027.4774     1.7981     3.7887     65.356   -0.00138    5.79700    5.79400      8.090    -0.0520   10.53393   4.256608 2.5320e-11    26.7830    26.7782 1.0000e-12    157.238          1      28504    1506.22 3.9495e+00  54850.570   1187.645 1564187927       0.05     -0.979   39.01490  -72.55234    35.8869  1027.4899    26.7957    13.7659 0.0000e+00
    155.000    13.8322    35.7154  1027.4701     1.7935     3.7532     64.740   -0.00480    5.79731    5.79432      8.090    -0.0520   10.53442   4.261517 -9.990e-29    26.7804    26.7757 1.0000e-12    156.234          1      28522    1506.36 3.9495e+00  54856.234   1188.372 1564187928      -0.35     -1.092   39.01490  -72.55234    35.8927  1027.4806    26.7909    13.8097 0.0000e+00
    154.000    13.8536    35.7198  1027.4645     1.7908     3.7396     64.502   -0.00566    5.79768    5.79469      8.089    -0.0488   10.53506   4.264286 -9.990e-29    26.7792    26.7745 1.0000e-12    155.239          1      28537    1506.42 3.9495e+00  54858.091   1188.989 1564187928      -0.43     -1.360   39.01490  -72.55234    35.8992  1027.4767    26.7914    13.8312 0.0000e+00
    153.000    13.8710    35.7226  1027.4585     1.7892     3.7413     64.557   -0.00438    5.79533    5.79231      8.091    -0.0399   10.53112   4.265871 -9.990e-29    26.7777    26.7730 1.0000e-12    154.233          1      28553    1506.46 3.9495e+00  54859.207   1189.662 1564187929      -0.10     -1.547   39.01490  -72.55234    35.8982  1027.4677    26.7870    13.8488 0.0000e+00
    152.000    13.8710    35.7207  1027.4525     1.7893     3.7539     64.823   -0.00194    5.79101    5.78795      8.090    -0.0398   10.52386   4.265438 -9.990e-29    26.7762    26.7715 1.0000e-12    153.220          1      28572    1506.44 3.9495e+00  54855.998   1190.453 1564187930       0.25     -1.451   39.01490  -72.55234    35.8946  1027.4604    26.7842    13.8489 0.0000e+00
    151.000    13.8673    35.7213  1027.4493     1.7893     3.7588     65.023    0.00002    5.78065    5.77747      8.088    -0.0398   10.50656   4.265080 4.9171e+04    26.7774    26.7728 1.0000e-12    152.209          1      28593    1506.41 3.4854e+00  54856.824   1191.316 1564187931       0.18     -1.248   39.01488  -72.55234    35.8951  1027.4572    26.7853    13.8453 0.0000e+00
    150.000    13.8689    35.7209  1027.4442     1.7871     3.7490     64.812   -0.00083    5.78442    5.78128      8.088    -0.0464   10.51299   4.265313 7.2357e+04    26.7768    26.7722 1.0000e-12    151.204          1      28614    1506.40 9.8228e-01  54855.442   1192.215 1564187932       0.07     -1.155   39.01488  -72.55234    35.8963  1027.4533    26.7859    13.8470 0.0000e+00
    149.000    13.9049    35.7303  1027.4393     1.7778     3.6931     63.779   -0.00594    5.79049    5.78741      8.090    -0.0521   10.52317   4.270241 7.6961e+04    26.7764    26.7718 1.0000e-12    150.191          1      28639    1506.51 7.5784e-01  54862.725   1193.238 1564187933       0.12     -1.053   39.01488  -72.55234    35.9094  1027.4512    26.7883    13.8832 0.0000e+00
    148.000    13.9966    35.7491  1027.4297     1.7763     3.6876     63.628   -0.00655    5.79551    5.79248      8.093    -0.0520   10.53164   4.281382 -7.771e+02    26.7716    26.7670 1.0000e-12    149.179          1      28663    1506.81 3.9817e+00  54875.984   1194.239 1564187934      -0.02     -0.978   39.01488  -72.55234    35.9289  1027.4420    26.7840    13.9750 0.0000e+00
    147.000    13.9819    35.7320  1027.4153     1.7856     3.7814     65.220    0.00365    5.79792    5.79491      8.094    -0.0484   10.53572   4.276882 2.5320e-11    26.7615    26.7569 1.0000e-12    148.175          1      28683    1506.73 3.9495e+00  54853.801   1195.096 1564187935      -0.16     -1.075   39.01488  -72.55234    35.9007  1027.4191    26.7654    13.9604 0.0000e+00
    146.000    13.9370    35.7216  1027.4123     1.7987     3.8775     66.840    0.01238    5.80119    5.79821      8.097    -0.0439   10.54131   4.271300 2.5320e-11    26.7629    26.7584 1.0000e-12    147.170          1      28704    1506.56 3.9495e+00  54844.959   1195.954 1564187935      -0.05     -1.178   39.01487  -72.55234    35.8906  1027.4165    26.7670    13.9157 0.0000e+00
    145.000    13.8984    35.7078  1027.4054     1.8141     3.9390     67.935    0.01546    5.79822    5.79521      8.102    -0.0579   10.53639   4.265922 2.5320e-11    26.7604    26.7559 1.0000e-12    146.159          1      28727    1506.40 3.9495e+00  54830.929   1196.920 1564187936       0.12     -1.119   39.01486  -72.55234    35.8765  1027.4094    26.7643    13.8773 0.0000e+00
    144.000    13.8756    35.6976  1027.3979     1.8310     3.9918     68.895    0.01661    5.79403    5.79096      8.102    -0.0297   10.52947   4.262351 2.5320e-11    26.7571    26.7527 1.0000e-12    145.145          1      28751    1506.29 3.9495e+00  54818.956   1197.901 1564187937       0.03     -1.020   39.01486  -72.55234    35.8646  1027.4006    26.7599    13.8547 0.0000e+00
    143.000    13.8521    35.6804  1027.3851     1.8434     4.0272     69.514    0.01669    5.79339    5.79032      8.102    -0.0521   10.52841   4.258107 2.5320e-11    26.7487    26.7444 1.0000e-12    144.139          1      28771    1506.18 3.9495e+00  54798.005   1198.732 1564187938      -0.18     -1.092   39.01486  -72.55234    35.8470  1027.3876    26.7512    13.8314 0.0000e+00
    142.000    13.8517    35.6767  1027.3779     1.8506     4.0239     69.504    0.01344    5.78947    5.78635      8.102    -0.0430   10.52181   4.258323 2.5320e-11    26.7460    26.7416 1.0000e-12    143.136          1      28789    1506.16 3.9495e+00  54792.464   1199.504 1564187939      -0.15     -1.235   39.01486  -72.55234    35.8499  1027.3854    26.7535    13.8311 0.0000e+00
    141.000    13.8929    35.6804  1027.3675     1.8558     4.0050     69.226    0.00870    5.78541    5.78225      8.102    -0.0398   10.51499   4.262780 2.5320e-11    26.7401    26.7358 1.0000e-12    142.129          1      28809    1506.28 3.9495e+00  54791.489   1200.335 1564187940       0.05     -1.275   39.01486  -72.55234    35.8538  1027.3752    26.7478    13.8724 0.0000e+00
    140.000    13.9097    35.6766  1027.3565     1.8577     3.9766     68.835    0.00443    5.77699    5.77374      8.101    -0.0341   10.50098   4.263724 -9.990e-29    26.7335    26.7292 1.0000e-12    141.117          1      28832    1506.31 3.9495e+00  54783.106   1201.286 1564187941       0.17     -1.149   39.01486  -72.55234    35.8474  1027.3623    26.7394    13.8893 0.0000e+00
    139.000    13.9341    35.6850  1027.3534     1.8564     3.9458     68.330    0.00055    5.77457    5.77129      8.101    -0.0332   10.49699   4.267441 -9.990e-29    26.7350    26.7307 1.0000e-12    140.108          1      28855    1506.39 3.9495e+00  54791.248   1202.264 1564187942       0.05     -1.041   39.01486  -72.55234    35.8600  1027.3623    26.7439    13.9138 0.0000e+00
    138.000    13.9698    35.6941  1027.3483     1.8524     3.9169     67.768   -0.00274    5.77985    5.77662      8.102    -0.0414   10.50588   4.272226 -9.990e-29    26.7344    26.7301 1.0000e-12    139.098          1      28878    1506.50 3.9495e+00  54798.123   1203.217 1564187943      -0.03     -1.040   39.01486  -72.55234    35.8721  1027.3595    26.7456    13.9497 0.0000e+00
    137.000    14.0374    35.7041  1027.3371     1.8484     3.8926     67.364   -0.00451    5.77842    5.77517      8.106    -0.0398   10.50345   4.279826 2.5320e-11    26.7279    26.7236 1.0000e-12    138.094          1      28900    1506.71 3.9495e+00  54802.613   1204.124 1564187944      -0.06     -1.085   39.01486  -72.55232    35.8808  1027.3472    26.7380    14.0173 0.0000e+00
    136.000    14.0675    35.7032  1027.3255     1.8512     3.9062     67.809   -0.00146    5.76060    5.75715      8.105    -0.0347   10.47385   4.282357 2.5320e-11    26.7207    26.7165 1.0000e-12    137.085          1      28923    1506.79 3.9495e+00  54796.613   1205.097 1564187945       0.07     -1.079   39.01486  -72.55232    35.8770  1027.3334    26.7287    14.0475 0.0000e+00
    135.000    14.0360    35.6911  1027.3184     1.8583     3.9727     68.958    0.00595    5.76105    5.75760 -9.990e-29    -0.0178   10.47464   4.277030 2.5320e-11    26.7180    26.7138 1.0000e-12    136.070          1      28947    1506.66 3.9495e+00  54783.655   1206.096 1564187946       0.03     -1.012   39.01486  -72.55232    35.8568  1027.3201    26.7198    14.0162 0.0000e+00
    134.000    14.0048    35.6844  1027.3154     1.8578     3.9547     68.722    0.00413    5.75465    5.75112 -9.990e-29    -0.0277   10.46397   4.274890 2.5320e-11    26.7194    26.7152 1.0000e-12    135.064          1      28968    1506.53 3.9495e+00  54777.478   1206.950 1564187946      -0.15     -1.070   39.01486  -72.55232    35.8661  1027.3295    26.7335    13.9852 0.0000e+00
    133.000    14.1575    35.7109  1027.2986     1.8579     3.9218     68.247   -0.00015    5.74648    5.74287 -9.990e-29    -0.0280   10.45019   4.293237 2.5320e-11    26.7076    26.7034 1.0000e-12    134.059          1      28986    1507.04 3.9495e+00  54794.376   1207.727 1564187947      -0.17     -1.211   39.01486  -72.55232    35.8963  1027.3154    26.7243    14.1379 0.0000e+00
