CalculateIndicators/WaterTemperature/Data/CTD_NYOS/NYOS190725_4_2.cnv
* Sea-Bird SBE 9 Data File:
* FileName = C:\Seabird 9 CTD\Data\2019\201907_offshore\NYOS190725_4_2.hex
* Software Version Seasave V 7.23.2
* Temperature SN = 4590
* Conductivity SN = 3228
* Number of Bytes Per Scan = 44
* Number of Voltage Words = 5
* Number of Scans Averaged by the Deck Unit = 1
* NMEA Latitude = 40 23.30 N
* NMEA Longitude = 072 42.69 W
* NMEA UTC (Time) = Jul 25 2019  20:58:18
* NMEA baud rate = 4800
** Ship: seawolf
** Station: 4-2
** Operator: ajb
# nquan = 35
# nvalues = 83                          
# units = specified
# name 0 = depSM: Depth [salt water, m]
# name 1 = t090C: Temperature [ITS-90, deg C]
# name 2 = sal00: Salinity, Practical [PSU]
# name 3 = density00: Density [density, kg/m^3]
# name 4 = sbeox0V: Oxygen raw, SBE 43 [V]
# name 5 = sbeox0ML/L: Oxygen, SBE 43 [ml/l]
# name 6 = sbeox0PS: Oxygen, SBE 43 [% saturation]
# name 7 = sbox0dV/dT: Oxygen, SBE 43 [dov/dt]
# name 8 = oxsolML/L: Oxygen Saturation, Garcia & Gordon [ml/l]
# name 9 = oxsatML/L: Oxygen Saturation, Weiss [ml/l]
# name 10 = ph: pH
# name 11 = flECO-AFL: Fluorescence, WET Labs ECO-AFL/FL [mg/m^3]
# name 12 = n2satML/L: Nitrogen Saturation [ml/l]
# name 13 = c0S/m: Conductivity [S/m]
# name 14 = cpar: CPAR/Corrected Irradiance [%]
# name 15 = sigma-é00: Density [sigma-theta, kg/m^3]
# name 16 = sigma-t00: Density [sigma-t, kg/m^3 ]
# name 17 = par: PAR/Irradiance, Biospherical/Licor
# name 18 = prDM: Pressure, Digiquartz [db]
# name 19 = pumps: Pump Status
# name 20 = scan: Scan Count
# name 21 = svCM: Sound Velocity [Chen-Millero, m/s]
# name 22 = spar: SPAR, Biospherical/Licor
# name 23 = specc: Specific Conductance [uS/cm]
# name 24 = timeS: Time, Elapsed [seconds]
# name 25 = timeY: Time, System [seconds]
# name 26 = accM: Acceleration [m/s^2]
# name 27 = dz/dtM: Descent Rate [m/s]
# name 28 = latitude: Latitude [deg]
# name 29 = longitude: Longitude [deg]
# name 30 = gsw_saA0: Absolute Salinity [g/kg]
# name 31 = gsw_densityA0: density, TEOS-10 [density, kg/m^3]
# name 32 = gsw_sigma0A0: density, TEOS-10 [sigma-0, kg/m^3 ]
# name 33 = gsw_ptA0: potential temperature [ITS-90, deg C]
# name 34 = flag: flag
# span 0 =      2.000,     43.000       
# span 1 =     8.1019,    24.1702       
# span 2 =    31.0895,    32.5167       
# span 3 =  1020.6431,  1025.5007       
# span 4 =     1.8736,     2.9199       
# span 5 =     3.2649,     7.2129       
# span 6 =     66.249,    121.559       
# span 7 =   -0.08277,    0.08331       
# span 8 =    4.90777,    6.69237       
# span 9 =    4.89556,    6.69874       
# span 10 =      7.838,      8.214      
# span 11 =     0.0472,     1.8037      
# span 12 =    9.10372,   12.05220      
# span 13 =   3.398825,   4.703259      
# span 14 = 3.7160e-02, 5.5712e+01      
# span 15 =    20.6344,    25.3086      
# span 16 =    20.6343,    25.3080      
# span 17 = 6.9550e-01, 1.0229e+03      
# span 18 =      2.016,     43.335      
# span 19 =          0,          1      
# span 20 =        495,      10067      
# span 21 =    1480.45,    1528.21      
# span 22 = 1.8280e+03, 1.8981e+03      
# span 23 =  47760.306,  51348.684      
# span 24 =     20.574,    419.434      
# span 25 = 1564088320, 1564088719      
# span 26 =      -0.38,       0.28      
# span 27 =     -0.955,      0.893      
# span 28 =   40.38848,   40.38902      
# span 29 =  -72.71151,  -72.71060      
# span 30 =    31.2342,    32.6636      
# span 31 =  1020.6451,  1025.5025      
# span 32 =    20.6365,    25.3066      
# span 33 =     8.0977,    24.1698      
# span 34 = 0.0000e+00, 0.0000e+00      
# interval = meters: 1                  
# start_time = Jul 25 2019 20:58:19 [System UTC, first data scan.]
# bad_flag = -9.990e-29
*END*
[from data line 42]
     42.000     8.1043    32.5036  1025.4918     1.9215     4.7833     71.480   -0.00044    6.69178    6.69814      7.861     0.1393   12.05130   3.398825 4.1915e-02    25.2993    25.2987 7.8711e-01     42.333          1       3838    1480.47 1.8777e+03  51332.434    159.867 1564088459       0.04     -0.366   40.38866  -72.71125    32.6578  1025.4951    25.3019     8.1002 0.0000e+00
     41.000     8.1056    32.5034  1025.4876     1.9206     4.7735     71.413   -0.00038    6.68441    6.69065      7.860     0.1537   12.03922   3.398902 4.7834e-02    25.2989    25.2983 9.0004e-01     41.311          1       3974    1480.46 1.8818e+03  51331.045    165.556 1564088465      -0.34     -0.329   40.38866  -72.71124    32.6579  1025.4903    25.3018     8.1015 0.0000e+00
     40.000     8.1075    32.5029  1025.4822     1.9215     4.7777     71.550    0.00034    6.67746    6.68359      7.860     0.1902   12.02785   3.398971 5.5876e-02    25.2981    25.2976 1.0452e+00     40.316          1       3998    1480.45 1.8708e+03  51329.146    166.529 1564088466      -0.37     -0.798   40.38866  -72.71124    32.6573  1025.4850    25.3010     8.1035 0.0000e+00
     39.000     8.1283    32.4991  1025.4715     1.9247     4.7974     71.928    0.00199    6.66966    6.67567      7.861     0.2217   12.01506   3.400628 6.4844e-02    25.2921    25.2916 1.2056e+00     39.311          1       4024    1480.51 1.8595e+03  51318.239    167.639 1564088467       0.05     -0.955   40.38866  -72.71124    32.6560  1025.4764    25.2970     8.1244 0.0000e+00
     38.000     8.1891    32.4882  1025.4494     1.9366     4.8744     73.175    0.00674    6.66129    6.66717      7.865     0.2166   12.00131   3.405025 7.3661e-02    25.2747    25.2741 1.3662e+00     38.301          1       4061    1480.71 1.8546e+03  51288.041    169.162 1564088468       0.16     -0.703   40.38866  -72.71124    32.6467  1025.4556    25.2808     8.1854 0.0000e+00
     37.000     8.2974    32.4714  1025.4156     1.9439     4.8506     72.887    0.00223    6.65496    6.66074      7.866     0.2615   11.99095   3.413030 8.1236e-02    25.2456    25.2450 1.5296e+00     37.291          1       4118    1481.08 1.8827e+03  51239.008    171.529 1564088471       0.10     -0.404   40.38868  -72.71124    32.6316  1025.4232    25.2532     8.2937 0.0000e+00
     36.000     8.3589    32.4600  1025.3929     1.9206     4.6607     70.094   -0.00931    6.64925    6.65495      7.861     0.2887   11.98154   3.417240 9.7878e-02    25.2275    25.2269 1.8258e+00     36.283          1       4182    1481.28 1.8660e+03  51208.177    174.222 1564088473      -0.04     -0.395   40.38868  -72.71122    32.6196  1025.4001    25.2347     8.3553 0.0000e+00
     35.000     8.4002    32.4574  1025.3801     1.9105     4.6784     70.408   -0.00336    6.64475    6.65038      7.857     0.2935   11.97411   3.420455 1.1466e-01    25.2193    25.2188 2.1309e+00     35.275          1       4245    1481.42 1.8583e+03  51194.559    176.817 1564088476       0.03     -0.382   40.38868  -72.71122    32.6159  1025.3865    25.2257     8.3967 0.0000e+00
     34.000     8.4385    32.4553  1025.3682     1.9042     4.6755     70.388   -0.00121    6.64253    6.64813      7.851     0.3075   11.97045   3.423469 1.2589e-01    25.2120    25.2115 2.3535e+00     34.270          1       4448    1481.54 1.8701e+03  51182.515    185.284 1564088484      -0.07     -0.254   40.38869  -72.71121    32.6128  1025.3737    25.2175     8.4351 0.0000e+00
     33.000     8.4692    32.4529  1025.3571     1.8985     4.6473     70.121   -0.00084    6.62749    6.63286      7.848     0.3967   11.94576   3.425679 1.3841e-01    25.2055    25.2050 2.5857e+00     33.261          1       5161    1481.64 1.8681e+03  51171.613    214.979 1564088514      -0.05     -0.450   40.38874  -72.71113    32.6082  1025.3610    25.2094     8.4659 0.0000e+00
     32.000     8.5034    32.4468  1025.3425     1.9019     4.6656     70.594    0.00164    6.60898    6.61407      7.852     0.6071   11.91544   3.428264 1.5246e-01    25.1956    25.1951 2.8780e+00     32.247          1       5244    1481.74 1.8878e+03  51154.724    218.466 1564088518      -0.11     -0.456   40.38874  -72.71112    32.6044  1025.3482    25.2013     8.5001 0.0000e+00
     31.000     8.6027    32.4320  1025.3113     1.9193     4.7844     72.563    0.00988    6.59352    6.59837      7.854     0.6483   11.89006   3.435867 1.8439e-01    25.1691    25.1686 3.4579e+00     31.248          1       5281    1482.08 1.8758e+03  51111.446    220.003 1564088519      -0.03     -0.640   40.38874  -72.71112    32.5933  1025.3200    25.1777     8.5996 0.0000e+00
     30.000     8.7340    32.4113  1025.2705     1.9322     4.7807     72.653    0.00602    6.58013    6.58477      7.857     0.7656   11.86813   3.445629 2.2672e-01    25.1329    25.1324 4.1691e+00     30.231          1       5333    1482.53 1.8384e+03  51052.642    222.171 1564088521       0.06     -0.443   40.38874  -72.71112    32.5754  1025.2815    25.1439     8.7309 0.0000e+00
     29.000     8.8614    32.3867  1025.2271     1.9147     4.6133     70.165   -0.00578    6.57486    6.57942      7.851     0.8522   11.85946   3.454284 2.5669e-01    25.0942    25.0937 4.8041e+00     29.229          1       5388    1482.96 1.8711e+03  50990.128    224.456 1564088524       0.08     -0.421   40.38874  -72.71112    32.5495  1025.2372    25.1043     8.8584 0.0000e+00
     28.000     8.9379    32.3754  1025.2019     1.8928     4.5175     68.925   -0.00665    6.55423    6.55848      7.841     1.0545   11.82560   3.459666 2.9659e-01    25.0735    25.0731 5.5761e+00     28.216          1       5468    1483.21 1.8810e+03  50957.208    227.812 1564088527      -0.08     -0.281   40.38876  -72.71110    32.5361  1025.2104    25.0821     8.9350 0.0000e+00
     27.000     9.0451    32.3604  1025.1689     1.8939     4.5687     69.843   -0.00007    6.54136    6.54542      7.838     1.4376   11.80451   3.467828 3.8124e-01    25.0452    25.0448 7.0638e+00     27.213          1       5525    1483.57 1.8533e+03  50913.143    230.181 1564088529       0.05     -0.391   40.38876  -72.71110    32.5235  1025.1794    25.0557     9.0423 0.0000e+00
     26.000     9.1819    32.3382  1025.1254     1.9099     4.6628     71.473    0.00637    6.52403    6.52784      7.839     1.7013   11.77598   3.477707 4.6008e-01    25.0064    25.0060 8.6329e+00     26.204          1       5603    1484.03 1.8760e+03  50852.870    233.417 1564088533      -0.03     -0.319   40.38876  -72.71110    32.5019  1025.1366    25.0176     9.1791 0.0000e+00
     25.000     9.3044    32.3256  1025.0917     1.9344     4.7383     72.778    0.00720    6.51070    6.51432      7.846     1.5448   11.75397   3.487168 5.7508e-01    24.9773    24.9769 1.0720e+01     25.196          1       5683    1484.45 1.8652e+03  50809.632    236.744 1564088536      -0.01     -0.266   40.38876  -72.71109    32.4888  1025.1026    24.9882     9.3017 0.0000e+00
     24.000     9.4343    32.3245  1025.0655     1.9753     4.8756     75.078    0.00949    6.49421    6.49761      7.869     1.2952   11.72671   3.498007 6.5772e-01    24.9558    24.9553 1.2182e+01     24.189          1       6437    1484.91 1.8515e+03  50781.371    268.149 1564088567      -0.08     -0.257   40.38880  -72.71098    32.4832  1025.0730    24.9633     9.4317 0.0000e+00
     23.000     9.5668    32.3173  1025.0340     2.0647     5.2928     81.798    0.02730    6.47032    6.47338      7.897     1.0785   11.68745   3.508957 7.8323e-01    24.9290    24.9286 1.4688e+01     23.178          1       6707    1485.37 1.8758e+03  50744.621    279.411 1564088579       0.03     -0.279   40.38882  -72.71096    32.4764  1025.0419    24.9368     9.5643 0.0000e+00
     22.000     9.6190    32.3078  1025.0135     2.0759     5.0919     79.052    0.00246    6.44120    6.44382      7.901     1.0066   11.63977   3.512665 1.0014e+00    24.9130    24.9127 1.8644e+01     22.170          1       6739    1485.54 1.8619e+03  50720.300    280.732 1564088580      -0.17     -0.499   40.38882  -72.71096    32.4677  1025.0220    24.9216     9.6166 0.0000e+00
     21.000     9.7663    32.2783  1024.9620     2.0836     5.1164     79.591    0.00386    6.42835    6.43079      7.904     1.0495   11.61861   3.523258 1.1735e+00    24.8661    24.8657 2.1774e+01     21.167          1       6779    1486.02 1.8557e+03  50649.807    282.409 1564088582       0.04     -0.599   40.38882  -72.71094    32.4437  1024.9750    24.8791     9.7640 0.0000e+00
     20.000    10.0272    32.2417  1024.8859     2.1468     5.4396     85.095    0.02305    6.39249    6.39443      7.942     1.0584   11.55956   3.542719 1.3949e+00    24.7947    24.7943 2.5988e+01     20.152          1       6862    1486.90 1.8646e+03  50548.375    285.870 1564088585       0.05     -0.193   40.38882  -72.71094    32.4080  1024.8998    24.8087    10.0250 0.0000e+00
     19.000    10.1622    32.2429  1024.8598     2.2233     5.8034     90.923    0.03945    6.38274    6.38450      7.972     0.8883   11.54417   3.555310 1.8719e+00    24.7731    24.7728 3.4498e+01     19.148          1       6910    1487.38 1.8428e+03  50524.734    287.862 1564088587      -0.38     -0.563   40.38882  -72.71094    32.4153  1024.8785    24.7919    10.1601 0.0000e+00
     18.000    10.3121    32.1978  1024.7948     2.2569     5.8141     91.198    0.02866    6.37522    6.37687      7.980     0.9008   11.53196   3.563353 2.0168e+00    24.7128    24.7125 3.7621e+01     18.146          1       6944    1487.84 1.8653e+03  50433.654    289.284 1564088588       0.08     -0.728   40.38882  -72.71093    32.3633  1024.8084    24.7264    10.3100 0.0000e+00
     17.000    10.3859    32.1375  1024.7308     2.2980     5.7918     91.366    0.01456    6.33933    6.34049      7.993     0.5211   11.47285   3.563789 2.2595e+00    24.6534    24.6531 4.2523e+01     17.129          1       7007    1488.02 1.8824e+03  50335.048    291.914 1564088591       0.04     -0.323   40.38884  -72.71094    32.3024  1024.7441    24.6668    10.3840 0.0000e+00
     16.000    10.5338    32.1126  1024.6816     2.3466     5.9991     94.978    0.02469    6.31630    6.31715      8.007     0.5256   11.43480   3.575069 3.0028e+00    24.6088    24.6085 5.5176e+01     16.126          1       7053    1488.50 1.8379e+03  50273.097    293.833 1564088593      -0.16     -0.539   40.38884  -72.71093    32.2851  1024.7010    24.6283    10.5319 0.0000e+00
     15.000    10.8998    32.1066  1024.6091     2.4813     6.4343    102.311    0.03071    6.29020    6.29074      8.055     0.5440   11.39138   3.606805 3.2465e+00    24.5411    24.5407 5.9662e+01     15.123          1       7474    1489.78 1.8394e+03  50202.093    311.369 1564088611       0.08     -0.394   40.38886  -72.71087    32.2793  1024.6289    24.5608    10.8980 0.0000e+00
     14.000    11.5538    32.1061  1024.4878     2.6555     6.8122    112.870    0.05506    6.03660    6.03411      8.121     0.5098   10.96995   3.665875 3.3809e+00    24.4243    24.4240 6.3365e+01     14.108          1       8025    1492.06 1.8748e+03  50095.356    334.321 1564088633       0.02     -0.381   40.38890  -72.71080    32.2897  1024.5163    24.4529    11.5521 0.0000e+00
     13.000    12.1484    32.1899  1024.4383     2.7751     7.0505    119.270    0.06441    5.91131    5.90738      8.140     0.4282   10.76214   3.731833 4.5656e+00    24.3797    24.3794 8.4026e+01     13.099          1       8055    1494.19 1.8406e+03  50124.863    335.567 1564088635      -0.22     -0.520   40.38890  -72.71080    32.4146  1024.4985    24.4399    12.1468 0.0000e+00
     12.000    13.4136    32.2061  1024.2003     2.8094     6.8531    116.860    0.02683    5.86413    5.85966      8.144     0.3882   10.68418   3.849115 3.9779e+00    24.1465    24.1462 7.3515e+01     12.097          1       8096    1498.45 1.8487e+03  49978.915    337.303 1564088636       0.11     -0.576   40.38890  -72.71080    32.4448  1024.2716    24.2177    13.4119 0.0000e+00
     11.000    14.6021    32.1592  1023.9169     2.8579     6.5098    117.003    0.01196    5.56478    5.55723      8.140     0.2842   10.18927   3.950578 4.7440e+00    23.8678    23.8674 8.8867e+01     11.082          1       8181    1502.28 1.8752e+03  49773.465    340.835 1564088640      -0.02     -0.200   40.38890  -72.71080    32.3844  1023.9780    23.9289    14.6005 0.0000e+00
     10.000    15.6015    32.1095  1023.6584     2.9199     6.3342    121.389    0.03907    5.21800    5.20733      8.128     0.3187    9.61916   4.039234 6.2034e+00    23.6139    23.6136 1.1404e+02     10.078          1       8230    1505.38 1.8380e+03  49604.170    342.861 1564088642      -0.25     -0.534   40.38892  -72.71078    32.3588  1023.7383    23.6938    15.6000 0.0000e+00
      9.000    19.8285    31.4746  1022.1489     2.7655     5.5133    107.156   -0.04876    5.14451    5.13337      8.120     0.2962    9.49762   4.363253 4.6046e+00    22.1096    22.1092 8.5539e+01      9.072          1       8293    1517.12 1.8578e+03  48444.496    345.496 1564088645       0.11     -0.370   40.38892  -72.71077    31.7972  1022.2861    22.2467    19.8268 0.0000e+00
      8.000    21.6512    31.1732  1021.4441     2.6537     5.1695    103.332   -0.02586    5.00292    4.99103      8.112     0.1785    9.26246   4.489743 8.1907e+00    21.4088    21.4084 1.5261e+02      8.059          1       8375    1521.86 1.8673e+03  47939.288    348.920 1564088648      -0.09     -0.319   40.38892  -72.71076    31.4469  1021.5444    21.5096    21.6496 0.0000e+00
      7.000    22.6827    31.1429  1021.1304     2.5953     5.0001    100.135   -0.03097    4.99329    4.98136      8.112     0.1349    9.24644   4.581189 1.5886e+01    21.1003    21.0999 2.9214e+02      7.058          1       8421    1524.53 1.8406e+03  47869.994    350.822 1564088650      -0.00     -0.512   40.38892  -72.71076    31.4105  1021.2258    21.1954    22.6813 0.0000e+00
      6.000    23.4461    31.1317  1020.9024     2.5786     5.0491    101.543    0.00256    4.97231    4.96031      8.151     0.0876    9.21124   4.634505 1.9313e+01    20.8765    20.8761 3.5816e+02      6.051          1       9607    1526.47 1.8545e+03  47834.043    400.233 1564088699      -0.29     -0.359   40.38900  -72.71064    31.2731  1020.9022    20.8762    23.4449 0.0000e+00
      5.000    23.4712    31.1318  1020.8906     2.5774     5.0146    101.025   -0.00383    4.96376    4.95173      8.152     0.0732    9.19706   4.638416 2.3798e+01    20.8690    20.8687 4.3674e+02      5.039          1       9861    1526.52 1.8350e+03  47833.494    410.828 1564088710       0.10     -0.609   40.38902  -72.71061    31.2853  1020.8995    20.8779    23.4702 0.0000e+00
      4.000    23.5622    31.1224  1020.8530     2.5732     4.9922    100.870   -0.00274    4.94915    4.93706      8.151     0.0621    9.17272   4.645445 2.7573e+01    20.8357    20.8354 5.0417e+02      4.034          1       9908    1526.72 1.8280e+03  47818.047    412.791 1564088712      -0.04     -0.563   40.38902  -72.71060    31.2744  1020.8608    20.8435    23.5614 0.0000e+00
      3.000    23.7971    31.1291  1020.7858     2.5799     4.9877    101.428    0.00169    4.91744    4.90526      8.149     0.0613    9.11983   4.669378 3.2938e+01    20.7728    20.7726 6.1543e+02      3.024          1       9985    1527.31 1.8697e+03  47822.136    416.010 1564088715       0.06     -0.295   40.38902  -72.71060    31.2891  1020.7994    20.7864    23.7965 0.0000e+00
      2.000    24.1663    31.1213  1020.6682     2.5834     4.9836    101.544    0.00111    4.90777    4.89556      8.152     0.0472    9.10372   4.703259 5.5712e+01    20.6596    20.6595 1.0229e+03      2.018          1      10067    1528.21 1.8363e+03  47804.103    419.434 1564088719      -0.07     -0.338   40.38902  -72.71060    31.2838  1020.6836    20.6750    24.1658 0.0000e+00
