CalculateIndicators/WaterTemperature/Data/CTD_NYOS/NYOS190728_6_4.cnv
* Sea-Bird SBE 9 Data File:
* FileName = C:\Seabird 9 CTD\Data\2019\201907_offshore\NYOS190728_6_4.hex
* Software Version Seasave V 7.23.2
* Temperature SN = 4590
* Conductivity SN = 3228
* Number of Bytes Per Scan = 44
* Number of Voltage Words = 5
* Number of Scans Averaged by the Deck Unit = 1
* NMEA Latitude = 39 28.75 N
* NMEA Longitude = 073 04.24 W
* NMEA UTC (Time) = Jul 28 2019  04:04:45
* NMEA baud rate = 4800
** Ship: Seawolf
** Station: 6.4
** Operator: lis
# nquan = 35
# nvalues = 126                         
# units = specified
# name 0 = depSM: Depth [salt water, m]
# name 1 = t090C: Temperature [ITS-90, deg C]
# name 2 = sal00: Salinity, Practical [PSU]
# name 3 = density00: Density [density, kg/m^3]
# name 4 = sbeox0V: Oxygen raw, SBE 43 [V]
# name 5 = sbeox0ML/L: Oxygen, SBE 43 [ml/l]
# name 6 = sbeox0PS: Oxygen, SBE 43 [% saturation]
# name 7 = sbox0dV/dT: Oxygen, SBE 43 [dov/dt]
# name 8 = oxsolML/L: Oxygen Saturation, Garcia & Gordon [ml/l]
# name 9 = oxsatML/L: Oxygen Saturation, Weiss [ml/l]
# name 10 = ph: pH
# name 11 = flECO-AFL: Fluorescence, WET Labs ECO-AFL/FL [mg/m^3]
# name 12 = n2satML/L: Nitrogen Saturation [ml/l]
# name 13 = c0S/m: Conductivity [S/m]
# name 14 = cpar: CPAR/Corrected Irradiance [%]
# name 15 = sigma-é00: Density [sigma-theta, kg/m^3]
# name 16 = sigma-t00: Density [sigma-t, kg/m^3 ]
# name 17 = par: PAR/Irradiance, Biospherical/Licor
# name 18 = prDM: Pressure, Digiquartz [db]
# name 19 = pumps: Pump Status
# name 20 = scan: Scan Count
# name 21 = svCM: Sound Velocity [Chen-Millero, m/s]
# name 22 = spar: SPAR, Biospherical/Licor
# name 23 = specc: Specific Conductance [uS/cm]
# name 24 = timeS: Time, Elapsed [seconds]
# name 25 = timeY: Time, System [seconds]
# name 26 = accM: Acceleration [m/s^2]
# name 27 = dz/dtM: Descent Rate [m/s]
# name 28 = latitude: Latitude [deg]
# name 29 = longitude: Longitude [deg]
# name 30 = gsw_saA0: Absolute Salinity [g/kg]
# name 31 = gsw_densityA0: density, TEOS-10 [density, kg/m^3]
# name 32 = gsw_sigma0A0: density, TEOS-10 [sigma-0, kg/m^3 ]
# name 33 = gsw_ptA0: potential temperature [ITS-90, deg C]
# name 34 = flag: flag
# span 0 =      1.000,     64.000       
# span 1 =     6.5509,    25.0983       
# span 2 =    30.6993,    32.9085       
# span 3 =  1020.0832,  1026.0011       
# span 4 =     1.9517,     2.8548       
# span 5 =     4.8041,     7.1128       
# span 6 =     72.527,    118.082       
# span 7 =   -0.04084,    0.05096       
# span 8 =    4.84313,    6.92429       
# span 9 =    4.83070,    6.93443       
# span 10 =      7.906,      8.230      
# span 11 =     0.0356,     1.1019      
# span 12 =    9.00006,   12.43264      
# span 13 =   3.282692,   4.733460      
# span 14 = -2.752e+02, 1.2367e+05      
# span 15 =    20.0791,    25.7092      
# span 16 =    20.0791,    25.7086      
# span 17 = 1.0000e-12, 3.7869e-01      
# span 18 =      1.019,     64.498      
# span 19 =          1,          1      
# span 20 =        145,       6523      
# span 21 =    1474.90,    1530.06      
# span 22 = 0.0000e+00, 3.9610e+00      
# span 23 =  47211.782,  52090.476      
# span 24 =      5.979,    271.742      
# span 25 = 1564286691, 1564286956      
# span 26 =      -0.28,       0.25      
# span 27 =     -0.812,      0.857      
# span 28 =   39.47921,   39.48040      
# span 29 =  -73.07072,  -73.07067      
# span 30 =    30.8637,    33.1092      
# span 31 =  1020.0877,  1026.0033      
# span 32 =    20.0834,    25.7087      
# span 33 =     6.5465,    25.0981      
# span 34 = 0.0000e+00, 0.0000e+00      
# interval = meters: 1                  
# start_time = Jul 28 2019 04:04:45 [System UTC, first data scan.]
# bad_flag = -9.990e-29
*END*
[from data line 42]
     44.000     7.5496    32.8024  1025.8160     2.2655     5.8450     86.115   -0.01944    6.78750    6.79560      8.051     0.6240   12.20602   3.376269 2.5320e-11    25.6131    25.6125 1.0000e-12     44.344          1       1935    1478.76 3.9495e+00  51892.033     80.604 1564286765       0.23      0.659   39.47958  -73.07070    32.9358  1025.8010    25.5981     7.5455 0.0000e+00
     45.000     7.4855    32.7963  1025.8248     2.2462     5.8235     85.664   -0.01603    6.79809    6.80634      8.046     0.6320   12.22359   3.370261 2.5320e-11    25.6173    25.6167 1.0000e-12     45.343          1       1967    1478.52 3.9495e+00  51900.085     81.912 1564286766      -0.05      0.783   39.47958  -73.07070    32.9310  1025.8109    25.6034     7.4813 0.0000e+00
     46.000     7.3650    32.7846  1025.8371     2.2143     5.7807     84.532   -0.01320    6.83850    6.84736      8.032     0.5509   12.29044   3.358884 2.6371e-11    25.6248    25.6242 1.0000e-12     46.364          1       2023    1478.06 3.9495e+00  51914.333     84.259 1564286769      -0.08      0.364   39.47959  -73.07070    32.9215  1025.8249    25.6126     7.3607 0.0000e+00
     47.000     7.2555    32.7796  1025.8530     2.1841     5.6652     82.356   -0.01785    6.87906    6.88852      8.014     0.4110   12.35771   3.348450 2.5338e-11    25.6359    25.6353 1.0000e-12     47.365          1       2062    1477.65 3.9495e+00  51935.836     85.860 1564286770       0.13      0.614   39.47960  -73.07070    32.9115  1025.8368    25.6198     7.2512 0.0000e+00
     48.000     7.0430    32.7734  1025.8818     2.1417     5.4539     79.073   -0.02553    6.89732    6.90705      7.989     0.3404   12.38800   3.328934 2.5320e-11    25.6599    25.6593 1.0000e-12     48.376          1       2101    1476.83 3.9495e+00  51982.665     87.484 1564286772      -0.05      0.630   39.47960  -73.07070    32.9003  1025.8616    25.6397     7.0387 0.0000e+00
     49.000     6.8153    32.7536  1025.9014     2.0983     5.2736     76.258   -0.02972    6.91549    6.92548      7.982     0.3638   12.41820   3.307131 -9.990e-29    25.6746    25.6740 1.0000e-12     49.380          1       2135    1475.93 -9.990e-29  52015.601     88.928 1564286773       0.09      0.677   39.47961  -73.07070    32.8779  1025.8792    25.6524     6.8110 0.0000e+00
     50.000     6.7072    32.7430  1025.9121     2.0534     5.1586     74.500   -0.02654    6.92429    6.93443      7.967     0.2199   12.43264   3.297533 9.9999e+04    25.6805    25.6799 1.0000e-12     50.388          1       2177    1475.51 0.0000e+00  52030.282     90.654 1564286775      -0.12      0.605   39.47962  -73.07070    32.8751  1025.8960    25.6644     6.7028 0.0000e+00
     51.000     6.5509    32.7283  1025.9256     2.0085     5.0287     72.725   -0.02344    6.91470    6.92471      7.947     0.1365   12.41652   3.282692 7.8229e+04    25.6891    25.6886 1.0000e-12     51.402          1       2223    1474.90 7.5235e-01  52052.545     92.583 1564286777       0.10      0.503   39.47963  -73.07070    32.8604  1025.9094    25.6730     6.5465 0.0000e+00
     52.000     6.5516    32.7392  1025.9387     1.9864     5.0134     72.527   -0.01754    6.91254    6.92252      7.944     0.1616   12.41288   3.284740 1.2942e+03    25.6977    25.6971 1.0000e-12     52.404          1       2257    1474.93 3.8681e+00  52068.742     93.996 1564286779       0.07      0.691   39.47964  -73.07070    32.8820  1025.9309    25.6899     6.5471 0.0000e+00
     53.000     6.6001    32.7587  1025.9524     1.9745     5.0682     73.321   -0.00851    6.91240    6.92238      7.941     0.1794   12.41267   3.291069 2.6218e-11    25.7068    25.7062 1.0000e-12     53.412          1       2295    1475.17 3.8795e+00  52084.078     95.584 1564286780      -0.06      0.650   39.47964  -73.07070    32.9050  1025.9473    25.7017     6.5955 0.0000e+00
     54.000     6.6137    32.7640  1025.9594     1.9674     5.0913     73.657   -0.00406    6.91219    6.92217      7.939     0.1498   12.41232   3.292867 2.5334e-11    25.7092    25.7086 1.0000e-12     54.421          1       2338    1475.24 3.9484e+00  52088.623     97.388 1564286782      -0.03      0.563   39.47966  -73.07070    32.9113  1025.9552    25.7050     6.6090 0.0000e+00
     55.000     6.6143    32.7627  1025.9630     1.9637     5.1017     73.815   -0.00190    6.91151    6.92148      7.935     0.1111   12.41118   3.293019 2.5099e-11    25.7082    25.7075 1.0000e-12     55.433          1       2384    1475.26 3.9495e+00  52087.328     99.271 1564286784       0.03      0.524   39.47966  -73.07070    32.9120  1025.9602    25.7054     6.6095 0.0000e+00
     56.000     6.6166    32.7636  1025.9681     1.9616     5.0984     73.767   -0.00157    6.91145    6.92142      7.934     0.1274   12.41109   3.293461 2.5320e-11    25.7086    25.7080 1.0000e-12     56.437          1       2416    1475.28 3.9495e+00  52088.706    100.644 1564286785       0.16      0.687   39.47966  -73.07070    32.9141  1025.9663    25.7068     6.6118 0.0000e+00
     57.000     6.6191    32.7646  1025.9731     1.9600     5.0974     73.754   -0.00120    6.91137    6.92134      7.935     0.1257   12.41096   3.293907 2.5128e-11    25.7090    25.7084 1.0000e-12     57.442          1       2451    1475.31 3.9495e+00  52090.061    102.077 1564286787      -0.09      0.732   39.47967  -73.07070    32.9162  1025.9722    25.7081     6.6141 0.0000e+00
     58.000     6.6206    32.7644  1025.9774     1.9584     5.0965     73.741   -0.00082    6.91131    6.92128 -9.990e-29     0.1227   12.41087   3.294129 2.5327e-11    25.7087    25.7080 1.0000e-12     58.455          1       2497    1475.34 3.9495e+00  52090.029    104.001 1564286789      -0.03      0.508   39.47968  -73.07070    32.9168  1025.9771    25.7084     6.6155 0.0000e+00
     59.000     6.6208    32.7636  1025.9814     1.9566     5.0879     73.615   -0.00110    6.91142    6.92138 -9.990e-29     0.1312   12.41106   3.294193 -9.990e-29    25.7081    25.7074 1.0000e-12     59.462          1       2536    1475.35 3.8416e+00  52089.672    105.643 1564286790       0.08      0.604   39.47969  -73.07070    32.9168  1025.9817    25.7084     6.6157 0.0000e+00
     60.000     6.6210    32.7630  1025.9856     1.9551     5.0841     73.564   -0.00101    6.91104    6.92100 -9.990e-29     0.1189   12.41042   3.294219 -9.990e-29    25.7076    25.7069 1.0000e-12     60.469          1       2575    1475.37 2.7146e+00  52089.384    107.230 1564286792      -0.02      0.640   39.47970  -73.07070    32.9164  1025.9861    25.7081     6.6157 0.0000e+00
     61.000     6.6212    32.7624  1025.9897     1.9543     5.0882     73.626   -0.00041    6.91097    6.92093      7.925     0.1295   12.41031   3.294300 9.1666e+04    25.7071    25.7064 1.0000e-12     61.478          1       2615    1475.38 1.9328e-01  52089.203    108.932 1564286793      -0.01      0.591   39.47970  -73.07070    32.9166  1025.9908    25.7082     6.6159 0.0000e+00
     62.000     6.6231    32.7632  1025.9947     1.9528     5.0778     73.472   -0.00095    6.91122    6.92118      7.923     0.1235   12.41073   3.294591 1.3475e+03    25.7075    25.7068 1.0000e-12     62.483          1       2653    1475.41 3.8951e+00  52090.476    110.497 1564286795       0.04      0.638   39.47971  -73.07070    32.9175  1025.9959    25.7087     6.6177 0.0000e+00
     63.000     6.6230    32.7626  1025.9989     1.9527     5.0862     73.595   -0.00013    6.91111    6.92107      7.921     0.1255   12.41055   3.294592 8.4973e+04    25.7070    25.7063 1.0000e-12     63.490          1       2697    1475.43 6.5800e-01  52090.382    112.318 1564286797      -0.06      0.562   39.47972  -73.07070    32.9171  1026.0002    25.7084     6.6175 0.0000e+00
     64.000     6.6242    32.7598  1026.0011     1.9519     5.0817     73.531   -0.00003    6.91101    6.92097      7.909     0.1368   12.41043   3.294572 7.0708e+04    25.7046    25.7039 1.0000e-12     64.498          1       3366    1475.44 2.0265e+00  52086.611    140.212 1564286825      -0.15      0.063   39.47984  -73.07070    32.9152  1026.0033    25.7068     6.6186 0.0000e+00
     63.000     6.6218    32.7576  1025.9951     1.9517     5.0846     73.566    0.00008    6.91152    6.92148      7.906     0.1203   12.41129   3.294102 1.7461e+04    25.7033    25.7026 1.0000e-12     63.492          1       3663    1475.41 3.0644e+00  52083.545    152.599 1564286837      -0.18     -0.304   39.47991  -73.07070    32.9129  1025.9971    25.7052     6.6163 0.0000e+00
     62.000     6.6224    32.7577  1025.9905 -9.990e-29     5.0877     73.614    0.00030    6.91125    6.92121      7.907     0.1258   12.41084   3.294123 -2.752e+02    25.7032    25.7025 1.0000e-12     62.484          1       3669    1475.40 3.9610e+00  52082.740    152.842 1564286837      -0.17     -0.591   39.47990  -73.07070    32.9130  1025.9925    25.7053     6.6170 0.0000e+00
     61.000     6.6227    32.7577  1025.9858 -9.990e-29     5.0855     73.585    0.00016    6.91112    6.92108      7.907     0.1279   12.41063   3.294119 2.6177e-11    25.7032    25.7025 1.0000e-12     61.476          1       3701    1475.38 3.9495e+00  52081.980    154.167 1564286839      -0.07     -0.732   39.47990  -73.07070    32.9131  1025.9879    25.7053     6.6174 0.0000e+00
     60.000     6.6231    32.7577  1025.9811 -9.990e-29     5.0811     73.521   -0.00018    6.91104    6.92099      7.907     0.1446   12.41048   3.294103 2.6088e-11    25.7031    25.7025 1.0000e-12     60.472          1       3732    1475.37 3.9495e+00  52081.239    155.445 1564286840      -0.00     -0.790   39.47992  -73.07070    32.9131  1025.9832    25.7052     6.6179 0.0000e+00
     59.000     6.6240    32.7580  1025.9766 -9.990e-29     5.0820     73.535   -0.00001    6.91101    6.92097      7.907     0.1215   12.41045   3.294168 2.5354e-11    25.7032    25.7025 1.0000e-12     59.463          1       3775    1475.36 3.9495e+00  52080.629    157.230 1564286842       0.16     -0.593   39.47992  -73.07070    32.9134  1025.9787    25.7053     6.6189 0.0000e+00
     58.000     6.6242    32.7578  1025.9717 -9.990e-29     5.0812     73.522   -0.00004    6.91103    6.92098      7.907     0.1274   12.41048   3.294127 2.5320e-11    25.7030    25.7024 1.0000e-12     58.445          1       3824    1475.34 3.9495e+00  52079.632    159.273 1564286844      -0.19     -0.447   39.47992  -73.07070    32.9133  1025.9738    25.7052     6.6192 0.0000e+00
     57.000     6.6251    32.7577  1025.9669 -9.990e-29     5.0931     73.693    0.00075    6.91123    6.92119      7.907     0.1282   12.41083   3.294139 2.5320e-11    25.7028    25.7022 1.0000e-12     57.452          1       3851    1475.33 3.9495e+00  52078.577    160.419 1564286845      -0.19     -0.782   39.47994  -73.07070    32.9130  1025.9689    25.7048     6.6202 0.0000e+00
     56.000     6.6244    32.7574  1025.9621 -9.990e-29     5.0849     73.559   -0.00001    6.91274    6.92271      7.907     0.1277   12.41337   3.294016 2.5320e-11    25.7026    25.7020 1.0000e-12     56.434          1       3898    1475.31 3.9495e+00  52077.613    162.388 1564286847       0.22     -0.522   39.47994  -73.07070    32.9128  1025.9642    25.7047     6.6196 0.0000e+00
     55.000     6.6214    32.7546  1025.9557     1.9536     5.0869     73.568    0.00007    6.91459    6.92458      7.907     0.1370   12.41651   3.293392 2.5320e-11    25.7009    25.7002 1.0000e-12     55.428          1       3937    1475.28 3.9495e+00  52073.770    164.009 1564286849      -0.28     -0.598   39.47995  -73.07071    32.9093  1025.9572    25.7024     6.6166 0.0000e+00
     54.000     6.6160    32.7515  1025.9493     1.9544     5.0958     73.669    0.00047    6.91706    6.92708      7.907     0.1437   12.42070   3.292623 2.6023e-11    25.6991    25.6985 1.0000e-12     54.425          1       3968    1475.23 3.9495e+00  52070.107    165.295 1564286850      -0.00     -0.787   39.47996  -73.07072    32.9064  1025.9510    25.7008     6.6113 0.0000e+00
     53.000     6.6059    32.7450  1025.9409     1.9549     5.0973     73.671    0.00037    6.91891    6.92895      7.907     0.1618   12.42385   3.291011 2.5322e-11    25.6953    25.6947 1.0000e-12     53.414          1       4009    1475.17 3.9495e+00  52062.881    166.996 1564286852       0.11     -0.610   39.47996  -73.07070    32.8988  1025.9417    25.6961     6.6013 0.0000e+00
     52.000     6.5883    32.7338  1025.9297     1.9545     5.0891     73.558   -0.00016    6.91847    6.92850      7.906     0.1610   12.42323   3.288425 2.5320e-11    25.6887    25.6881 1.0000e-12     52.405          1       4056    1475.07 3.9495e+00  52050.971    168.963 1564286853       0.03     -0.512   39.47998  -73.07070    32.8876  1025.9305    25.6896     6.5838 0.0000e+00
     51.000     6.5769    32.7248  1025.9194     1.9550     5.0755     73.581    0.00007    6.89782    6.90754      7.907     0.2324   12.38900   3.286476 2.5320e-11    25.6831    25.6825 1.0000e-12     51.394          1       4098    1475.00 3.9495e+00  52040.502    170.696 1564286855      -0.15     -0.556   39.47998  -73.07070    32.8774  1025.9194    25.6831     6.5724 0.0000e+00
     50.000     6.5813    32.7186  1025.9094     1.9616     5.1108     74.380    0.00341    6.87124    6.88058      7.912     0.2803   12.34484   3.286776 2.5320e-11    25.6776    25.6770 1.0000e-12     50.393          1       4128    1474.99 3.9495e+00  52029.649    171.959 1564286857      -0.09     -0.765   39.47998  -73.07070    32.8770  1025.9139    25.6821     6.5769 0.0000e+00
     49.000     6.6993    32.7301  1025.8983     1.9816     5.2370     76.563    0.01164    6.84013    6.84899      7.926     0.3968   12.29332   3.298484 2.5320e-11    25.6713    25.6708 1.0000e-12     49.382          1       4165    1475.45 3.9495e+00  52013.257    173.496 1564286858       0.11     -0.685   39.48000  -73.07070    32.8937  1025.9069    25.6800     6.6950 0.0000e+00
     48.000     6.9038    32.7536  1025.8850     2.0182     5.4313     79.727    0.02101    6.81240    6.82084      7.939     0.4795   12.24753   3.319439 2.6569e-11    25.6629    25.6624 1.0000e-12     48.375          1       4205    1476.26 3.9495e+00  51991.366    175.165 1564286860      -0.00     -0.604   39.48000  -73.07070    32.9292  1025.9029    25.6809     6.8995 0.0000e+00
     47.000     7.1451    32.7602  1025.8529     2.0729     5.6659     83.434    0.02798    6.79096    6.79908      7.961     0.5620   12.21205   3.341003 2.5289e-11    25.6357    25.6351 1.0000e-12     47.365          1       4252    1477.20 3.9495e+00  51936.513    177.130 1564286862       0.07     -0.513   39.48000  -73.07070    32.9355  1025.8707    25.6535     7.1408 0.0000e+00
     46.000     7.2953    32.7556  1025.8240     2.1189     5.7949     85.580    0.02733    6.77127    6.77911      7.978     0.6311   12.17941   3.353266 2.5320e-11    25.6116    25.6110 1.0000e-12     46.353          1       4293    1477.76 3.9495e+00  51890.619    178.833 1564286863      -0.20     -0.560   39.48002  -73.07070    32.9267  1025.8386    25.6262     7.2910 0.0000e+00
     45.000     7.3715    32.7642  1025.8155     2.1450     5.8424     86.368    0.02393    6.76453    6.77226      7.984     0.6316   12.16823   3.361204 2.5320e-11    25.6078    25.6072 1.0000e-12     45.354          1       4321    1478.04 3.9495e+00  51882.821    179.990 1564286865      -0.13     -0.812   39.48002  -73.07070    32.9409  1025.8346    25.6269     7.3673 0.0000e+00
