CalculateIndicators/WaterTemperature/Data/CTD_NYOS/NYOS190728_6_5.cnv
* Sea-Bird SBE 9 Data File:
* FileName = C:\Seabird 9 CTD\Data\2019\201907_offshore\NYOS190728_6_5.hex
* Software Version Seasave V 7.23.2
* Temperature SN = 4590
* Conductivity SN = 3228
* Number of Bytes Per Scan = 44
* Number of Voltage Words = 5
* Number of Scans Averaged by the Deck Unit = 1
* NMEA Latitude = 39 07.97 N
* NMEA Longitude = 072 56.60 W
* NMEA UTC (Time) = Jul 28 2019  08:49:34
* NMEA baud rate = 4800
** Ship: Seawolf
** Station: 6.5
** Operator: lis
# nquan = 35
# nvalues = 154                         
# units = specified
# name 0 = depSM: Depth [salt water, m]
# name 1 = t090C: Temperature [ITS-90, deg C]
# name 2 = sal00: Salinity, Practical [PSU]
# name 3 = density00: Density [density, kg/m^3]
# name 4 = sbeox0V: Oxygen raw, SBE 43 [V]
# name 5 = sbeox0ML/L: Oxygen, SBE 43 [ml/l]
# name 6 = sbeox0PS: Oxygen, SBE 43 [% saturation]
# name 7 = sbox0dV/dT: Oxygen, SBE 43 [dov/dt]
# name 8 = oxsolML/L: Oxygen Saturation, Garcia & Gordon [ml/l]
# name 9 = oxsatML/L: Oxygen Saturation, Weiss [ml/l]
# name 10 = ph: pH
# name 11 = flECO-AFL: Fluorescence, WET Labs ECO-AFL/FL [mg/m^3]
# name 12 = n2satML/L: Nitrogen Saturation [ml/l]
# name 13 = c0S/m: Conductivity [S/m]
# name 14 = cpar: CPAR/Corrected Irradiance [%]
# name 15 = sigma-é00: Density [sigma-theta, kg/m^3]
# name 16 = sigma-t00: Density [sigma-t, kg/m^3 ]
# name 17 = par: PAR/Irradiance, Biospherical/Licor
# name 18 = prDM: Pressure, Digiquartz [db]
# name 19 = pumps: Pump Status
# name 20 = scan: Scan Count
# name 21 = svCM: Sound Velocity [Chen-Millero, m/s]
# name 22 = spar: SPAR, Biospherical/Licor
# name 23 = specc: Specific Conductance [uS/cm]
# name 24 = timeS: Time, Elapsed [seconds]
# name 25 = timeY: Time, System [seconds]
# name 26 = accM: Acceleration [m/s^2]
# name 27 = dz/dtM: Descent Rate [m/s]
# name 28 = latitude: Latitude [deg]
# name 29 = longitude: Longitude [deg]
# name 30 = gsw_saA0: Absolute Salinity [g/kg]
# name 31 = gsw_densityA0: density, TEOS-10 [density, kg/m^3]
# name 32 = gsw_sigma0A0: density, TEOS-10 [sigma-0, kg/m^3 ]
# name 33 = gsw_ptA0: potential temperature [ITS-90, deg C]
# name 34 = flag: flag
# span 0 =      1.000,     78.000       
# span 1 =     8.0470,    25.9043       
# span 2 =    30.6498,    37.3291       
# span 3 =  1019.7990,  1027.4416       
# span 4 =     1.7904,     2.8963       
# span 5 =     3.0114,     8.2547       
# span 6 =     62.976,    137.082       
# span 7 =   -0.05550,    0.31717       
# span 8 =    4.78000,    6.68140       
# span 9 =    4.76751,    6.68811       
# span 10 =      7.997,      8.240      
# span 11 =    -0.0106,     1.5272      
# span 12 =    8.89416,   12.02855      
# span 13 =   3.436098,   4.823786      
# span 14 = -4.273e+03, 1.0166e+05      
# span 15 =    19.7904,    27.3762      
# span 16 =    19.7903,    27.3756      
# span 17 = -8.586e-05, 3.3874e-01      
# span 18 =      1.011,     78.602      
# span 19 =          0,          1      
# span 20 =        355,       8278      
# span 21 =    1480.97,    1532.17      
# span 22 = -6.572e-02, 4.1260e+00      
# span 23 =  47134.409,  56645.832      
# span 24 =     14.744,    344.858      
# span 25 = 1564303789, 1564304119      
# span 26 =      -0.63,       0.45      
# span 27 =     -0.963,      1.061      
# span 28 =   39.13292,   39.13359      
# span 29 =  -72.94332,  -72.94130      
# span 30 =    30.7981,    37.3365      
# span 31 =  1019.8045,  1027.3159      
# span 32 =    19.7959,    27.2500      
# span 33 =     8.0420,    25.9041      
# span 34 = 0.0000e+00, 0.0000e+00      
# interval = meters: 1                  
# start_time = Jul 28 2019 08:49:34 [System UTC, first data scan.]
# bad_flag = -9.990e-29
*END*
[from data line 83]
     71.000     8.8488    33.4006  1026.2154     2.1135     5.3442     81.709    0.00294    6.54050    6.54562      8.004     0.0242   11.79037   3.551095 2.5320e-11    25.8907    25.8895 1.0000e-12     71.560          1       4784    1484.85 3.9495e+00  52454.987    199.283 1564303974       0.22     -0.707   39.13328  -72.94210    33.5568  1026.2168    25.8919     8.8413 0.0000e+00
     70.000     8.8628    33.4001  1026.2082     2.1200     5.3801     81.990    0.00256    6.56189    6.56725      8.011     0.0394   11.82646   3.552427 2.5320e-11    25.8880    25.8869 1.0000e-12     70.535          1       4843    1484.88 3.9495e+00  52450.467    201.740 1564303976      -0.16     -0.293   39.13328  -72.94209    33.5580  1026.2108    25.8907     8.8554 0.0000e+00
     69.000     8.8782    33.3990  1026.2004     2.1227     5.4277     82.217    0.00288    6.60165    6.60750      8.010     0.0317   11.89322   3.553562 2.5320e-11    25.8848    25.8836 1.0000e-12     69.542          1       4868    1484.92 3.9495e+00  52444.914    202.776 1564303977      -0.33     -0.763   39.13328  -72.94208    33.5559  1026.2023    25.8867     8.8709 0.0000e+00
     68.000     8.8074    33.3628  1026.1785     2.1289     5.4582     82.638    0.00366    6.60492    6.61082      8.006     0.0330   11.89870   3.541928 2.5320e-11    25.8673    25.8662 1.0000e-12     68.535          1       4900    1484.60 3.9495e+00  52408.706    204.138 1564303978       0.14     -0.799   39.13329  -72.94208    33.5009  1026.1658    25.8547     8.8003 0.0000e+00
     67.000     8.5022    33.2549  1026.1368     2.1476     5.5504     84.210    0.00846    6.59116    6.59685      8.007     0.0381   11.87602   3.505040 -9.990e-29    25.8297    25.8286 1.0000e-12     67.524          1       4951    1483.31 3.9495e+00  52323.942    206.267 1564303981       0.12     -0.487   39.13330  -72.94205    33.4009  1026.1304    25.8233     8.4953 0.0000e+00
     66.000     8.5304    33.2480  1026.1224     2.1659     5.5808     84.927    0.00741    6.57125    6.57665      8.013     0.0326   11.84298   3.507464 2.5320e-11    25.8200    25.8190 1.0000e-12     66.505          1       5007    1483.39 3.9495e+00  52307.250    208.597 1564303983      -0.24     -0.378   39.13330  -72.94204    33.4004  1026.1211    25.8187     8.5236 0.0000e+00
     65.000     8.5797    33.2363  1026.1011     2.1743     5.6050     85.387    0.00783    6.56418    6.56948      8.014     0.0436   11.83127   3.511428 2.5320e-11    25.8033    25.8023 1.0000e-12     65.508          1       5032    1483.55 3.9495e+00  52278.907    209.636 1564303984      -0.31     -0.799   39.13330  -72.94204    33.3962  1026.1057    25.8079     8.5730 0.0000e+00
     64.000     8.6593    33.2422  1026.0889     2.1848     5.6479     86.063    0.00896    6.56249    6.56778      8.018     0.0559   11.82846   3.519164 2.5320e-11    25.7957    25.7947 1.0000e-12     64.504          1       5059    1483.83 3.9495e+00  52268.288    210.761 1564303985       0.03     -0.918   39.13330  -72.94203    33.4030  1026.0942    25.8011     8.6527 0.0000e+00
     63.000     8.7390    33.2516  1026.0793     2.1978     5.6932     86.567    0.00783    6.57659    6.58204      8.019     0.0577   11.85221   3.527159 2.5320e-11    25.7908    25.7898 1.0000e-12     63.492          1       5101    1484.13 3.9495e+00  52263.413    212.498 1564303987       0.21     -0.620   39.13330  -72.94201    33.4125  1026.0847    25.7963     8.7324 0.0000e+00
     62.000     8.7508    33.2480  1026.0701     2.2052     5.7130     86.436    0.00397    6.60955    6.61543      8.019     0.0636   11.90731   3.527395 -9.990e-29    25.7862    25.7852 1.0000e-12     62.481          1       5146    1484.15 3.9495e+00  52255.035    214.362 1564303989      -0.18     -0.522   39.13330  -72.94200    33.4043  1026.0719    25.7881     8.7444 0.0000e+00
     61.000     8.6434    33.2074  1026.0502     2.2112     5.7433     86.695    0.00359    6.62469    6.63076      8.016     0.0671   11.93272   3.512772 2.5320e-11    25.7708    25.7699 1.0000e-12     61.477          1       5181    1483.68 3.9495e+00  52221.045    215.821 1564303990       0.01     -0.688   39.13330  -72.94199    33.3520  1026.0431    25.7637     8.6371 0.0000e+00
     60.000     8.4578    33.1628  1026.0392     2.2208     5.8076     87.504    0.00586    6.63694    6.64317      8.015     0.0566   11.95315   3.491864 2.5320e-11    25.7640    25.7631 1.0000e-12     60.464          1       5221    1482.92 3.9495e+00  52198.653    217.481 1564303992       0.01     -0.598   39.13330  -72.94198    33.3067  1026.0316    25.7564     8.4516 0.0000e+00
     59.000     8.3688    33.1346  1026.0260     2.2271     5.8296     87.695    0.00492    6.64762    6.65398      8.014     0.0406   11.97105   3.481478 2.5320e-11    25.7554    25.7545 1.0000e-12     59.464          1       5255    1482.53 3.9495e+00  52178.833    218.917 1564303993      -0.03     -0.692   39.13330  -72.94198    33.2810  1026.0204    25.7497     8.3629 0.0000e+00
     58.000     8.2741    33.1128  1026.0186     2.2302     5.8172     87.338    0.00129    6.66050    6.66703      8.013     0.0634   11.99265   3.470737 2.5320e-11    25.7524    25.7515 1.0000e-12     58.449          1       5304    1482.13 3.9495e+00  52168.862    220.957 1564303995       0.09     -0.478   39.13331  -72.94197    33.2569  1026.0112    25.7450     8.2682 0.0000e+00
     57.000     8.1980    33.0892  1026.0069     2.2323     5.8221     87.407    0.00112    6.66088    6.66740      8.012     0.0573   11.99338   3.461804 2.5320e-11    25.7451    25.7443 1.0000e-12     57.443          1       5346    1481.80 3.9495e+00  52152.477    222.707 1564303997      -0.05     -0.577   39.13332  -72.94195    33.2342  1026.0002    25.7385     8.1923 0.0000e+00
     56.000     8.1353    33.0690  1025.9957     2.2364     5.8287     87.780    0.00260    6.64017    6.64639      8.012     0.0608   11.95903   3.454327 2.5320e-11    25.7384    25.7376 1.0000e-12     56.435          1       5383    1481.52 3.9495e+00  52137.753    224.266 1564303998      -0.08     -0.630   39.13332  -72.94194    33.2142  1025.9894    25.7321     8.1298 0.0000e+00
     55.000     8.1507    33.0643  1025.9852     2.2368     5.7985     87.514    0.00085    6.62579    6.63180      8.015     0.0711   11.93539   3.456149 2.7463e-11    25.7325    25.7317 1.0000e-12     55.426          1       5419    1481.55 3.9495e+00  52126.845    225.752 1564304000       0.03     -0.687   39.13332  -72.94194    33.2196  1025.9867    25.7340     8.1452 0.0000e+00
     54.000     8.2593    33.0715  1025.9700     2.2347     5.7771     87.087   -0.00144    6.63371    6.63981      8.015     0.0867   11.94873   3.467289 2.5290e-11    25.7221    25.7213 1.0000e-12     54.418          1       5451    1481.96 3.9495e+00  52111.296    227.082 1564304001      -0.13     -0.711   39.13332  -72.94192    33.2361  1025.9788    25.7308     8.2539 0.0000e+00
     53.000     8.3923    33.0729  1025.9465     2.2357     5.8171     87.361   -0.00007    6.65866    6.66508      8.014     0.0998   11.99046   3.478553 2.5320e-11    25.7033    25.7025 1.0000e-12     53.415          1       5479    1482.44 3.9495e+00  52081.838    228.239 1564304002      -0.05     -0.858   39.13332  -72.94192    33.2306  1025.9500    25.7068     8.3869 0.0000e+00
     52.000     8.3134    33.0388  1025.9270     2.2380     5.8445     87.673    0.00129    6.66625    6.67276      8.011     0.1208   12.00320   3.467482 2.5320e-11    25.6883    25.6875 1.0000e-12     52.408          1       5519    1482.09 3.9495e+00  52050.944    229.918 1564304004       0.19     -0.653   39.13332  -72.94190    33.1879  1025.9238    25.6851     8.3082 0.0000e+00
     51.000     8.1193    32.9900  1025.9131     2.2490     5.8824     88.629    0.00466    6.63706    6.64313      8.012     0.2179   11.95513   3.445609 2.5320e-11    25.6788    25.6780 1.0000e-12     51.388          1       5588    1481.28 3.9495e+00  52025.796    232.790 1564304007      -0.12     -0.254   39.13332  -72.94188    33.1387  1025.9097    25.6754     8.1143 0.0000e+00
     50.000     8.1252    32.9695  1025.8916     2.2546     5.8996     88.916    0.00479    6.63502    6.64106      8.015     0.2531   11.95177   3.445067 -9.990e-29    25.6617    25.6610 1.0000e-12     50.388          1       5617    1481.26 3.9495e+00  51994.517    234.011 1564304008      -0.33     -0.680   39.13332  -72.94188    33.1278  1025.8958    25.6660     8.1202 0.0000e+00
     49.000     8.3105    32.9756  1025.8641     2.2580     5.8952     88.831    0.00304    6.63645    6.64250      8.015     0.2420   11.95430   3.462542 -9.990e-29    25.6392    25.6385 1.0000e-12     49.385          1       5648    1481.95 3.3361e+00  51960.412    235.278 1564304009       0.07     -0.831   39.13332  -72.94188    33.1395  1025.8728    25.6478     8.3056 0.0000e+00
     48.000     8.3513    32.9684  1025.8478     2.2605     5.8970     88.750    0.00159    6.64454    6.65068 -9.990e-29     0.2785   11.96800   3.465000 2.5320e-11    25.6275    25.6268 1.0000e-12     48.372          1       5689    1482.08 3.4333e+00  51939.774    236.992 1564304011       0.07     -0.591   39.13332  -72.94187    33.1277  1025.8528    25.6325     8.3465 0.0000e+00
     47.000     8.3398    32.9548  1025.8342     2.2599     5.8811     88.468   -0.00020    6.64772    6.65389 -9.990e-29     0.2996   11.97336   3.462225 2.5320e-11    25.6185    25.6178 1.0000e-12     47.360          1       5727    1482.00 3.9765e+00  51922.463    238.601 1564304013      -0.08     -0.606   39.13332  -72.94185    33.1095  1025.8358    25.6200     8.3350 0.0000e+00
     46.000     8.3011    32.9325  1025.8180     2.2594     5.8766     88.405   -0.00042    6.64734    6.65351 -9.990e-29     0.3150   11.97275   3.456540 2.5320e-11    25.6067    25.6060 1.0000e-12     46.365          1       5759    1481.81 3.9495e+00  51898.896    239.900 1564304014      -0.01     -0.754   39.13332  -72.94184    33.0860  1025.8186    25.6074     8.2965 0.0000e+00
     45.000     8.2778    32.9196  1025.8067     2.2588     5.8750     88.383   -0.00016    6.64721    6.65337      8.015     0.3017   11.97259   3.453496 2.5320e-11    25.6001    25.5994 1.0000e-12     45.340          1       5828    1481.69 3.9495e+00  51885.374    242.785 1564304017       0.11     -0.213   39.13334  -72.94182    33.0760  1025.8096    25.6030     8.2733 0.0000e+00
     44.000     8.2833    32.9192  1025.8010     2.2588     5.8688     88.372   -0.00009    6.64103    6.64710      8.015     0.3075   11.96239   3.453823 2.5320e-11    25.5990    25.5983 1.0000e-12     44.339          1       5859    1481.69 3.9495e+00  51882.929    244.095 1564304018      -0.38     -0.666   39.13334  -72.94182    33.0748  1025.8033    25.6012     8.2789 0.0000e+00
     43.000     8.2831    32.9167  1025.7944     2.2592     5.8515     88.373    0.00001    6.62135    6.62712      8.016     0.3075   11.92995   3.453562 2.5766e-11    25.5970    25.5963 1.0000e-12     43.337          1       5885    1481.67 3.9495e+00  51878.663    245.172 1564304019      -0.08     -0.916   39.13334  -72.94182    33.0726  1025.7971    25.5996     8.2788 0.0000e+00
     42.000     8.3216    32.9143  1025.7822     2.2645     5.8901     89.013    0.00277    6.61709    6.62279      8.019     0.3698   11.92298   3.457251 2.6529e-11    25.5894    25.5887 1.0000e-12     42.331          1       5922    1481.80 3.9495e+00  51865.868    246.698 1564304021       0.19     -0.728   39.13334  -72.94181    33.0761  1025.7894    25.5966     8.3174 0.0000e+00
     41.000     8.5145    32.8997  1025.7371     2.2776     5.9275     89.844    0.00443    6.59748    6.60289      8.025     0.4921   11.89059   3.472946 2.5110e-11    25.5490    25.5484 1.0000e-12     41.313          1       5996    1482.49 3.9495e+00  51800.625    249.775 1564304024      -0.02     -0.225   39.13336  -72.94180    33.0619  1025.7447    25.5567     8.5103 0.0000e+00
     40.000     8.5564    32.9061  1025.7311     2.2895     5.9633     90.669    0.00649    6.57699    6.58207      8.036     0.7699   11.85723   3.477354 2.5320e-11    25.5477    25.5471 1.0000e-12     40.308          1       6038    1482.64 3.9495e+00  51799.990    251.561 1564304026      -0.16     -0.574   39.13336  -72.94180    33.0696  1025.7398    25.5564     8.5523 0.0000e+00
     39.000     8.6396    32.8925  1025.7031     2.3068     6.0526     92.143    0.01115    6.56871    6.57365      8.046     0.9284   11.84380   3.483877 2.5320e-11    25.5244    25.5238 1.0000e-12     39.301          1       6071    1482.92 3.9495e+00  51761.532    252.936 1564304027      -0.06     -0.712   39.13336  -72.94179    33.0611  1025.7158    25.5371     8.6356 0.0000e+00
     38.000     8.7568    32.8641  1025.6583     2.3327     6.1867     94.349    0.01809    6.55724    6.56200      8.055     1.1028   11.82511   3.491322 2.5320e-11    25.4841    25.4835 1.0000e-12     38.294          1       6103    1483.30 3.9495e+00  51694.739    254.233 1564304028      -0.02     -0.771   39.13336  -72.94178    33.0305  1025.6694    25.4953     8.7528 0.0000e+00
     37.000     8.8267    32.8376  1025.6221     2.3635     6.3155     96.367    0.02174    6.55353    6.55823      8.063     1.2139   11.81900   3.494966 2.6469e-11    25.4526    25.4521 1.0000e-12     37.291          1       6136    1483.51 3.9495e+00  51641.580    255.633 1564304030       0.07     -0.744   39.13338  -72.94177    33.0041  1025.6335    25.4640     8.8228 0.0000e+00
     36.000     8.9534    32.8050  1025.5723     2.4120     6.4300     98.254    0.01822    6.54429    6.54884      8.072     1.4960   11.80395   3.503011 2.5645e-11    25.4075    25.4069 1.0000e-12     36.273          1       6198    1483.93 3.9495e+00  51567.500    258.209 1564304032       0.11     -0.327   39.13338  -72.94176    32.9710  1025.5835    25.4187     8.9496 0.0000e+00
     35.000     8.9659    32.8105  1025.5701     2.4336     6.4512     98.680    0.01367    6.53744    6.54184      8.078     1.5163   11.79331   3.504485 2.5319e-11    25.4098    25.4092 1.0000e-12     35.265          1       6236    1483.96 3.9495e+00  51572.029    259.797 1564304034      -0.46     -0.588   39.13339  -72.94176    32.9753  1025.5802    25.4200     8.9622 0.0000e+00
     34.000     9.0052    32.7961  1025.5481     2.4494     6.4849     99.580    0.01494    6.51230    6.51636      8.081     1.3739   11.75157   3.506630 2.5320e-11    25.3924    25.3919 1.0000e-12     34.268          1       6259    1484.07 3.9495e+00  51542.689    260.763 1564304035      -0.22     -0.962   39.13340  -72.94175    32.9616  1025.5589    25.4033     9.0017 0.0000e+00
     33.000     9.0576    32.7556  1025.5036     2.4736     6.5683    101.091    0.01756    6.49744    6.50128      8.090     1.3590   11.72712   3.507240 2.5320e-11    25.3525    25.3520 1.0000e-12     33.260          1       6292    1484.20 3.9495e+00  51473.759    262.107 1564304036       0.22     -0.844   39.13340  -72.94174    32.9200  1025.5138    25.3627     9.0541 0.0000e+00
     32.000     9.2994    32.7408  1025.4490     2.5125     6.6627    102.899    0.01715    6.47508    6.47858      8.107     1.1809   11.69044   3.528176 2.5320e-11    25.3028    25.3023 1.0000e-12     32.246          1       6346    1485.06 3.9495e+00  51402.456    264.377 1564304039       0.08     -0.428   39.13340  -72.94173    32.9149  1025.4669    25.3206     9.2960 0.0000e+00
     31.000     9.4430    32.7276  1025.4111     2.5486     6.7103    104.456    0.01646    6.42400    6.42679      8.122     0.8610   11.60618   3.539458 2.8620e-11    25.2694    25.2689 1.0000e-12     31.231          1       6397    1485.55 3.9495e+00  51353.384    266.482 1564304041      -0.17     -0.465   39.13340  -72.94172    32.9000  1025.4277    25.2862     9.4396 0.0000e+00
