CalculateIndicators/WaterTemperature/Data/CTD_NYOS/NYOS1910_C08.cnv
* Sea-Bird SBE 9 Data File:
* FileName = C:\Seabird 9 CTD\Data\2019\201910_offhore\NYOS1910_C08.hex
* Software Version Seasave V 7.23.2
* Temperature SN = 4590
* Conductivity SN = 3228
* Number of Bytes Per Scan = 44
* Number of Voltage Words = 5
* Number of Scans Averaged by the Deck Unit = 1
* NMEA Latitude = 40 16.99 N
* NMEA Longitude = 071 58.69 W
* NMEA UTC (Time) = Oct 07 2019  02:47:03
* NMEA baud rate = 4800
** Ship: seawolf
** Station: 2.3
** Operator: SW
# nquan = 35
# nvalues = 108                         
# units = specified
# name 0 = depSM: Depth [salt water, m]
# name 1 = t090C: Temperature [ITS-90, deg C]
# name 2 = sal00: Salinity, Practical [PSU]
# name 3 = density00: Density [density, kg/m^3]
# name 4 = sbeox0V: Oxygen raw, SBE 43 [V]
# name 5 = sbeox0ML/L: Oxygen, SBE 43 [ml/l]
# name 6 = sbeox0PS: Oxygen, SBE 43 [% saturation]
# name 7 = sbox0dV/dT: Oxygen, SBE 43 [dov/dt]
# name 8 = oxsolML/L: Oxygen Saturation, Garcia & Gordon [ml/l]
# name 9 = oxsatML/L: Oxygen Saturation, Weiss [ml/l]
# name 10 = ph: pH
# name 11 = flECO-AFL: Fluorescence, WET Labs ECO-AFL/FL [mg/m^3]
# name 12 = n2satML/L: Nitrogen Saturation [ml/l]
# name 13 = c0S/m: Conductivity [S/m]
# name 14 = cpar: CPAR/Corrected Irradiance [%]
# name 15 = sigma-é00: Density [sigma-theta, kg/m^3]
# name 16 = sigma-t00: Density [sigma-t, kg/m^3 ]
# name 17 = par: PAR/Irradiance, Biospherical/Licor
# name 18 = prDM: Pressure, Digiquartz [db]
# name 19 = pumps: Pump Status
# name 20 = scan: Scan Count
# name 21 = svCM: Sound Velocity [Chen-Millero, m/s]
# name 22 = spar: SPAR, Biospherical/Licor
# name 23 = specc: Specific Conductance [uS/cm]
# name 24 = timeS: Time, Elapsed [seconds]
# name 25 = timeY: Time, System [seconds]
# name 26 = accM: Acceleration [m/s^2]
# name 27 = dz/dtM: Descent Rate [m/s]
# name 28 = latitude: Latitude [deg]
# name 29 = longitude: Longitude [deg]
# name 30 = gsw_saA0: Absolute Salinity [g/kg]
# name 31 = gsw_densityA0: density, TEOS-10 [density, kg/m^3]
# name 32 = gsw_sigma0A0: density, TEOS-10 [sigma-0, kg/m^3 ]
# name 33 = gsw_ptA0: potential temperature [ITS-90, deg C]
# name 34 = flag: flag
# span 0 =      1.000,     55.000       
# span 1 =    11.5062,    21.0877       
# span 2 =    33.4836,    34.8773       
# span 3 =  1024.1037,  1025.9031       
# span 4 =     1.9508,     2.5253       
# span 5 =     4.4026,     5.7723       
# span 6 =     71.440,     99.182       
# span 7 =   -0.03354,    0.04673       
# span 8 =    5.07947,    6.16879       
# span 9 =    5.06900,    6.16897       
# span 10 =      8.014,      8.281      
# span 11 =     0.0808,     1.7471      
# span 12 =    9.35389,   11.17312      
# span 13 =   3.811687,   4.876353      
# span 14 = -9.648e+02, 1.2757e+05      
# span 15 =    24.0951,    25.6547      
# span 16 =    24.0949,    25.6535      
# span 17 = 1.0000e-12, 3.7614e-01      
# span 18 =      1.005,     55.400      
# span 19 =          1,          1      
# span 20 =          3,      14662      
# span 21 =    1494.41,    1524.76      
# span 22 = -1.089e+00, 3.9891e+00      
# span 23 =  51924.503,  53062.237      
# span 24 =      0.099,    610.880      
# span 25 = 1570416423, 1570417034      
# span 26 =      -1.20,       0.98      
# span 27 =     -1.184,      1.213      
# span 28 =   40.28321,   40.28529      
# span 29 =  -71.97820,  -71.97673      
# span 30 =    33.5469,    35.0732      
# span 31 =  1024.1085,  1025.8991      
# span 32 =    24.0999,    25.6509      
# span 33 =    11.4993,    21.0809      
# span 34 = 0.0000e+00, 0.0000e+00      
# interval = meters: 1                  
# start_time = Oct 07 2019 02:47:03 [System UTC, first data scan.]
# bad_flag = -9.990e-29
*END*
      2.000    20.9374    34.4538  1024.1039     2.5253     5.0568     99.081    0.00027    5.10371    5.09330      8.279     0.0813    9.39728   4.819415 1.1558e+00    24.0952    24.0951 4.5649e-02      2.042          1          3    1523.47 3.9495e+00  52450.262      0.099 1570416423       0.24     -0.404   40.28321  -71.97820    34.6173  1024.1091    24.1003    20.9370 0.0000e+00
      3.000    20.9396    34.4543  1024.1081     2.5229     5.0523     98.992    0.00040    5.10371    5.09330      8.279     0.0922    9.39727   4.819717 2.4142e+00    24.0951    24.0949 9.5348e-02      3.014          1        255    1523.49 3.9495e+00  52451.404     10.566 1570416434       0.77      0.308   40.28325  -71.97818    34.6176  1024.1129    24.0999    20.9391 0.0000e+00
      4.000    20.9383    34.4546  1024.1130     2.5206     5.0471     98.891    0.00032    5.10372    5.09331      8.279     0.0896    9.39729   4.819651 9.8892e-02    24.0956    24.0954 3.9057e-03      4.023          1        424    1523.50 3.9495e+00  52452.217     17.607 1570416441       0.44      0.769   40.28328  -71.97816    34.6178  1024.1178    24.1005    20.9375 0.0000e+00
      5.000    20.9376    34.4548  1024.1178     2.5199     5.0435     98.819   -0.00027    5.10377    5.09336      8.279     0.0957    9.39736   4.819655 2.5320e-11    24.0960    24.0958 1.0000e-12      5.037          1        479    1523.52 3.9495e+00  52453.002     19.921 1570416443      -0.21      0.534   40.28328  -71.97816    34.6180  1024.1226    24.1009    20.9367 0.0000e+00
      6.000    20.9370    34.4550  1024.1225     2.5214     5.0519     98.980    0.00056    5.10388    5.09347      8.279     0.0959    9.39755   4.819669 2.5320e-11    24.0964    24.0961 1.0000e-12      6.052          1        564    1523.53 3.9495e+00  52453.808     23.445 1570416446       0.05      0.209   40.28329  -71.97815    34.6183  1024.1274    24.1013    20.9359 0.0000e+00
      7.000    20.9370    34.4549  1024.1268     2.5192     5.0377     98.709   -0.00171    5.10364    5.09323      8.279     0.0941    9.39716   4.819687 2.5320e-11    24.0964    24.0961 1.0000e-12      7.049          1        601    1523.55 3.9495e+00  52454.190     25.012 1570416448       0.48      0.626   40.28330  -71.97814    34.6181  1024.1316    24.1012    20.9356 0.0000e+00
      8.000    20.9363    34.4551  1024.1315     2.5203     5.0490     98.934    0.00039    5.10339    5.09298      8.279     0.1016    9.39673   4.819705 -9.990e-29    24.0968    24.0964 1.0000e-12      8.062          1        653    1523.56 3.9495e+00  52454.861     27.178 1570416450      -0.22      0.487   40.28330  -71.97814    34.6184  1024.1364    24.1017    20.9348 0.0000e+00
      9.000    20.9403    34.4559  1024.1354     2.5210     5.0503     98.958    0.00021    5.10344    5.09303 -9.990e-29     0.0924    9.39681   4.820252 2.5320e-11    24.0963    24.0959 1.0000e-12      9.067          1        714    1523.59 3.9495e+00  52456.243     29.711 1570416453      -0.04      0.435   40.28330  -71.97814    34.6192  1024.1403    24.1013    20.9386 0.0000e+00
     10.000    20.9404    34.4557  1024.1397     2.5190     5.0415     98.787   -0.00112    5.10341    5.09300 -9.990e-29     0.1221    9.39677   4.820273 7.8619e+04    24.0962    24.0957 1.0000e-12     10.084          1        801    1523.61 8.4441e-01  52456.496     33.322 1570416456       0.08      0.209   40.28332  -71.97814    34.6190  1024.1445    24.1011    20.9385 0.0000e+00
     11.000    20.9405    34.4556  1024.1440     2.5196     5.0496     98.945    0.00061    5.10340    5.09299      8.279     0.0945    9.39675   4.820328 9.9929e+04    24.0963    24.0957 1.0000e-12     11.084          1        834    1523.63 2.7541e-03  52456.872     34.725 1570416458       0.28      0.620   40.28332  -71.97812    34.6190  1024.1489    24.1012    20.9384 0.0000e+00
     12.000    20.9412    34.4557  1024.1482     2.5193     5.0433     98.824   -0.00100    5.10332    5.09290      8.279     0.0953    9.39661   4.820443 3.6836e+04    24.0961    24.0955 1.0000e-12     12.091          1        898    1523.64 2.4191e+00  52457.407     37.366 1570416460       0.10      0.420   40.28332  -71.97812    34.6190  1024.1531    24.1010    20.9389 0.0000e+00
     13.000    20.9419    34.4557  1024.1524     2.5191     5.0487     98.932    0.00036    5.10325    5.09283 -9.990e-29     0.0996    9.39650   4.820572 8.4173e+02    24.0960    24.0953 1.0000e-12     13.101          1        962    1523.66 3.9147e+00  52457.868     40.043 1570416463       0.11      0.541   40.28334  -71.97812    34.6191  1024.1574    24.1009    20.9394 0.0000e+00
     14.000    20.9421    34.4554  1024.1565     2.5200     5.0513     98.981    0.00040    5.10328    5.09287 -9.990e-29     0.0888    9.39655   4.820588 2.5320e-11    24.0958    24.0950 1.0000e-12     14.104          1       1008    1523.68 3.9495e+00  52457.904     41.961 1570416465       0.09      0.552   40.28334  -71.97812    34.6187  1024.1614    24.1007    20.9395 0.0000e+00
     15.000    20.9421    34.4554  1024.1609     2.5202     5.0493     98.942   -0.00057    5.10332    5.09290 -9.990e-29     0.0946    9.39662   4.820627 2.5320e-11    24.0958    24.0950 1.0000e-12     15.123          1       1104    1523.70 3.9495e+00  52458.379     45.973 1570416469       0.92      0.442   40.28336  -71.97810    34.6187  1024.1659    24.1007    20.9392 0.0000e+00
     16.000    20.9414    34.4551  1024.1653     2.5192     5.0493     98.941    0.00007    5.10336    5.09295      8.279     0.0956    9.39670   4.820571 2.5320e-11    24.0959    24.0950 1.0000e-12     16.113          1       1123    1523.71 3.9495e+00  52458.484     46.737 1570416470       0.49      1.049   40.28336  -71.97810    34.6185  1024.1702    24.1008    20.9383 0.0000e+00
     17.000    20.9417    34.4552  1024.1697     2.5171     5.0444     98.851    0.00000    5.10301    5.09260      8.279     0.1056    9.39609   4.820664 2.5320e-11    24.0959    24.0950 1.0000e-12     17.124          1       1208    1523.73 3.9495e+00  52459.114     50.294 1570416473       0.10      0.753   40.28337  -71.97809    34.6186  1024.1746    24.1008    20.9385 0.0000e+00
     18.000    20.9443    34.4569  1024.1747     2.5184     5.0526     99.016    0.00118    5.10274    5.09232 -9.990e-29     0.0912    9.39562   4.821213 2.5320e-11    24.0965    24.0956 1.0000e-12     18.141          1       1272    1523.76 3.9495e+00  52461.781     52.954 1570416476       0.10      0.751   40.28338  -71.97808    34.6206  1024.1798    24.1017    20.9409 0.0000e+00
     19.000    20.9465    34.4581  1024.1794     2.5172     5.0461     98.890    0.00015    5.10273    5.09232      8.279     0.0918    9.39561   4.821604 2.6114e+04    24.0969    24.0959 1.0000e-12     19.144          1       1325    1523.78 2.9181e+00  52463.775     55.161 1570416478       0.06      0.603   40.28339  -71.97807    34.6216  1024.1844    24.1019    20.9429 0.0000e+00
     20.000    20.9470    34.4607  1024.1856     2.5128     5.0335     98.644   -0.00056    5.10271    5.09230      8.279     0.1080    9.39556   4.822026 1.0041e+05    24.0988    24.0978 1.0000e-12     20.162          1       1408    1523.80 -1.628e-02  52467.739     58.644 1570416482       0.63      0.547   40.28340  -71.97806    34.6242  1024.1907    24.1038    20.9432 0.0000e+00
     21.000    20.9470    34.4605  1024.1898     2.5135     5.0368     98.708   -0.00010    5.10274    5.09233      8.279     0.0888    9.39561   4.822016 9.9999e+04    24.0987    24.0976 1.0000e-12     21.154          1       1429    1523.82 0.0000e+00  52467.888     59.511 1570416483       0.34      1.004   40.28340  -71.97806    34.6238  1024.1947    24.1036    20.9430 0.0000e+00
     22.000    20.9467    34.4602  1024.1941     2.5138     5.0352     98.675   -0.00103    5.10279    5.09237 -9.990e-29     0.0894    9.39569   4.821998 9.9999e+04    24.0986    24.0975 1.0000e-12     22.168          1       1492    1523.83 2.1453e+00  52468.006     62.140 1570416485       0.31      0.589   40.28341  -71.97806    34.6236  1024.1991    24.1036    20.9424 0.0000e+00
     23.000    20.9463    34.4596  1024.1982     2.5120     5.0217     98.410   -0.00343    5.10281    5.09240 -9.990e-29     0.0937    9.39573   4.821908 -9.990e-29    24.0983    24.0971 1.0000e-12     23.172          1       1538    1523.85 3.9361e+00  52467.720     64.027 1570416487       0.98      0.878   40.28342  -71.97806    34.6228  1024.2029    24.1031    20.9419 0.0000e+00
     24.000    20.9458    34.4586  1024.2017     2.5125     5.0343     98.659   -0.00068    5.10276    5.09234 -9.990e-29     0.0898    9.39564   4.821747 2.5320e-11    24.0981    24.0969 1.0000e-12     24.170          1       1589    1523.86 3.9495e+00  52467.516     66.161 1570416489       0.30      0.909   40.28343  -71.97805    34.6216  1024.2065    24.1024    20.9412 0.0000e+00
     25.000    20.9465    34.4595  1024.2068     2.5138     5.0452     98.874    0.00085    5.10265    5.09224 -9.990e-29     0.1018    9.39545   4.822021 2.5320e-11    24.0983    24.0970 1.0000e-12     25.199          1       1673    1523.88 3.9495e+00  52468.466     69.686 1570416493       0.03      0.586   40.28344  -71.97804    34.6230  1024.2118    24.1033    20.9417 0.0000e+00
     26.000    20.9472    34.4600  1024.2113     2.5133     5.0394     98.762   -0.00028    5.10257    5.09216 -9.990e-29     0.0947    9.39531   4.822204 2.5320e-11    24.0985    24.0972 1.0000e-12     26.208          1       1702    1523.90 3.9495e+00  52469.532     70.894 1570416494       0.27      0.688   40.28344  -71.97803    34.6235  1024.2164    24.1035    20.9422 0.0000e+00
     27.000    20.9463    34.4585  1024.2149     2.5153     5.0482     98.932    0.00083    5.10268    5.09227 -9.990e-29     0.0937    9.39551   4.821936 2.5320e-11    24.0977    24.0963 1.0000e-12     27.202          1       1726    1523.92 3.9495e+00  52468.096     71.887 1570416495       0.14      0.962   40.28344  -71.97802    34.6218  1024.2197    24.1025    20.9411 0.0000e+00
     28.000    20.9486    34.4665  1024.2248     2.5133     5.0373     98.727   -0.00090    5.10222    5.09180 -9.990e-29     0.0809    9.39465   4.823374 2.4271e+03    24.1033    24.1018 1.0000e-12     28.213          1       1803    1523.95 3.5789e+00  52479.382     75.098 1570416498       0.53      0.653   40.28345  -71.97802    34.6312  1024.2306    24.1091    20.9432 0.0000e+00
     29.000    20.9504    34.4677  1024.2295     2.5110     5.0367     98.721    0.00029    5.10194    5.09153 -9.990e-29 -9.990e-29    9.39416   4.823703 1.4342e+02    24.1036    24.1021 1.0000e-12     29.198          1       1847    1523.97 3.9276e+00  52481.251     76.920 1570416500       0.76      1.213   40.28346  -71.97802    34.6320  1024.2351    24.1093    20.9448 0.0000e+00
     30.000    20.9519    34.4729  1024.2375     2.5137     5.0432     98.871    0.00026    5.10082    5.09040      8.278     0.0908    9.39215   4.824457 9.0838e+04    24.1073    24.1057 1.0000e-12     30.235          1       1913    1524.00 3.0906e-01  52488.826     79.656 1570416503       0.08      0.432   40.28348  -71.97801    34.6365  1024.2426    24.1123    20.9461 0.0000e+00
     31.000    20.9532    34.4775  1024.2450     2.5120     5.0338     98.726   -0.00068    5.09881    5.08839      8.277     0.0912    9.38859   4.825300 7.4913e+04    24.1105    24.1089 1.0000e-12     31.243          1       1955    1524.02 8.8016e-01  52495.411     81.425 1570416505       0.11      0.679   40.28348  -71.97800    34.6419  1024.2507    24.1161    20.9472 0.0000e+00
     32.000    20.9593    34.4893  1024.2567     2.5115     5.0303     98.714   -0.00057    5.09584    5.08541      8.276     0.1057    9.38328   4.827585 4.4174e+03    24.1178    24.1161 1.0000e-12     32.244          1       1989    1524.07 3.7686e+00  52511.418     82.827 1570416506       0.03      0.710   40.28348  -71.97800    34.6550  1024.2633    24.1244    20.9532 0.0000e+00
     33.000    20.9908    34.5409  1024.2918     2.5102     5.0120     98.671   -0.00041    5.07947    5.06900      8.273     0.1589    9.35389   4.837373 1.2757e+05    24.1487    24.1470 1.0000e-12     33.271          1       2060    1524.23 -1.089e+00  52580.844     85.804 1570416509      -0.01      0.185   40.28350  -71.97798    34.7079  1024.2993    24.1560    20.9844 0.0000e+00
     34.000    21.0310    34.6146  1024.3413     2.5063     4.9984     98.332   -0.00256    5.08316    5.07273      8.272     0.1797    9.35958   4.851897 9.9999e+04    24.1939    24.1921 1.0000e-12     34.258          1       2086    1524.43 0.0000e+00  52679.293     86.855 1570416510       0.50      0.744   40.28350  -71.97798    34.7917  1024.3560    24.2086    21.0245 0.0000e+00
     35.000    21.0877    34.7589  1024.4401     2.4997     4.9825     97.931   -0.00378    5.08776    5.07738      8.270     0.1917    9.36685   4.874826 9.9999e+04    24.2883    24.2865 1.0000e-12     35.276          1       2128    1524.76 2.8977e+00  52872.847     88.626 1570416512      -0.30      0.637   40.28350  -71.97798    34.9296  1024.4494    24.2976    21.0809 0.0000e+00
     36.000    21.0272    34.8261  1024.5121     2.4958     4.9775     97.827   -0.00267    5.08808    5.07769      8.270     0.2009    9.36741   4.876353 -9.990e-29    24.3560    24.3541 1.0000e-12     36.274          1       2166    1524.69 3.8842e+00  52967.037     90.196 1570416513       0.29      0.617   40.28350  -71.97798    34.9911  1024.5168    24.3607    21.0203 0.0000e+00
     37.000    20.9449    34.8522  1024.5588     2.4819     4.9728     97.023   -0.00524    5.12537    5.11525      8.264     0.2291    9.42912   4.870132 2.5320e-11    24.3984    24.3964 1.0000e-12     37.293          1       2246    1524.52 3.9495e+00  53007.232     93.540 1570416517       0.74      0.330   40.28352  -71.97797    35.0080  1024.5565    24.3959    20.9378 0.0000e+00
     38.000    20.7548    34.8349  1024.6015     2.4757     4.9689     96.766   -0.00488    5.13500    5.12496      8.263     0.2376    9.44492   4.847760 2.5320e-11    24.4365    24.4345 1.0000e-12     38.289          1       2271    1524.00 3.9495e+00  52992.311     94.604 1570416518       0.50      0.971   40.28352  -71.97796    34.9831  1024.5935    24.4286    20.7476 0.0000e+00
     39.000    20.5720    34.8773  1024.6875     2.4660     4.9694     96.259   -0.00573    5.16257    5.15271      8.263     0.2426    9.49103   4.834998 1.1122e+04    24.5181    24.5161 1.0000e-12     39.302          1       2308    1523.57 3.4004e+00  53059.542     96.123 1570416519      -0.28      0.783   40.28353  -71.97796    35.0299  1024.6827    24.5133    20.5646 0.0000e+00
     40.000    20.2754    34.8677  1024.7637     2.4347     4.9066     94.242   -0.01243    5.20648    5.19693      8.258     0.2895    9.56499   4.802585 9.2575e+04    24.5898    24.5878 1.0000e-12     40.312          1       2366    1522.76 2.8345e-01  53062.237     98.536 1570416522      -0.08      0.431   40.28354  -71.97796    35.0106  1024.7517    24.5777    20.2679 0.0000e+00
     41.000    19.8847    34.8076  1024.8259     2.3823     4.9377     91.191   -0.01975    5.41437    5.40641      8.233     0.2435    9.91466   4.754404 4.3487e+04    24.6473    24.6453 1.0000e-12     41.332          1       2441    1521.63 2.1349e+00  53002.023    101.674 1570416525       0.11      0.265   40.28354  -71.97796    34.9393  1024.8058    24.6272    19.8771 0.0000e+00
     42.000    19.3148    34.6197  1024.8350     2.3513     4.8709     89.137   -0.02581    5.46444    5.45696      8.229     0.2751    9.99769   4.666873 -9.648e+02    24.6517    24.6498 1.0000e-12     42.334          1       2466    1519.84 3.9891e+00  52780.587    102.693 1570416526       0.51      0.678   40.28355  -71.97796    34.6876  1024.7673    24.5839    19.3072 0.0000e+00
