CalculateIndicators/WaterTemperature/Data/CTD_NYOS/NYOS190727_6_3.cnv
* Sea-Bird SBE 9 Data File:
* FileName = C:\Seabird 9 CTD\Data\2019\201907_offshore\NYOS190727_6_3.hex
* Software Version Seasave V 7.23.2
* Temperature SN = 4590
* Conductivity SN = 3228
* Number of Bytes Per Scan = 44
* Number of Voltage Words = 5
* Number of Scans Averaged by the Deck Unit = 1
* NMEA Latitude = 39 49.42 N
* NMEA Longitude = 073 11.87 W
* NMEA UTC (Time) = Jul 28 2019  00:59:57
* NMEA baud rate = 4800
** Ship: Seawolf
** Station: 6.3
** Operator: lis
# nquan = 35
# nvalues = 81                          
# units = specified
# name 0 = depSM: Depth [salt water, m]
# name 1 = t090C: Temperature [ITS-90, deg C]
# name 2 = sal00: Salinity, Practical [PSU]
# name 3 = density00: Density [density, kg/m^3]
# name 4 = sbeox0V: Oxygen raw, SBE 43 [V]
# name 5 = sbeox0ML/L: Oxygen, SBE 43 [ml/l]
# name 6 = sbeox0PS: Oxygen, SBE 43 [% saturation]
# name 7 = sbox0dV/dT: Oxygen, SBE 43 [dov/dt]
# name 8 = oxsolML/L: Oxygen Saturation, Garcia & Gordon [ml/l]
# name 9 = oxsatML/L: Oxygen Saturation, Weiss [ml/l]
# name 10 = ph: pH
# name 11 = flECO-AFL: Fluorescence, WET Labs ECO-AFL/FL [mg/m^3]
# name 12 = n2satML/L: Nitrogen Saturation [ml/l]
# name 13 = c0S/m: Conductivity [S/m]
# name 14 = cpar: CPAR/Corrected Irradiance [%]
# name 15 = sigma-é00: Density [sigma-theta, kg/m^3]
# name 16 = sigma-t00: Density [sigma-t, kg/m^3 ]
# name 17 = par: PAR/Irradiance, Biospherical/Licor
# name 18 = prDM: Pressure, Digiquartz [db]
# name 19 = pumps: Pump Status
# name 20 = scan: Scan Count
# name 21 = svCM: Sound Velocity [Chen-Millero, m/s]
# name 22 = spar: SPAR, Biospherical/Licor
# name 23 = specc: Specific Conductance [uS/cm]
# name 24 = timeS: Time, Elapsed [seconds]
# name 25 = timeY: Time, System [seconds]
# name 26 = accM: Acceleration [m/s^2]
# name 27 = dz/dtM: Descent Rate [m/s]
# name 28 = latitude: Latitude [deg]
# name 29 = longitude: Longitude [deg]
# name 30 = gsw_saA0: Absolute Salinity [g/kg]
# name 31 = gsw_densityA0: density, TEOS-10 [density, kg/m^3]
# name 32 = gsw_sigma0A0: density, TEOS-10 [sigma-0, kg/m^3 ]
# name 33 = gsw_ptA0: potential temperature [ITS-90, deg C]
# name 34 = flag: flag
# span 0 =      2.000,     42.000       
# span 1 =     7.8299,    24.5363       
# span 2 =    31.0624,    32.5968       
# span 3 =  1020.5356,  1025.5103       
# span 4 =     1.7843,     2.7416       
# span 5 =     4.3314,     7.3134       
# span 6 =     64.335,    115.871       
# span 7 =   -0.09573,    0.13542       
# span 8 =    4.88411,    6.73665       
# span 9 =    4.87182,    6.74365       
# span 10 =      7.846,      8.216      
# span 11 =     0.0314,     1.5515      
# span 12 =    9.06467,   12.12571      
# span 13 =   3.372040,   4.731712      
# span 14 = -5.062e+03, 1.0034e+05      
# span 15 =    20.5235,    25.3168      
# span 16 =    20.5233,    25.3163      
# span 17 = -5.608e-07, 1.2064e-01      
# span 18 =      2.016,     42.319      
# span 19 =          1,          1      
# span 20 =       1504,       6403      
# span 21 =    1479.39,    1529.10      
# span 22 = -2.059e-02, 4.1577e+00      
# span 23 =  47724.100,  51356.934      
# span 24 =     62.622,    266.732      
# span 25 = 1564275660, 1564275864      
# span 26 =      -0.41,       0.27      
# span 27 =     -0.966,      0.957      
# span 28 =   39.82387,   39.82448      
# span 29 =  -73.19804,  -73.19796      
# span 30 =    31.1678,    32.6811      
# span 31 =  1020.5395,  1025.5108      
# span 32 =    20.5309,    25.3174      
# span 33 =     7.8259,    24.5359      
# span 34 = 0.0000e+00, 0.0000e+00      
# interval = meters: 1                  
# start_time = Jul 28 2019 00:59:57 [System UTC, first data scan.]
# bad_flag = -9.990e-29
*END*
[from data line 42]
     40.000     7.8825    32.4695  1025.4887     1.7935     4.4127     65.826    0.00483    6.70357    6.71004      7.858     0.3171   12.07142   3.376610 -9.990e-29    25.3044    25.3039 1.0000e-12     40.315          1       4155    1479.55 3.9495e+00  51334.361    173.091 1564275770       0.14     -0.731   39.82420  -73.19804    32.6280  1025.4947    25.3105     7.8787 0.0000e+00
     39.000     8.0174    32.4526  1025.4513     1.8257     4.6135     68.882    0.01520    6.69767    6.70406      7.873     0.3589   12.06174   3.386927 2.5320e-11    25.2717    25.2712 1.0000e-12     39.302          1       4208    1480.03 3.9495e+00  51277.738    175.297 1564275772       0.07     -0.436   39.82421  -73.19804    32.6131  1025.4590    25.2795     8.0136 0.0000e+00
     38.000     8.0713    32.4547  1025.4404     1.8537     4.7204     70.410    0.01611    6.70412    6.71058      7.870     0.3501   12.07260   3.391822 2.5320e-11    25.2656    25.2651 1.0000e-12     38.289          1       4250    1480.22 3.9495e+00  51267.791    177.056 1564275774      -0.27     -0.541   39.82422  -73.19804    32.6156  1025.4485    25.2737     8.0676 0.0000e+00
     37.000     8.0901    32.4492  1025.4288     1.8629     4.7199     70.385    0.01272    6.70581    6.71230      7.865     0.3521   12.07542   3.392598 2.5320e-11    25.2586    25.2580 1.0000e-12     37.290          1       4274    1480.27 3.9495e+00  51254.819    178.034 1564275775      -0.30     -0.864   39.82422  -73.19804    32.6068  1025.4343    25.2641     8.0865 0.0000e+00
     36.000     8.0700    32.4374  1025.4178     1.8634     4.6417     69.220    0.00438    6.70580    6.71228      7.859     0.3293   12.07541   3.389418 2.5320e-11    25.2521    25.2516 1.0000e-12     36.288          1       4301    1480.16 3.9495e+00  51241.944    179.157 1564275776       0.10     -0.966   39.82422  -73.19804    32.5921  1025.4211    25.2555     8.0665 0.0000e+00
     35.000     8.0380    32.4285  1025.4109     1.8580     4.5542     67.904   -0.00291    6.70686    6.71335      7.855     0.2949   12.07722   3.385795 -9.990e-29    25.2498    25.2493 1.0000e-12     35.272          1       4347    1480.01 3.9495e+00  51236.011    181.084 1564275778       0.17     -0.528   39.82422  -73.19804    32.5836  1025.4145    25.2534     8.0346 0.0000e+00
     34.000     8.0337    32.4241  1025.4035     1.8520     4.5305     67.553   -0.00319    6.70668    6.71316      7.851     0.2856   12.07694   3.384903 2.5320e-11    25.2470    25.2465 1.0000e-12     34.263          1       4392    1479.97 3.9495e+00  51230.220    182.958 1564275780      -0.11     -0.535   39.82424  -73.19804    32.5786  1025.4066    25.2501     8.0304 0.0000e+00
     33.000     8.0310    32.4213  1025.3970     1.8476     4.5164     67.343   -0.00306    6.70658    6.71307      7.850     0.2712   12.07680   3.384377 2.5320e-11    25.2451    25.2446 1.0000e-12     33.257          1       4428    1479.94 3.9495e+00  51226.049    184.478 1564275782      -0.03     -0.655   39.82424  -73.19804    32.5759  1025.4003    25.2484     8.0278 0.0000e+00
     32.000     8.0331    32.4203  1025.3913     1.8457     4.5244     67.471   -0.00142    6.70567    6.71214      7.850     0.2568   12.07530   3.384417 2.5320e-11    25.2440    25.2436 1.0000e-12     32.249          1       4465    1479.93 3.9495e+00  51223.519    186.005 1564275783       0.01     -0.663   39.82424  -73.19804    32.5749  1025.3946    25.2473     8.0300 0.0000e+00
     31.000     8.0339    32.4189  1025.3855     1.8439     4.5190     67.403   -0.00121    6.70451    6.71096      7.850     0.2543   12.07342   3.384294 2.5320e-11    25.2429    25.2424 1.0000e-12     31.239          1       4501    1479.92 3.9495e+00  51220.800    187.508 1564275785      -0.03     -0.658   39.82424  -73.19804    32.5733  1025.3886    25.2459     8.0309 0.0000e+00
     30.000     8.0386    32.4182  1025.3796     1.8437     4.5248     67.495   -0.00045    6.70399    6.71043      7.850     0.2874   12.07254   3.384649 2.5320e-11    25.2416    25.2412 1.0000e-12     30.237          1       4533    1479.92 3.9495e+00  51218.012    188.819 1564275786      -0.06     -0.751   39.82425  -73.19804    32.5732  1025.3832    25.2451     8.0357 0.0000e+00
     29.000     8.0488    32.4163  1025.3720     1.8452     4.5361     67.712    0.00068    6.69920    6.70558      7.851     0.2857   12.06459   3.385272 2.5320e-11    25.2385    25.2381 1.0000e-12     29.226          1       4577    1479.94 3.9495e+00  51212.169    190.651 1564275788       0.15     -0.573   39.82426  -73.19804    32.5708  1025.3753    25.2418     8.0459 0.0000e+00
     28.000     8.0628    32.4176  1025.3664     1.8494     4.5596     68.109    0.00211    6.69464    6.70095      7.857     0.3531   12.05701   3.386715 -9.990e-29    25.2375    25.2372 1.0000e-12     28.214          1       4625    1479.98 3.9495e+00  51210.141    192.674 1564275790      -0.12     -0.484   39.82426  -73.19804    32.5736  1025.3708    25.2419     8.0601 0.0000e+00
     27.000     8.0911    32.4201  1025.3597     1.8554     4.5935     68.661    0.00403    6.69017    6.69642      7.860     0.3818   12.04958   3.389407 -9.990e-29    25.2354    25.2350 1.0000e-12     27.209          1       4659    1480.07 3.9495e+00  51206.579    194.089 1564275791      -0.11     -0.682   39.82426  -73.19804    32.5764  1025.3643    25.2400     8.0885 0.0000e+00
     26.000     8.1069    32.4221  1025.3543     1.8619     4.6166     69.074    0.00476    6.68351    6.68967      7.864     0.4155   12.03862   3.390972 2.5320e-11    25.2347    25.2343 1.0000e-12     26.200          1       4691    1480.12 3.9495e+00  51205.062    195.401 1564275792      -0.03     -0.760   39.82428  -73.19804    32.5789  1025.3593    25.2397     8.1043 0.0000e+00
     25.000     8.1288    32.4250  1025.3487     1.8683     4.6432     69.472    0.00535    6.68352    6.68967      7.864     0.4359   12.03867   3.393129 2.5320e-11    25.2337    25.2334 1.0000e-12     25.196          1       4719    1480.19 3.9495e+00  51203.510    196.573 1564275794      -0.09     -0.819   39.82428  -73.19804    32.5820  1025.3539    25.2389     8.1263 0.0000e+00
     24.000     8.1717    32.4232  1025.3364     1.8746     4.6531     69.642    0.00439    6.68148    6.68760      7.864     0.4704   12.03531   3.396721 2.5320e-11    25.2260    25.2256 1.0000e-12     24.191          1       4756    1480.33 3.9495e+00  51190.403    198.120 1564275795       0.19     -0.705   39.82428  -73.19804    32.5808  1025.3421    25.2317     8.1694 0.0000e+00
     23.000     8.1931    32.4180  1025.3246     1.8824     4.6632     69.839    0.00319    6.67700    6.68306      7.868     0.5072   12.02792   3.397963 2.5320e-11    25.2188    25.2185 1.0000e-12     23.173          1       4813    1480.39 3.9495e+00  51177.505    200.495 1564275798      -0.09     -0.362   39.82429  -73.19804    32.5746  1025.3295    25.2237     8.1909 0.0000e+00
     22.000     8.2101    32.4172  1025.3169     1.8861     4.6579     69.893    0.00245    6.66431    6.67019      7.872     0.5577   12.00684   3.399321 -9.990e-29    25.2157    25.2154 1.0000e-12     22.171          1       4848    1480.43 3.9495e+00  51171.893    201.966 1564275799      -0.13     -0.646   39.82430  -73.19804    32.5738  1025.3218    25.2206     8.2079 0.0000e+00
     21.000     8.2265    32.4166  1025.3094     1.8926     4.6828     70.412    0.00402    6.65055    6.65623      7.879     0.6227   11.98406   3.400757 -9.990e-29    25.2128    25.2125 1.0000e-12     21.158          1       4882    1480.48 3.9495e+00  51166.618    203.377 1564275800      -0.01     -0.709   39.82430  -73.19804    32.5743  1025.3151    25.2186     8.2244 0.0000e+00
     20.000     8.2745    32.4228  1025.3025     1.9025     4.7417     71.347    0.00727    6.64599    6.65161      7.886     0.6496   11.97650   3.405888 8.9310e+04    25.2106    25.2103 1.0000e-12     20.157          1       4909    1480.65 8.1435e-01  51164.115    204.491 1564275802      -0.17     -0.825   39.82430  -73.19804    32.5847  1025.3116    25.2197     8.2725 0.0000e+00
     19.000     8.3750    32.4258  1025.2854     1.9229     4.8539     73.092    0.01267    6.64082    6.64637      7.897     0.7985   11.96788   3.415012 5.1395e+04    25.1981    25.1978 1.0000e-12     19.153          1       4943    1481.02 1.8879e+00  51144.959    205.921 1564275803       0.18     -0.769   39.82430  -73.19804    32.5888  1025.2954    25.2080     8.3731 0.0000e+00
     18.000     8.4482    32.4297  1025.2729     1.9594     4.9675     75.285    0.01605    6.59828    6.60324      7.924     1.2833   11.89738   3.421543 -5.062e+03    25.1902    25.1899 1.0000e-12     18.132          1       4999    1481.28 4.1577e+00  51133.472    208.229 1564275805      -0.08     -0.342   39.82431  -73.19804    32.5907  1025.2812    25.1986     8.4464 0.0000e+00
     17.000     8.4893    32.4371  1025.2680     1.9926     5.0840     77.589    0.02165    6.55264    6.55693      7.964     1.5515   11.82231   3.426131 -9.990e-29    25.1899    25.1896 1.0000e-12     17.132          1       5030    1481.43 -9.990e-29  51134.393    209.553 1564275807      -0.18     -0.692   39.82432  -73.19803    32.6016  1025.2790    25.2010     8.4876 0.0000e+00
     16.000     8.6847    32.4478  1025.2421     2.0590     5.2712     83.000    0.04232    6.35269    6.35429      8.027     1.1550   11.49149   3.445707 -9.990e-29    25.1688    25.1685 1.0000e-12     16.126          1       5062    1482.16 -9.990e-29  51106.657    210.879 1564275808       0.02     -0.767   39.82432  -73.19804    32.6279  1025.2655    25.1920     8.6831 0.0000e+00
     15.000     9.0394    32.4106  1025.1538     2.1867     5.6379     92.602    0.07862    6.09173    6.08998      8.096     0.8617   11.06030   3.473659 -9.990e-29    25.0853    25.0850 1.0000e-12     15.116          1       5098    1483.41 5.8079e-02  50978.720    212.356 1564275809       0.05     -0.694   39.82432  -73.19804    32.5948  1025.1806    25.1120     9.0378 0.0000e+00
     14.000    10.4854    32.3936  1024.8975     2.4062     6.3035    107.995    0.13542    5.83954    5.83465      8.112     0.6031   10.64636   3.610056 -9.990e-29    24.8334    24.8332 1.0000e-12     14.109          1       5134    1488.62 3.4513e+00  50679.410    213.894 1564275811       0.02     -0.660   39.82432  -73.19804    32.6811  1025.0053    24.9417    10.4838 0.0000e+00
     13.000    12.7849    32.2651  1024.3713     2.6074     6.3855    115.240    0.12797    5.54102    5.53311      8.105     0.3425   10.15333   3.808325 -9.990e-29    24.3130    24.3126 1.0000e-12     13.102          1       5174    1496.41 3.9363e+00  50147.971    215.538 1564275813       0.04     -0.622   39.82434  -73.19804    32.5987  1024.5155    24.4569    12.7832 0.0000e+00
     12.000    15.2608    31.8061  1023.5083     2.7416     6.1023    115.871    0.07798    5.26614    5.25571      8.102     0.2287    9.70169   3.983951 2.5320e-11    23.4538    23.4534 1.0000e-12     12.090          1       5218    1503.98 3.9495e+00  49212.855    217.365 1564275814      -0.02     -0.537   39.82434  -73.19804    32.1416  1023.6555    23.6020    15.2590 0.0000e+00
     11.000    18.7696    31.3372  1022.3203     2.6953     5.4867    106.292   -0.01510    5.16124    5.15016      8.104     0.1606    9.52634   4.257500 8.6356e+04    22.2727    22.2722 1.0000e-12     11.087          1       5262    1513.98 5.3885e-01  48313.879    219.207 1564275816       0.09     -0.543   39.82434  -73.19804    31.7322  1022.5135    22.4652    18.7677 0.0000e+00
     10.000    21.3555    31.1476  1021.5124     2.6358     5.1875    102.715   -0.02234    5.05111    5.03949      8.121     0.0937    9.34298   4.455394 1.0034e+05    21.4683    21.4677 1.0000e-12     10.082          1       5768    1521.07 2.7829e+00  47917.205    240.305 1564275837      -0.11     -0.452   39.82441  -73.19804    31.3927  1021.5915    21.5479    21.3536 0.0000e+00
      9.000    22.4581    31.0624  1021.1420     2.6156     5.0151    102.260   -0.01296    4.90428    4.89203      8.127     0.0587    9.09857   4.540482 -9.990e-29    21.1030    21.1025 1.0000e-12      9.066          1       6070    1523.89 3.9904e+00  47765.012    252.881 1564275850      -0.03     -0.529   39.82444  -73.19803    31.2580  1021.1834    21.1443    22.4563 0.0000e+00
      8.000    23.3681    31.0627  1020.8806     2.5758     4.8791     99.460   -0.02629    4.90554    4.89331      8.127     0.0539    9.10051   4.629880 2.5320e-11    20.8461    20.8456 1.0000e-12      8.065          1       6095    1526.23 3.9495e+00  47742.375    253.925 1564275851      -0.11     -0.687   39.82445  -73.19802    31.2925  1020.9473    20.9126    23.3664 0.0000e+00
      7.000    24.2527    31.0629  1020.6208     2.5607     4.8831     99.767   -0.00971    4.89450    4.88224      8.127     0.0396    9.08215   4.708969 2.5320e-11    20.5905    20.5901 1.0000e-12      7.053          1       6141    1528.45 3.9495e+00  47724.100    255.816 1564275853       0.15     -0.544   39.82446  -73.19802    31.2644  1020.6656    20.6354    24.2512 0.0000e+00
      6.000    24.3752    31.0777  1020.5916     2.5611     4.9067    100.373   -0.00019    4.88843    4.87615      8.128     0.0457    9.07207   4.720513 2.5320e-11    20.5657    20.5654 1.0000e-12      6.044          1       6183    1528.75 3.9495e+00  47742.454    257.598 1564275855      -0.17     -0.555   39.82446  -73.19802    31.2649  1020.6256    20.5997    24.3739 0.0000e+00
      5.000    24.4180    31.0705  1020.5692     2.5665     4.9320    100.898    0.00418    4.88806    4.87578      8.130     0.0456    9.07149   4.723003 4.9710e+04    20.5478    20.5475 1.0000e-12      5.040          1       6215    1528.83 1.9862e+00  47731.496    258.930 1564275856      -0.07     -0.732   39.82446  -73.19802    31.2539  1020.6003    20.5788    24.4169 0.0000e+00
      4.000    24.4812    31.0687  1020.5448     2.5679     4.9252    100.785    0.00139    4.88684    4.87456      8.130     0.0453    9.06937   4.727726 4.6406e+04    20.5275    20.5273 1.0000e-12      4.032          1       6251    1528.97 2.0221e+00  47727.316    260.431 1564275857       0.09     -0.697   39.82446  -73.19802    31.2451  1020.5707    20.5534    24.4804 0.0000e+00
      3.000    24.4986    31.0701  1020.5365     2.5710     4.9336    100.922    0.00126    4.88852    4.87625 -9.990e-29     0.0349    9.07215   4.728475 4.0688e+03    20.5235    20.5233 5.3534e-02      3.025          1       6305    1529.00 3.7804e+00  47728.685    262.663 1564275860       0.12     -0.452   39.82448  -73.19802    31.2389  1020.5565    20.5436    24.4980 0.0000e+00
      2.000    24.4802    31.0785  1020.5438     2.5742     4.9354    101.002    0.00018    4.88648    4.87420      8.134     0.0461    9.06870   4.726389 3.0261e+00    20.5352    20.5350 1.2064e-01      2.017          1       6403    1528.95 3.9495e+00  47740.073    266.732 1564275864      -0.02     -0.173   39.82448  -73.19803    31.2365  1020.5558    20.5471    24.4798 0.0000e+00
