CalculateIndicators/WaterTemperature/Data/CTD_NYOS/NYOS190724_3_2.cnv
* Sea-Bird SBE 9 Data File:
* FileName = C:\Seabird 9 CTD\Data\2019\201907_offshore\NYOS190724_3_2.hex
* Software Version Seasave V 7.23.2
* Temperature SN = 4590
* Conductivity SN = 3228
* Number of Bytes Per Scan = 44
* Number of Voltage Words = 5
* Number of Scans Averaged by the Deck Unit = 1
* NMEA Latitude = 40 25.76 N
* NMEA Longitude = 072 23.11 W
* NMEA UTC (Time) = Jul 25 2019  06:54:59
* NMEA baud rate = 4800
** Ship: seawolf
** Station: 3-2
** Operator: LIS
# nquan = 35
# nvalues = 96                          
# units = specified
# name 0 = depSM: Depth [salt water, m]
# name 1 = t090C: Temperature [ITS-90, deg C]
# name 2 = sal00: Salinity, Practical [PSU]
# name 3 = density00: Density [density, kg/m^3]
# name 4 = sbeox0V: Oxygen raw, SBE 43 [V]
# name 5 = sbeox0ML/L: Oxygen, SBE 43 [ml/l]
# name 6 = sbeox0PS: Oxygen, SBE 43 [% saturation]
# name 7 = sbox0dV/dT: Oxygen, SBE 43 [dov/dt]
# name 8 = oxsolML/L: Oxygen Saturation, Garcia & Gordon [ml/l]
# name 9 = oxsatML/L: Oxygen Saturation, Weiss [ml/l]
# name 10 = ph: pH
# name 11 = flECO-AFL: Fluorescence, WET Labs ECO-AFL/FL [mg/m^3]
# name 12 = n2satML/L: Nitrogen Saturation [ml/l]
# name 13 = c0S/m: Conductivity [S/m]
# name 14 = cpar: CPAR/Corrected Irradiance [%]
# name 15 = sigma-é00: Density [sigma-theta, kg/m^3]
# name 16 = sigma-t00: Density [sigma-t, kg/m^3 ]
# name 17 = par: PAR/Irradiance, Biospherical/Licor
# name 18 = prDM: Pressure, Digiquartz [db]
# name 19 = pumps: Pump Status
# name 20 = scan: Scan Count
# name 21 = svCM: Sound Velocity [Chen-Millero, m/s]
# name 22 = spar: SPAR, Biospherical/Licor
# name 23 = specc: Specific Conductance [uS/cm]
# name 24 = timeS: Time, Elapsed [seconds]
# name 25 = timeY: Time, System [seconds]
# name 26 = accM: Acceleration [m/s^2]
# name 27 = dz/dtM: Descent Rate [m/s]
# name 28 = latitude: Latitude [deg]
# name 29 = longitude: Longitude [deg]
# name 30 = gsw_saA0: Absolute Salinity [g/kg]
# name 31 = gsw_densityA0: density, TEOS-10 [density, kg/m^3]
# name 32 = gsw_sigma0A0: density, TEOS-10 [sigma-0, kg/m^3 ]
# name 33 = gsw_ptA0: potential temperature [ITS-90, deg C]
# name 34 = flag: flag
# span 0 =      1.000,     49.000       
# span 1 =     7.5664,    23.4227       
# span 2 =    30.7932,    36.5683       
# span 3 =  1020.6535,  1027.2153       
# span 4 =     1.7819,     3.0056       
# span 5 =     3.1126,     7.5832       
# span 6 =     61.428,    126.577       
# span 7 =   -0.09771,    0.22107       
# span 8 =    4.98311,    6.77166       
# span 9 =    4.97113,    6.77925       
# span 10 =      7.931,      8.266      
# span 11 =     0.1214,     1.1492      
# span 12 =    9.23044,   12.18261      
# span 13 =   3.357698,   4.617521      
# span 14 = -1.136e+04, 1.0200e+05      
# span 15 =    20.6302,    27.1623      
# span 16 =    20.6298,    27.1619      
# span 17 = -1.470e-04, 1.3632e-01      
# span 18 =      1.007,     49.381      
# span 19 =          0,          1      
# span 20 =        303,       7668      
# span 21 =    1478.52,    1526.20      
# span 22 = -8.862e-02, 4.2709e+00      
# span 23 =  47369.916,  55784.003      
# span 24 =     12.571,    319.447      
# span 25 = 1564037713, 1564038020      
# span 26 =      -0.60,       0.37      
# span 27 =     -1.246,      1.013      
# span 28 =   40.42876,   40.42944      
# span 29 =  -72.38530,  -72.38508      
# span 30 =    30.9373,    36.6561      
# span 31 =  1020.6625,  1027.1540      
# span 32 =    20.6333,    27.1008      
# span 33 =     7.5617,    23.4225      
# span 34 = 0.0000e+00, 0.0000e+00      
# interval = meters: 1                  
# start_time = Jul 25 2019 06:55:01 [System UTC, first data scan.]
# bad_flag = -9.990e-29
*END*
[from data line 83]
     13.000    13.5228    32.0937  1024.0976     2.8978     7.0036    119.233    0.00785    5.87394    5.86952      8.203     0.3593   10.70133   3.843470 2.5252e-11    24.0391    24.0388 1.0000e-12     13.096          1       5849    1498.71 3.9495e+00  49806.034    243.675 1564037944      -0.13     -0.525   40.42896  -72.38510    32.2997  1024.1440    24.0857    13.5210 0.0000e+00
     12.000    13.7710    32.1240  1024.0663     2.9082     6.9501    119.676    0.00848    5.80751    5.80241      8.201     0.3534   10.59055   3.869692 2.5320e-11    24.0128    24.0124 1.0000e-12     12.097          1       5879    1499.55 3.9495e+00  49819.701    244.921 1564037945      -0.12     -0.758   40.42895  -72.38510    32.3351  1024.1167    24.0629    13.7693 0.0000e+00
     11.000    14.3223    32.0997  1023.9295     2.9232     6.7930    120.103    0.00864    5.65580    5.64908      8.194     0.3190   10.34033   3.918136 2.2814e+03    23.8802    23.8799 1.0000e-12     11.085          1       5921    1501.30 3.8250e+00  49721.046    246.656 1564037947       0.18     -0.611   40.42894  -72.38510    32.3205  1023.9875    23.9383    14.3207 0.0000e+00
     10.000    15.0865    32.1514  1023.8030     2.9709     6.5190    122.666    0.02033    5.31473    5.30482      8.185     0.3459    9.77760   3.995374 1.0200e+05    23.7587    23.7584 1.0000e-12     10.070          1       5959    1503.80 -8.862e-02  49713.259    248.270 1564037949      -0.28     -0.560   40.42894  -72.38508    32.3893  1023.8740    23.8295    15.0850 0.0000e+00
      9.000    15.6346    32.0085  1023.5690     3.0056     6.6936    126.577    0.04905    5.28822    5.27809      8.182     0.3506    9.73433   4.030311 1.5537e+04    23.5288    23.5285 1.0000e-12      9.078          1       5983    1505.35 3.1904e+00  49459.066    249.263 1564037950      -0.24     -0.897   40.42894  -72.38508    32.2526  1023.6453    23.6053    15.6332 0.0000e+00
      8.000    19.6591    31.5215  1022.2180     2.8197     5.6447    109.579   -0.05276    5.14749    5.13640      8.168     0.2920    9.50232   4.356035 1.7623e+03    22.1830    22.1826 1.0000e-12      8.067          1       6057    1516.62 3.7886e+00  48523.020    252.335 1564037953      -0.01     -0.446   40.42893  -72.38509    31.8659  1022.3716    22.3365    19.6576 0.0000e+00
      7.000    22.3836    31.1488  1021.2232     2.6367     5.0631    101.197   -0.04366    5.00639    4.99452      8.173     0.1620    9.26904   4.544896 -1.754e+02    21.1927    21.1923 1.0000e-12      7.053          1       6655    1523.79 3.9668e+00  47880.249    277.242 1564037978      -0.06     -0.197   40.42888  -72.38508    31.3441  1021.2641    21.2337    22.3823 0.0000e+00
      6.000    23.3460    30.9990  1020.8306     2.5697     4.9199     98.667   -0.03381    4.98635    4.97438      8.172     0.1680    9.23591   4.614566 2.5320e-11    20.8048    20.8045 1.0000e-12      6.043          1       6750    1526.07 3.9495e+00  47654.692    281.200 1564037982      -0.08     -0.443   40.42888  -72.38508    31.1934  1020.8708    20.8449    23.3447 0.0000e+00
      5.000    23.3514    30.9915  1020.8188     2.5637     4.9902    100.101   -0.00801    4.98519    4.97321      8.173     0.1742    9.23393   4.612240 7.6883e+04    20.7971    20.7968 1.0000e-12      5.036          1       6779    1526.06 9.1299e-01  47642.874    282.437 1564037983      -0.20     -0.653   40.42886  -72.38508    31.1722  1020.8487    20.8271    23.3504 0.0000e+00
      4.000    23.3512    31.0024  1020.8227     2.5643     5.0159    100.622   -0.00059    4.98492    4.97294      8.174     0.1635    9.23345   4.612901 9.8324e+04    20.8054    20.8052 1.0000e-12      4.037          1       6810    1526.05 1.6555e+00  47657.818    283.696 1564037984       0.01     -0.800   40.42886  -72.38508    31.1776  1020.8485    20.8312    23.3504 0.0000e+00
      3.000    23.3794    31.0061  1020.8131     2.5673     5.0277    100.895    0.00148    4.98311    4.97113      8.174     0.1691    9.23044   4.615262 -9.990e-29    20.8001    20.8000 1.0000e-12      3.025          1       6853    1526.11 3.8905e+00  47661.959    285.496 1564037986       0.10     -0.573   40.42886  -72.38508    31.1759  1020.8348    20.8218    23.3788 0.0000e+00
      2.000    23.3942    31.0120  1020.8089     2.5677     5.0231    100.799   -0.00020    4.98323    4.97124      8.186     0.1630    9.23060   4.615586 7.1178e-01    20.8003    20.8001 2.2791e-02      2.017          1       7104    1526.14 3.9495e+00  47669.243    295.975 1564037996      -0.03     -0.204   40.42884  -72.38508    31.1682  1020.8203    20.8117    23.3938 0.0000e+00
      1.000    23.4227    31.0162  1020.7995     2.5714     5.7629    101.112    0.00083    5.69872    5.68589      8.195     1.1492   10.65445   4.617521 3.4444e+00    20.7952    20.7951 1.3632e-01      1.007          1       7668    1526.20 3.9495e+00  47673.898    319.447 1564038020      -0.18     -0.323   40.42876  -72.38508    31.1631  1020.8039    20.7996    23.4225 0.0000e+00
