CalculateIndicators/WaterTemperature/Data/CTD_NYOS/NYOS2006_C06.cnv
* Sea-Bird SBE19plus Data File:
* FileName = C:\Users\radar\Desktop\NYOS2006.ctd\NYOS2006_C06.hex
* Software Version 1.59
* Temperature SN =  4675
* Conductivity SN =  4675
* System UpLoad Time = Sep 21 2009 07:15:35
* NMEA Latitude = 40 25.845 N
* NMEA Longitude = 72 23.102 W
# nquan = 15
# nvalues = 99                          
# units = specified
# name 0 = depSM: Depth [salt water, m]
# name 1 = tv290C: Temperature [ITS-90, deg C]
# name 2 = sal00: Salinity, Practical [PSU]
# name 3 = density00: Density [density, kg/m^3]
# name 4 = c0S/m: Conductivity [S/m]
# name 5 = sigma-�00: Density [sigma-theta, kg/m^3]
# name 6 = sigma-t00: Density [sigma-t, kg/m^3 ]
# name 7 = prdM: Pressure, Strain Gauge [db]
# name 8 = scan: Scan Count
# name 9 = svCM: Sound Velocity [Chen-Millero, m/s]
# name 10 = specc: Specific Conductance [uS/cm]
# name 11 = timeS: Time, Elapsed [seconds]
# name 12 = accM: Acceleration [m/s^2]
# name 13 = dz/dtM: Descent Rate [m/s]
# name 14 = flag: flag
# span 0 =      1.000,     50.000       
# span 1 =     7.2378,    13.9316       
# span 2 =    31.1010,    32.6549       
# span 3 =  1023.2300,  1025.7497       
# span 4 =   3.334216,   3.772051       
# span 5 =    23.2039,    25.5208       
# span 6 =    23.2038,    25.5203       
# span 7 =      0.968,     50.330       
# span 8 =        120,        926       
# span 9 =    1477.29,    1498.78       
# span 10 =  48374.828,  51726.637      
# span 11 =     29.654,    231.337      
# span 12 =      -1.83,       1.29      
# span 13 =     -1.237,      0.944      
# span 14 = 0.0000e+00, 0.0000e+00      
# interval = meters: 1                  
# start_time = Jun 02 2020 18:27:27 [Instrument's time stamp, header]
# bad_flag = -9.990e-29
*END*
      1.000    13.9125    31.1587  1023.2430   3.771030    23.2395    23.2395      0.968        120    1498.69  48451.923     29.654       0.52     -0.677 0.0000e+00
      2.000    13.9290    31.1551  1023.2412   3.772051    23.2323    23.2322      2.022        192    1498.76  48443.386     47.770       0.41      0.423 0.0000e+00
      3.000    13.9316    31.1538  1023.2443   3.772020    23.2306    23.2305      3.030        215    1498.78  48441.568     53.466       0.19      0.638 0.0000e+00
      4.000    13.9071    31.1530  1023.2528   3.769914    23.2382    23.2381      3.993        223    1498.73  48449.144     55.544      -0.23      0.547 0.0000e+00
      5.000    13.8858    31.1104  1023.2300   3.762110    23.2039    23.2038      5.060        227    1498.60  48382.467     56.561       0.50      0.754 0.0000e+00
      6.000    13.7627    31.1010  1023.2525   3.749865    23.2164    23.2162      6.009        236    1498.19  48374.828     58.657       0.11      0.366 0.0000e+00
      7.000    13.6424    31.1239  1023.2967   3.743117    23.2636    23.2634      7.072        241    1497.87  48430.952     60.004       0.46      0.676 0.0000e+00
      8.000    13.5688    31.1820  1023.3625   3.741955    23.3287    23.3284      8.023        250    1497.68  48531.232     62.200       0.24      0.256 0.0000e+00
      9.000    13.3909    31.2254  1023.4367   3.729958    23.3843    23.3841      9.051        256    1497.15  48589.017     63.659       0.10      0.662 0.0000e+00
     10.000    13.1895    31.3101  1023.5446   3.722343    23.4946    23.4943     10.060        262    1496.62  48742.483     65.198       0.43      0.499 0.0000e+00
     11.000    13.0074    31.4599  1023.6998   3.722545    23.6517    23.6514     11.068        268    1496.21  48986.262     66.759      -0.16      0.673 0.0000e+00
     12.000    12.8921    31.5595  1023.8048   3.722251    23.7520    23.7516     12.021        276    1495.94  49142.448     68.706       0.35      0.375 0.0000e+00
     13.000    12.7731    31.6070  1023.8683   3.716924    23.8073    23.8070     13.120        279    1495.62  49217.211     69.518       0.57      0.944 0.0000e+00
     14.000    12.6176    31.6643  1023.9489   3.707850    23.8838    23.8834     14.003        290    1495.15  49323.685     72.254       0.17      0.016 0.0000e+00
     15.000    12.5198    31.6499  1023.9600   3.698540    23.8775    23.8772     15.114        292    1494.83  49287.971     72.810       1.10      0.798 0.0000e+00
     16.000    12.3405    31.7532  1024.0773   3.693909    24.0185    24.0182     16.120        300    1494.38  49513.261     74.748       0.48      0.614 0.0000e+00
     17.000    12.1675    31.7480  1024.1104   3.677261    24.0360    24.0356     17.122        307    1493.80  49507.982     76.469       0.57      0.830 0.0000e+00
     18.000    11.8034    31.5823  1024.0593   3.620700    23.9576    23.9571     18.098        313    1492.25  49298.813     77.992      -0.24      0.678 0.0000e+00
     19.000    10.7583    31.8293  1024.4334   3.561124    24.3567    24.3563     19.107        321    1489.06  49847.962     79.954      -0.11      0.510 0.0000e+00
     20.000    10.2704    32.0071  1024.6621   3.534282    24.5577    24.5573     20.087        330    1487.49  50150.954     82.164       0.06      0.464 0.0000e+00
     21.000     9.9989    32.2655  1024.9100   3.540170    24.8370    24.8366     21.135        334    1486.92  50622.971     83.181       0.53      0.692 0.0000e+00
     22.000     9.9902    32.4079  1025.0319   3.549762    24.9367    24.9363     22.132        342    1486.97  50801.241     85.153       0.62      0.573 0.0000e+00
     23.000     9.9358    32.3256  1024.9844   3.534061    24.8760    24.8756     23.167        348    1486.63  50689.040     86.842       1.29      0.660 0.0000e+00
     24.000     9.5918    32.4439  1025.1318   3.521080    25.0069    25.0065     24.162        355    1485.66  50888.425     88.620       0.59      0.628 0.0000e+00
     25.000     9.5662    32.5894  1025.2557   3.533020    25.1432    25.1428     25.175        362    1485.73  51133.368     90.333       0.68      0.753 0.0000e+00
     26.000     9.6443    32.6204  1025.2717   3.543686    25.1519    25.1515     26.134        371    1486.07  51156.958     92.389      -0.32      0.525 0.0000e+00
     27.000     9.6826    32.6344  1025.2811   3.548628    25.1581    25.1577     27.162        377    1486.24  51172.693     94.019       0.18      0.607 0.0000e+00
     28.000     9.6650    32.6020  1025.2634   3.543154    25.1386    25.1381     28.126        385    1486.15  51136.583     96.049      -0.28      0.488 0.0000e+00
     29.000     9.5281    32.5530  1025.2518   3.526125    25.1130    25.1125     29.198        390    1485.61  51076.325     97.132       0.44      0.761 0.0000e+00
     30.000     9.2986    32.5588  1025.2982   3.505903    25.1572    25.1567     30.158        399    1484.78  51136.993     99.500      -0.07      0.333 0.0000e+00
     31.000     9.0986    32.5678  1025.3403   3.490107    25.2006    25.2000     31.168        406    1484.10  51200.780    101.331       0.00      0.563 0.0000e+00
     32.000     8.9842    32.5493  1025.3490   3.477531    25.2010    25.2005     32.187        413    1483.65  51193.589    102.929       0.08      0.626 0.0000e+00
     33.000     8.7508    32.5320  1025.3760   3.455072    25.2289    25.2284     33.169        421    1482.78  51230.647    104.966      -0.14      0.465 0.0000e+00
     34.000     8.4803    32.4892  1025.3887   3.426595    25.2233    25.2228     34.190        428    1481.72  51203.878    106.738       0.07      0.508 0.0000e+00
     35.000     8.2646    32.5439  1025.4678   3.413841    25.3086    25.3081     35.213        436    1481.00  51350.740    108.783       0.52      0.407 0.0000e+00
     36.000     8.1225    32.5621  1025.5085   3.402419    25.3353    25.3348     36.185        444    1480.48  51393.664    110.682      -0.21      0.565 0.0000e+00
     37.000     7.9120    32.4647  1025.4685   3.373028    25.2797    25.2792     37.232        450    1479.55  51286.349    112.345       0.39      0.513 0.0000e+00
     38.000     7.5976    32.5114  1025.5519   3.352586    25.3794    25.3789     38.209        459    1478.50  51465.403    114.530       0.70      0.352 0.0000e+00
     39.000     7.4160    32.5648  1025.6254   3.341132    25.4376    25.4371     39.226        466    1477.84  51569.745    116.315       0.10      0.505 0.0000e+00
     40.000     7.2828    32.6082  1025.6813   3.335143    25.4987    25.4982     40.235        474    1477.43  51681.798    118.312       0.36      0.544 0.0000e+00
     41.000     7.2498    32.6260  1025.7048   3.334216    25.5160    25.5155     41.231        482    1477.33  51714.023    120.326      -0.14      0.511 0.0000e+00
     42.000     7.2440    32.6296  1025.7131   3.334358    25.5191    25.5186     42.207        490    1477.33  51720.189    122.177       0.17      0.503 0.0000e+00
     43.000     7.2410    32.6292  1025.7178   3.334451    25.5198    25.5192     43.292        496    1477.34  51722.504    123.764       0.47      0.629 0.0000e+00
     44.000     7.2399    32.6304  1025.7234   3.334735    25.5208    25.5203     44.270        507    1477.35  51724.866    126.389       0.20      0.649 0.0000e+00
     45.000     7.2406    32.6282  1025.7263   3.334797    25.5184    25.5179     45.223        516    1477.37  51721.062    128.864       0.05      0.268 0.0000e+00
     46.000     7.2395    32.6285  1025.7313   3.334881    25.5191    25.5186     46.272        523    1477.38  51723.015    130.485       0.23      0.506 0.0000e+00
     47.000     7.2395    32.6275  1025.7351   3.334959    25.5182    25.5176     47.333        531    1477.39  51721.610    132.477       0.76      0.465 0.0000e+00
     48.000     7.2405    32.6262  1025.7386   3.335030    25.5171    25.5165     48.318        539    1477.41  51720.936    134.587       0.75      0.418 0.0000e+00
     49.000     7.2391    32.6270  1025.7440   3.335104    25.5182    25.5176     49.325        550    1477.43  51723.437    137.371       0.91      0.372 0.0000e+00
     50.000     7.2397    32.6284  1025.7497   3.335376    25.5194    25.5188     50.330        563    1477.45  51726.218    140.565       0.02      0.413 0.0000e+00
     49.000     7.2431    32.6283  1025.7445   3.335556    25.5193    25.5187     49.223        574    1477.44  51725.364    143.191      -1.08     -0.316 0.0000e+00
     48.000     7.2407    32.6291  1025.7408   3.335434    25.5204    25.5198     48.231        586    1477.42  51726.637    146.181      -0.94     -0.259 0.0000e+00
     47.000     7.2409    32.6280  1025.7354   3.335282    25.5191    25.5185     47.222        593    1477.40  51723.699    148.096      -0.96     -0.481 0.0000e+00
     46.000     7.2402    32.6285  1025.7313   3.335256    25.5198    25.5192     46.216        601    1477.38  51724.179    149.932      -1.07     -0.465 0.0000e+00
     45.000     7.2411    32.6268  1025.7251   3.335064    25.5175    25.5170     45.170        609    1477.36  51719.371    152.083      -1.55     -0.639 0.0000e+00
     44.000     7.2408    32.6255  1025.7196   3.334900    25.5166    25.5161     44.140        616    1477.34  51717.187    153.637      -1.83     -1.197 0.0000e+00
     43.000     7.2390    32.6254  1025.7151   3.334742    25.5169    25.5163     43.193        628    1477.32  51716.895    156.632      -1.02     -0.641 0.0000e+00
     42.000     7.2378    32.6263  1025.7113   3.334723    25.5180    25.5175     42.252        638    1477.30  51718.298    159.281      -0.31     -0.259 0.0000e+00
     41.000     7.2414    32.6217  1025.7026   3.334572    25.5139    25.5134     41.229        647    1477.29  51710.277    161.477      -0.30     -0.316 0.0000e+00
     40.000     7.2465    32.6194  1025.6954   3.334802    25.5109    25.5104     40.211        654    1477.29  51704.115    163.275      -0.45     -0.647 0.0000e+00
     39.000     7.2648    32.6235  1025.6915   3.336900    25.5118    25.5113     39.217        661    1477.36  51704.822    165.033       0.12     -0.600 0.0000e+00
     38.000     7.3451    32.6303  1025.6811   3.344882    25.5069    25.5064     38.218        671    1477.66  51695.094    167.392       0.10     -0.403 0.0000e+00
     37.000     7.4613    32.6318  1025.6610   3.356364    25.4868    25.4863     37.198        678    1478.11  51658.885    169.215      -0.42     -0.506 0.0000e+00
     36.000     7.8354    32.6403  1025.6107   3.390025    25.4318    25.4313     36.235        687    1479.52  51556.588    171.427       0.09     -0.333 0.0000e+00
     35.000     8.0085    32.6370  1025.5781   3.405035    25.4143    25.4138     35.174        693    1480.16  51531.779    173.006      -0.47     -0.500 0.0000e+00
     34.000     8.1871    32.5979  1025.5163   3.417159    25.3574    25.3569     34.213        702    1480.78  51435.566    175.192      -0.66     -0.299 0.0000e+00
     33.000     8.3284    32.6430  1025.5256   3.434839    25.3695    25.3691     33.138        707    1481.36  51461.529    176.439      -0.63     -0.758 0.0000e+00
     32.000     8.6826    32.6231  1025.4531   3.462973    25.3029    25.3024     32.171        718    1482.62  51358.646    179.180      -0.32     -0.392 0.0000e+00
     31.000     8.9067    32.5992  1025.3949   3.480629    25.2489    25.2484     31.206        726    1483.43  51275.153    181.164      -0.38     -0.295 0.0000e+00
     30.000     8.9951    32.6549  1025.4194   3.494807    25.2770    25.2765     30.128        730    1483.82  51329.611    182.299      -0.53     -0.775 0.0000e+00
     29.000     9.2469    32.6521  1025.3738   3.515668    25.2447    25.2442     29.159        740    1484.71  51292.521    184.708      -0.62     -0.426 0.0000e+00
     28.000     9.3641    32.6493  1025.3485   3.525711    25.2216    25.2211     28.138        745    1485.12  51258.127    185.929      -0.09     -0.845 0.0000e+00
     27.000     9.6487    32.6350  1025.2872   3.548669    25.1617    25.1612     27.192        757    1486.12  51175.741    188.896      -0.10     -0.070 0.0000e+00
     26.000     9.6455    32.6299  1025.2790   3.547568    25.1618    25.1613     26.146        759    1486.09  51175.089    189.608      -0.65     -0.788 0.0000e+00
     25.000     9.6424    32.5864  1025.2411   3.542044    25.1270    25.1266     25.101        766    1486.00  51111.623    191.246      -0.49     -0.783 0.0000e+00
     24.000     9.5955    32.5435  1025.2103   3.533486    25.1022    25.1018     24.126        774    1485.77  51060.701    193.372      -1.18     -0.689 0.0000e+00
     23.000     9.5681    32.5227  1025.1937   3.529485    25.0850    25.0846     23.081        778    1485.64  51025.818    194.290      -0.40     -1.237 0.0000e+00
     22.000     9.7831    32.5110  1025.1450   3.547759    25.0474    25.0470     22.146        791    1486.38  50979.376    197.579      -0.44     -0.085 0.0000e+00
     21.000     9.8762    32.4414  1025.0712   3.548430    24.9779    24.9775     21.110        795    1486.61  50863.627    198.598      -0.22     -0.769 0.0000e+00
     20.000     9.9297    32.2993  1024.9465   3.539357    24.8511    24.8507     20.098        801    1486.62  50640.124    199.992       0.05     -0.745 0.0000e+00
     19.000    10.3178    32.1272  1024.7424   3.558377    24.6621    24.6617     19.167        812    1487.81  50343.730    202.760      -0.14     -0.120 0.0000e+00
     18.000    10.4815    32.0759  1024.6701   3.569234    24.5749    24.5745     18.046        815    1488.32  50208.117    203.559      -0.76     -0.832 0.0000e+00
     17.000    11.5975    31.9248  1024.3536   3.653241    24.2698    24.2694     17.141        825    1492.03  49825.475    206.022      -0.20     -0.160 0.0000e+00
     16.000    11.7546    31.9400  1024.3309   3.669257    24.2627    24.2624     16.057        828    1492.59  49839.888    206.762      -0.71     -0.903 0.0000e+00
     15.000    12.2359    31.8027  1024.1326   3.695470    24.0578    24.0575     15.095        836    1494.04  49559.404    208.843       0.16     -0.422 0.0000e+00
     14.000    12.4192    31.7204  1024.0281   3.703238    23.9646    23.9643     14.101        845    1494.58  49427.923    211.089       0.01     -0.367 0.0000e+00
     13.000    12.4783    31.7161  1024.0082   3.708346    23.9524    23.9521     13.063        850    1494.77  49416.768    212.280      -0.72     -0.592 0.0000e+00
     12.000    12.6416    31.6848  1023.9497   3.718412    23.8934    23.8931     12.056        856    1495.25  49344.051    213.698       0.09     -0.792 0.0000e+00
     11.000    12.8101    31.5889  1023.8381   3.722662    23.7889    23.7886     11.057        865    1495.70  49190.934    215.896      -0.16     -0.379 0.0000e+00
     10.000    12.9240    31.4824  1023.7295   3.720928    23.6827    23.6824     10.108        872    1495.93  49022.930    217.702      -0.22     -0.385 0.0000e+00
      9.000    12.9727    31.4448  1023.6854   3.722228    23.6435    23.6433      8.999        874    1496.06  48962.589    218.371      -0.83     -0.972 0.0000e+00
      8.000    13.3005    31.3031  1023.5060   3.736789    23.4723    23.4720      8.043        884    1496.99  48726.927    220.725      -0.57     -0.360 0.0000e+00
      7.000    13.4308    31.2425  1023.4308   3.740289    23.4015    23.4013      6.971        888    1497.30  48629.575    221.799      -1.16     -0.955 0.0000e+00
      6.000    13.5707    31.1607  1023.3346   3.744455    23.3049    23.3047      6.044        897    1497.67  48488.391    224.019      -0.51     -0.281 0.0000e+00
      5.000    13.6901    31.1895  1023.3289   3.757870    23.3092    23.3091      4.996        902    1498.07  48522.451    225.254      -0.46     -0.782 0.0000e+00
      4.000    13.8931    31.1537  1023.2573   3.770447    23.2357    23.2355      4.063        909    1498.66  48441.613    227.067       0.11     -0.356 0.0000e+00
