CalculateIndicators/WaterTemperature/Data/CTD_NYOS/NYOS190728_7_6.cnv
* Sea-Bird SBE 9 Data File:
* FileName = C:\Seabird 9 CTD\Data\2019\201907_offshore\NYOS190728_7_6.hex
* Software Version Seasave V 7.23.2
* Temperature SN = 4590
* Conductivity SN = 3228
* Number of Bytes Per Scan = 44
* Number of Voltage Words = 5
* Number of Scans Averaged by the Deck Unit = 1
* NMEA Latitude = 38 32.06 N
* NMEA Longitude = 073 04.30 W
* NMEA UTC (Time) = Jul 28 2019  17:20:31
* NMEA baud rate = 4800
** Ship: Seawolf
** Station: 7.6
** Operator: ajb
# nquan = 35
# nvalues = 1194                        
# units = specified
# name 0 = depSM: Depth [salt water, m]
# name 1 = t090C: Temperature [ITS-90, deg C]
# name 2 = sal00: Salinity, Practical [PSU]
# name 3 = density00: Density [density, kg/m^3]
# name 4 = sbeox0V: Oxygen raw, SBE 43 [V]
# name 5 = sbeox0ML/L: Oxygen, SBE 43 [ml/l]
# name 6 = sbeox0PS: Oxygen, SBE 43 [% saturation]
# name 7 = sbox0dV/dT: Oxygen, SBE 43 [dov/dt]
# name 8 = oxsolML/L: Oxygen Saturation, Garcia & Gordon [ml/l]
# name 9 = oxsatML/L: Oxygen Saturation, Weiss [ml/l]
# name 10 = ph: pH
# name 11 = flECO-AFL: Fluorescence, WET Labs ECO-AFL/FL [mg/m^3]
# name 12 = n2satML/L: Nitrogen Saturation [ml/l]
# name 13 = c0S/m: Conductivity [S/m]
# name 14 = cpar: CPAR/Corrected Irradiance [%]
# name 15 = sigma-é00: Density [sigma-theta, kg/m^3]
# name 16 = sigma-t00: Density [sigma-t, kg/m^3 ]
# name 17 = par: PAR/Irradiance, Biospherical/Licor
# name 18 = prDM: Pressure, Digiquartz [db]
# name 19 = pumps: Pump Status
# name 20 = scan: Scan Count
# name 21 = svCM: Sound Velocity [Chen-Millero, m/s]
# name 22 = spar: SPAR, Biospherical/Licor
# name 23 = specc: Specific Conductance [uS/cm]
# name 24 = timeS: Time, Elapsed [seconds]
# name 25 = timeY: Time, System [seconds]
# name 26 = accM: Acceleration [m/s^2]
# name 27 = dz/dtM: Descent Rate [m/s]
# name 28 = latitude: Latitude [deg]
# name 29 = longitude: Longitude [deg]
# name 30 = gsw_saA0: Absolute Salinity [g/kg]
# name 31 = gsw_densityA0: density, TEOS-10 [density, kg/m^3]
# name 32 = gsw_sigma0A0: density, TEOS-10 [sigma-0, kg/m^3 ]
# name 33 = gsw_ptA0: potential temperature [ITS-90, deg C]
# name 34 = flag: flag
# span 0 =      1.000,    598.000       
# span 1 =     5.7108,    26.1287       
# span 2 =    34.6344,    35.7983       
# span 3 =  1022.9315,  1030.3958       
# span 4 =     1.4147,     2.8223       
# span 5 =     2.8954,     6.1551       
# span 6 =     47.180,    115.353       
# span 7 =   -0.05506,    0.04180       
# span 8 =    4.65093,    6.95328       
# span 9 =    4.63896,    6.96701       
# span 10 =      7.915,      8.286      
# span 11 =    -0.2176,     0.8841      
# span 12 =    8.64079,   12.45168      
# span 13 =   3.441793,   5.413088      
# span 14 = 4.6353e-14, 7.4296e+01      
# span 15 =    22.9272,    27.6353      
# span 16 =    22.9271,    27.6288      
# span 17 = 1.0000e-12, 1.5915e+03      
# span 18 =      1.019,    603.401      
# span 19 =          1,          1      
# span 20 =        647,      34773      
# span 21 =    1483.48,    1537.01      
# span 22 = 6.3045e+02, 2.1574e+03      
# span 23 =  52881.657,  56033.334      
# span 24 =     26.907,   1448.831      
# span 25 = 1564334458, 1564335880      
# span 26 =      -0.76,       0.54      
# span 27 =     -1.769,      1.256      
# span 28 =   38.53173,   38.53430      
# span 29 =  -73.07227,  -73.07172      
# span 30 =    34.8260,    35.9840      
# span 31 =  1022.9328,  1030.3989      
# span 32 =    22.9285,    27.6384      
# span 33 =     5.6583,    26.1284      
# span 34 = 0.0000e+00, 0.0000e+00      
# interval = meters: 1                  
# start_time = Jul 28 2019 17:20:31 [System UTC, first data scan.]
# bad_flag = -9.990e-29
*END*
[from data line 374]
    376.000     8.0032    35.1434  1029.1099     1.5290     3.5894     54.405    0.00095    6.59756    6.60545      7.921    -0.0398   11.86371   3.651651 4.6458e-14    27.3920    27.3861 1.0000e-12    379.200          1       9704    1488.90 2.1525e+03  55324.370    404.293 1564334835       0.00      1.186   38.53376  -73.07194    35.3083  1029.1109    27.3929     7.9642 0.0000e+00
    377.000     7.9976    35.1428  1029.1149     1.5303     3.5973     54.518    0.00120    6.59838    6.60627      7.921    -0.0422   11.86506   3.651059 4.6454e-14    27.3923    27.3865 1.0000e-12    380.210          1       9724    1488.90 2.1527e+03  55325.627    405.143 1564334836       0.00      1.188   38.53376  -73.07194    35.3071  1029.1154    27.3929     7.9585 0.0000e+00
    378.000     7.9841    35.1425  1029.1213     1.5313     3.6039     54.601    0.00136    6.60045    6.60838      7.921    -0.0513   11.86850   3.649847 4.6418e-14    27.3941    27.3882 1.0000e-12    381.219          1       9745    1488.86 2.1543e+03  55329.381    405.993 1564334837      -0.00      1.187   38.53376  -73.07194    35.3071  1029.1221    27.3949     7.9449 0.0000e+00
    379.000     7.9770    35.1421  1029.1268     1.5325     3.6083     54.651    0.00121    6.60243    6.61039      7.921    -0.0400   11.87178   3.649222 4.6680e-14    27.3949    27.3890 1.0000e-12    382.229          1       9765    1488.85 2.1423e+03  55331.432    406.845 1564334838      -0.00      1.186   38.53376  -73.07194    35.3070  1029.1277    27.3959     7.9378 0.0000e+00
    380.000     7.9712    35.1419  1029.1321     1.5333     3.6146     54.725    0.00132    6.60495    6.61295      7.921    -0.0398   11.87593   3.648750 4.6468e-14    27.3957    27.3898 1.0000e-12    383.238          1       9786    1488.85 2.1520e+03  55333.365    407.697 1564334839      -0.00      1.185   38.53376  -73.07194    35.3073  1029.1334    27.3970     7.9318 0.0000e+00
    381.000     7.9617    35.1410  1029.1374     1.5345     3.6195     54.780    0.00120    6.60743    6.61547      7.921    -0.0398   11.88004   3.647728 4.6519e-14    27.3963    27.3904 1.0000e-12    384.247          1       9806    1488.83 2.1496e+03  55335.184    408.549 1564334839      -0.00      1.185   38.53376  -73.07194    35.3053  1029.1380    27.3969     7.9223 0.0000e+00
    382.000     7.9480    35.1407  1029.1440     1.5351     3.6205     54.783    0.00100    6.60882    6.61689      7.921    -0.0398   11.88234   3.646483 4.6576e-14    27.3982    27.3923 1.0000e-12    385.257          1       9827    1488.79 2.1470e+03  55339.140    409.399 1564334840       0.00      1.185   38.53376  -73.07194    35.3053  1029.1447    27.3989     7.9085 0.0000e+00
    383.000     7.9334    35.1400  1029.1503     1.5363     3.6260     54.862    0.00105    6.60930    6.61737      7.922    -0.0340   11.88313   3.645054 4.6581e-14    27.3998    27.3939 1.0000e-12    386.267          1       9847    1488.75 2.1468e+03  55342.662    410.246 1564334841       0.01      1.189   38.53376  -73.07194    35.3040  1029.1506    27.4002     7.8938 0.0000e+00
    384.000     7.9162    35.1393  1029.1570     1.5376     3.6355     55.002    0.00144    6.60977    6.61785      7.922    -0.0167   11.88391   3.643421 4.6545e-14    27.4018    27.3959 1.0000e-12    387.276          1       9867    1488.70 2.1485e+03  55346.883    411.091 1564334842       0.00      1.193   38.53376  -73.07194    35.3032  1029.1572    27.4021     7.8766 0.0000e+00
    385.000     7.9021    35.1392  1029.1637     1.5386     3.6395     55.054    0.00140    6.61076    6.61885      7.922    -0.0395   11.88554   3.642198 4.6529e-14    27.4039    27.3980 1.0000e-12    388.285          1       9888    1488.67 2.1492e+03  55351.156    411.939 1564334843      -0.00      1.193   38.53376  -73.07194    35.3037  1029.1644    27.4046     7.8624 0.0000e+00
    386.000     7.8966    35.1390  1029.1690     1.5394     3.6412     55.071    0.00116    6.61192    6.62003      7.922    -0.0398   11.88747   3.641785 4.6477e-14    27.4046    27.3987 1.0000e-12    389.295          1       9908    1488.66 2.1516e+03  55353.074    412.789 1564334844      -0.00      1.190   38.53376  -73.07194    35.3043  1029.1703    27.4059     7.8568 0.0000e+00
    387.000     7.8941    35.1387  1029.1737     1.5399     3.6408     55.055    0.00085    6.61301    6.62114      7.922    -0.0476   11.88927   3.641585 4.6437e-14    27.4047    27.3987 1.0000e-12    390.304          1       9928    1488.67 2.1534e+03  55353.943    413.635 1564334845       0.00      1.189   38.53376  -73.07194    35.3042  1029.1752    27.4062     7.8543 0.0000e+00
    388.000     7.8888    35.1382  1029.1788     1.5408     3.6429     55.081    0.00071    6.61375    6.62189      7.922    -0.0416   11.89048   3.641065 4.6416e-14    27.4051    27.3992 1.0000e-12    391.314          1       9949    1488.66 2.1544e+03  55355.375    414.483 1564334845       0.00      1.192   38.53376  -73.07194    35.3035  1029.1800    27.4064     7.8488 0.0000e+00
    389.000     7.8833    35.1378  1029.1839     1.5413     3.6460     55.123    0.00074    6.61437    6.62251      7.922    -0.0274   11.89151   3.640568 4.6409e-14    27.4056    27.3997 1.0000e-12    392.323          1       9969    1488.66 2.1547e+03  55356.919    415.327 1564334846       0.00      1.193   38.53374  -73.07194    35.3031  1029.1851    27.4070     7.8433 0.0000e+00
    390.000     7.8736    35.1377  1029.1899     1.5420     3.6505     55.180    0.00083    6.61559    6.62376      7.922    -0.0283   11.89355   3.639723 4.6373e-14    27.4070    27.4011 1.0000e-12    393.333          1       9989    1488.64 2.1564e+03  55360.103    416.172 1564334847       0.00      1.196   38.53374  -73.07194    35.3033  1029.1914    27.4085     7.8335 0.0000e+00
    391.000     7.8684    35.1376  1029.1952     1.5428     3.6555     55.239    0.00086    6.61763    6.62583      7.922    -0.0397   11.89691   3.639276 4.6373e-14    27.4077    27.4018 1.0000e-12    394.343          1      10009    1488.64 2.1564e+03  55361.988    417.021 1564334848      -0.01      1.193   38.53374  -73.07194    35.3033  1029.1968    27.4093     7.8282 0.0000e+00
    392.000     7.8639    35.1374  1029.2003     1.5432     3.6582     55.259    0.00079    6.61999    6.62823      7.922    -0.0398   11.90081   3.638903 4.6404e-14    27.4082    27.4022 1.0000e-12    395.352          1      10030    1488.64 2.1550e+03  55363.521    417.870 1564334849      -0.00      1.189   38.53374  -73.07194    35.3033  1029.2021    27.4100     7.8236 0.0000e+00
    393.000     7.8595    35.1369  1029.2052     1.5436     3.6567     55.226    0.00042    6.62133    6.62959      7.922    -0.0398   11.90303   3.638469 4.6499e-14    27.4085    27.4025 1.0000e-12    396.361          1      10050    1488.63 2.1506e+03  55364.676    418.720 1564334850      -0.00      1.187   38.53374  -73.07194    35.3025  1029.2068    27.4101     7.8191 0.0000e+00
    394.000     7.8464    35.1360  1029.2112     1.5446     3.6640     55.327    0.00068    6.62244    6.63072      7.922    -0.0343   11.90486   3.637153 4.6595e-14    27.4098    27.4038 1.0000e-12    397.371          1      10071    1488.60 2.1461e+03  55367.681    419.570 1564334851       0.00      1.188   38.53374  -73.07194    35.3010  1029.2121    27.4108     7.8060 0.0000e+00
    395.000     7.8347    35.1357  1029.2173     1.5457     3.6759     55.497    0.00129    6.62369    6.63198      7.922    -0.0311   11.90692   3.636038 4.6628e-14    27.4112    27.4052 1.0000e-12    398.380          1      10091    1488.57 2.1447e+03  55370.955    420.417 1564334851       0.00      1.190   38.53374  -73.07194    35.3002  1029.2180    27.4120     7.7942 0.0000e+00
    396.000     7.8169    35.1354  1029.2245     1.5465     3.6801     55.534    0.00121    6.62668    6.63503      7.922    -0.0398   11.91189   3.634482 4.6572e-14    27.4138    27.4078 1.0000e-12    399.390          1      10111    1488.52 2.1472e+03  55376.141    421.268 1564334852      -0.00      1.189   38.53374  -73.07194    35.3009  1029.2259    27.4152     7.7763 0.0000e+00
    397.000     7.8136    35.1350  1029.2293     1.5469     3.6795     55.483    0.00070    6.63163    6.64005      7.922    -0.0397   11.92007   3.634165 4.6455e-14    27.4139    27.4079 1.0000e-12    400.399          1      10132    1488.53 2.1526e+03  55377.039    422.118 1564334853      -0.00      1.187   38.53374  -73.07194    35.3003  1029.2305    27.4152     7.7729 0.0000e+00
    398.000     7.8033    35.1347  1029.2352     1.5480     3.6868     55.561    0.00073    6.63564    6.64412 -9.990e-29    -0.0067   11.92668   3.633245 4.8107e-14    27.4152    27.4092 1.0000e-12    401.409          1      10152    1488.50 2.0830e+03  55380.123    422.971 1564334854      -0.00      1.186   38.53374  -73.07194    35.3003  1029.2366    27.4167     7.7626 0.0000e+00
    399.000     7.7937    35.1338  1029.2405     1.5500     3.7057     55.824    0.00167    6.63817    6.64670 -9.990e-29    -0.0291   11.93088   3.632179 5.8938e-14    27.4159    27.4098 1.0000e-12    402.419          1      10173    1488.48 1.7137e+03  55381.916    423.823 1564334855      -0.00      1.184   38.53374  -73.07194    35.2979  1029.2409    27.4163     7.7529 0.0000e+00
    400.000     7.7658    35.1324  1029.2484     1.5524     3.7252     56.103    0.00253    6.63995    6.64850 -9.990e-29    -0.0464   11.93381   3.629332 5.1470e-14    27.4189    27.4129 1.0000e-12    403.428          1      10193    1488.39 1.9565e+03  55388.187    424.675 1564334856       0.00      1.184   38.53373  -73.07194    35.2947  1029.2473    27.4179     7.7250 0.0000e+00
    401.000     7.7314    35.1319  1029.2580     1.5545     3.7379     56.250    0.00267    6.64517    6.65381 -9.990e-29    -0.0490   11.94246   3.626167 4.6472e-14    27.4236    27.4176 1.0000e-12    404.438          1      10214    1488.28 2.1516e+03  55397.529    425.526 1564334856       0.00      1.186   38.53372  -73.07194    35.2947  1029.2573    27.4230     7.6905 0.0000e+00
    402.000     7.7135    35.1316  1029.2651     1.5567     3.7458     56.342    0.00248    6.64842    6.65711      7.923    -0.0398   11.94781   3.624551 4.6598e-14    27.4260    27.4200 1.0000e-12    405.447          1      10234    1488.22 2.1461e+03  55402.566    426.379 1564334857      -0.00      1.185   38.53372  -73.07194    35.2948  1029.2647    27.4256     7.6726 0.0000e+00
    403.000     7.6969    35.1310  1029.2718     1.5591     3.7584     56.518    0.00272    6.64992    6.65863      7.923    -0.0397   11.95029   3.623064 4.6643e-14    27.4280    27.4220 1.0000e-12    406.457          1      10255    1488.17 2.1440e+03  55406.993    427.230 1564334858       0.00      1.185   38.53372  -73.07194    35.2949  1029.2720    27.4282     7.6559 0.0000e+00
    404.000     7.6806    35.1289  1029.2773     1.5612     3.7677     56.633    0.00266    6.65284    6.66159      7.924    -0.0283   11.95512   3.621133 4.6587e-14    27.4288    27.4228 1.0000e-12    407.467          1      10275    1488.13 2.1465e+03  55409.062    428.083 1564334859      -0.00      1.185   38.53372  -73.07194    35.2899  1029.2752    27.4266     7.6396 0.0000e+00
    405.000     7.6434    35.1293  1029.2879     1.5631     3.7742     56.715    0.00250    6.65470    6.66349      7.926    -0.0276   11.95820   3.617907 4.6538e-14    27.4345    27.4285 1.0000e-12    408.476          1      10295    1488.00 2.1488e+03  55420.480    428.932 1564334860       0.00      1.186   38.53372  -73.07194    35.2919  1029.2871    27.4337     7.6024 0.0000e+00
    406.000     7.6323    35.1289  1029.2939     1.5653     3.7814     56.810    0.00233    6.65620    6.66501      7.925    -0.0418   11.96069   3.616945 4.6466e-14    27.4358    27.4298 1.0000e-12    409.486          1      10316    1487.98 2.1521e+03  55423.582    429.782 1564334861       0.00      1.188   38.53372  -73.07194    35.2922  1029.2936    27.4355     7.5913 0.0000e+00
    407.000     7.6183    35.1275  1029.2996     1.5672     3.7929     56.931    0.00238    6.66226    6.67117      7.926    -0.0433   11.97071   3.615473 4.6450e-14    27.4368    27.4308 1.0000e-12    410.495          1      10336    1487.94 2.1529e+03  55426.136    430.631 1564334862       0.00      1.189   38.53372  -73.07194    35.2899  1029.2985    27.4358     7.5772 0.0000e+00
    408.000     7.5997    35.1273  1029.3069     1.5687     3.7957     56.958    0.00201    6.66405    6.67299      7.927    -0.0300   11.97366   3.613859 4.6411e-14    27.4394    27.4334 1.0000e-12    411.505          1      10357    1487.88 2.1546e+03  55431.721    431.482 1564334862      -0.00      1.188   38.53372  -73.07194    35.2906  1029.3066    27.4391     7.5586 0.0000e+00
    409.000     7.5922    35.1269  1029.3123     1.5703     3.8053     57.040    0.00190    6.67129    6.68034      7.927    -0.0398   11.98562   3.613199 4.6420e-14    27.4402    27.4342 1.0000e-12    412.514          1      10377    1487.87 2.1542e+03  55433.867    432.332 1564334863      -0.00      1.187   38.53372  -73.07194    35.2907  1029.3123    27.4402     7.5509 0.0000e+00
    410.000     7.5665    35.1245  1029.3190     1.5716     3.8102     57.094    0.00172    6.67354    6.68263      7.928    -0.0398   11.98934   3.610325 4.6485e-14    27.4420    27.4360 1.0000e-12    413.524          1      10397    1487.79 2.1513e+03  55438.193    433.184 1564334864      -0.00      1.186   38.53372  -73.07194    35.2848  1029.3163    27.4393     7.5253 0.0000e+00
    411.000     7.5397    35.1255  1029.3285     1.5744     3.8285     57.332    0.00222    6.67773    6.68688      7.928    -0.0300   11.99628   3.608239 4.6393e-14    27.4467    27.4407 1.0000e-12    414.534          1      10418    1487.70 2.1555e+03  55447.652    434.035 1564334865       0.00      1.186   38.53370  -73.07194    35.2887  1029.3281    27.4463     7.4984 0.0000e+00
    412.000     7.5123    35.1224  1029.3349     1.5772     3.8537     57.662    0.00322    6.68327    6.69252      7.928    -0.0354   12.00543   3.605036 4.6492e-14    27.4482    27.4422 1.0000e-12    415.543          1      10438    1487.61 2.1509e+03  55451.488    434.882 1564334866       0.00      1.189   38.53370  -73.07194    35.2811  1029.3310    27.4443     7.4710 0.0000e+00
    413.000     7.4776    35.1235  1029.3457     1.5805     3.8716     57.892    0.00350    6.68757    6.69688 -9.990e-29    -0.0349   12.01252   3.602269 4.6549e-14    27.4541    27.4482 1.0000e-12    416.553          1      10459    1487.50 2.1483e+03  55463.463    435.736 1564334867      -0.00      1.188   38.53370  -73.07194    35.2856  1029.3444    27.4528     7.4363 0.0000e+00
    414.000     7.4631    35.1219  1029.3513     1.5833     3.8847     58.068    0.00360    6.68992    6.69927 -9.990e-29    -0.0276   12.01641   3.600688 4.6546e-14    27.4550    27.4490 1.0000e-12    417.562          1      10479    1487.46 2.1484e+03  55465.912    436.584 1564334868       0.00      1.186   38.53370  -73.07194    35.2826  1029.3488    27.4526     7.4217 0.0000e+00
    415.000     7.4261    35.1208  1029.3607     1.5869     3.9001     58.290    0.00374    6.69087    6.70024 -9.990e-29    -0.0283   12.01799   3.597133 4.6492e-14    27.4594    27.4535 1.0000e-12    418.572          1      10499    1487.33 2.1509e+03  55475.381    437.432 1564334868       0.00      1.190   38.53370  -73.07194    35.2808  1029.3577    27.4565     7.3847 0.0000e+00
