CalculateIndicators/WaterTemperature/Data/CTD_NYOS/NYOS2006_C23.cnv
* Sea-Bird SBE19plus Data File:
* FileName = C:\Users\radar\Desktop\NYOS.2006\NYOS2006.ctd\NYOS2006_C23.hex
* Software Version 1.59
* Temperature SN =  4675
* Conductivity SN =  4675
* System UpLoad Time = Jun 10 2020 07:24:59
* NMEA Latitude = 40 30.4950 N
* NMEA Longitude = 073 26.7380 W
# nquan = 15
# nvalues = 26                          
# units = specified
# name 0 = depSM: Depth [salt water, m]
# name 1 = tv290C: Temperature [ITS-90, deg C]
# name 2 = sal00: Salinity, Practical [PSU]
# name 3 = density00: Density [density, kg/m^3]
# name 4 = c0S/m: Conductivity [S/m]
# name 5 = sigma-�00: Density [sigma-theta, kg/m^3]
# name 6 = sigma-t00: Density [sigma-t, kg/m^3 ]
# name 7 = prdM: Pressure, Strain Gauge [db]
# name 8 = scan: Scan Count
# name 9 = svCM: Sound Velocity [Chen-Millero, m/s]
# name 10 = specc: Specific Conductance [uS/cm]
# name 11 = timeS: Time, Elapsed [seconds]
# name 12 = accM: Acceleration [m/s^2]
# name 13 = dz/dtM: Descent Rate [m/s]
# name 14 = flag: flag
# span 0 =      1.000,     14.000       
# span 1 =    11.5782,    18.0111       
# span 2 =    29.8403,    31.7460       
# span 3 =  1021.3741,  1024.1990       
# span 4 =   3.625211,   3.986546       
# span 5 =    21.3541,    24.1401       
# span 6 =    21.3540,    24.1398       
# span 7 =      1.007,     14.146       
# span 8 =        414,        677       
# span 9 =    1491.70,    1510.06       
# span 10 =  46247.347,  49585.534      
# span 11 =    103.263,    169.085      
# span 12 =      -0.99,       1.22      
# span 13 =     -0.911,      0.713      
# span 14 = 0.0000e+00, 0.0000e+00      
# interval = meters: 1                  
# start_time = Jun 09 2020 21:23:37 [Instrument's time stamp, header]
# bad_flag = -9.990e-29
*END*
      2.000    18.0111    29.8958  1021.3741   3.986546    21.3641    21.3640      1.986        414    1510.06  46339.924    103.263      -0.10      0.222 0.0000e+00
      3.000    17.9715    29.9072  1021.3960   3.984706    21.3834    21.3832      3.021        421    1509.98  46360.941    104.960       0.28      0.528 0.0000e+00
      4.000    17.9584    29.9118  1021.4076   3.983680    21.3912    21.3910      4.011        426    1509.95  46370.860    106.361       0.04      0.689 0.0000e+00
      5.000    17.8010    29.8403  1021.3983   3.959770    21.3541    21.3540      5.021        435    1509.38  46247.347    108.376       0.02      0.441 0.0000e+00
      6.000    17.4603    29.9363  1021.5645   3.933224    21.5051    21.5049      6.055        441    1508.37  46408.150    109.947       0.72      0.611 0.0000e+00
      7.000    15.5434    30.5105  1022.4240   3.833342    22.3994    22.3992      7.041        447    1503.31  47392.209    111.591      -0.26      0.713 0.0000e+00
      8.000    13.9519    31.0365  1023.1680   3.751822    23.1362    23.1360      8.056        455    1498.83  48281.699    113.428       0.17      0.569 0.0000e+00
      9.000    13.1279    31.2630  1023.5180   3.701167    23.4713    23.4711      9.027        463    1496.31  48685.663    115.432      -0.11      0.468 0.0000e+00
     10.000    12.3571    31.4689  1023.8241   3.658694    23.7875    23.7873     10.059        469    1494.04  49094.253    117.001      -0.09      0.638 0.0000e+00
     11.000    11.9693    31.5992  1024.0063   3.637547    23.9447    23.9445     11.041        476    1492.81  49301.314    118.750       0.30      0.398 0.0000e+00
     12.000    11.7634    31.6774  1024.1056   3.631031    24.0638    24.0636     12.091        482    1492.27  49480.502    120.356       0.56      0.575 0.0000e+00
     13.000    11.7011    31.6816  1024.1271   3.626100    24.0622    24.0618     13.143        489    1492.03  49465.717    122.032       1.22      0.672 0.0000e+00
     14.000    11.5866    31.7344  1024.1930   3.625211    24.1291    24.1288     14.146        519    1491.73  49567.440    129.510       0.45      0.335 0.0000e+00
     13.000    11.5782    31.7460  1024.1990   3.626536    24.1401    24.1398     13.031        530    1491.70  49585.534    132.359      -0.99     -0.683 0.0000e+00
     12.000    11.6466    31.7219  1024.1625   3.631440    24.1094    24.1091     12.142        543    1491.91  49541.518    135.515      -0.23     -0.005 0.0000e+00
     11.000    11.6999    31.7233  1024.1501   3.636173    24.1001    24.0999     11.014        546    1492.06  49533.037    136.140      -0.91     -0.804 0.0000e+00
     10.000    11.8820    31.6752  1024.0734   3.648854    24.0341    24.0339     10.056        555    1492.65  49448.309    138.403      -0.39     -0.382 0.0000e+00
      9.000    12.1966    31.6380  1023.9802   3.675194    23.9405    23.9403      9.014        561    1493.68  49339.126    139.904      -0.51     -0.717 0.0000e+00
      8.000    13.0376    31.4489  1023.6694   3.731478    23.6471    23.6469      8.063        570    1496.30  48982.952    142.298      -0.47     -0.281 0.0000e+00
      7.000    13.5102    31.4697  1023.5829   3.781409    23.5591    23.5589      7.004        574    1497.95  48934.056    143.265      -0.32     -0.911 0.0000e+00
      6.000    15.2356    30.9547  1022.8175   3.881499    22.8430    22.8428      6.001        585    1503.00  48107.616    145.954      -0.88     -0.388 0.0000e+00
      5.000    16.8664    30.3449  1021.9962   3.949079    21.9717    21.9715      5.001        595    1507.17  47039.806    148.550      -0.72     -0.533 0.0000e+00
      4.000    17.5604    30.0463  1021.6038   3.973221    21.5874    21.5873      4.009        605    1508.92  46582.596    150.979      -0.29     -0.645 0.0000e+00
      3.000    17.8684    29.9200  1021.4305   3.982564    21.4165    21.4164      2.986        619    1509.68  46383.410    154.429      -0.76     -0.290 0.0000e+00
      2.000    17.9550    29.9065  1021.3951   3.984603    21.3864    21.3864      1.999        662    1509.91  46359.780    165.139      -0.36     -0.462 0.0000e+00
      1.000    17.9699    29.9025  1021.3842   3.984661    21.3799    21.3798      1.007        677    1509.93  46353.079    169.085      -0.04     -0.577 0.0000e+00
