CalculateIndicators/WaterTemperature/Data/CTD_NYOS/NYOS1910_C05.cnv
* Sea-Bird SBE 9 Data File:
* FileName = C:\Seabird 9 CTD\Data\2019\201910_offhore\NYOS1910_C05.hex
* Software Version Seasave V 7.23.2
* Temperature SN = 4590
* Conductivity SN = 3228
* Number of Bytes Per Scan = 44
* Number of Voltage Words = 5
* Number of Scans Averaged by the Deck Unit = 1
* NMEA Latitude = 39 48.08 N
* NMEA Longitude = 071 28.03 W
* NMEA UTC (Time) = Oct 06 2019  15:59:25
* NMEA baud rate = 4800
** Ship: seawolf
** Station: 1.5
** Operator: EIH
# nquan = 35
# nvalues = 599                         
# units = specified
# name 0 = depSM: Depth [salt water, m]
# name 1 = t090C: Temperature [ITS-90, deg C]
# name 2 = sal00: Salinity, Practical [PSU]
# name 3 = density00: Density [density, kg/m^3]
# name 4 = sbeox0V: Oxygen raw, SBE 43 [V]
# name 5 = sbeox0ML/L: Oxygen, SBE 43 [ml/l]
# name 6 = sbeox0PS: Oxygen, SBE 43 [% saturation]
# name 7 = sbox0dV/dT: Oxygen, SBE 43 [dov/dt]
# name 8 = oxsolML/L: Oxygen Saturation, Garcia & Gordon [ml/l]
# name 9 = oxsatML/L: Oxygen Saturation, Weiss [ml/l]
# name 10 = ph: pH
# name 11 = flECO-AFL: Fluorescence, WET Labs ECO-AFL/FL [mg/m^3]
# name 12 = n2satML/L: Nitrogen Saturation [ml/l]
# name 13 = c0S/m: Conductivity [S/m]
# name 14 = cpar: CPAR/Corrected Irradiance [%]
# name 15 = sigma-é00: Density [sigma-theta, kg/m^3]
# name 16 = sigma-t00: Density [sigma-t, kg/m^3 ]
# name 17 = par: PAR/Irradiance, Biospherical/Licor
# name 18 = prDM: Pressure, Digiquartz [db]
# name 19 = pumps: Pump Status
# name 20 = scan: Scan Count
# name 21 = svCM: Sound Velocity [Chen-Millero, m/s]
# name 22 = spar: SPAR, Biospherical/Licor
# name 23 = specc: Specific Conductance [uS/cm]
# name 24 = timeS: Time, Elapsed [seconds]
# name 25 = timeY: Time, System [seconds]
# name 26 = accM: Acceleration [m/s^2]
# name 27 = dz/dtM: Descent Rate [m/s]
# name 28 = latitude: Latitude [deg]
# name 29 = longitude: Longitude [deg]
# name 30 = gsw_saA0: Absolute Salinity [g/kg]
# name 31 = gsw_densityA0: density, TEOS-10 [density, kg/m^3]
# name 32 = gsw_sigma0A0: density, TEOS-10 [sigma-0, kg/m^3 ]
# name 33 = gsw_ptA0: potential temperature [ITS-90, deg C]
# name 34 = flag: flag
# span 0 =      1.000,    300.000       
# span 1 =    12.0050,    23.1110       
# span 2 =    35.1958,    36.2345       
# span 3 =  1024.6835,  1028.3578       
# span 4 =     1.5212,     2.4826       
# span 5 =     3.1800,     5.0869       
# span 6 =     52.746,     96.746       
# span 7 =   -0.02692,    0.01879       
# span 8 =    4.86581,    6.03020       
# span 9 =    4.85452,    6.03009       
# span 10 =      8.030,      8.326      
# span 11 =    -0.0632,     0.4257      
# span 12 =    8.98695,   10.92178      
# span 13 =   4.068899,   5.244589      
# span 14 = -3.268e-09, 7.9860e+01      
# span 15 =    24.6792,    27.0130      
# span 16 =    24.6787,    27.0054      
# span 17 = -6.817e-08, 1.6542e+03      
# span 18 =      0.997,    302.524      
# span 19 =          1,          1      
# span 20 =        274,      45987      
# span 21 =    1502.47,    1531.73      
# span 22 = 8.2519e+02, 2.1992e+03      
# span 23 =  53615.966,  55121.595      
# span 24 =     11.384,   1916.075      
# span 25 = 1570377577, 1570379482      
# span 26 =      -1.00,       0.89      
# span 27 =     -1.121,      1.147      
# span 28 =   39.80137,   39.80953      
# span 29 =  -71.47191,  -71.46729      
# span 30 =    35.2829,    36.4042      
# span 31 =  1024.6869,  1028.3626      
# span 32 =    24.6827,    27.0180      
# span 33 =    11.9652,    23.1103      
# span 34 = 0.0000e+00, 0.0000e+00      
# interval = meters: 1                  
# start_time = Oct 06 2019 15:59:26 [System UTC, first data scan.]
# bad_flag = -9.990e-29
*END*
[from data line 125]
    126.000    16.9485    36.1278  1026.9510     1.8834     3.7618     69.001   -0.00248    5.45174    5.44503      8.177    -0.0358    9.95790   4.618481 4.5632e-03    26.3976    26.3926 9.5219e-02    127.009          1       6437    1516.08 2.0869e+03  55051.424    268.178 1570377834      -0.09      0.531   39.80246  -71.46788    36.2941  1026.9519    26.3985    16.9275 0.0000e+00
    127.000    16.8930    36.1200  1026.9628     1.8775     3.7482     68.682   -0.00290    5.45724    5.45058      8.175    -0.0334    9.96708   4.611891 3.9219e-03    26.4050    26.3999 8.1310e-02    128.017          1       6484    1515.92 2.0731e+03  55046.656    270.142 1570377836       0.52      0.505   39.80246  -71.46788    36.2856  1026.9632    26.4053    16.8719 0.0000e+00
    128.000    16.8475    36.1163  1026.9754     1.8693     3.7288     68.139   -0.00450    5.47231    5.46581      8.172    -0.0390    9.99220   4.606900 3.9319e-03    26.4130    26.4079 8.1796e-02    129.023          1       6523    1515.79 2.0803e+03  55046.300    271.750 1570377838      -0.13      0.652   39.80248  -71.46788    36.2823  1026.9760    26.4136    16.8262 0.0000e+00
    129.000    16.7451    36.1010  1026.9926     1.8387     3.5935     65.544   -0.01572    5.48260    5.47620      8.164    -0.0465   10.00928   4.593928 3.5690e-03    26.4256    26.4205 7.4575e-02    130.041          1       6576    1515.49 2.0896e+03  55035.631    273.972 1570377840       0.14      0.394   39.80248  -71.46790    36.2598  1026.9878    26.4208    16.7237 0.0000e+00
    130.000    16.6254    36.0955  1027.0214     1.8164     3.5466     64.660   -0.01350    5.48506    5.47868      8.163    -0.0459   10.01336   4.581470 3.2002e-03    26.4497    26.4446 6.6840e-02    131.041          1       6617    1515.13 2.0886e+03  55040.098    275.667 1570377842      -0.09      0.559   39.80249  -71.46790    36.2573  1027.0189    26.4472    16.6040 0.0000e+00
    131.000    16.5649    36.0932  1027.0384     1.7989     3.5415     64.525   -0.00604    5.48864    5.48230 -9.990e-29    -0.0357   10.01929   4.575377 3.0293e-03    26.4622    26.4571 6.2858e-02    132.058          1       6674    1514.97 2.0750e+03  55043.291    278.028 1570377844       0.21      0.356   39.80250  -71.46791    36.2576  1027.0380    26.4618    16.5434 0.0000e+00
    132.000    16.5432    36.0926  1027.0475     1.7942     3.5376     64.444   -0.00449    5.48948    5.48316 -9.990e-29    -0.0383   10.02070   4.573175 2.7006e-03    26.4669    26.4618 5.6097e-02    133.056          1       6703    1514.92 2.0772e+03  55045.171    279.258 1570377845       0.18      0.728   39.80250  -71.46792    36.2574  1027.0474    26.4667    16.5215 0.0000e+00
    133.000    16.5173    36.0935  1027.0588     1.7873     3.5302     64.265   -0.00294    5.49321    5.48692 -9.990e-29    -0.0361   10.02688   4.570859 2.6801e-03    26.4737    26.4685 5.5875e-02    134.073          1       6757    1514.86 2.0848e+03  55049.363    281.516 1570377847      -0.24      0.415   39.80252  -71.46792    36.2598  1027.0599    26.4747    16.4955 0.0000e+00
    134.000    16.4983    36.0908  1027.0657     1.7822     3.5123     63.944   -0.00365    5.49278    5.48649 -9.990e-29    -0.0324   10.02619   4.568587 2.1499e-03    26.4762    26.4710 4.4842e-02    135.068          1       6793    1514.81 2.0859e+03  55048.189    283.001 1570377849       0.62      0.612   39.80252  -71.46792    36.2565  1027.0662    26.4767    16.4763 0.0000e+00
    135.000    16.4742    36.0886  1027.0742     1.7749     3.5013     63.633   -0.00333    5.50237    5.49618      8.151    -0.0448   10.04203   4.565877 2.0599e-03    26.4801    26.4749 4.2746e-02    136.087          1       6856    1514.76 2.0751e+03  55048.028    285.610 1570377852       0.37      0.445   39.80253  -71.46792    36.2539  1027.0744    26.4804    16.4521 0.0000e+00
    136.000    16.4368    36.0879  1027.0869     1.7708     3.4885     63.374   -0.00390    5.50456    5.49840      8.149    -0.0413   10.04564   4.561821 1.5029e-03    26.4884    26.4832 3.1138e-02    137.086          1       6890    1514.66 2.0721e+03  55051.366    287.031 1570377853       0.89      0.795   39.80254  -71.46792    36.2513  1027.0857    26.4873    16.4145 0.0000e+00
    137.000    16.3748    36.0948  1027.1113     1.7673     3.4888     63.358   -0.00239    5.50641    5.50027      8.148    -0.0406   10.04870   4.556602 1.3094e-03    26.5082    26.5030 2.7241e-02    138.090          1       6933    1514.49 2.0802e+03  55067.279    288.844 1570377855       0.23      0.790   39.80256  -71.46793    36.2608  1027.1120    26.5090    16.3524 0.0000e+00
    138.000    16.3527    36.0971  1027.1227     1.7623     3.4797     63.182   -0.00179    5.50743    5.50130      8.148    -0.0369   10.05039   4.554829 9.9967e-04    26.5152    26.5099 2.0811e-02    139.099          1       6992    1514.45 2.0818e+03  55073.196    291.309 1570377857       0.47      0.719   39.80256  -71.46794    36.2646  1027.1245    26.5171    16.3302 0.0000e+00
    139.000    16.3405    36.0969  1027.1298     1.7606     3.4851     63.254   -0.00034    5.50976    5.50365      8.148    -0.0308   10.05420   4.553777 1.1740e-03    26.5179    26.5126 2.4428e-02    140.125          1       7063    1514.43 2.0804e+03  55074.701    294.266 1570377860      -0.25      0.282   39.80258  -71.46794    36.2659  1027.1329    26.5210    16.3179 0.0000e+00
    140.000    16.3373    36.0976  1027.1356     1.7604     3.4872     63.276   -0.00009    5.51105    5.50496 -9.990e-29    -0.0411   10.05630   4.553604 7.2557e-04    26.5193    26.5140 1.5087e-02    141.126          1       7101    1514.43 2.0798e+03  55076.629    295.851 1570377862       0.31      0.640   39.80258  -71.46794    36.2669  1027.1389    26.5226    16.3145 0.0000e+00
    141.000    16.3163    36.1019  1027.1483     1.7615     3.4944     63.396    0.00053    5.51202    5.50594      8.147    -0.0431   10.05792   4.551954 5.6203e-04    26.5276    26.5222 1.1718e-02    142.130          1       7138    1514.39 2.0854e+03  55085.098    297.374 1570377863      -0.11      0.683   39.80260  -71.46795    36.2709  1027.1513    26.5305    16.2934 0.0000e+00
    142.000    16.2988    36.1038  1027.1583     1.7603     3.4850     63.218   -0.00077    5.51256    5.50648      8.145    -0.0468   10.05881   4.550481 3.4983e-04    26.5331    26.5277 7.2761e-03    143.147          1       7202    1514.36 2.0805e+03  55089.945    300.046 1570377866       0.07      0.295   39.80260  -71.46796    36.2732  1027.1617    26.5365    16.2757 0.0000e+00
    143.000    16.2930    36.1032  1027.1637     1.7592     3.4849     63.202   -0.00053    5.51388    5.50782      8.144    -0.0336   10.06101   4.549940 2.4707e-04    26.5341    26.5286 5.1476e-03    144.153          1       7259    1514.36 2.0825e+03  55090.272    302.412 1570377868      -0.05      0.411   39.80261  -71.46796    36.2733  1027.1675    26.5379    16.2697 0.0000e+00
    144.000    16.2872    36.1030  1027.1693     1.7582     3.4834     63.164   -0.00046    5.51478    5.50873 -9.990e-29    -0.0437   10.06247   4.549358 2.7969e-05    26.5352    26.5298 5.8150e-04    145.162          1       7303    1514.35 2.0810e+03  55091.077    304.252 1570377870       0.24      0.560   39.80262  -71.46798    36.2730  1027.1731    26.5390    16.2638 0.0000e+00
    145.000    16.2778    36.1038  1027.1765     1.7585     3.4877     63.233    0.00002    5.51555    5.50951      8.144    -0.0427   10.06372   4.548553 4.7963e-07    26.5381    26.5326 9.9774e-06    146.165          1       7338    1514.34 2.0866e+03  55093.686    305.688 1570377872      -0.02      0.707   39.80263  -71.46798    36.2739  1027.1804    26.5420    16.2542 0.0000e+00
    146.000    16.2684    36.1060  1027.1849     1.7598     3.4958     63.371    0.00065    5.51641    5.51038      8.144    -0.0365   10.06510   4.547906 -3.268e-09    26.5421    26.5366 -6.817e-08    147.180          1       7387    1514.33 2.0882e+03  55098.244    307.742 1570377874      -0.10      0.479   39.80264  -71.46798    36.2763  1027.1889    26.5461    16.2447 0.0000e+00
    147.000    16.2582    36.1099  1027.1948     1.7600     3.4953     63.346    0.00018    5.51772    5.51171      8.144    -0.0372   10.06726   4.547368 4.7993e-14    26.5475    26.5419 1.0000e-12    148.184          1       7435    1514.32 2.0836e+03  55105.122    309.770 1570377876      -0.06      0.501   39.80264  -71.46798    36.2804  1027.1988    26.5516    16.2344 0.0000e+00
    148.000    16.2432    36.1131  1027.2052     1.7584     3.4871     63.177   -0.00084    5.51961    5.51362      8.144    -0.0467   10.07035   4.546230 4.8319e-14    26.5534    26.5479 1.0000e-12    149.196          1       7493    1514.30 2.0697e+03  55111.516    312.155 1570377878       0.12      0.404   39.80266  -71.46798    36.2835  1027.2092    26.5574    16.2192 0.0000e+00
    149.000    16.2362    36.1148  1027.2125     1.7561     3.4797     63.021   -0.00132    5.52151    5.51554      8.144    -0.0282   10.07351   4.545740 4.8800e-14    26.5564    26.5508 1.0000e-12    150.206          1       7533    1514.29 2.0492e+03  55115.059    313.850 1570377880       0.06      0.585   39.80266  -71.46800    36.2851  1027.2165    26.5604    16.2120 0.0000e+00
    150.000    16.2211    36.1165  1027.2218     1.7548     3.4784     62.981   -0.00114    5.52290    5.51695 -9.990e-29    -0.0368   10.07582   4.544400 4.8601e-14    26.5612    26.5556 1.0000e-12    151.207          1       7567    1514.27 2.0576e+03  55119.441    315.252 1570377881       0.04      0.706   39.80266  -71.46800    36.2864  1027.2255    26.5649    16.1968 0.0000e+00
    151.000    16.2013    36.1162  1027.2307     1.7568     3.4974     63.294    0.00091    5.52573    5.51981      8.144    -0.0378   10.08054   4.542362 4.7887e-14    26.5657    26.5600 1.0000e-12    152.219          1       7614    1514.22 2.0883e+03  55121.595    317.222 1570377883      -0.11      0.518   39.80268  -71.46801    36.2858  1027.2341    26.5691    16.1769 0.0000e+00
    152.000    16.1778    36.1139  1027.2389     1.7614     3.5243     63.667    0.00211    5.53545    5.52962      8.144    -0.0439   10.09675   4.539721 4.7928e-14    26.5694    26.5637 1.0000e-12    153.229          1       7668    1514.17 2.0865e+03  55121.489    319.450 1570377885       0.02      0.453   39.80269  -71.46802    36.2833  1027.2421    26.5726    16.1532 0.0000e+00
    153.000    16.1458    36.1095  1027.2474     1.7687     3.5616     64.243    0.00405    5.54397    5.53823      8.146    -0.0444   10.11094   4.535710 4.7887e-14    26.5735    26.5677 1.0000e-12    154.241          1       7709    1514.08 2.0883e+03  55119.239    321.185 1570377887       0.17      0.557   39.80270  -71.46802    36.2761  1027.2486    26.5746    16.1210 0.0000e+00
    154.000    16.0769    36.1016  1027.2619     1.7788     3.6085     65.051    0.00704    5.54715    5.54145      8.146    -0.0436   10.11627   4.527616 4.7821e-14    26.5834    26.5776 1.0000e-12    155.240          1       7741    1513.88 2.0911e+03  55116.218    322.483 1570377888       0.03      0.756   39.80270  -71.46802    36.2660  1027.2614    26.5828    16.0521 0.0000e+00
    155.000    15.9927    36.0921  1027.2787     1.7916     3.6413     65.584    0.00579    5.55218    5.54653      8.148    -0.0471   10.12467   4.518162 4.7872e-14    26.5955    26.5898 1.0000e-12    156.253          1       7794    1513.62 2.0889e+03  55112.546    324.708 1570377891      -0.13      0.450   39.80271  -71.46803    36.2576  1027.2791    26.5959    15.9678 0.0000e+00
    156.000    15.9407    36.0833  1027.2885     1.7994     3.6498     65.697    0.00293    5.55556    5.54994      8.148    -0.0444   10.13033   4.511999 4.7912e-14    26.6007    26.5949 1.0000e-12    157.260          1       7851    1513.47 2.0872e+03  55106.535    327.096 1570377893       0.07      0.441   39.80272  -71.46804    36.2492  1027.2892    26.6014    15.9157 0.0000e+00
    157.000    15.9095    36.0794  1027.2972     1.8017     3.6497     65.586    0.00047    5.56473    5.55921      8.149    -0.0352   10.14561   4.508662 4.7814e-14    26.6050    26.5992 1.0000e-12    158.285          1       7910    1513.39 2.0914e+03  55105.191    329.526 1570377895      -0.05      0.386   39.80272  -71.46804    36.2473  1027.2995    26.6072    15.8844 0.0000e+00
    158.000    15.9041    36.0755  1027.2999     1.8025     3.6455     65.571    0.00003    5.55971    5.55414      8.147    -0.0555   10.13725   4.507397 4.7877e-14    26.6032    26.5974 1.0000e-12    159.274          1       7930    1513.38 2.0887e+03  55100.966    330.375 1570377896       0.69      0.712   39.80272  -71.46804    36.2404  1027.2998    26.6032    15.8789 0.0000e+00
    159.000    15.8370    36.0617  1027.3092     1.8039     3.6592     65.735    0.00081    5.56664    5.56114      8.148    -0.0552   10.14886   4.498752 4.7868e-14    26.6080    26.6021 1.0000e-12    160.274          1       7976    1513.18 2.0890e+03  55089.707    332.302 1570377898       0.37      0.862   39.80273  -71.46806    36.2235  1027.3068    26.6056    15.8117 0.0000e+00
    160.000    15.7673    36.0551  1027.3247     1.8011     3.6412     65.314   -0.00214    5.57492    5.56951 -9.990e-29    -0.0489   10.16265   4.491303 4.7913e-14    26.6189    26.6131 1.0000e-12    161.287          1       8044    1512.97 2.0871e+03  55088.884    335.128 1570377901       0.77      0.810   39.80274  -71.46808    36.2197  1027.3245    26.6186    15.7419 0.0000e+00
    161.000    15.7358    36.0536  1027.3354     1.7979     3.6359     65.200   -0.00181    5.57651    5.57111 -9.990e-29    -0.0447   10.16529   4.488185 4.7783e-14    26.6250    26.6191 1.0000e-12    162.301          1       8087    1512.89 2.0928e+03  55090.833    336.902 1570377903      -0.18      0.661   39.80275  -71.46808    36.2199  1027.3364    26.6260    15.7103 0.0000e+00
    162.000    15.7198    36.0511  1027.3416     1.7951     3.6341     65.147   -0.00101    5.57835    5.57297      8.143    -0.0499   10.16840   4.486448 4.7800e-14    26.6267    26.6208 1.0000e-12    163.308          1       8140    1512.85 2.0920e+03  55089.704    339.127 1570377905       0.22      0.505   39.80276  -71.46808    36.2185  1027.3435    26.6286    15.6941 0.0000e+00
    163.000    15.7033    36.0470  1027.3466     1.7926     3.6408     65.103   -0.00054    5.59233    5.58709      8.142    -0.0432   10.19173   4.484341 4.7923e-14    26.6273    26.6214 1.0000e-12    164.330          1       8217    1512.82 2.0867e+03  55086.408    342.314 1570377908       0.01      0.224   39.80278  -71.46808    36.2141  1027.3484    26.6291    15.6775 0.0000e+00
    164.000    15.6486    36.0372  1027.3561     1.7930     3.6476     65.163   -0.00027    5.59761    5.59243      8.142    -0.0530   10.20055   4.477484 4.7914e-14    26.6322    26.6263 1.0000e-12    165.324          1       8245    1512.65 2.0871e+03  55079.475    343.505 1570377909       0.34      0.726   39.80278  -71.46810    36.2019  1027.3560    26.6321    15.6226 0.0000e+00
    165.000    15.5875    36.0301  1027.3691     1.7944     3.6604     65.363    0.00099    5.60004    5.59489      8.142    -0.0481   10.20457   4.470520 4.7773e-14    26.6406    26.6347 1.0000e-12    166.339          1       8283    1512.47 2.0932e+03  55077.089    345.092 1570377911      -0.21      0.693   39.80278  -71.46810    36.1944  1027.3688    26.6403    15.5615 0.0000e+00
