CalculateIndicators/WaterTemperature/Data/CTD_NYOS/NYOS190724_1_5.cnv
* Sea-Bird SBE 9 Data File:
* FileName = C:\Seabird 9 CTD\Data\2019\201907_offshore\NYOS190724_1_5.hex
* Software Version Seasave V 7.23.2
* Temperature SN = 4590
* Conductivity SN = 3228
* Number of Bytes Per Scan = 44
* Number of Voltage Words = 5
* Number of Scans Averaged by the Deck Unit = 1
* NMEA Latitude = 39 47.81 N
* NMEA Longitude = 071 27.48 W
* NMEA UTC (Time) = Jul 24 2019  15:15:53
* NMEA baud rate = 4800
** Ship: Seawolf
** Station: 1.5
** Operator: AJB
# nquan = 35
# nvalues = 1179                        
# units = specified
# name 0 = depSM: Depth [salt water, m]
# name 1 = t090C: Temperature [ITS-90, deg C]
# name 2 = sal00: Salinity, Practical [PSU]
# name 3 = density00: Density [density, kg/m^3]
# name 4 = sbeox0V: Oxygen raw, SBE 43 [V]
# name 5 = sbeox0ML/L: Oxygen, SBE 43 [ml/l]
# name 6 = sbeox0PS: Oxygen, SBE 43 [% saturation]
# name 7 = sbox0dV/dT: Oxygen, SBE 43 [dov/dt]
# name 8 = oxsolML/L: Oxygen Saturation, Garcia & Gordon [ml/l]
# name 9 = oxsatML/L: Oxygen Saturation, Weiss [ml/l]
# name 10 = ph: pH
# name 11 = flECO-AFL: Fluorescence, WET Labs ECO-AFL/FL [mg/m^3]
# name 12 = n2satML/L: Nitrogen Saturation [ml/l]
# name 13 = c0S/m: Conductivity [S/m]
# name 14 = cpar: CPAR/Corrected Irradiance [%]
# name 15 = sigma-é00: Density [sigma-theta, kg/m^3]
# name 16 = sigma-t00: Density [sigma-t, kg/m^3 ]
# name 17 = par: PAR/Irradiance, Biospherical/Licor
# name 18 = prDM: Pressure, Digiquartz [db]
# name 19 = pumps: Pump Status
# name 20 = scan: Scan Count
# name 21 = svCM: Sound Velocity [Chen-Millero, m/s]
# name 22 = spar: SPAR, Biospherical/Licor
# name 23 = specc: Specific Conductance [uS/cm]
# name 24 = timeS: Time, Elapsed [seconds]
# name 25 = timeY: Time, System [seconds]
# name 26 = accM: Acceleration [m/s^2]
# name 27 = dz/dtM: Descent Rate [m/s]
# name 28 = latitude: Latitude [deg]
# name 29 = longitude: Longitude [deg]
# name 30 = gsw_saA0: Absolute Salinity [g/kg]
# name 31 = gsw_densityA0: density, TEOS-10 [density, kg/m^3]
# name 32 = gsw_sigma0A0: density, TEOS-10 [sigma-0, kg/m^3 ]
# name 33 = gsw_ptA0: potential temperature [ITS-90, deg C]
# name 34 = flag: flag
# span 0 =      1.000,    590.000       
# span 1 =     5.7579,    23.9409       
# span 2 =    32.9670,    35.8491       
# span 3 =  1022.1398,  1030.3507       
# span 4 =     1.3937,     2.8151       
# span 5 =     2.8951,     6.6436       
# span 6 =     46.351,    126.141       
# span 7 =   -0.07214,    0.15072       
# span 8 =    4.85652,    6.94597       
# span 9 =    4.84478,    6.95958       
# span 10 =      7.950,      8.270      
# span 11 =    -0.0752,     1.9230      
# span 12 =    8.98843,   12.43967      
# span 13 =   3.430626,   5.061575      
# span 14 = -1.379e-05, 5.2563e+01      
# span 15 =    22.1351,    27.6273      
# span 16 =    22.1349,    27.6208      
# span 17 = -5.445e-05, 6.2503e+02      
# span 18 =      1.004,    595.387      
# span 19 =          0,          1      
# span 20 =        758,      59465      
# span 21 =    1480.25,    1530.58      
# span 22 = 3.3199e+02, 2.0466e+03      
# span 23 =  50333.144,  56007.935      
# span 24 =     31.541,   2477.675      
# span 25 = 1563981387, 1563983833      
# span 26 =      -1.73,       1.02      
# span 27 =     -2.402,      1.003      
# span 28 =   39.78442,   39.79668      
# span 29 =  -71.46794,  -71.45816      
# span 30 =    33.1234,    36.0293      
# span 31 =  1022.1440,  1030.3535      
# span 32 =    22.1393,    27.6321      
# span 33 =     5.7059,    23.9377      
# span 34 = 0.0000e+00, 0.0000e+00      
# interval = meters: 1                  
# start_time = Jul 24 2019 15:15:55 [System UTC, first data scan.]
# bad_flag = -9.990e-29
*END*
[from data line 912]
    267.000    10.8697    35.3767  1028.3024     1.4168     2.9273     47.406    0.00057    6.17507    6.17683      7.992    -0.0195   11.16303   3.942190 7.8883e-14    27.0987    27.0927 1.0000e-12    269.233          1      41710    1497.81 1.2677e+03  54935.428   1737.887 1563983093      -0.15     -1.278   39.78842  -71.46440    35.5546  1028.3138    27.1101    10.8365 0.0000e+00
    266.000    10.8939    35.3758  1028.2927     1.4167     2.9214     47.343    0.00016    6.17067    6.17237      7.994    -0.0273   11.15570   3.944177 7.9298e-14    27.0936    27.0876 1.0000e-12    268.230          1      41729    1497.88 1.2611e+03  54928.868   1738.682 1563983094       0.03     -1.322   39.78842  -71.46440    35.5516  1028.3025    27.1034    10.8608 0.0000e+00
    265.000    10.9084    35.3786  1028.2876     1.4177     2.9257     47.441    0.00055    6.16697    6.16863 -9.990e-29    -0.0276   11.14958   3.945782 7.9201e-14    27.0931    27.0871 1.0000e-12    267.219          1      41754    1497.92 1.2626e+03  54929.437   1739.712 1563983095       0.27     -1.134   39.78842  -71.46441    35.5542  1028.2973    27.1028    10.8753 0.0000e+00
    264.000    10.9384    35.3851  1028.2826     1.4182     2.9233     47.439    0.00043    6.16231    6.16390 -9.990e-29    -0.0412   11.14181   3.949413 7.8365e-14    27.0928    27.0868 1.0000e-12    266.208          1      41788    1498.01 1.2761e+03  54932.216   1741.123 1563983096       0.19     -0.779   39.78841  -71.46442    35.5621  1028.2933    27.1035    10.9054 0.0000e+00
    263.000    10.9924    35.3899  1028.2718     1.4197     2.9268     47.548    0.00084    6.15541    6.15691      7.997    -0.0160   11.13036   3.954928 7.7881e-14    27.0867    27.0807 1.0000e-12    265.188          1      41831    1498.19 1.2840e+03  54928.001   1742.906 1563983098       0.04     -0.548   39.78840  -71.46443    35.5657  1028.2815    27.0965    10.9594 0.0000e+00
    262.000    11.0158    35.3940  1028.2660     1.4209     2.9303     47.631    0.00110    6.15204    6.15349      7.998    -0.0193   11.12474   3.957655 7.7939e-14    27.0856    27.0796 1.0000e-12    264.173          1      41857    1498.26 1.2831e+03  54928.643   1744.005 1563983099      -0.43     -0.716   39.78840  -71.46444    35.5709  1028.2765    27.0963    10.9829 0.0000e+00
    261.000    11.0396    35.3962  1028.2588     1.4216     2.9309     47.653    0.00102    6.15051    6.15194      7.998    -0.0277   11.12219   3.960149 7.8060e-14    27.0830    27.0770 1.0000e-12    263.179          1      41873    1498.33 1.2810e+03  54926.718   1744.674 1563983100      -0.60     -1.093   39.78839  -71.46444    35.5734  1028.2695    27.0938    11.0068 0.0000e+00
    260.000    11.0598    35.3978  1028.2517     1.4226     2.9334     47.709    0.00109    6.14856    6.14998      7.999    -0.0276   11.11893   3.962148 7.8277e-14    27.0805    27.0745 1.0000e-12    262.178          1      41890    1498.39 1.2775e+03  54924.374   1745.358 1563983100      -0.28     -1.409   39.78838  -71.46444    35.5743  1028.2620    27.0909    11.0271 0.0000e+00
    259.000    11.0798    35.3991  1028.2444     1.4237     2.9379     47.802    0.00137    6.14592    6.14730      8.000    -0.0356   11.11457   3.964112 7.8945e-14    27.0778    27.0719 1.0000e-12    261.165          1      41911    1498.44 1.2667e+03  54921.829   1746.241 1563983101       0.28     -1.356   39.78838  -71.46444    35.5751  1028.2543    27.0878    11.0472 0.0000e+00
    258.000    11.1026    35.4032  1028.2388     1.4249     2.9396     47.835    0.00117    6.14525    6.14661      8.000    -0.0317   11.11346   3.966622 7.8992e-14    27.0769    27.0709 1.0000e-12    260.153          1      41937    1498.51 1.2660e+03  54922.668   1747.344 1563983102       0.24     -1.008   39.78838  -71.46444    35.5787  1028.2483    27.0865    11.0700 0.0000e+00
    257.000    11.1355    35.4100  1028.2334     1.4267     2.9369     47.887    0.00101    6.13299    6.13420      8.002    -0.0334   11.09300   3.970615 7.8193e-14    27.0761    27.0702 1.0000e-12    259.146          1      41991    1498.62 1.2789e+03  54925.473   1749.595 1563983104      -0.16     -0.527   39.78837  -71.46446    35.5873  1028.2442    27.0870    11.1030 0.0000e+00
    256.000    11.2125    35.4285  1028.2287     1.4302     2.9432     48.101    0.00140    6.11890    6.11992      8.004    -0.0296   11.06964   3.980344 7.7723e-14    27.0763    27.0703 1.0000e-12    258.114          1      42050    1498.89 1.2866e+03  54935.973   1752.057 1563983107      -0.79     -0.552   39.78836  -71.46447    35.6107  1028.2432    27.0911    11.1800 0.0000e+00
    255.000    11.2807    35.4318  1028.2138     1.4311     2.9468     48.152    0.00148    6.11991    6.12094      8.004    -0.0402   11.07131   3.987003 7.7858e-14    27.0664    27.0604 1.0000e-12    257.145          1      42064    1499.11 1.2844e+03  54927.796   1752.633 1563983108      -0.60     -1.089   39.78835  -71.46448    35.6118  1028.2269    27.0794    11.2482 0.0000e+00
    254.000    11.3266    35.4304  1028.1995     1.4340     2.9490     48.244    0.00121    6.11264    6.11358      8.006    -0.0403   11.05916   3.990878 7.8094e-14    27.0568    27.0508 1.0000e-12    256.110          1      42120    1499.25 1.2805e+03  54916.882   1754.939 1563983110      -0.01     -0.656   39.78834  -71.46448    35.6066  1028.2095    27.0669    11.2942 0.0000e+00
    253.000    11.3427    35.4360  1028.1963     1.4374     2.9612     48.495    0.00186    6.10605    6.10690      8.008 -9.990e-29   11.04823   3.993041 7.8609e-14    27.0582    27.0522 1.0000e-12    255.100          1      42162    1499.30 1.2721e+03  54921.048   1756.703 1563983112      -1.22     -0.675   39.78834  -71.46448    35.6131  1028.2070    27.0689    11.3104 0.0000e+00
    252.000    11.3723    35.4424  1028.1911     1.4391     2.9719     48.663    0.00246    6.10709    6.10796      8.008 -9.990e-29   11.04997   3.996628 7.8781e-14    27.0576    27.0516 1.0000e-12    254.116          1      42176    1499.39 1.2694e+03  54923.986   1757.289 1563983112      -0.84     -1.324   39.78834  -71.46448    35.6208  1028.2028    27.0693    11.3400 0.0000e+00
    251.000    11.4135    35.4452  1028.1809     1.4422     2.9778     48.764    0.00206    6.10641    6.10727      8.008    -0.0276   11.04880   4.000683 7.8776e-14    27.0521    27.0461 1.0000e-12    253.110          1      42231    1499.52 1.2696e+03  54919.857   1759.565 1563983114      -0.04     -1.174   39.78831  -71.46451    35.6219  1028.1914    27.0626    11.3813 0.0000e+00
    250.000    11.4508    35.4508  1028.1736     1.4465     2.9800     48.827    0.00090    6.10307    6.10389      8.011    -0.0276   11.04323   4.004474 7.7846e-14    27.0495    27.0435 1.0000e-12    252.092          1      42343    1499.64 1.2846e+03  54920.317   1764.257 1563983119      -0.16     -0.677   39.78830  -71.46453    35.6241  1028.1814    27.0573    11.4187 0.0000e+00
    249.000    11.4744    35.4571  1028.1695     1.4508     2.9919     49.047    0.00097    6.09998    6.10076      8.014    -0.0292   11.03806   4.007202 7.8679e-14    27.0500    27.0440 1.0000e-12    251.086          1      42880    1499.71 1.2711e+03  54924.217   1786.608 1563983142      -0.09     -0.764   39.78817  -71.46462    35.6290  1028.1762    27.0567    11.4423 0.0000e+00
    248.000    11.5225    35.4704  1028.1660     1.4528     2.9919     49.183    0.00151    6.08321    6.08377      8.020    -0.0404   11.01015   4.013743 7.9381e-14    27.0513    27.0453 1.0000e-12    250.064          1      44000    1499.88 1.2597e+03  54933.437   1833.299 1563983188      -0.39     -0.953   39.78794  -71.46482    35.6481  1028.1771    27.0625    11.4905 0.0000e+00
    247.000    11.5745    35.4695  1028.1508     1.4543     2.9939     49.231    0.00134    6.08128    6.08182      8.021    -0.0399   11.00691   4.018358 7.9193e-14    27.0409    27.0348 1.0000e-12    249.063          1      44022    1500.04 1.2627e+03  54922.364   1834.222 1563983189       0.16     -1.036   39.78794  -71.46482    35.6443  1028.1598    27.0498    11.5425 0.0000e+00
    246.000    11.6126    35.4736  1028.1422     1.4570     2.9939     49.320    0.00113    6.07042    6.07081      8.022    -0.0344   10.98882   4.022249 7.9033e-14    27.0369    27.0309 1.0000e-12    248.034          1      44078    1500.16 1.2653e+03  54920.674   1836.540 1563983191       0.10     -0.296   39.78792  -71.46482    35.6466  1028.1496    27.0445    11.5807 0.0000e+00
    245.000    11.6348    35.4801  1028.1384     1.4596     3.0020     49.519    0.00175    6.06226    6.06256      8.025    -0.0409   10.97523   4.025268 7.9444e-14    27.0377    27.0317 1.0000e-12    247.029          1      44108    1500.23 1.2588e+03  54925.144   1837.797 1563983193      -0.36     -0.683   39.78792  -71.46482    35.6557  1028.1478    27.0473    11.6030 0.0000e+00
    244.000    11.6719    35.4838  1028.1296     1.4621     3.0119     49.728    0.00244    6.05678    6.05700      8.025    -0.0278   10.96615   4.029252 8.0141e-14    27.0336    27.0276 1.0000e-12    246.027          1      44131    1500.34 1.2478e+03  54923.226   1838.738 1563983194      -0.22     -0.962   39.78792  -71.46483    35.6599  1028.1395    27.0436    11.6401 0.0000e+00
    243.000    11.7230    35.4917  1028.1213     1.4649     3.0145     49.855    0.00243    6.04659    6.04668      8.026    -0.0380   10.94914   4.035153 8.0709e-14    27.0301    27.0241 1.0000e-12    245.026          1      44160    1500.51 1.2390e+03  54924.669   1839.939 1563983195       0.18     -0.935   39.78791  -71.46484    35.6696  1028.1326    27.0414    11.6913 0.0000e+00
    242.000    11.8253    35.5045  1028.1068     1.4732     3.0423     50.457    0.00408    6.02956    6.02943      8.031    -0.0328   10.92083   4.046451 8.0117e-14    27.0206    27.0146 1.0000e-12    243.990          1      44211    1500.86 1.2481e+03  54924.033   1842.078 1563983197       0.03     -0.316   39.78790  -71.46486    35.6835  1028.1188    27.0327    11.7935 0.0000e+00
    241.000    11.8893    35.5136  1028.0969     1.4774     3.0570     50.736    0.00467    6.02526    6.02508      8.030    -0.0417   10.91366   4.053774 8.0126e-14    27.0154    27.0094 1.0000e-12    243.002          1      44232    1501.08 1.2480e+03  54924.951   1842.959 1563983198      -0.55     -0.778   39.78789  -71.46486    35.6946  1028.1105    27.0291    11.8576 0.0000e+00
    240.000    11.9617    35.5209  1028.0838     1.4831     3.0699     51.011    0.00467    6.01818    6.01791      8.033    -0.0367   10.90188   4.061595 8.0304e-14    27.0073    27.0012 1.0000e-12    241.995          1      44261    1501.31 1.2453e+03  54922.396   1844.154 1563983199       0.16     -0.941   39.78788  -71.46486    35.7026  1028.0981    27.0215    11.9299 0.0000e+00
    239.000    12.0348    35.5296  1028.0717     1.4896     3.0841     51.300    0.00448    6.01195    6.01160      8.034    -0.0384   10.89151   4.069464 8.0467e-14    27.0000    26.9939 1.0000e-12    240.970          1      44296    1501.56 1.2427e+03  54921.461   1845.630 1563983201      -0.04     -0.621   39.78788  -71.46486    35.7104  1028.0851    27.0135    12.0031 0.0000e+00
    238.000    12.0729    35.5348  1028.0637     1.4935     3.0919     51.457    0.00424    6.00870    6.00831      8.037    -0.0327   10.88612   4.073706 8.1170e-14    26.9967    26.9906 1.0000e-12    239.979          1      44318    1501.68 1.2320e+03  54921.626   1846.536 1563983201      -0.35     -0.900   39.78787  -71.46486    35.7160  1028.0775    27.0105    12.0413 0.0000e+00
    237.000    12.1233    35.5407  1028.0539     1.4987     3.1072     51.742    0.00453    6.00525    6.00481      8.038    -0.0382   10.88038   4.079099 8.1621e-14    26.9915    26.9854 1.0000e-12    238.962          1      44346    1501.84 1.2251e+03  54920.746   1847.693 1563983203       0.18     -0.985   39.78786  -71.46487    35.7211  1028.0670    27.0047    12.0917 0.0000e+00
    236.000    12.1550    35.5439  1028.0456     1.5022     3.1072     51.807    0.00374    5.99754    5.99701 -9.990e-29    -0.0279   10.86745   4.082378 8.1634e-14    26.9879    26.9818 1.0000e-12    237.932          1      44372    1501.93 1.2250e+03  54919.387   1848.774 1563983204      -0.13     -0.813   39.78786  -71.46488    35.7233  1028.0579    27.0003    12.1235 0.0000e+00
    235.000    12.1712    35.5456  1028.0392     1.5043     3.1076     51.849    0.00323    5.99343    5.99284 -9.990e-29    -0.0276   10.86071   4.084044 8.1466e-14    26.9861    26.9800 1.0000e-12    236.937          1      44386    1501.97 1.2275e+03  54918.618   1849.371 1563983204      -0.66     -1.083   39.78786  -71.46488    35.7247  1028.0512    26.9982    12.1397 0.0000e+00
    234.000    12.1841    35.5462  1028.0326     1.5059     3.1118     51.928    0.00324    5.99244    5.99184 -9.990e-29    -0.0303   10.85909   4.085309 8.1386e-14    26.9839    26.9779 1.0000e-12    235.949          1      44399    1502.00 1.2287e+03  54916.331   1849.904 1563983205      -0.71     -1.473   39.78784  -71.46488    35.7251  1028.0446    26.9960    12.1528 0.0000e+00
    233.000    12.2014    35.5467  1028.0251     1.5073     3.1135     51.959    0.00295    5.99223    5.99162      8.042    -0.0285   10.85870   4.086889 8.1130e-14    26.9810    26.9749 1.0000e-12    234.951          1      44415    1502.04 1.2326e+03  54913.613   1850.572 1563983205      -0.04     -1.706   39.78784  -71.46488    35.7245  1028.0363    26.9922    12.1701 0.0000e+00
    232.000    12.2769    35.5598  1028.0157     1.5078     3.0939     51.666    0.00051    5.98819    5.98753      8.041    -0.0357   10.85196   4.095811 8.0578e-14    26.9765    26.9704 1.0000e-12    233.918          1      44457    1502.30 1.2410e+03  54918.982   1852.340 1563983207       0.55     -0.716   39.78784  -71.46488    35.7400  1028.0286    26.9895    12.2457 0.0000e+00
    231.000    12.3076    35.5615  1028.0064     1.5096     3.1003     51.799    0.00105    5.98517    5.98448      8.039    -0.0422   10.84696   4.098596 8.0371e-14    26.9718    26.9657 1.0000e-12    232.893          1      44499    1502.39 1.2442e+03  54915.578   1854.074 1563983209      -0.49     -0.506   39.78784  -71.46488    35.7383  1028.0166    26.9822    12.2765 0.0000e+00
    230.000    12.3175    35.5648  1028.0025     1.5113     3.1104     51.982    0.00187    5.98361    5.98290      8.038    -0.0307   10.84432   4.099988 8.0493e-14    26.9725    26.9664 1.0000e-12    231.884          1      44515    1502.41 1.2423e+03  54918.142   1854.765 1563983210      -0.67     -0.951   39.78783  -71.46489    35.7429  1028.0137    26.9838    12.2865 0.0000e+00
    229.000    12.3334    35.5668  1027.9964     1.5128     3.1166     52.109    0.00232    5.98092    5.98018      8.038    -0.0288   10.83984   4.101722 8.0939e-14    26.9708    26.9648 1.0000e-12    230.884          1      44528    1502.45 1.2355e+03  54917.488   1855.294 1563983210      -0.76     -1.336   39.78782  -71.46490    35.7451  1028.0078    26.9824    12.3025 0.0000e+00
    228.000    12.3471    35.5671  1027.9894     1.5140     3.1210     52.192    0.00248    5.97983    5.97907      8.039    -0.0426   10.83807   4.102929 8.1470e-14    26.9684    26.9624 1.0000e-12    229.887          1      44539    1502.48 1.2274e+03  54915.248   1855.768 1563983211      -0.68     -1.685   39.78782  -71.46490    35.7442  1027.9999    26.9790    12.3163 0.0000e+00
    227.000    12.3547    35.5666  1027.9830     1.5155     3.1278     52.308    0.00283    5.97968    5.97892      8.039    -0.0459   10.83783   4.103421 8.2055e-14    26.9665    26.9605 1.0000e-12    228.891          1      44551    1502.49 1.2187e+03  54912.702   1856.269 1563983211      -0.36     -1.950   39.78782  -71.46490    35.7422  1027.9924    26.9759    12.3240 0.0000e+00
