CalculateIndicators/WaterTemperature/Data/CTD_NYOS/NYOS190725_4_2.cnv
* Sea-Bird SBE 9 Data File:
* FileName = C:\Seabird 9 CTD\Data\2019\201907_offshore\NYOS190725_4_2.hex
* Software Version Seasave V 7.23.2
* Temperature SN = 4590
* Conductivity SN = 3228
* Number of Bytes Per Scan = 44
* Number of Voltage Words = 5
* Number of Scans Averaged by the Deck Unit = 1
* NMEA Latitude = 40 23.30 N
* NMEA Longitude = 072 42.69 W
* NMEA UTC (Time) = Jul 25 2019  20:58:18
* NMEA baud rate = 4800
** Ship: seawolf
** Station: 4-2
** Operator: ajb
# nquan = 35
# nvalues = 83                          
# units = specified
# name 0 = depSM: Depth [salt water, m]
# name 1 = t090C: Temperature [ITS-90, deg C]
# name 2 = sal00: Salinity, Practical [PSU]
# name 3 = density00: Density [density, kg/m^3]
# name 4 = sbeox0V: Oxygen raw, SBE 43 [V]
# name 5 = sbeox0ML/L: Oxygen, SBE 43 [ml/l]
# name 6 = sbeox0PS: Oxygen, SBE 43 [% saturation]
# name 7 = sbox0dV/dT: Oxygen, SBE 43 [dov/dt]
# name 8 = oxsolML/L: Oxygen Saturation, Garcia & Gordon [ml/l]
# name 9 = oxsatML/L: Oxygen Saturation, Weiss [ml/l]
# name 10 = ph: pH
# name 11 = flECO-AFL: Fluorescence, WET Labs ECO-AFL/FL [mg/m^3]
# name 12 = n2satML/L: Nitrogen Saturation [ml/l]
# name 13 = c0S/m: Conductivity [S/m]
# name 14 = cpar: CPAR/Corrected Irradiance [%]
# name 15 = sigma-é00: Density [sigma-theta, kg/m^3]
# name 16 = sigma-t00: Density [sigma-t, kg/m^3 ]
# name 17 = par: PAR/Irradiance, Biospherical/Licor
# name 18 = prDM: Pressure, Digiquartz [db]
# name 19 = pumps: Pump Status
# name 20 = scan: Scan Count
# name 21 = svCM: Sound Velocity [Chen-Millero, m/s]
# name 22 = spar: SPAR, Biospherical/Licor
# name 23 = specc: Specific Conductance [uS/cm]
# name 24 = timeS: Time, Elapsed [seconds]
# name 25 = timeY: Time, System [seconds]
# name 26 = accM: Acceleration [m/s^2]
# name 27 = dz/dtM: Descent Rate [m/s]
# name 28 = latitude: Latitude [deg]
# name 29 = longitude: Longitude [deg]
# name 30 = gsw_saA0: Absolute Salinity [g/kg]
# name 31 = gsw_densityA0: density, TEOS-10 [density, kg/m^3]
# name 32 = gsw_sigma0A0: density, TEOS-10 [sigma-0, kg/m^3 ]
# name 33 = gsw_ptA0: potential temperature [ITS-90, deg C]
# name 34 = flag: flag
# span 0 =      2.000,     43.000       
# span 1 =     8.1019,    24.1702       
# span 2 =    31.0895,    32.5167       
# span 3 =  1020.6431,  1025.5007       
# span 4 =     1.8736,     2.9199       
# span 5 =     3.2649,     7.2129       
# span 6 =     66.249,    121.559       
# span 7 =   -0.08277,    0.08331       
# span 8 =    4.90777,    6.69237       
# span 9 =    4.89556,    6.69874       
# span 10 =      7.838,      8.214      
# span 11 =     0.0472,     1.8037      
# span 12 =    9.10372,   12.05220      
# span 13 =   3.398825,   4.703259      
# span 14 = 3.7160e-02, 5.5712e+01      
# span 15 =    20.6344,    25.3086      
# span 16 =    20.6343,    25.3080      
# span 17 = 6.9550e-01, 1.0229e+03      
# span 18 =      2.016,     43.335      
# span 19 =          0,          1      
# span 20 =        495,      10067      
# span 21 =    1480.45,    1528.21      
# span 22 = 1.8280e+03, 1.8981e+03      
# span 23 =  47760.306,  51348.684      
# span 24 =     20.574,    419.434      
# span 25 = 1564088320, 1564088719      
# span 26 =      -0.38,       0.28      
# span 27 =     -0.955,      0.893      
# span 28 =   40.38848,   40.38902      
# span 29 =  -72.71151,  -72.71060      
# span 30 =    31.2342,    32.6636      
# span 31 =  1020.6451,  1025.5025      
# span 32 =    20.6365,    25.3066      
# span 33 =     8.0977,    24.1698      
# span 34 = 0.0000e+00, 0.0000e+00      
# interval = meters: 1                  
# start_time = Jul 25 2019 20:58:19 [System UTC, first data scan.]
# bad_flag = -9.990e-29
*END*
      2.000    24.1702    31.0895  1020.6431     1.8736     3.2649     66.249   -0.01260    4.92312    4.91095      8.147     0.0643    9.12953   4.696968 3.3085e+01    20.6344    20.6343 6.2037e+02      2.016          0        495    1528.19 1.8749e+03  47760.306     20.574 1564088320       0.15      0.147   40.38848  -72.71151    31.2342  1020.6451    20.6365    24.1698 0.0000e+00
      3.000    23.7802    31.1275  1020.7895     2.5479     4.9714     99.955    0.00123    4.97309    4.96109      8.154     0.0543    9.21244   4.663799 2.9241e+01    20.7766    20.7765 5.4677e+02      3.023          1        710    1527.26 1.8701e+03  47820.392     29.534 1564088329       0.02      0.434   40.38848  -72.71150    31.2593  1020.7820    20.7690    23.7795 0.0000e+00
      4.000    23.5253    31.1369  1020.8745     2.5751     5.0581    101.502    0.00401    4.98325    4.97129      8.155     0.0641    9.22931   4.641114 3.4551e+01    20.8572    20.8570 6.4302e+02      4.033          1        772    1526.64 1.8613e+03  47838.846     32.137 1564088331       0.05      0.410   40.38848  -72.71148    31.2678  1020.8664    20.8491    23.5245 0.0000e+00
      5.000    23.4076    31.1473  1020.9205     2.5732     5.0504    101.069   -0.00154    4.99704    4.98515      8.157     0.0866    9.25213   4.632393 2.9567e+01    20.8989    20.8986 5.4781e+02      5.043          1        814    1526.37 1.8531e+03  47856.149     33.879 1564088333       0.11      0.565   40.38848  -72.71148    31.2848  1020.9174    20.8957    23.4066 0.0000e+00
      6.000    23.3691    31.1461  1020.9351     2.5743     5.0765    101.274    0.00021    5.01267    5.00085      8.158     0.1198    9.27792   4.628181 2.1006e+01    20.9091    20.9087 3.9292e+02      6.048          1        843    1526.29 1.8715e+03  47855.731     35.083 1564088334       0.19      0.762   40.38848  -72.71148    31.2799  1020.9291    20.9032    23.3679 0.0000e+00
      7.000    23.2595    31.1577  1020.9795     2.5773     5.1359    101.584    0.00156    5.05573    5.04412      8.160     0.1418    9.34906   4.619411 1.7958e+01    20.9492    20.9488 3.3907e+02      7.050          1        871    1526.04 1.8882e+03  47874.618     36.244 1564088335      -0.00      0.877   40.38848  -72.71148    31.2908  1020.9730    20.9428    23.2581 0.0000e+00
      8.000    23.0364    31.1875  1021.0698     2.5910     5.4559    103.057    0.00689    5.29272    5.28275      8.177     0.2156    9.74018   4.601598 1.6532e+01    21.0351    21.0347 3.1145e+02      8.061          1        911    1525.52 1.8837e+03  47921.372     37.905 1564088337      -0.17      0.645   40.38849  -72.71148    31.3136  1021.0581    21.0234    23.0348 0.0000e+00
      9.000    21.8841    31.3250  1021.4980     2.6654     6.2836    110.313    0.03690    5.69570    5.68948      8.199     0.2949   10.40378   4.502790 1.4816e+01    21.4587    21.4583 2.7385e+02      9.072          1        957    1522.65 1.8482e+03  48144.443     39.838 1564088339       0.06      0.508   40.38849  -72.71147    31.3796  1021.4323    21.3931    21.8823 0.0000e+00
     10.000    18.8664    31.7603  1022.6185     2.7877     7.0993    121.559    0.08331    5.83958    5.83492      8.206     0.2629   10.64212   4.261098 1.3478e+01    22.5744    22.5740 2.4813e+02     10.078          1        994    1514.75 1.8410e+03  48883.832     41.356 1564088341       0.08      0.647   40.38848  -72.71146    31.6825  1022.4508    22.4069    18.8646 0.0000e+00
     11.000    15.8742    32.2462  1023.7083     2.8111     6.9600    117.374    0.02897    5.92996    5.92633      8.209     0.2872   10.79159   4.047362 1.1368e+01    23.6598    23.6595 2.1146e+02     11.088          1       1027    1506.41 1.8609e+03  49769.022     42.737 1564088342       0.05      0.715   40.38848  -72.71146    32.2078  1023.5678    23.5189    15.8725 0.0000e+00
     12.000    14.9950    32.2567  1023.9119     2.8194     6.9337    115.604    0.00716    5.99779    5.99491      8.211     0.3542   10.90449   3.965061 9.0102e+00    23.8584    23.8580 1.6989e+02     12.091          1       1056    1503.66 1.8859e+03  49869.212     43.946 1564088343       0.07      0.804   40.38849  -72.71146    32.1895  1023.7488    23.6953    14.9932 0.0000e+00
     13.000    13.9247    32.3368  1024.2035     2.8204     7.0050    115.228    0.00194    6.07929    6.07735      8.214     0.4397   11.04000   3.881280 7.6130e+00    24.1455    24.1451 1.4340e+02     13.099          1       1090    1500.32 1.8833e+03  50098.151     45.380 1564088345      -0.13      0.747   40.38850  -72.71146    32.3129  1024.0726    24.0144    13.9229 0.0000e+00
     14.000    13.0953    32.3021  1024.3476     2.8296     7.2129    116.307    0.00526    6.20158    6.20107      8.207     0.5015   11.24347   3.802966 6.9291e+00    24.2846    24.2843 1.2970e+02     14.108          1       1135    1497.54 1.8716e+03  50152.370     47.240 1564088346      -0.07      0.553   40.38850  -72.71145    32.2806  1024.2180    24.1551    13.0934 0.0000e+00
     15.000    12.2220    32.2360  1024.4698     2.7858     7.0212    110.940   -0.02279    6.32866    6.32974      8.160     0.4834   11.45428   3.719042 5.9322e+00    24.4021    24.4017 1.0948e+02     15.125          1       1184    1494.53 1.8458e+03  50178.719     49.289 1564088349       0.08      0.459   40.38850  -72.71144    32.2271  1024.3495    24.2818    12.2201 0.0000e+00
     16.000    11.5751    32.2004  1024.5662     2.7025     6.5036    102.470   -0.05766    6.34686    6.34818      8.119     0.4712   11.48440   3.657287 4.9355e+00    24.4937    24.4934 9.1281e+01     16.125          1       1212    1492.27 1.8498e+03  50225.991     50.453 1564088350       0.28      0.743   40.38850  -72.71144    32.1862  1024.4414    24.3690    11.5731 0.0000e+00
     17.000    10.9530    32.1818  1024.6673     2.5972     5.9858     94.085   -0.08277    6.36230    6.36383      8.085     0.4846   11.50990   3.602327 3.7827e+00    24.5902    24.5898 7.0787e+01     17.128          1       1240    1490.09 1.8722e+03  50300.445     51.637 1564088351      -0.04      0.877   40.38850  -72.71144    32.1871  1024.5572    24.4800    10.9510 0.0000e+00
     18.000    10.6232    32.1831  1024.7303     2.4725     5.6291     88.240   -0.07987    6.37936    6.38112      8.064     0.5254   11.53791   3.576522 2.9483e+00    24.6484    24.6481 5.5959e+01     18.141          1       1279    1488.94 1.8981e+03  50358.247     53.266 1564088352      -0.13      0.639   40.38850  -72.71144    32.2197  1024.6442    24.5623    10.6211 0.0000e+00
     19.000    10.4585    32.1924  1024.7703     2.3961     5.6445     88.449   -0.04826    6.38162    6.38346      8.051     0.6339   11.54105   3.565089 2.3581e+00    24.6839    24.6835 4.4406e+01     19.147          1       1320    1488.38 1.8825e+03  50400.775     54.947 1564088354       0.01      0.601   40.38852  -72.71144    32.2502  1024.7005    24.6141    10.4563 0.0000e+00
     20.000    10.3232    32.2195  1024.8190     2.3471     5.6892     88.758   -0.02679    6.40978    6.41202      8.055     0.9172   11.58726   3.558120 1.9307e+00    24.7279    24.7275 3.5855e+01     20.159          1       1365    1487.94 1.8570e+03  50463.245     56.823 1564088356      -0.03      0.534   40.38852  -72.71144    32.2997  1024.7664    24.6753    10.3209 0.0000e+00
     21.000    10.3262    32.2778  1024.8685     2.3279     5.7994     89.917   -0.01068    6.44982    6.45262      8.020     1.0549   11.65321   3.565672 1.5691e+00    24.7729    24.7725 2.8973e+01     21.166          1       1402    1488.04 1.8467e+03  50545.843     58.368 1564088358       0.13      0.627   40.38852  -72.71144    32.3728  1024.8272    24.7315    10.3238 0.0000e+00
     22.000    10.1409    32.2928  1024.9159     2.2717     5.4431     84.090   -0.03406    6.47314    6.47627      7.986     0.9753   11.69157   3.550079 1.2077e+00    24.8156    24.8152 2.2485e+01     22.171          1       1433    1487.41 1.8622e+03  50600.878     59.663 1564088359       0.06      0.761   40.38852  -72.71143    32.3801  1024.8684    24.7681    10.1384 0.0000e+00
     23.000     9.8710    32.3159  1024.9833     2.1920     4.9979     77.093   -0.05715    6.48292    6.48619      7.961     0.9738   11.70761   3.529220 9.9697e-01    24.8784    24.8779 1.8753e+01     23.178          1       1466    1486.48 1.8813e+03  50684.234     61.027 1564088360      -0.05      0.756   40.38852  -72.71142    32.4095  1024.9404    24.8355     9.8685 0.0000e+00
     24.000     9.6576    32.3422  1025.0433     2.1167     4.8133     74.151   -0.05104    6.49124    6.49464      7.966     1.0614   11.72127   3.513759 7.8873e-01    24.9337    24.9333 1.4905e+01     24.186          1       1504    1485.75 1.8901e+03  50762.823     62.611 1564088362      -0.07      0.654   40.38852  -72.71142    32.4432  1025.0059    24.8963     9.6550 0.0000e+00
     25.000     9.5558    32.3595  1025.0780     2.1076     5.2288     80.186   -0.00223    6.52075    6.52457      7.951     1.3395   11.77001   3.507880 6.3173e-01    24.9637    24.9633 1.1913e+01     25.198          1       1550    1485.42 1.8853e+03  50807.757     64.557 1564088364      -0.04      0.510   40.38852  -72.71142    32.4744  1025.0513    24.9371     9.5530 0.0000e+00
     26.000     9.4782    32.3656  1025.0998     2.0709     4.9725     76.002   -0.02005    6.54275    6.54689      7.922     1.8037   11.80623   3.501602 5.1370e-01    24.9809    24.9805 9.4710e+00     26.206          1       1589    1485.16 1.8433e+03  50832.152     66.146 1564088365       0.16      0.608   40.38852  -72.71142    32.4796  1025.0723    24.9535     9.4754 0.0000e+00
     27.000     9.3143    32.3712  1025.1349     2.0227     4.6867     71.446   -0.03609    6.55983    6.56422      7.904     1.6597   11.83430   3.487961 4.2246e-01    25.0114    25.0109 7.7623e+00     27.210          1       1620    1484.58 1.8376e+03  50873.242     67.438 1564088367       0.05      0.763   40.38852  -72.71142    32.4872  1025.1089    24.9854     9.3114 0.0000e+00
     28.000     9.1767    32.3846  1025.1718     1.9718     4.5254     68.840   -0.03661    6.57389    6.57847      7.897     1.0476   11.85740   3.477494 3.6070e-01    25.0436    25.0431 6.7436e+00     28.219          1       1653    1484.10 1.8702e+03  50921.016     68.851 1564088368      -0.05      0.730   40.38852  -72.71142    32.5035  1025.1479    25.0198     9.1737 0.0000e+00
     29.000     9.0425    32.4007  1025.2100     1.9347     4.4800     68.062   -0.02875    6.58217    6.58689      7.895     0.8766   11.87099   3.467509 2.7537e-01    25.0771    25.0767 5.1959e+00     29.227          1       1687    1483.64 1.8869e+03  50971.970     70.267 1564088369       0.02      0.706   40.38852  -72.71142    32.5218  1025.1877    25.0548     9.0394 0.0000e+00
     30.000     8.9359    32.4141  1025.2416     1.9132     4.5224     68.586   -0.01714    6.59370    6.59859      7.895     0.7737   11.88992   3.459881 2.2364e-01    25.1041    25.1037 4.2177e+00     30.232          1       1722    1483.28 1.8860e+03  51013.799     71.715 1564088371      -0.04      0.708   40.38854  -72.71142    32.5393  1025.2224    25.0849     8.9328 0.0000e+00
     31.000     8.8580    32.4265  1025.2679     1.9075     4.6390     70.119   -0.00412    6.61571    6.62093      7.907     0.6619   11.92607   3.454747 1.9315e-01    25.1258    25.1254 3.6301e+00     31.243          1       1766    1483.02 1.8790e+03  51048.402     73.540 1564088373      -0.08      0.558   40.38854  -72.71141    32.5565  1025.2525    25.1104     8.8548 0.0000e+00
     32.000     8.7268    32.4453  1025.3075     1.9267     4.8648     73.262    0.01132    6.64037    6.64597      7.905     0.4312   11.96657   3.445125 1.6667e-01    25.1607    25.1602 3.0806e+00     32.254          1       1812    1482.57 1.8485e+03  51103.977     75.468 1564088375       0.03      0.518   40.38854  -72.71140    32.5758  1025.2922    25.1454     8.7235 0.0000e+00
     33.000     8.5958    32.4590  1025.3427     1.9240     4.7638     71.690    0.00087    6.64506    6.65073      7.901     0.2918   11.97429   3.434442 1.3644e-01    25.1913    25.1908 2.5372e+00     33.264          1       1846    1482.12 1.8598e+03  51152.438     76.885 1564088376       0.21      0.652   40.38854  -72.71140    32.5837  1025.3228    25.1714     8.5924 0.0000e+00
     34.000     8.4836    32.4770  1025.3784     1.9172     4.6744     70.327   -0.00647    6.64665    6.65234 -9.990e-29     0.3205   11.97693   3.426969 1.0111e-01    25.2223    25.2218 1.8851e+00     34.265          1       1871    1481.74 1.8645e+03  51203.365     77.909 1564088377       0.19      0.893   40.38854  -72.71140    32.6081  1025.3633    25.2072     8.4801 0.0000e+00
     35.000     8.4398    32.4824  1025.3938     1.9128     4.6855     70.429   -0.00426    6.65270    6.65848      7.901     0.3013   11.98692   3.424047 9.9070e-02    25.2330    25.2325 1.8653e+00     35.268          1       1902    1481.60 1.8823e+03  51221.372     79.229 1564088378      -0.18      0.842   40.38854  -72.71140    32.6173  1025.3816    25.2209     8.4362 0.0000e+00
     36.000     8.4035    32.4828  1025.4042     1.9090     4.7111     70.686   -0.00128    6.66494    6.67091      7.905     0.2490   12.00704   3.421335 9.0623e-02    25.2388    25.2382 1.7173e+00     36.290          1       1958    1481.48 1.8943e+03  51230.656     81.527 1564088381      -0.01      0.347   40.38856  -72.71140    32.6217  1025.3951    25.2297     8.3999 0.0000e+00
     37.000     8.3450    32.4864  1025.4203     1.9150     4.7728     71.499    0.00225    6.67527    6.68139      7.916     0.3036   12.02399   3.416575 6.7432e-02    25.2503    25.2497 1.2558e+00     37.288          1       1989    1481.28 1.8617e+03  51249.575     82.832 1564088382       0.26      0.686   40.38856  -72.71140    32.6251  1025.4110    25.2410     8.3413 0.0000e+00
     38.000     8.2893    32.4939  1025.4391     1.9334     4.9230     73.637    0.01068    6.68545    6.69173      7.914     0.2795   12.04072   3.412545 6.8351e-02    25.2644    25.2639 1.2713e+00     38.295          1       2027    1481.09 1.8599e+03  51273.434     84.437 1564088384      -0.15      0.670   40.38856  -72.71139    32.6335  1025.4305    25.2558     8.2855 0.0000e+00
     39.000     8.1854    32.5083  1025.4703     1.9398     4.8679     72.746    0.00197    6.69170    6.69808      7.905     0.1448   12.05097   3.404923 6.3795e-02    25.2910    25.2904 1.1766e+00     39.310          1       2079    1480.73 1.8445e+03  51318.218     86.596 1564088386       0.05      0.433   40.38856  -72.71138    32.6486  1025.4622    25.2829     8.1816 0.0000e+00
     40.000     8.1165    32.5167  1025.4917     1.9332     4.7899     71.583   -0.00388    6.69143    6.69781      7.902     0.1458   12.05056   3.399861 5.0960e-02    25.3077    25.3071 9.5842e-01     40.313          1       2115    1480.50 1.8816e+03  51346.818     88.088 1564088387       0.14      0.642   40.38856  -72.71138    32.6583  1025.4845    25.3005     8.1126 0.0000e+00
     41.000     8.1055    32.5158  1025.4972     1.9255     4.7820     71.459   -0.00209    6.69196    6.69833      7.899     0.1453   12.05147   3.399348 4.6880e-02    25.3086    25.3080 8.7397e-01     41.319          1       2200    1480.47 1.8640e+03  51348.684     91.614 1564088391       0.04      0.367   40.38857  -72.71138    32.6627  1025.4941    25.3055     8.1015 0.0000e+00
     42.000     8.1027    32.5131  1025.5001     1.9204     4.7785     71.403   -0.00080    6.69232    6.69870      7.894     0.1495   12.05208   3.399228 4.1391e-02    25.3069    25.3063 7.7549e-01     42.333          1       2300    1480.48 1.8743e+03  51346.102     95.811 1564088395       0.15      0.263   40.38858  -72.71138    32.6636  1025.4998    25.3066     8.0986 0.0000e+00
