CalculateIndicators/WaterTemperature/Data/CTD_NYOS/NYOS2006_C16.cnv
* Sea-Bird SBE19plus Data File:
* FileName = C:\Users\radar\Desktop\NYOS.2006\NYOS2006.ctd\NYOS2006_C16.hex
* Software Version 1.59
* Temperature SN =  4675
* Conductivity SN =  4675
* System UpLoad Time = Sep 27 2009 05:52:20
* NMEA Latitude = 40 34.6373 N
* NMEA Longitude = 072 07.4543 W
# nquan = 15
# nvalues = 44                          
# units = specified
# name 0 = depSM: Depth [salt water, m]
# name 1 = tv290C: Temperature [ITS-90, deg C]
# name 2 = sal00: Salinity, Practical [PSU]
# name 3 = density00: Density [density, kg/m^3]
# name 4 = c0S/m: Conductivity [S/m]
# name 5 = sigma-�00: Density [sigma-theta, kg/m^3]
# name 6 = sigma-t00: Density [sigma-t, kg/m^3 ]
# name 7 = prdM: Pressure, Strain Gauge [db]
# name 8 = scan: Scan Count
# name 9 = svCM: Sound Velocity [Chen-Millero, m/s]
# name 10 = specc: Specific Conductance [uS/cm]
# name 11 = timeS: Time, Elapsed [seconds]
# name 12 = accM: Acceleration [m/s^2]
# name 13 = dz/dtM: Descent Rate [m/s]
# name 14 = flag: flag
# span 0 =      1.000,     23.000       
# span 1 =    11.2473,    15.5943       
# span 2 =    31.0253,    31.7911       
# span 3 =  1022.8122,  1024.3104       
# span 4 =   3.599387,   3.936010       
# span 5 =    22.7375,    24.2064       
# span 6 =    22.7374,    24.2059       
# span 7 =      1.006,     23.170       
# span 8 =        244,        543       
# span 9 =    1490.67,    1503.96       
# span 10 =  48015.160,  49655.082      
# span 11 =     60.626,    135.438      
# span 12 =      -0.61,       0.95      
# span 13 =     -0.729,      0.776      
# span 14 = 0.0000e+00, 0.0000e+00      
# interval = meters: 1                  
# start_time = Jun 08 2020 20:02:01 [Instrument's time stamp, header]
# bad_flag = -9.990e-29
*END*
      2.000    15.5943    31.0253  1022.8122   3.890154    22.7375    22.7374      2.050        244    1503.68  48015.160     60.626       0.95      0.326 0.0000e+00
      3.000    14.2988    31.3570  1023.3163   3.828028    23.3282    23.3281      2.998        251    1500.38  48709.707     62.473      -0.25      0.683 0.0000e+00
      4.000    14.2398    31.4253  1023.3951   3.826043    23.3771    23.3769      4.039        257    1500.13  48788.918     63.956       0.17      0.617 0.0000e+00
      5.000    14.1542    31.4522  1023.4381   3.822042    23.4141    23.4139      5.000        265    1499.89  48831.729     65.940       0.12      0.331 0.0000e+00
      6.000    14.1257    31.4653  1023.4584   3.821474    23.4313    23.4311      6.037        270    1499.83  48855.867     67.311       0.00      0.670 0.0000e+00
      7.000    14.1068    31.4593  1023.4625   3.819090    23.4317    23.4315      7.045        277    1499.78  48852.769     68.921       0.29      0.540 0.0000e+00
      8.000    14.0078    31.4421  1023.4739   3.808209    23.4370    23.4368      8.043        283    1499.45  48836.653     70.584      -0.19      0.653 0.0000e+00
      9.000    13.8266    31.4468  1023.5186   3.792342    23.4797    23.4795      9.037        290    1498.88  48868.581     72.297       0.32      0.439 0.0000e+00
     10.000    13.4777    31.3773  1023.5409   3.750587    23.4981    23.4978     10.058        296    1497.63  48818.282     73.722      -0.14      0.745 0.0000e+00
     11.000    12.7728    31.3293  1023.6459   3.681796    23.5694    23.5691     11.060        302    1495.23  48784.406     75.200       0.38      0.526 0.0000e+00
     12.000    12.0897    31.6258  1024.0056   3.655872    23.9661    23.9658     12.083        309    1493.35  49363.342     76.981       0.17      0.526 0.0000e+00
     13.000    11.8147    31.6112  1024.0505   3.629412    23.9863    23.9860     13.110        315    1492.36  49349.502     78.475       0.56      0.752 0.0000e+00
     14.000    11.4208    31.7593  1024.2423   3.611125    24.1842    24.1839     14.034        324    1491.18  49638.511     80.698      -0.61      0.386 0.0000e+00
     15.000    11.3998    31.7268  1024.2254   3.606210    24.1565    24.1562     15.105        328    1491.08  49585.660     81.745       0.45      0.753 0.0000e+00
     16.000    11.3220    31.7435  1024.2568   3.602083    24.1824    24.1820     16.063        336    1490.84  49619.883     83.863       0.09      0.378 0.0000e+00
     17.000    11.2909    31.7478  1024.2700   3.600444    24.1923    24.1919     17.174        341    1490.76  49633.304     85.026       0.90      0.776 0.0000e+00
     18.000    11.2757    31.7487  1024.2781   3.599858    24.1961    24.1958     18.083        351    1490.72  49638.859     87.461       0.50      0.169 0.0000e+00
     19.000    11.2678    31.7520  1024.2865   3.599964    24.2008    24.2004     19.147        357    1490.72  49646.022     89.120       0.79      0.468 0.0000e+00
     20.000    11.2603    31.7532  1024.2933   3.599740    24.2030    24.2026     20.141        365    1490.71  49649.504     90.973       0.42      0.735 0.0000e+00
     21.000    11.2540    31.7533  1024.2992   3.599482    24.2040    24.2035     21.073        374    1490.70  49650.637     93.247      -0.37      0.314 0.0000e+00
     22.000    11.2506    31.7533  1024.3043   3.599387    24.2047    24.2042     22.137        379    1490.70  49651.972     94.564       0.10      0.615 0.0000e+00
     23.000    11.2473    31.7547  1024.3104   3.599642    24.2064    24.2059     23.170        392    1490.72  49655.082     97.811      -0.14      0.104 0.0000e+00
     22.000    11.2531    31.7535  1024.3041   3.599920    24.2043    24.2038     22.116        395    1490.71  49651.654     98.515      -0.48     -0.372 0.0000e+00
     21.000    11.2541    31.7539  1024.2996   3.600137    24.2048    24.2043     21.113        402    1490.70  49652.115    100.226      -0.05     -0.574 0.0000e+00
     20.000    11.2573    31.7528  1024.2936   3.600359    24.2030    24.2026     20.113        410    1490.69  49648.814    102.164       0.10     -0.518 0.0000e+00
     19.000    11.2619    31.7484  1024.2849   3.600310    24.1988    24.1984     19.114        417    1490.69  49641.784    104.081      -0.07     -0.516 0.0000e+00
     18.000    11.2621    31.7511  1024.2824   3.600614    24.2010    24.2006     18.107        424    1490.67  49644.883    105.765       0.06     -0.609 0.0000e+00
     17.000    11.2683    31.7513  1024.2770   3.601203    24.2000    24.1997     17.085        431    1490.68  49643.545    107.456       0.00     -0.610 0.0000e+00
     16.000    11.2810    31.7523  1024.2709   3.602441    24.1986    24.1983     16.096        438    1490.71  49642.719    109.327      -0.12     -0.428 0.0000e+00
     15.000    11.2970    31.7529  1024.2639   3.604013    24.1960    24.1957     15.093        446    1490.75  49639.968    111.187       0.14     -0.538 0.0000e+00
     14.000    11.3278    31.7603  1024.2595   3.607711    24.1965    24.1962     14.045        452    1490.85  49645.240    112.666      -0.52     -0.625 0.0000e+00
     13.000    11.4244    31.7593  1024.2372   3.616222    24.1774    24.1771     13.097        460    1491.17  49626.808    114.649       0.31     -0.499 0.0000e+00
     12.000    11.5048    31.7833  1024.2357   3.627169    24.1811    24.1808     12.044        465    1491.48  49646.147    115.898      -0.40     -0.721 0.0000e+00
     11.000    11.8938    31.7701  1024.1518   3.659835    24.1034    24.1031     11.077        473    1492.77  49574.944    117.973       0.31     -0.484 0.0000e+00
     10.000    12.0948    31.7296  1024.0759   3.675653    24.0352    24.0349     10.040        479    1493.45  49490.115    119.417      -0.29     -0.687 0.0000e+00
      9.000    12.7267    31.7911  1024.0000   3.741126    23.9664    23.9662      9.070        486    1495.64  49493.328    121.165       0.21     -0.591 0.0000e+00
      8.000    13.4562    31.6177  1023.7224   3.784633    23.6786    23.6784      8.027        491    1497.80  49138.363    122.538      -0.04     -0.729 0.0000e+00
      7.000    13.8600    31.4915  1023.5369   3.807466    23.5072    23.5070      7.076        500    1499.02  48925.810    124.662       0.14     -0.342 0.0000e+00
      6.000    13.9578    31.4912  1023.5129   3.815275    23.4860    23.4858      6.023        505    1499.32  48911.856    125.964       0.02     -0.697 0.0000e+00
      5.000    14.0656    31.4611  1023.4632   3.820643    23.4398    23.4396      5.046        512    1499.62  48855.554    127.781      -0.14     -0.416 0.0000e+00
      4.000    14.1149    31.4544  1023.4435   3.823755    23.4221    23.4220      4.025        519    1499.75  48835.606    129.484       0.02     -0.492 0.0000e+00
      3.000    14.1593    31.4546  1023.4294   3.827848    23.4158    23.4157      3.000        526    1499.89  48835.506    131.150      -0.45     -0.557 0.0000e+00
      2.000    14.6516    31.5323  1023.3815   3.883357    23.3714    23.3713      2.009        533    1501.56  48889.156    133.054       0.14     -0.562 0.0000e+00
      1.000    15.4800    31.3510  1023.0620   3.936010    23.0598    23.0598      1.006        543    1503.96  48563.181    135.438      -0.01     -0.421 0.0000e+00
