CalculateIndicators/WaterTemperature/Data/CTD_NYOS/NYOS190728_6_6.cnv
* Sea-Bird SBE 9 Data File:
* FileName = C:\Seabird 9 CTD\Data\2019\201907_offshore\NYOS190728_6_6.hex
* Software Version Seasave V 7.23.2
* Temperature SN = 4590
* Conductivity SN = 3228
* Number of Bytes Per Scan = 44
* Number of Voltage Words = 5
* Number of Scans Averaged by the Deck Unit = 1
* NMEA Latitude = 38 47.26 N
* NMEA Longitude = 072 49.02 W
* NMEA UTC (Time) = Jul 28 2019  13:39:28
* NMEA baud rate = 4800
** Ship: Seawolf
** Station: 6.6
** Operator: ajb
# nquan = 35
# nvalues = 1182                        
# units = specified
# name 0 = depSM: Depth [salt water, m]
# name 1 = t090C: Temperature [ITS-90, deg C]
# name 2 = sal00: Salinity, Practical [PSU]
# name 3 = density00: Density [density, kg/m^3]
# name 4 = sbeox0V: Oxygen raw, SBE 43 [V]
# name 5 = sbeox0ML/L: Oxygen, SBE 43 [ml/l]
# name 6 = sbeox0PS: Oxygen, SBE 43 [% saturation]
# name 7 = sbox0dV/dT: Oxygen, SBE 43 [dov/dt]
# name 8 = oxsolML/L: Oxygen Saturation, Garcia & Gordon [ml/l]
# name 9 = oxsatML/L: Oxygen Saturation, Weiss [ml/l]
# name 10 = ph: pH
# name 11 = flECO-AFL: Fluorescence, WET Labs ECO-AFL/FL [mg/m^3]
# name 12 = n2satML/L: Nitrogen Saturation [ml/l]
# name 13 = c0S/m: Conductivity [S/m]
# name 14 = cpar: CPAR/Corrected Irradiance [%]
# name 15 = sigma-é00: Density [sigma-theta, kg/m^3]
# name 16 = sigma-t00: Density [sigma-t, kg/m^3 ]
# name 17 = par: PAR/Irradiance, Biospherical/Licor
# name 18 = prDM: Pressure, Digiquartz [db]
# name 19 = pumps: Pump Status
# name 20 = scan: Scan Count
# name 21 = svCM: Sound Velocity [Chen-Millero, m/s]
# name 22 = spar: SPAR, Biospherical/Licor
# name 23 = specc: Specific Conductance [uS/cm]
# name 24 = timeS: Time, Elapsed [seconds]
# name 25 = timeY: Time, System [seconds]
# name 26 = accM: Acceleration [m/s^2]
# name 27 = dz/dtM: Descent Rate [m/s]
# name 28 = latitude: Latitude [deg]
# name 29 = longitude: Longitude [deg]
# name 30 = gsw_saA0: Absolute Salinity [g/kg]
# name 31 = gsw_densityA0: density, TEOS-10 [density, kg/m^3]
# name 32 = gsw_sigma0A0: density, TEOS-10 [sigma-0, kg/m^3 ]
# name 33 = gsw_ptA0: potential temperature [ITS-90, deg C]
# name 34 = flag: flag
# span 0 =      1.000,    592.000       
# span 1 =     5.8234,    25.7560       
# span 2 =    35.0516,    35.7672       
# span 3 =  1023.1566,  1030.3537       
# span 4 =     1.4039,     2.8894       
# span 5 =     2.9235,     5.9866       
# span 6 =     46.662,    118.075       
# span 7 =   -0.04152,    0.05480       
# span 8 =    4.67611,    6.93487       
# span 9 =    4.66416,    6.94828       
# span 10 =      7.927,      8.330      
# span 11 =    -0.0741,     0.6441      
# span 12 =    8.68121,   12.42129      
# span 13 =   3.451886,   5.394164      
# span 14 = -2.978e-07, 1.5887e+01      
# span 15 =    23.1515,    27.6230      
# span 16 =    23.1512,    27.6164      
# span 17 = -5.998e-06, 3.2484e+02      
# span 18 =      1.008,    597.361      
# span 19 =          1,          1      
# span 20 =        598,      35816      
# span 21 =    1483.82,    1536.35      
# span 22 = 1.9738e+03, 2.0761e+03      
# span 23 =  53129.146,  55993.062      
# span 24 =     24.895,   1492.304      
# span 25 = 1564321193, 1564322660      
# span 26 =      -0.71,       0.74      
# span 27 =     -1.743,      1.291      
# span 28 =   38.78704,   38.78776      
# span 29 =  -72.81703,  -72.81410      
# span 30 =    35.2188,    35.9415      
# span 31 =  1023.1592,  1030.3569      
# span 32 =    23.1548,    27.6261      
# span 33 =     5.7712,    25.7557      
# span 34 = 0.0000e+00, 0.0000e+00      
# interval = meters: 1                  
# start_time = Jul 28 2019 13:39:28 [System UTC, first data scan.]
# bad_flag = -9.990e-29
*END*
[from data line 788]
    394.000     8.0734    35.1392  1029.1777     1.5222     3.5240     53.599   -0.00219    6.57469    6.58221      7.978    -0.0412   11.82597   3.659575 4.8648e-14    27.3784    27.3722 1.0000e-12    397.382          1      22081    1489.46 2.0556e+03  55312.330    920.003 1564322088      -0.29     -1.232   38.78742  -72.81530    35.3143  1029.1867    27.3875     8.0323 0.0000e+00
    393.000     8.1022    35.1409  1029.1699     1.5203     3.5180     53.509   -0.00212    6.57463    6.58215      7.978    -0.0398   11.82587   3.662478 4.8685e-14    27.3754    27.3692 1.0000e-12    396.371          1      22099    1489.56 2.0540e+03  55306.752    920.762 1564322088      -0.04     -1.348   38.78742  -72.81530    35.3171  1029.1797    27.3853     8.0611 0.0000e+00
    392.000     8.1219    35.1394  1029.1610     1.5183     3.5064     53.355   -0.00239    6.57186    6.57933      7.978    -0.0360   11.82127   3.664043 4.8689e-14    27.3712    27.3650 1.0000e-12    395.362          1      22118    1489.61 2.0538e+03  55298.636    921.533 1564322089       0.04     -1.329   38.78742  -72.81530    35.3146  1029.1700    27.3803     8.0808 0.0000e+00
    391.000     8.1355    35.1390  1029.1539     1.5168     3.4993     53.257   -0.00244    6.57051    6.57797      7.978    -0.0280   11.81905   3.665012 4.8765e-14    27.3688    27.3626 1.0000e-12    394.362          1      22137    1489.65 2.0507e+03  55293.903    922.352 1564322090       0.07     -1.292   38.78742  -72.81530    35.3118  1029.1612    27.3761     8.0945 0.0000e+00
    390.000     8.1286    35.1422  1029.1529     1.5149     3.4995     53.273   -0.00165    6.56905    6.57648 -9.990e-29 -9.990e-29   11.81664   3.664634 4.9427e-14    27.3723    27.3661 1.0000e-12    393.343          1      22167    1489.61 2.0233e+03  55299.499    923.568 1564322091       0.35     -0.989   38.78742  -72.81530    35.3152  1029.1603    27.3797     8.0878 0.0000e+00
    389.000     8.1530    35.1426  1029.1448     1.5128     3.4920     53.171   -0.00152    6.56744    6.57485 -9.990e-29 -9.990e-29   11.81398   3.666919 4.9747e-14    27.3689    27.3627 1.0000e-12    392.320          1      22197    1489.68 2.0102e+03  55293.063    924.832 1564322092      -0.11     -0.716   38.78742  -72.81530    35.3158  1029.1522    27.3765     8.1121 0.0000e+00
    388.000     8.1583    35.1426  1029.1394     1.5121     3.4884     53.120   -0.00156    6.56711    6.57452 -9.990e-29 -9.990e-29   11.81343   3.667314 4.9067e-14    27.3682    27.3620 1.0000e-12    391.316          1      22216    1489.69 2.0380e+03  55291.086    925.613 1564322093      -0.46     -0.986   38.78742  -72.81530    35.3152  1029.1463    27.3752     8.1175 0.0000e+00
    387.000     8.1626    35.1426  1029.1341     1.5113     3.4903     53.150   -0.00108    6.56701    6.57441      7.977    -0.0279   11.81326   3.667642 4.8847e-14    27.3674    27.3613 1.0000e-12    390.311          1      22232    1489.68 2.0472e+03  55289.242    926.282 1564322094      -0.39     -1.288   38.78742  -72.81530    35.3148  1029.1408    27.3743     8.1220 0.0000e+00
    386.000     8.1699    35.1433  1029.1289     1.5106     3.4890     53.132   -0.00093    6.56651    6.57391      7.977    -0.0403   11.81243   3.668380 4.8773e-14    27.3669    27.3607 1.0000e-12    389.303          1      22247    1489.70 2.0504e+03  55287.676    926.921 1564322094      -0.21     -1.475   38.78742  -72.81530    35.3159  1029.1359    27.3740     8.1293 0.0000e+00
    385.000     8.1756    35.1430  1029.1232     1.5101     3.4834     53.071   -0.00113    6.56370    6.57105      7.977    -0.0399   11.80777   3.668794 4.8723e-14    27.3658    27.3596 1.0000e-12    388.297          1      22262    1489.70 2.0525e+03  55285.139    927.547 1564322095      -0.09     -1.569   38.78742  -72.81530    35.3151  1029.1299    27.3725     8.1351 0.0000e+00
    384.000     8.1776    35.1437  1029.1188     1.5097     3.4831     53.095   -0.00080    6.56008    6.56737      7.977    -0.0285   11.80182   3.668954 4.8689e-14    27.3660    27.3598 1.0000e-12    387.294          1      22278    1489.69 2.0538e+03  55284.919    928.214 1564322096       0.04     -1.584   38.78742  -72.81528    35.3152  1029.1251    27.3723     8.1373 0.0000e+00
    383.000     8.1796    35.1441  1029.1143     1.5093     3.4824     53.097   -0.00057    6.55860    6.56587      7.977    -0.0281   11.79939   3.669085 4.8681e-14    27.3660    27.3599 1.0000e-12    386.284          1      22299    1489.69 2.0542e+03  55284.305    929.087 1564322097       0.34     -1.400   38.78742  -72.81528    35.3151  1029.1202    27.3719     8.1393 0.0000e+00
    382.000     8.1931    35.1454  1029.1086     1.5075     3.4685     52.904   -0.00113    6.55619    6.56342      7.977    -0.0280   11.79539   3.670647 4.8820e-14    27.3650    27.3588 1.0000e-12    385.261          1      22328    1489.72 2.0484e+03  55282.026    930.294 1564322098       0.30     -0.929   38.78742  -72.81528    35.3188  1029.1163    27.3727     8.1529 0.0000e+00
    381.000     8.2294    35.1435  1029.0967     1.5054     3.4507     52.664   -0.00187    6.55229    6.55945      7.977    -0.0277   11.78894   3.673768 4.8903e-14    27.3579    27.3518 1.0000e-12    384.253          1      22353    1489.84 2.0449e+03  55269.325    931.330 1564322099      -0.16     -0.875   38.78742  -72.81528    35.3163  1029.1039    27.3652     8.1892 0.0000e+00
    380.000     8.2383    35.1434  1029.0906     1.5036     3.4406     52.539   -0.00202    6.54861    6.55572      7.977    -0.0514   11.78288   3.674493 4.8895e-14    27.3564    27.3503 1.0000e-12    383.249          1      22375    1489.86 2.0452e+03  55266.196    932.232 1564322100      -0.15     -1.055   38.78742  -72.81528    35.3157  1029.0974    27.3634     8.1982 0.0000e+00
    379.000     8.2512    35.1441  1029.0845     1.5017     3.4330     52.448   -0.00190    6.54554    6.55261      7.977    -0.0428   11.77780   3.675768 4.8849e-14    27.3550    27.3489 1.0000e-12    382.236          1      22397    1489.89 2.0471e+03  55263.244    933.182 1564322101       0.04     -1.094   38.78742  -72.81528    35.3169  1029.0918    27.3624     8.2112 0.0000e+00
    378.000     8.2728    35.1443  1029.0766     1.4993     3.4180     52.243   -0.00235    6.54257    6.54959      7.977    -0.0229   11.77289   3.677837 4.8819e-14    27.3518    27.3457 1.0000e-12    381.225          1      22419    1489.95 2.0484e+03  55257.259    934.096 1564322102      -0.03     -1.073   38.78742  -72.81528    35.3179  1029.0845    27.3598     8.2328 0.0000e+00
    377.000     8.2988    35.1436  1029.0673     1.4968     3.4023     52.032   -0.00280    6.53890    6.54586      7.977    -0.0164   11.76680   3.680173 4.8791e-14    27.3473    27.3412 1.0000e-12    380.220          1      22439    1490.03 2.0496e+03  55249.113    934.936 1564322102      -0.10     -1.142   38.78742  -72.81528    35.3173  1029.0752    27.3553     8.2589 0.0000e+00
    376.000     8.3162    35.1460  1029.0618     1.4942     3.3893     51.867   -0.00293    6.53465    6.54155      7.977    -0.0253   11.75980   3.682053 4.8833e-14    27.3465    27.3404 1.0000e-12    379.207          1      22460    1490.08 2.0478e+03  55247.489    935.793 1564322103      -0.01     -1.191   38.78742  -72.81528    35.3205  1029.0704    27.3552     8.2763 0.0000e+00
    375.000     8.3362    35.1452  1029.0534     1.4921     3.3815     51.753   -0.00292    6.53380    6.54068      7.976    -0.0403   11.75837   3.683725 4.8877e-14    27.3429    27.3367 1.0000e-12    378.194          1      22479    1490.14 2.0459e+03  55240.512    936.597 1564322104      -0.05     -1.197   38.78742  -72.81527    35.3188  1029.0612    27.3508     8.2964 0.0000e+00
    374.000     8.3484    35.1457  1029.0472     1.4900     3.3739     51.667   -0.00275    6.53010    6.53692      7.977    -0.0277   11.75223   3.684782 4.8877e-14    27.3413    27.3352 1.0000e-12    377.193          1      22496    1490.17 2.0459e+03  55237.386    937.307 1564322105      -0.18     -1.290   38.78742  -72.81526    35.3183  1029.0544    27.3485     8.3087 0.0000e+00
    373.000     8.3781    35.1484  1029.0399     1.4873     3.3579     51.475   -0.00300    6.52350    6.53023      7.975    -0.0281   11.74130   3.688078 4.8826e-14    27.3388    27.3327 1.0000e-12    376.194          1      22516    1490.27 2.0481e+03  55233.078    938.105 1564322106       0.05     -1.361   38.78742  -72.81526    35.3243  1029.0497    27.3486     8.3384 0.0000e+00
    372.000     8.4061    35.1488  1029.0311     1.4835     3.3391     51.234   -0.00315    6.51742    6.52406      7.973    -0.0395   11.73124   3.690549 4.8736e-14    27.3348    27.3287 1.0000e-12    375.166          1      22547    1490.36 2.0519e+03  55225.931    939.403 1564322107       0.43     -0.928   38.78742  -72.81526    35.3231  1029.0396    27.3434     8.3664 0.0000e+00
    371.000     8.4373    35.1527  1029.0246     1.4795     3.3217     51.021   -0.00312    6.51053    6.51706      7.971    -0.0412   11.71983   3.694019 4.8786e-14    27.3331    27.3270 1.0000e-12    374.149          1      22573    1490.46 2.0498e+03  55223.073    940.484 1564322108      -0.28     -0.771   38.78742  -72.81526    35.3294  1029.0348    27.3435     8.3976 0.0000e+00
    370.000     8.4781    35.1552  1029.0153     1.4768     3.3013     50.754   -0.00385    6.50446    6.51090      7.971    -0.0510   11.70979   3.698176 4.9057e-14    27.3287    27.3225 1.0000e-12    373.151          1      22589    1490.60 2.0384e+03  55215.599    941.176 1564322109      -0.53     -1.097   38.78742  -72.81526    35.3335  1029.0268    27.3403     8.4384 0.0000e+00
    369.000     8.5097    35.1553  1029.0056     1.4742     3.2891     50.598   -0.00395    6.50045    6.50683      7.971    -0.0436   11.70314   3.700720 4.9061e-14    27.3238    27.3177 1.0000e-12    372.150          1      22606    1490.70 2.0383e+03  55207.244    941.855 1564322109      -0.29     -1.392   38.78742  -72.81526    35.3294  1029.0140    27.3323     8.4700 0.0000e+00
    368.000     8.5166    35.1577  1029.0018     1.4715     3.2806     50.495   -0.00363    6.49692    6.50324      7.971    -0.0263   11.69730   3.701790 4.9060e-14    27.3247    27.3185 1.0000e-12    371.138          1      22625    1490.72 2.0383e+03  55208.429    942.649 1564322110       0.15     -1.420   38.78742  -72.81526    35.3344  1029.0121    27.3350     8.4770 0.0000e+00
    367.000     8.5663    35.1594  1028.9905     1.4679     3.2657     50.289   -0.00373    6.49378    6.50006      7.971    -0.0165   11.69212   3.706840 4.8936e-14    27.3182    27.3120 1.0000e-12    370.123          1      22646    1490.89 2.0435e+03  55197.684    943.530 1564322111       0.19     -1.229   38.78742  -72.81526    35.3390  1029.0030    27.3309     8.5267 0.0000e+00
    366.000     8.6108    35.1615  1028.9802     1.4646     3.2497     50.064   -0.00399    6.49113    6.49737      7.971    -0.0405   11.68772   3.711093 4.9116e-14    27.3129    27.3067 1.0000e-12    369.116          1      22666    1491.04 2.0360e+03  55189.035    944.393 1564322112       0.00     -1.154   38.78740  -72.81526    35.3402  1028.9921    27.3249     8.5712 0.0000e+00
    365.000     8.6434    35.1628  1028.9713     1.4614     3.2404     49.929   -0.00377    6.49006    6.49628      7.971    -0.0304   11.68595   3.714097 4.9039e-14    27.3087    27.3025 1.0000e-12    368.107          1      22687    1491.14 2.0392e+03  55181.940    945.270 1564322113       0.00     -1.164   38.78740  -72.81526    35.3401  1028.9821    27.3197     8.6038 0.0000e+00
    364.000     8.6724    35.1647  1028.9635     1.4584     3.2315     49.805   -0.00349    6.48839    6.49459      7.971    -0.0380   11.68316   3.716898 4.8805e-14    27.3058    27.2996 1.0000e-12    367.095          1      22710    1491.24 2.0490e+03  55177.384    946.209 1564322114       0.08     -1.120   38.78740  -72.81526    35.3413  1028.9737    27.3161     8.6329 0.0000e+00
    363.000     8.6898    35.1664  1028.9573     1.4566     3.2307     49.830   -0.00266    6.48345    6.48957      7.971    -0.0173   11.67499   3.718595 4.8682e-14    27.3043    27.2981 1.0000e-12    366.083          1      22732    1491.28 2.0541e+03  55174.712    947.126 1564322115      -0.01     -1.075   38.78740  -72.81526    35.3425  1028.9671    27.3143     8.6503 0.0000e+00
    362.000     8.6992    35.1661  1028.9510     1.4556     3.2338     49.911   -0.00171    6.47909    6.48514      7.971    -0.0196   11.66776   3.719299 4.8678e-14    27.3026    27.2964 1.0000e-12    365.081          1      22752    1491.30 2.0543e+03  55171.292    947.962 1564322116      -0.11     -1.144   38.78740  -72.81526    35.3410  1028.9599    27.3117     8.6598 0.0000e+00
    361.000     8.7075    35.1681  1028.9466     1.4547     3.2325     49.940   -0.00112    6.47271    6.47867      7.971    -0.0362   11.65724   3.720252 4.8658e-14    27.3028    27.2966 1.0000e-12    364.070          1      22775    1491.32 2.0551e+03  55171.409    948.909 1564322116       0.11     -1.151   38.78740  -72.81526    35.3433  1028.9558    27.3121     8.6682 0.0000e+00
    360.000     8.7404    35.1703  1028.9383     1.4539     3.2305     49.925   -0.00088    6.47072    6.47665      7.971    -0.0318   11.65392   3.723638 4.8653e-14    27.2994    27.2932 1.0000e-12    363.052          1      22799    1491.43 2.0554e+03  55165.991    949.937 1564322117       0.09     -1.002   38.78740  -72.81526    35.3469  1028.9485    27.3097     8.7011 0.0000e+00
    359.000     8.7690    35.1717  1028.9301     1.4526     3.2232     49.827   -0.00105    6.46872    6.47461      7.972    -0.0378   11.65062   3.726487 4.8751e-14    27.2959    27.2897 1.0000e-12    362.046          1      22820    1491.52 2.0513e+03  55160.178    950.783 1564322118      -0.19     -1.056   38.78740  -72.81525    35.3490  1028.9409    27.3068     8.7297 0.0000e+00
    358.000     8.8102    35.1723  1028.9191     1.4515     3.2157     49.717   -0.00137    6.46806    6.47395      7.973    -0.0277   11.64951   3.730448 4.8965e-14    27.2899    27.2836 1.0000e-12    361.041          1      22838    1491.66 2.0423e+03  55150.620    951.554 1564322119      -0.19     -1.220   38.78740  -72.81524    35.3504  1028.9306    27.3014     8.7709 0.0000e+00
    357.000     8.8278    35.1719  1028.9113     1.4506     3.2106     49.655   -0.00140    6.46580    6.47166      7.973    -0.0285   11.64577   3.731722 4.9214e-14    27.2867    27.2805 1.0000e-12    360.031          1      22857    1491.70 2.0320e+03  55145.035    952.336 1564322120      -0.03     -1.298   38.78740  -72.81524    35.3468  1028.9203    27.2958     8.7886 0.0000e+00
    356.000     8.8384    35.1749  1028.9073     1.4502     3.2102     49.691   -0.00098    6.46040    6.46618      7.974    -0.0358   11.63682   3.733078 4.9250e-14    27.2874    27.2811 1.0000e-12    359.026          1      22876    1491.73 2.0304e+03  55146.183    953.140 1564322121       0.04     -1.285   38.78740  -72.81524    35.3511  1028.9174    27.2974     8.7993 0.0000e+00
    355.000     8.8494    35.1743  1028.9005     1.4497     3.2076     49.724   -0.00047    6.45068    6.45631      7.975    -0.0335   11.62073   3.733819 4.9063e-14    27.2851    27.2789 1.0000e-12    358.015          1      22900    1491.75 2.0382e+03  55141.876    954.120 1564322122       0.21     -1.161   38.78740  -72.81524    35.3484  1028.9089    27.2936     8.8104 0.0000e+00
    354.000     8.8659    35.1761  1028.8946     1.4484     3.1959     49.587   -0.00086    6.44502    6.45057      7.974    -0.0353   11.61137   3.735583 4.8758e-14    27.2839    27.2777 1.0000e-12    356.994          1      22926    1491.80 2.0509e+03  55139.993    955.218 1564322123       0.10     -0.934   38.78740  -72.81524    35.3512  1028.9037    27.2931     8.8269 0.0000e+00
