CalculateIndicators/WaterTemperature/Data/CTD_NYOS/NYOS1910_C01.cnv
* Sea-Bird SBE 9 Data File:
* FileName = C:\Seabird 9 CTD\Data\2019\201910_offhore\NYOS1910_C01.hex
* Software Version Seasave V 7.23.2
* Temperature SN = 4590
* Conductivity SN = 3228
* Number of Bytes Per Scan = 44
* Number of Voltage Words = 5
* Number of Scans Averaged by the Deck Unit = 1
* NMEA Latitude = 40 57.65 N
* NMEA Longitude = 071 53.92 W
* NMEA UTC (Time) = Oct 05 2019  23:33:10
* NMEA baud rate = 4800
** Ship: sw
** Station: 1.15
** Operator: Sarah
# nquan = 35
# nvalues = 48                          
# units = specified
# name 0 = depSM: Depth [salt water, m]
# name 1 = t090C: Temperature [ITS-90, deg C]
# name 2 = sal00: Salinity, Practical [PSU]
# name 3 = density00: Density [density, kg/m^3]
# name 4 = sbeox0V: Oxygen raw, SBE 43 [V]
# name 5 = sbeox0ML/L: Oxygen, SBE 43 [ml/l]
# name 6 = sbeox0PS: Oxygen, SBE 43 [% saturation]
# name 7 = sbox0dV/dT: Oxygen, SBE 43 [dov/dt]
# name 8 = oxsolML/L: Oxygen Saturation, Garcia & Gordon [ml/l]
# name 9 = oxsatML/L: Oxygen Saturation, Weiss [ml/l]
# name 10 = ph: pH
# name 11 = flECO-AFL: Fluorescence, WET Labs ECO-AFL/FL [mg/m^3]
# name 12 = n2satML/L: Nitrogen Saturation [ml/l]
# name 13 = c0S/m: Conductivity [S/m]
# name 14 = cpar: CPAR/Corrected Irradiance [%]
# name 15 = sigma-é00: Density [sigma-theta, kg/m^3]
# name 16 = sigma-t00: Density [sigma-t, kg/m^3 ]
# name 17 = par: PAR/Irradiance, Biospherical/Licor
# name 18 = prDM: Pressure, Digiquartz [db]
# name 19 = pumps: Pump Status
# name 20 = scan: Scan Count
# name 21 = svCM: Sound Velocity [Chen-Millero, m/s]
# name 22 = spar: SPAR, Biospherical/Licor
# name 23 = specc: Specific Conductance [uS/cm]
# name 24 = timeS: Time, Elapsed [seconds]
# name 25 = timeY: Time, System [seconds]
# name 26 = accM: Acceleration [m/s^2]
# name 27 = dz/dtM: Descent Rate [m/s]
# name 28 = latitude: Latitude [deg]
# name 29 = longitude: Longitude [deg]
# name 30 = gsw_saA0: Absolute Salinity [g/kg]
# name 31 = gsw_densityA0: density, TEOS-10 [density, kg/m^3]
# name 32 = gsw_sigma0A0: density, TEOS-10 [sigma-0, kg/m^3 ]
# name 33 = gsw_ptA0: potential temperature [ITS-90, deg C]
# name 34 = flag: flag
# span 0 =      1.000,     25.000       
# span 1 =    17.5410,    17.9596       
# span 2 =    31.6557,    31.9528       
# span 3 =  1022.8156,  1023.0802       
# span 4 =     2.3841,     2.4714       
# span 5 =     5.0626,     5.7981       
# span 6 =     92.042,     97.731       
# span 7 =   -0.01612,    0.01673       
# span 8 =    5.47471,    6.12485       
# span 9 =    5.46626,    6.11606       
# span 10 =      8.091,      8.155      
# span 11 =     0.5282,     1.5470      
# span 12 =   10.03950,   11.28796      
# span 13 =   4.158540,   4.228209      
# span 14 = -6.888e+03, 9.9999e+04      
# span 15 =    22.8085,    22.9699      
# span 16 =    22.8084,    22.9689      
# span 17 = -1.770e-03, 3.1874e-01      
# span 18 =      1.006,     25.192      
# span 19 =          1,          1      
# span 20 =        436,       9496      
# span 21 =    1510.81,    1512.49      
# span 22 = -9.194e-03, 4.5749e+00      
# span 23 =  48809.511,  49202.493      
# span 24 =     18.139,    395.629      
# span 25 = 1570318408, 1570318785      
# span 26 =      -0.23,       0.24      
# span 27 =     -0.782,      0.766      
# span 28 =   40.96046,   40.96081      
# span 29 =  -71.90021,  -71.89878      
# span 30 =    31.8057,    32.1073      
# span 31 =  1022.8214,  1023.0884      
# span 32 =    22.8144,    22.9782      
# span 33 =    17.5395,    17.9567      
# span 34 = 0.0000e+00, 0.0000e+00      
# interval = meters: 1                  
# start_time = Oct 05 2019 23:33:10 [System UTC, first data scan.]
# bad_flag = -9.990e-29
*END*
      2.000    17.5994    31.6557  1022.8173     2.4323     5.2434     94.952    0.00008    5.52219    5.51404      8.099     0.7221   10.12160   4.158929 6.9632e+04    22.8085    22.8084 7.9521e-02      2.018          1        436    1510.84 1.1994e+00  48809.511     18.139 1570318408       0.24      0.104   40.96081  -71.89878    31.8057  1022.8232    22.8144    17.5991 0.0000e+00
      3.000    17.5998    31.6560  1022.8219     2.4326     5.2442     94.966   -0.00022    5.52218    5.51403      8.102     0.8098   10.12158   4.159056 -1.550e+03    22.8087    22.8086 -1.770e-03      3.024          1        749    1510.86 4.0107e+00  48810.374     31.158 1570318421       0.23      0.528   40.96080  -71.89883    31.8061  1022.8279    22.8147    17.5993 0.0000e+00
      4.000    17.5990    31.6564  1022.8269     2.4311     5.2361     94.850   -0.00073    5.52039    5.51223      8.100     0.7030   10.11853   4.159046 8.8204e+04    22.8092    22.8091 1.0000e-12      4.028          1        784    1510.87 4.2944e-01  48811.515     32.612 1570318422      -0.08      0.600   40.96080  -71.89884    31.8064  1022.8327    22.8151    17.5983 0.0000e+00
      5.000    17.6083    31.6615  1022.8330     2.4247     5.2082     94.346   -0.00305    5.52030    5.51214      8.098     0.7474   10.11832   4.160680 5.1787e+04    22.8109    22.8108 1.0000e-12      5.041          1        842    1510.92 1.8690e+00  48818.379     35.057 1570318425       0.01      0.387   40.96078  -71.89884    31.8126  1022.8398    22.8177    17.6075 0.0000e+00
      6.000    17.6141    31.6671  1022.8404     2.4206     5.2082     94.318   -0.00134    5.52191    5.51377      8.100     0.7530   10.12082   4.161823 7.8131e+03    22.8139    22.8137 1.0000e-12      6.047          1        897    1510.96 3.7088e+00  48826.260     37.352 1570318427      -0.02      0.437   40.96078  -71.89885    31.8175  1022.8466    22.8201    17.6131 0.0000e+00
      7.000    17.6130    31.6719  1022.8488     2.4177     5.2046     94.183   -0.00142    5.52604    5.51796      8.100     0.7756   10.12721   4.162289 -9.990e-29    22.8180    22.8177 1.0000e-12      7.059          1        945    1510.98 3.9568e+00  48833.562     39.323 1570318429       0.15      0.506   40.96078  -71.89886    31.8220  1022.8547    22.8238    17.6118 0.0000e+00
      8.000    17.5772    31.6980  1022.8817     2.4044     5.1378     92.976   -0.00776    5.52596    5.51788 -9.990e-29     0.8415   10.12709   4.162062 9.9999e+04    22.8464    22.8461 1.0000e-12      8.058          1        980    1510.92 3.5547e+00  48872.485     40.787 1570318430      -0.00      0.676   40.96078  -71.89887    31.8477  1022.8872    22.8519    17.5759 0.0000e+00
      9.000    17.5410    31.7293  1022.9188     2.3960     5.1350     92.954   -0.00353    5.52424    5.51614 -9.990e-29     0.7063   10.12417   4.162379 5.0341e+04    22.8790    22.8787 1.0000e-12      9.070          1       1035    1510.86 2.0087e+00  48918.818     43.076 1570318433      -0.10      0.431   40.96078  -71.89888    31.8785  1022.9237    22.8840    17.5395 0.0000e+00
     10.000    17.5445    31.7321  1022.9245     2.3970     5.1565     93.417    0.00103    5.51984    5.51171 -9.990e-29     0.6666   10.11672   4.163246 -2.406e+03    22.8804    22.8800 1.0000e-12     10.081          1       1093    1510.89 4.0460e+00  48922.871     45.507 1570318435       0.12      0.413   40.96078  -71.89888    31.8828  1022.9307    22.8865    17.5428 0.0000e+00
     11.000    17.5744    31.7439  1022.9309     2.4040     5.1801     94.012    0.00385    5.51009    5.50189      8.101     0.7087   10.10004   4.167525 1.8615e+04    22.8823    22.8819 1.0000e-12     11.085          1       1133    1511.01 3.2143e+00  48937.525     47.147 1570318437       0.04      0.601   40.96078  -71.89889    31.8955  1022.9377    22.8891    17.5726 0.0000e+00
     12.000    17.5934    31.7507  1022.9360     2.4223     5.2280     95.351    0.00912    5.48292    5.47452      8.115     0.5810   10.05368   4.170474 8.0671e+04    22.8830    22.8825 1.0000e-12     12.096          1       1180    1511.10 7.2119e-01  48945.572     49.109 1570318439      -0.06      0.510   40.96078  -71.89890    31.9054  1022.9452    22.8922    17.5914 0.0000e+00
     13.000    17.7481    31.8321  1022.9658     2.4488     5.3317     97.318    0.01673    5.47861    5.47019      8.129     0.5586   10.04629   4.195853 -9.990e-29    22.9085    22.9080 1.0000e-12     13.103          1       1218    1511.66 3.9389e+00  49048.816     50.703 1570318440       0.19      0.601   40.96076  -71.89890    31.9999  1022.9846    22.9273    17.7460 0.0000e+00
     14.000    17.8971    31.9050  1022.9903     2.4661     5.3528     97.731    0.01170    5.47710    5.46867      8.140     0.6029   10.04365   4.217542 -9.990e-29    22.9286    22.9280 1.0000e-12     14.107          1       1258    1512.21 3.9495e+00  49139.350     52.357 1570318442      -0.12      0.625   40.96076  -71.89892    32.0669  1023.0043    22.9426    17.8948 0.0000e+00
     15.000    17.9326    31.9330  1023.0076     2.4714     5.3135     97.056    0.00078    5.47471    5.46626      8.153     0.5858   10.03950   4.223680 9.9999e+04    22.9415    22.9409 1.0000e-12     15.121          1       1315    1512.36 -9.194e-03  49175.943     54.743 1570318444       0.05      0.388   40.96076  -71.89892    32.0907  1023.0184    22.9522    17.9301 0.0000e+00
     16.000    17.9529    31.9447  1023.0161     2.4703     5.3074     96.893   -0.00060    5.47760    5.46918 -9.990e-29     0.5637   10.04435   4.226918 5.5980e+04    22.9456    22.9450 1.0000e-12     16.128          1       1353    1512.45 1.6131e+00  49191.301     56.323 1570318446       0.19      0.604   40.96076  -71.89892    32.1019  1023.0264    22.9559    17.9502 0.0000e+00
     17.000    17.9596    31.9528  1023.0252     2.4667     5.2913     96.594   -0.00205    5.47789    5.46947 -9.990e-29     0.5806   10.04483   4.228209 6.2390e+04    22.9503    22.9496 1.0000e-12     17.132          1       1384    1512.49 1.4832e+00  49202.493     57.622 1570318447       0.04      0.766   40.96076  -71.89894    32.1073  1023.0333    22.9584    17.9567 0.0000e+00
     18.000    17.9343    31.9502  1023.0337     2.4622     5.2771     96.325   -0.00272    5.47847    5.47005      8.155     0.5913   10.04581   4.225511 4.6940e+04    22.9544    22.9537 1.0000e-12     18.137          1       1423    1512.43 2.0283e+00  49201.083     59.246 1570318449      -0.14      0.655   40.96076  -71.89894    32.1039  1023.0413    22.9620    17.9312 0.0000e+00
     19.000    17.9225    31.9481  1023.0393     2.4583     5.2829     96.298   -0.00115    5.48600    5.47764      8.155     0.5566   10.05852   4.224050 -6.888e+03    22.9556    22.9549 1.0000e-12     19.154          1       1499    1512.41 4.2329e+00  49199.371     62.417 1570318452       0.01      0.224   40.96076  -71.89895    32.1004  1023.0459    22.9622    17.9193 0.0000e+00
     20.000    17.8824    31.9353  1023.0437     2.4483     5.2384     95.462   -0.00521    5.48742    5.47908      8.151     0.5819   10.06092   4.218420 7.2452e+04    22.9555    22.9547 1.0000e-12     20.157          1       1544    1512.30 1.0330e+00  49184.950     64.278 1570318454       0.17      0.557   40.96076  -71.89896    32.0838  1023.0474    22.9592    17.8791 0.0000e+00
     21.000    17.8482    31.9288  1023.0514     2.4426     5.2289     95.286   -0.00410    5.48755    5.47921      8.149     0.6616   10.06113   4.214766 6.8333e+04    22.9588    22.9580 1.0000e-12     21.163          1       1582    1512.21 1.1547e+00  49178.690     65.858 1570318455      -0.03      0.644   40.96076  -71.89897    32.0793  1023.0566    22.9641    17.8447 0.0000e+00
     22.000    17.8432    31.9279  1023.0563     2.4388     5.2362     95.366   -0.00130    5.49063    5.48232      8.146     0.5977   10.06634   4.214267 7.6045e+04    22.9594    22.9585 1.0000e-12     22.173          1       1648    1512.21 9.0287e-01  49178.363     68.631 1570318458      -0.09      0.326   40.96076  -71.89898    32.0786  1023.0618    22.9648    17.8396 0.0000e+00
     23.000    17.8426    31.9281  1023.0611     2.4244     5.1861     94.238   -0.00638    5.50322    5.49500      8.142     0.5905   10.08748   4.214346 7.1336e+04    22.9598    22.9588 1.0000e-12     23.183          1       1716    1512.22 1.1329e+00  49179.238     71.471 1570318461       0.20      0.436   40.96076  -71.89899    32.0795  1023.0670    22.9656    17.8387 0.0000e+00
     24.000    17.7485    31.9034  1023.0692     2.3973     5.0626     92.042   -0.01612    5.50028    5.49204      8.134     0.6073   10.08252   4.201865 9.8576e+04    22.9634    22.9624 1.0000e-12     24.186          1       1755    1511.93 5.6213e-02  49151.969     73.099 1570318463       0.01      0.606   40.96076  -71.89900    32.0470  1023.0693    22.9635    17.7445 0.0000e+00
     25.000    17.7176    31.9022  1023.0802     2.3841     5.1222     93.137    0.00356    5.49965    5.49141      8.126     0.5943   10.08153   4.200174 -6.670e+03    22.9699    22.9689 1.0000e-12     25.192          1       3219    1511.85 4.2129e+00  49153.009    134.066 1570318524      -0.21     -0.013   40.96069  -71.89924    32.0565  1023.0884    22.9782    17.7135 0.0000e+00
     24.000    17.7504    31.9058  1023.0707     2.3963     5.1376     93.535    0.00163    5.49264    5.48434      8.128     0.5901   10.06973   4.203242 -4.435e+03    22.9648    22.9639 1.0000e-12     24.190          1       4036    1511.94 4.1247e+00  49155.261    168.139 1570318558      -0.23     -0.395   40.96065  -71.89939    32.0572  1023.0767    22.9708    17.7464 0.0000e+00
     23.000    17.7647    31.9090  1023.0652     2.4083     5.1787     94.392    0.00503    5.48636    5.47802      8.133     0.5893   10.05912   4.205169 2.5320e-11    22.9638    22.9629 1.0000e-12     23.179          1       4124    1511.97 3.9495e+00  49158.140    171.803 1570318561      -0.09     -0.607   40.96064  -71.89940    32.0627  1023.0729    22.9715    17.7609 0.0000e+00
     22.000    17.8184    31.9193  1023.0558     2.4211     5.2318     95.381    0.00922    5.48512    5.47676      8.134     0.6073   10.05706   4.211427 2.5320e-11    22.9588    22.9579 1.0000e-12     22.172          1       4155    1512.12 3.9495e+00  49168.208    173.102 1570318563      -0.08     -0.715   40.96064  -71.89940    32.0740  1023.0643    22.9673    17.8147 0.0000e+00
     21.000    17.8424    31.9284  1023.0525     2.4321     5.2607     95.911    0.00918    5.48504    5.47668      8.138     0.6139   10.05691   4.214787 4.0022e+02    22.9599    22.9591 1.0000e-12     21.168          1       4187    1512.19 3.9337e+00  49178.718    174.398 1570318564       0.00     -0.782   40.96064  -71.89940    32.0840  1023.0617    22.9691    17.8389 0.0000e+00
     20.000    17.8626    31.9312  1023.0453     2.4381     5.2513     95.754    0.00415    5.48414    5.47578      8.142     0.6265   10.05540   4.216682 6.4077e+04    22.9572    22.9564 1.0000e-12     20.160          1       4231    1512.23 1.3655e+00  49180.680    176.242 1570318566       0.16     -0.583   40.96064  -71.89941    32.0846  1023.0528    22.9646    17.8593 0.0000e+00
     19.000    17.8738    31.9345  1023.0407     2.4439     5.2496     95.781    0.00146    5.48087    5.47248      8.143     0.6147   10.04987   4.217994 -2.478e+03    22.9570    22.9562 1.0000e-12     19.148          1       4307    1512.25 4.0494e+00  49183.985    179.408 1570318569      -0.04     -0.276   40.96064  -71.89942    32.0873  1023.0477    22.9639    17.8706 0.0000e+00
     18.000    17.8932    31.9395  1023.0354     2.4513     5.2737     96.284    0.00329    5.47722    5.46879      8.146     0.6212   10.04372   4.220527 2.5320e-11    22.9560    22.9553 1.0000e-12     18.139          1       4369    1512.30 3.9495e+00  49188.965    182.017 1570318572      -0.04     -0.393   40.96064  -71.89943    32.0939  1023.0436    22.9642    17.8902 0.0000e+00
     17.000    17.9263    31.9472  1023.0289     2.4576     5.2885     96.579    0.00320    5.47577    5.46734      8.150     0.6578   10.04133   4.224397 2.5320e-11    22.9540    22.9533 1.0000e-12     17.137          1       4415    1512.39 3.9495e+00  49196.991    183.931 1570318574      -0.00     -0.523   40.96064  -71.89944    32.1011  1023.0366    22.9617    17.9235 0.0000e+00
     16.000    17.9491    31.9474  1023.0191     2.4683     5.3179     97.063    0.00295    5.47880    5.47038      8.155     0.5282   10.04654   4.226354 3.7061e+04    22.9486    22.9479 1.0000e-12     16.121          1       4501    1512.44 2.4248e+00  49195.189    187.506 1570318577       0.01     -0.174   40.96064  -71.89946    32.1001  1023.0259    22.9554    17.9464 0.0000e+00
     15.000    17.9312    31.9375  1023.0114     2.4690     5.3117     96.881    0.00055    5.48271    5.47431      8.155     0.5814   10.05334   4.223354 7.7487e+04    22.9453    22.9447 1.0000e-12     15.122          1       4543    1512.36 8.8711e-01  49182.238    189.233 1570318579      -0.14     -0.597   40.96064  -71.89946    32.0891  1023.0175    22.9513    17.9287 0.0000e+00
     14.000    17.9091    31.9146  1022.9948     2.4703     5.3253     96.939    0.00043    5.49347    5.48515      8.155     0.6262   10.07172   4.218272 2.4588e+04    22.9331    22.9325 1.0000e-12     14.111          1       4600    1512.25 2.8975e+00  49151.708    191.605 1570318581       0.10     -0.426   40.96064  -71.89946    32.0636  1022.9989    22.9372    17.9068 0.0000e+00
     13.000    17.8200    31.8630  1022.9723     2.4547     5.2577     95.488   -0.00737    5.50610    5.49787      8.150     0.6881   10.09327   4.203305 -1.556e+03    22.9150    22.9145 1.0000e-12     13.100          1       4670    1511.91 4.0164e+00  49086.245    194.533 1570318584      -0.07     -0.335   40.96062  -71.89948    32.0068  1022.9726    22.9153    17.8178 0.0000e+00
     12.000    17.7207    31.8118  1022.9524     2.4346     5.2109     94.413   -0.00831    5.51926    5.51113      8.140     0.7190   10.11569   4.187996 2.5320e-11    22.8994    22.8989 1.0000e-12     12.094          1       4729    1511.54 3.9495e+00  49021.543    196.990 1570318587       0.05     -0.394   40.96062  -71.89949    31.9549  1022.9525    22.8995    17.7187 0.0000e+00
     11.000    17.5985    31.7567  1022.9349     2.4175     5.1769     93.736   -0.00648    5.52289    5.51478      8.129     0.6431   10.12185   4.170464 8.2690e+04    22.8864    22.8859 1.0000e-12     11.087          1       4786    1511.10 6.4064e-01  48953.482    199.357 1570318589      -0.12     -0.452   40.96062  -71.89950    31.9017  1022.9367    22.8881    17.5966 0.0000e+00
     10.000    17.5664    31.7423  1022.9271     2.4011     5.1514     93.250   -0.00287    5.52422    5.51612      8.114     0.7408   10.12412   4.166049 3.2265e+04    22.8830    22.8826 1.0000e-12     10.081          1       5183    1510.97 2.6233e+00  48935.445    215.936 1570318606      -0.02     -0.271   40.96061  -71.89956    31.8896  1022.9306    22.8864    17.5647 0.0000e+00
      9.000    17.5469    31.7339  1022.9208     2.3930     5.1488     93.189    0.00112    5.52517    5.51708      8.091     0.7332   10.12573   4.163635 -2.568e+03    22.8811    22.8807 1.0000e-12      9.068          1       6743    1510.89 4.0560e+00  48924.676    280.901 1570318671      -0.08     -0.274   40.96056  -71.89980    31.8846  1022.9270    22.8873    17.5454 0.0000e+00
      8.000    17.5475    31.7348  1022.9169     2.3936     5.1412     93.067   -0.00038    5.52419    5.51608      8.093     0.7709   10.12432   4.163705 2.5320e-11    22.8816    22.8813 1.0000e-12      8.062          1       6671    1510.87 3.9495e+00  48925.369    277.937 1570318668      -0.01     -0.450   40.96056  -71.89979    31.8851  1022.9227    22.8874    17.5462 0.0000e+00
