CalculateIndicators/WaterTemperature/Data/CTD_NYOS/NYOS2006_C05.cnv
* Sea-Bird SBE19plus Data File:
* FileName = C:\Users\radar\Desktop\NYOS2006.ctd\NYOS2006_C05.hex
* Software Version 1.59
* Temperature SN =  4675
* Conductivity SN =  4675
* System UpLoad Time = Sep 21 2009 07:12:30
* NMEA Latitude = 40 25.842 N
* NMEA Longitude = 72 23.133 W
# nquan = 15
# nvalues = 99                          
# units = specified
# name 0 = depSM: Depth [salt water, m]
# name 1 = tv290C: Temperature [ITS-90, deg C]
# name 2 = sal00: Salinity, Practical [PSU]
# name 3 = density00: Density [density, kg/m^3]
# name 4 = c0S/m: Conductivity [S/m]
# name 5 = sigma-�00: Density [sigma-theta, kg/m^3]
# name 6 = sigma-t00: Density [sigma-t, kg/m^3 ]
# name 7 = prdM: Pressure, Strain Gauge [db]
# name 8 = scan: Scan Count
# name 9 = svCM: Sound Velocity [Chen-Millero, m/s]
# name 10 = specc: Specific Conductance [uS/cm]
# name 11 = timeS: Time, Elapsed [seconds]
# name 12 = accM: Acceleration [m/s^2]
# name 13 = dz/dtM: Descent Rate [m/s]
# name 14 = flag: flag
# span 0 =      1.000,     50.000       
# span 1 =     7.2406,    13.9311       
# span 2 =    31.1095,    32.7011       
# span 3 =  1023.2403,  1025.7484       
# span 4 =   3.334198,   3.773294       
# span 5 =    23.2292,    25.5193       
# span 6 =    23.2291,    25.5188       
# span 7 =      0.929,     50.303       
# span 8 =        455,       1378       
# span 9 =    1477.29,    1498.77       
# span 10 =  48395.212,  51723.722      
# span 11 =    113.412,    344.257      
# span 12 =      -1.11,       1.79      
# span 13 =     -0.970,      1.057      
# span 14 = 0.0000e+00, 0.0000e+00      
# interval = meters: 1                  
# start_time = Jun 02 2020 18:21:25 [Instrument's time stamp, header]
# bad_flag = -9.990e-29
*END*
      1.000    13.9311    31.1651  1023.2440   3.773294    23.2398    23.2397      0.929        455    1498.77  48456.920    113.412       0.57     -0.632 0.0000e+00
      2.000    13.9263    31.1579  1023.2440   3.771914    23.2348    23.2347      2.038        578    1498.75  48447.104    144.265       0.75      0.325 0.0000e+00
      3.000    13.8978    31.1537  1023.2508   3.769076    23.2376    23.2376      3.005        661    1498.68  48445.669    165.051      -0.11      0.463 0.0000e+00
      4.000    13.8733    31.1483  1023.2562   3.766280    23.2385    23.2384      4.023        664    1498.61  48441.937    165.714       0.00      0.591 0.0000e+00
      5.000    13.8435    31.1313  1023.2540   3.761137    23.2327    23.2326      5.015        671    1498.49  48424.174    167.378       0.06      0.583 0.0000e+00
      6.000    13.7547    31.1095  1023.2594   3.750879    23.2292    23.2291      6.048        676    1498.20  48395.212    168.645       0.14      0.767 0.0000e+00
      7.000    13.6162    31.1454  1023.3188   3.743145    23.2882    23.2880      7.023        684    1497.81  48468.991    170.841      -0.31      0.417 0.0000e+00
      8.000    13.5774    31.1853  1023.3624   3.743737    23.3269    23.3267      8.061        690    1497.73  48530.151    172.297       0.47      0.632 0.0000e+00
      9.000    13.4655    31.2199  1023.4167   3.736532    23.3741    23.3738      9.034        696    1497.40  48588.738    173.706      -0.16      0.761 0.0000e+00
     10.000    13.2322    31.2976  1023.5254   3.725161    23.4806    23.4804     10.075        702    1496.76  48727.413    175.241       0.15      0.637 0.0000e+00
     11.000    13.0883    31.3939  1023.6346   3.722296    23.5773    23.5770     11.023        711    1496.38  48869.355    177.517       0.78      0.252 0.0000e+00
     12.000    12.9954    31.4809  1023.7238   3.723537    23.6689    23.6686     12.115        713    1496.20  49015.110    178.120       0.96      1.057 0.0000e+00
     13.000    12.8250    31.6024  1023.8559   3.720460    23.7951    23.7948     13.065        722    1495.78  49207.163    180.300       0.21      0.423 0.0000e+00
     14.000    12.6586    31.6321  1023.9146   3.709012    23.8502    23.8499     14.103        728    1495.28  49271.488    181.809       0.44      0.679 0.0000e+00
     15.000    12.4461    31.6848  1024.0006   3.695989    23.9277    23.9274     15.054        737    1494.63  49367.064    183.950       0.20      0.286 0.0000e+00
     16.000    12.3406    31.7730  1024.0926   3.696468    24.0219    24.0215     16.101        742    1494.41  49516.179    185.309      -0.04      0.677 0.0000e+00
     17.000    12.2200    31.7555  1024.1082   3.681651    24.0316    24.0312     17.060        751    1493.95  49509.987    187.575       0.17      0.241 0.0000e+00
     18.000    11.7636    31.6930  1024.1465   3.633845    24.0732    24.0728     18.112        756    1492.35  49502.834    188.784       0.03      0.719 0.0000e+00
     19.000    10.9593    31.7911  1024.3721   3.572229    24.2694    24.2691     19.106        764    1489.65  49720.803    190.745       0.04      0.474 0.0000e+00
     20.000    10.2713    32.0346  1024.6833   3.537205    24.5909    24.5905     20.089        773    1487.54  50209.118    192.888      -0.14      0.455 0.0000e+00
     21.000    10.0267    32.2432  1024.8880   3.540352    24.8095    24.8091     21.146        777    1486.99  50575.502    194.035       0.53      0.710 0.0000e+00
     22.000     9.9994    32.4211  1025.0402   3.552728    24.9381    24.9377     22.105        786    1487.03  50805.671    196.322      -0.04      0.335 0.0000e+00
     23.000     9.8365    32.4067  1025.0602   3.536404    24.9581    24.9577     23.123        793    1486.45  50824.409    197.996       0.04      0.650 0.0000e+00
     24.000     9.5838    32.4242  1025.1177   3.518676    24.9795    24.9791     24.101        798    1485.62  50837.996    199.293       0.29      0.521 0.0000e+00
     25.000     9.5453    32.5720  1025.2442   3.529960    25.1430    25.1425     25.198        803    1485.66  51130.764    200.625       0.93      0.806 0.0000e+00
     26.000     9.5917    32.6166  1025.2761   3.539688    25.1663    25.1658     26.200        813    1485.90  51179.341    203.098       1.79      0.665 0.0000e+00
     27.000     9.6489    32.6337  1025.2861   3.545238    25.1677    25.1672     27.161        820    1486.12  51186.922    204.664       0.49      0.721 0.0000e+00
     28.000     9.6412    32.6079  1025.2719   3.542040    25.1419    25.1414     28.215        826    1486.07  51140.304    206.154       0.87      0.666 0.0000e+00
     29.000     9.5979    32.5384  1025.2316   3.528335    25.1133    25.1128     29.158        836    1485.79  51087.362    208.734       1.29      0.253 0.0000e+00
     30.000     9.4454    32.4622  1025.1997   3.508617    25.0405    25.0400     30.259        840    1485.19  50936.921    209.655       1.47      1.046 0.0000e+00
     31.000     9.1206    32.5757  1025.3434   3.492830    25.2011    25.2007     31.172        854    1484.18  51202.906    213.182       0.22      0.347 0.0000e+00
     32.000     9.0427    32.5277  1025.3238   3.479753    25.1805    25.1800     32.138        860    1483.82  51165.201    214.864       0.50      0.466 0.0000e+00
     33.000     8.9278    32.4885  1025.3149   3.466328    25.1527    25.1521     33.227        863    1483.38  51102.147    215.602       0.93      0.996 0.0000e+00
     34.000     8.7185    32.4682  1025.3371   3.444849    25.1676    25.1671     34.252        872    1482.56  51117.223    217.868       0.93      0.659 0.0000e+00
     35.000     8.3520    32.5248  1025.4393   3.420222    25.2731    25.2726     35.195        883    1481.33  51289.604    220.476      -0.04      0.496 0.0000e+00
     36.000     8.2233    32.5635  1025.4944   3.411749    25.3284    25.3279     36.207        890    1480.88  51384.821    222.348       0.30      0.501 0.0000e+00
     37.000     8.0628    32.4919  1025.4685   3.387975    25.3025    25.3020     37.172        899    1480.15  51332.140    224.606       0.37      0.244 0.0000e+00
     38.000     7.7655    32.4582  1025.4859   3.362096    25.3034    25.3029     38.258        903    1479.08  51329.510    225.454       0.56      0.940 0.0000e+00
     39.000     7.4615    32.5424  1025.6011   3.342957    25.4130    25.4125     39.214        914    1478.00  51523.800    228.137       0.46      0.309 0.0000e+00
     40.000     7.2937    32.6085  1025.6799   3.336027    25.4981    25.4976     40.229        921    1477.48  51680.625    229.941      -0.10      0.573 0.0000e+00
     41.000     7.2738    32.6143  1025.6925   3.335047    25.5026    25.5020     41.204        930    1477.41  51689.669    232.368       0.02      0.349 0.0000e+00
     42.000     7.2522    32.6208  1025.7049   3.334198    25.5116    25.5110     42.262        935    1477.36  51706.263    233.433       0.69      0.682 0.0000e+00
     43.000     7.2449    32.6273  1025.7157   3.334522    25.5177    25.5172     43.267        944    1477.35  51718.701    235.730       0.64      0.558 0.0000e+00
     44.000     7.2430    32.6291  1025.7220   3.334778    25.5193    25.5188     44.262        953    1477.36  51722.039    238.028       0.11      0.570 0.0000e+00
     45.000     7.2418    32.6279  1025.7259   3.334880    25.5185    25.5180     45.228        965    1477.37  51721.329    240.885       0.06      0.265 0.0000e+00
     46.000     7.2416    32.6275  1025.7302   3.334917    25.5177    25.5171     46.293        968    1477.39  51720.294    241.845       0.67      0.686 0.0000e+00
     47.000     7.2418    32.6260  1025.7336   3.334995    25.5175    25.5169     47.291        978    1477.40  51720.658    244.331       1.02      0.482 0.0000e+00
     48.000     7.2416    32.6264  1025.7386   3.335094    25.5172    25.5166     48.301        987    1477.42  51720.800    246.421       0.71      0.578 0.0000e+00
     49.000     7.2406    32.6262  1025.7432   3.335119    25.5174    25.5168     49.288        997    1477.43  51721.853    248.982       0.37      0.464 0.0000e+00
     50.000     7.2429    32.6273  1025.7484   3.335589    25.5180    25.5174     50.303       1020    1477.46  51723.722    254.827      -0.33      0.040 0.0000e+00
     49.000     7.2454    32.6276  1025.7436   3.335780    25.5180    25.5174     49.288       1030    1477.45  51722.831    257.220      -0.27     -0.233 0.0000e+00
     48.000     7.2467    32.6250  1025.7368   3.335571    25.5152    25.5146     48.264       1036    1477.43  51717.184    258.679      -0.12     -0.605 0.0000e+00
     47.000     7.2442    32.6262  1025.7335   3.335459    25.5175    25.5169     47.251       1043    1477.41  51720.792    260.450      -0.16     -0.507 0.0000e+00
     46.000     7.2424    32.6281  1025.7306   3.335471    25.5188    25.5182     46.262       1055    1477.39  51722.409    263.517      -0.51     -0.249 0.0000e+00
     45.000     7.2464    32.6246  1025.7227   3.335405    25.5152    25.5147     45.246       1062    1477.38  51715.197    265.205       0.04     -0.573 0.0000e+00
     44.000     7.2416    32.6261  1025.7199   3.335121    25.5171    25.5166     44.257       1072    1477.35  51718.023    267.750      -0.09     -0.342 0.0000e+00
     43.000     7.2436    32.6250  1025.7141   3.335154    25.5161    25.5155     43.229       1079    1477.34  51715.458    269.396      -0.06     -0.601 0.0000e+00
     42.000     7.2430    32.6233  1025.7082   3.334904    25.5146    25.5140     42.262       1088    1477.32  51712.111    271.815      -0.04     -0.305 0.0000e+00
     41.000     7.2417    32.6229  1025.7034   3.334737    25.5154    25.5149     41.243       1098    1477.30  51713.057    274.169      -0.59     -0.210 0.0000e+00
     40.000     7.2466    32.6194  1025.6955   3.334709    25.5112    25.5107     40.164       1102    1477.29  51704.651    275.327      -1.11     -0.831 0.0000e+00
     39.000     7.2586    32.6217  1025.6909   3.336246    25.5110    25.5105     39.210       1111    1477.33  51703.353    277.543      -0.20     -0.431 0.0000e+00
     38.000     7.3209    32.6255  1025.6807   3.342201    25.5051    25.5046     38.228       1120    1477.56  51691.682    279.822      -0.06     -0.387 0.0000e+00
     37.000     7.4246    32.6368  1025.6705   3.352828    25.4991    25.4986     37.189       1127    1477.96  51679.621    281.563      -0.33     -0.539 0.0000e+00
     36.000     7.6581    32.6566  1025.6481   3.376663    25.4815    25.4811     36.239       1136    1478.88  51649.984    283.853      -0.31     -0.241 0.0000e+00
     35.000     7.8183    32.7011  1025.6561   3.394809    25.4954    25.4949     35.143       1140    1479.51  51677.629    284.641      -0.62     -0.970 0.0000e+00
     34.000     8.1636    32.6084  1025.5285   3.415519    25.3714    25.3710     34.173       1151    1480.70  51458.723    287.513      -1.11     -0.352 0.0000e+00
     33.000     8.3245    32.6345  1025.5206   3.432640    25.3685    25.3680     33.171       1157    1481.31  51460.588    289.006       0.06     -0.713 0.0000e+00
     32.000     8.6935    32.6071  1025.4391   3.462066    25.2922    25.2917     32.197       1169    1482.65  51339.515    291.926      -0.05     -0.225 0.0000e+00
     31.000     8.7400    32.6286  1025.4434   3.468885    25.3046    25.3041     31.161       1174    1482.84  51364.729    293.131      -0.53     -0.679 0.0000e+00
     30.000     8.9406    32.6297  1025.4095   3.485926    25.2717    25.2712     30.162       1180    1483.56  51317.619    294.875       0.21     -0.630 0.0000e+00
     29.000     9.0922    32.6155  1025.3698   3.497962    25.2372    25.2368     29.165       1190    1484.09  51265.476    297.149      -0.08     -0.448 0.0000e+00
     28.000     9.2399    32.6619  1025.3779   3.515912    25.2516    25.2511     28.158       1197    1484.68  51302.322    299.002      -0.03     -0.544 0.0000e+00
     27.000     9.4267    32.6596  1025.3421   3.531902    25.2189    25.2184     27.156       1203    1485.34  51258.100    300.588      -0.10     -0.606 0.0000e+00
     26.000     9.5968    32.6474  1025.3006   3.545305    25.1822    25.1817     26.152       1211    1485.93  51207.098    302.617       0.17     -0.483 0.0000e+00
     25.000     9.6587    32.6067  1025.2541   3.546063    25.1412    25.1407     25.134       1218    1486.09  51139.330    304.238      -0.61     -0.520 0.0000e+00
     24.000     9.6039    32.5529  1025.2162   3.535581    25.1079    25.1075     24.135       1225    1485.81  51072.682    305.995       0.20     -0.559 0.0000e+00
     23.000     9.5506    32.5040  1025.1824   3.525240    25.0770    25.0766     23.129       1233    1485.54  51011.364    308.042      -0.05     -0.498 0.0000e+00
     22.000     9.4922    32.5154  1025.1947   3.523086    25.0953    25.0949     22.106       1240    1485.35  51037.439    309.706      -0.24     -0.596 0.0000e+00
     21.000     9.7834    32.5322  1025.1586   3.549041    25.0612    25.0608     21.150       1248    1486.36  51003.851    311.683       0.32     -0.505 0.0000e+00
     20.000     9.8746    32.4327  1025.0598   3.547480    24.9767    24.9763     20.086       1252    1486.59  50862.362    312.720      -0.43     -0.758 0.0000e+00
     19.000     9.9137    32.1703  1024.8444   3.524725    24.7519    24.7516     19.147       1263    1486.38  50454.365    315.444      -0.25     -0.011 0.0000e+00
     18.000    10.1498    32.1526  1024.7865   3.545304    24.7029    24.7025     18.091       1268    1487.20  50397.263    316.725      -0.16     -0.576 0.0000e+00
     17.000    10.5635    32.0406  1024.6224   3.574693    24.5286    24.5282     17.103       1274    1488.58  50130.616    318.283      -0.43     -0.498 0.0000e+00
     16.000    11.1751    32.0946  1024.5534   3.635160    24.4879    24.4876     16.072       1280    1490.77  50154.313    319.666      -0.28     -0.744 0.0000e+00
     15.000    12.1039    31.8519  1024.1953   3.689818    24.1183    24.1179     15.104       1288    1493.65  49641.200    321.866      -0.60     -0.260 0.0000e+00
     14.000    12.2171    31.8106  1024.1362   3.695668    24.0732    24.0728     14.056       1293    1493.99  49583.580    322.905      -0.16     -0.888 0.0000e+00
     13.000    12.4566    31.7166  1024.0139   3.706381    23.9549    23.9546     13.086       1301    1494.68  49417.525    324.963       0.10     -0.429 0.0000e+00
     12.000    12.5437    31.7118  1023.9885   3.713538    23.9341    23.9338     12.059       1306    1494.96  49396.917    326.312      -0.23     -0.677 0.0000e+00
     11.000    12.7637    31.6261  1023.8763   3.722926    23.8265    23.8262     11.063       1314    1495.58  49248.989    328.257       0.21     -0.538 0.0000e+00
     10.000    12.8749    31.5273  1023.7730   3.722087    23.7303    23.7301     10.071       1321    1495.83  49098.619    330.022      -0.39     -0.546 0.0000e+00
      9.000    12.9479    31.4678  1023.7084   3.722238    23.6669    23.6667      9.028       1325    1495.99  48999.386    331.008      -0.24     -0.891 0.0000e+00
      8.000    13.2793    31.3230  1023.5275   3.736087    23.4928    23.4926      8.067       1334    1496.90  48759.760    333.284       0.05     -0.352 0.0000e+00
      7.000    13.4211    31.2514  1023.4396   3.740747    23.4094    23.4092      7.021       1339    1497.28  48641.318    334.510      -0.52     -0.731 0.0000e+00
      6.000    13.6234    31.1624  1023.3260   3.748983    23.2973    23.2972      6.057       1348    1497.83  48486.782    336.713       0.09     -0.421 0.0000e+00
      5.000    13.6963    31.1688  1023.3116   3.756127    23.2905    23.2904      5.004       1353    1498.07  48492.019    338.029      -0.78     -0.664 0.0000e+00
      4.000    13.8542    31.1683  1023.2759   3.768979    23.2551    23.2549      4.063       1361    1498.56  48466.375    340.028       0.37     -0.435 0.0000e+00
