CalculateIndicators/WaterTemperature/Data/CTD_NYOS/NYOS190726_4_5.cnv
* Sea-Bird SBE 9 Data File:
* FileName = C:\Seabird 9 CTD\Data\2019\201907_offshore\NYOS190726_4_5.hex
* Software Version Seasave V 7.23.2
* Temperature SN = 4590
* Conductivity SN = 3228
* Number of Bytes Per Scan = 44
* Number of Voltage Words = 5
* Number of Scans Averaged by the Deck Unit = 1
* NMEA Latitude = 39 31.62 N
* NMEA Longitude = 072 23.81 W
* NMEA UTC (Time) = Jul 26 2019  07:58:18
* NMEA baud rate = 4800
** Ship: seawolf
** Station: 4-5
** Operator: lissssssssssss
# nquan = 35
# nvalues = 973                         
# units = specified
# name 0 = depSM: Depth [salt water, m]
# name 1 = t090C: Temperature [ITS-90, deg C]
# name 2 = sal00: Salinity, Practical [PSU]
# name 3 = density00: Density [density, kg/m^3]
# name 4 = sbeox0V: Oxygen raw, SBE 43 [V]
# name 5 = sbeox0ML/L: Oxygen, SBE 43 [ml/l]
# name 6 = sbeox0PS: Oxygen, SBE 43 [% saturation]
# name 7 = sbox0dV/dT: Oxygen, SBE 43 [dov/dt]
# name 8 = oxsolML/L: Oxygen Saturation, Garcia & Gordon [ml/l]
# name 9 = oxsatML/L: Oxygen Saturation, Weiss [ml/l]
# name 10 = ph: pH
# name 11 = flECO-AFL: Fluorescence, WET Labs ECO-AFL/FL [mg/m^3]
# name 12 = n2satML/L: Nitrogen Saturation [ml/l]
# name 13 = c0S/m: Conductivity [S/m]
# name 14 = cpar: CPAR/Corrected Irradiance [%]
# name 15 = sigma-é00: Density [sigma-theta, kg/m^3]
# name 16 = sigma-t00: Density [sigma-t, kg/m^3 ]
# name 17 = par: PAR/Irradiance, Biospherical/Licor
# name 18 = prDM: Pressure, Digiquartz [db]
# name 19 = pumps: Pump Status
# name 20 = scan: Scan Count
# name 21 = svCM: Sound Velocity [Chen-Millero, m/s]
# name 22 = spar: SPAR, Biospherical/Licor
# name 23 = specc: Specific Conductance [uS/cm]
# name 24 = timeS: Time, Elapsed [seconds]
# name 25 = timeY: Time, System [seconds]
# name 26 = accM: Acceleration [m/s^2]
# name 27 = dz/dtM: Descent Rate [m/s]
# name 28 = latitude: Latitude [deg]
# name 29 = longitude: Longitude [deg]
# name 30 = gsw_saA0: Absolute Salinity [g/kg]
# name 31 = gsw_densityA0: density, TEOS-10 [density, kg/m^3]
# name 32 = gsw_sigma0A0: density, TEOS-10 [sigma-0, kg/m^3 ]
# name 33 = gsw_ptA0: potential temperature [ITS-90, deg C]
# name 34 = flag: flag
# span 0 =      2.000,    488.000       
# span 1 =     7.5183,    24.8949       
# span 2 =    31.5796,    35.7402       
# span 3 =  1020.7994,  1029.7031       
# span 4 =     1.4159,     2.8306       
# span 5 =     2.8264,     6.2599       
# span 6 =     47.184,    116.715       
# span 7 =   -0.04848,    0.24232       
# span 8 =    4.83015,    6.65683       
# span 9 =    4.81791,    6.66568       
# span 10 =      7.939,      8.266      
# span 11 =    -0.0667,     1.3888      
# span 12 =    8.96609,   11.96142      
# span 13 =   3.612307,   4.896596      
# span 14 = -4.030e+04, 1.5456e+05      
# span 15 =    20.7908,    27.4698      
# span 16 =    20.7907,    27.4627      
# span 17 = -3.351e-05, 1.2236e-03      
# span 18 =      2.016,    492.330      
# span 19 =          0,          1      
# span 20 =        327,      32706      
# span 21 =    1489.01,    1530.88      
# span 22 = -3.021e+00, 5.5727e+00      
# span 23 =  48420.848,  55540.768      
# span 24 =     13.579,   1362.716      
# span 25 = 1564127912, 1564129262      
# span 26 =      -0.47,       0.44      
# span 27 =     -1.618,      1.210      
# span 28 =   39.52415,   39.52701      
# span 29 =  -72.40244,  -72.39708      
# span 30 =    31.7323,    35.9145      
# span 31 =  1020.8054,  1029.7060      
# span 32 =    20.7968,    27.4728      
# span 33 =     7.4690,    24.8943      
# span 34 = 0.0000e+00, 0.0000e+00      
# interval = meters: 1                  
# start_time = Jul 26 2019 07:58:19 [System UTC, first data scan.]
# bad_flag = -9.990e-29
*END*
[from data line 415]
    417.000     8.3845    35.1838  1029.2674     1.5183     3.5307     54.001    0.00051    6.53814    6.54513 -9.990e-29    -0.0398   11.76513   3.692899 -9.990e-29    27.3665    27.3596 1.0000e-12    420.630          1      11020    1491.07 3.9495e+00  55311.240    459.141 1564128358      -0.01      1.111   39.52530  -72.39846    35.3485  1029.2682    27.3673     8.3399 0.0000e+00
    418.000     8.3777    35.1834  1029.2728     1.5191     3.5396     54.136    0.00105    6.53845    6.54544 -9.990e-29    -0.0287   11.76565   3.692309 -9.990e-29    27.3672    27.3603 1.0000e-12    421.638          1      11042    1491.06 3.9495e+00  55312.988    460.049 1564128359      -0.00      1.108   39.52528  -72.39846    35.3484  1029.2738    27.3683     8.3331 0.0000e+00
    419.000     8.3717    35.1829  1029.2779     1.5202     3.5429     54.184    0.00096    6.53862    6.54562 -9.990e-29    -0.0184   11.76594   3.691799 -9.990e-29    27.3677    27.3608 1.0000e-12    422.649          1      11064    1491.05 3.9495e+00  55314.499    460.962 1564128360      -0.00      1.109   39.52528  -72.39847    35.3485  1029.2795    27.3693     8.3269 0.0000e+00
    420.000     8.3677    35.1823  1029.2827     1.5206     3.5433     54.189    0.00080    6.53875    6.54574 -9.990e-29    -0.0327   11.76614   3.691397 -9.990e-29    27.3679    27.3610 1.0000e-12    423.658          1      11086    1491.05 3.9495e+00  55315.296    461.869 1564128361       0.00      1.109   39.52528  -72.39848    35.3477  1029.2841    27.3693     8.3228 0.0000e+00
    421.000     8.3636    35.1825  1029.2880     1.5209     3.5423     54.175    0.00055    6.53856    6.54555 -9.990e-29    -0.0331   11.76583   3.691142 2.5320e-11    27.3687    27.3617 1.0000e-12    424.668          1      11108    1491.06 3.9495e+00  55317.292    462.775 1564128362       0.01      1.114   39.52528  -72.39848    35.3487  1029.2900    27.3707     8.3186 0.0000e+00
    422.000     8.3629    35.1821  1029.2924     1.5206     3.5361     54.082    0.00005    6.53842    6.54541      7.944    -0.0277   11.76560   3.691110 4.4811e+04    27.3685    27.3616 1.0000e-12    425.678          1      11129    1491.07 2.1797e+00  55317.670    463.675 1564128362       0.01      1.119   39.52528  -72.39849    35.3486  1029.2946    27.3707     8.3178 0.0000e+00
    423.000     8.3617    35.1820  1029.2971     1.5201     3.5299     53.981   -0.00049    6.53909    6.54609      7.944    -0.0322   11.76672   3.691070 9.9575e+04    27.3687    27.3617 1.0000e-12    426.687          1      11151    1491.08 1.6731e-02  55318.546    464.576 1564128363       0.00      1.121   39.52528  -72.39850    35.3488  1029.2996    27.3711     8.3165 0.0000e+00
    424.000     8.3620    35.1821  1029.3017     1.5202     3.5345     54.036   -0.00024    6.54100    6.54803      7.944    -0.0376   11.76987   3.691200 7.7252e+04    27.3687    27.3617 1.0000e-12    427.698          1      11173    1491.10 8.0855e-01  55319.252    465.480 1564128364      -0.00      1.119   39.52528  -72.39850    35.3495  1029.3046    27.3716     8.3167 0.0000e+00
    425.000     8.3640    35.1824  1029.3061     1.5206     3.5419     54.142    0.00025    6.54181    6.54885      7.944    -0.0282   11.77123   3.691453 -4.140e+02    27.3686    27.3616 1.0000e-12    428.707          1      11194    1491.12 3.9663e+00  55319.715    466.380 1564128365       0.00      1.119   39.52528  -72.39850    35.3496  1029.3090    27.3715     8.3186 0.0000e+00
    426.000     8.3623    35.1820  1029.3107     1.5213     3.5493     54.238    0.00058    6.54398    6.55105      7.944    -0.0406   11.77483   3.691276 2.5320e-11    27.3686    27.3615 1.0000e-12    429.716          1      11216    1491.13 3.9495e+00  55320.275    467.276 1564128366       0.01      1.124   39.52528  -72.39850    35.3490  1029.3133    27.3712     8.3168 0.0000e+00
    427.000     8.3497    35.1807  1029.3163     1.5215     3.5501     54.236    0.00048    6.54567    6.55277      7.944    -0.0516   11.77763   3.689945 2.5320e-11    27.3695    27.3625 1.0000e-12    430.727          1      11237    1491.10 3.9495e+00  55322.333    468.174 1564128367       0.00      1.127   39.52528  -72.39850    35.3469  1029.3183    27.3715     8.3041 0.0000e+00
    428.000     8.3442    35.1804  1029.3215     1.5221     3.5520     54.255    0.00032    6.54687    6.55399 -9.990e-29    -0.0318   11.77963   3.689475 2.5320e-11    27.3701    27.3631 1.0000e-12    431.736          1      11259    1491.10 3.9495e+00  55323.958    469.075 1564128368      -0.01      1.122   39.52528  -72.39852    35.3469  1029.3237    27.3724     8.2985 0.0000e+00
    429.000     8.3323    35.1789  1029.3268     1.5224     3.5577     54.322    0.00059    6.54924    6.55640 -9.990e-29    -0.0277   11.78354   3.688180 2.5320e-11    27.3708    27.3637 1.0000e-12    432.746          1      11280    1491.07 3.9495e+00  55325.546    469.977 1564128369       0.00      1.120   39.52528  -72.39852    35.3445  1029.3284    27.3724     8.2865 0.0000e+00
    430.000     8.3176    35.1777  1029.3328     1.5227     3.5587     54.316    0.00039    6.55182    6.55902 -9.990e-29    -0.0281   11.78782   3.686801 2.5320e-11    27.3721    27.3651 1.0000e-12    433.755          1      11302    1491.03 3.9495e+00  55328.247    470.876 1564128370       0.00      1.122   39.52527  -72.39852    35.3440  1029.3349    27.3742     8.2718 0.0000e+00
    431.000     8.3118    35.1770  1029.3378     1.5229     3.5616     54.328    0.00033    6.55579    6.56305      7.944    -0.0276   11.79436   3.686215 -9.990e-29    27.3725    27.3654 1.0000e-12    434.766          1      11324    1491.02 3.9495e+00  55329.450    471.787 1564128371      -0.01      1.116   39.52526  -72.39852    35.3431  1029.3397    27.3744     8.2659 0.0000e+00
    432.000     8.2956    35.1758  1029.3441     1.5224     3.5569     54.229   -0.00019    6.55909    6.56640      7.944    -0.0279   11.79980   3.684590 -9.990e-29    27.3740    27.3670 1.0000e-12    435.775          1      11345    1490.98 3.9495e+00  55332.538    472.686 1564128371       0.01      1.115   39.52526  -72.39852    35.3414  1029.3456    27.3756     8.2497 0.0000e+00
    433.000     8.2816    35.1748  1029.3501     1.5234     3.5664     54.343    0.00011    6.56285    6.57023      7.944    -0.0307   11.80593   3.683157 -9.990e-29    27.3754    27.3683 1.0000e-12    436.785          1      11367    1490.94 3.9495e+00  55335.432    473.590 1564128372      -0.00      1.120   39.52526  -72.39853    35.3396  1029.3510    27.3763     8.2356 0.0000e+00
    434.000     8.2566    35.1746  1029.3586     1.5252     3.5890     54.656    0.00142    6.56654    6.57397      7.944    -0.0393   11.81203   3.680738 2.5320e-11    27.3790    27.3720 1.0000e-12    437.795          1      11389    1490.86 3.9495e+00  55342.086    474.488 1564128373       0.01      1.120   39.52526  -72.39854    35.3383  1029.3586    27.3792     8.2106 0.0000e+00
    435.000     8.2338    35.1757  1029.3677     1.5299     3.6260     55.202    0.00320    6.56852    6.57599      7.944    -0.0277   11.81532   3.678747 2.5320e-11    27.3834    27.3764 1.0000e-12    438.805          1      11410    1490.80 3.9495e+00  55350.239    475.388 1564128374       0.00      1.124   39.52526  -72.39854    35.3394  1029.3677    27.3835     8.1877 0.0000e+00
    436.000     8.2064    35.1799  1029.3800     1.5367     3.6845     56.075    0.00632    6.57076    6.57826      7.945    -0.0162   11.81903   3.676609 2.5320e-11    27.3909    27.3839 1.0000e-12    439.814          1      11432    1490.71 3.9495e+00  55363.986    476.283 1564128375       0.00      1.124   39.52526  -72.39854    35.3434  1029.3799    27.3908     8.1603 0.0000e+00
    437.000     8.1771    35.1816  1029.3906     1.5430     3.7183     56.584    0.00739    6.57130    6.57881      7.946    -0.0253   11.81993   3.674077 2.5320e-11    27.3967    27.3897 1.0000e-12    440.824          1      11453    1490.62 3.9495e+00  55374.611    477.181 1564128376      -0.00      1.126   39.52526  -72.39856    35.3453  1029.3906    27.3967     8.1310 0.0000e+00
    438.000     8.1620    35.1808  1029.3970     1.5479     3.7261     56.696    0.00641    6.57209    6.57961      7.948    -0.0363   11.82124   3.672689 2.5320e-11    27.3984    27.3914 1.0000e-12    441.835          1      11475    1490.58 3.9495e+00  55378.120    478.080 1564128377      -0.00      1.123   39.52526  -72.39856    35.3451  1029.3975    27.3989     8.1158 0.0000e+00
    439.000     8.1505    35.1788  1029.4019     1.5514     3.7223     56.631    0.00483    6.57292    6.58046      7.948    -0.0403   11.82262   3.671403 2.5320e-11    27.3986    27.3915 1.0000e-12    442.844          1      11496    1490.55 3.9495e+00  55378.846    478.978 1564128378       0.00      1.125   39.52526  -72.39856    35.3423  1029.4017    27.3984     8.1043 0.0000e+00
    440.000     8.1408    35.1789  1029.4081     1.5536     3.7146     56.504    0.00328    6.57414    6.58169      7.949    -0.0398   11.82464   3.670701 2.5320e-11    27.4001    27.3931 1.0000e-12    443.854          1      11518    1490.53 3.9495e+00  55382.168    479.878 1564128379      -0.00      1.124   39.52526  -72.39856    35.3440  1029.4092    27.4013     8.0945 0.0000e+00
    441.000     8.1374    35.1777  1029.4123     1.5554     3.7120     56.449    0.00228    6.57593    6.58351      7.949    -0.0370   11.82759   3.670323 2.2869e+03    27.3998    27.3927 1.0000e-12    444.864          1      11540    1490.53 3.8592e+00  55382.186    480.776 1564128380       0.00      1.122   39.52526  -72.39857    35.3429  1029.4134    27.4009     8.0910 0.0000e+00
    442.000     8.1310    35.1775  1029.4177     1.5570     3.7152     56.490    0.00195    6.57665    6.58424 -9.990e-29    -0.0299   11.82878   3.669784 9.8222e+04    27.4005    27.3935 1.0000e-12    445.873          1      11561    1490.53 7.0183e-02  55384.120    481.672 1564128380       0.01      1.126   39.52525  -72.39858    35.3431  1029.4191    27.4021     8.0845 0.0000e+00
    443.000     8.1261    35.1776  1029.4231     1.5580     3.7143     56.474    0.00150    6.57706    6.58465 -9.990e-29    -0.0409   11.82945   3.669311 1.0001e+05    27.4013    27.3943 1.0000e-12    446.884          1      11583    1490.53 -2.513e-04  55386.087    482.565 1564128381       0.00      1.129   39.52524  -72.39858    35.3424  1029.4240    27.4023     8.0795 0.0000e+00
    444.000     8.1122    35.1767  1029.4292     1.5599     3.7209     56.569    0.00144    6.57771    6.58532 -9.990e-29    -0.0398   11.83053   3.668016 9.9999e+04    27.4028    27.3957 1.0000e-12    447.893          1      11604    1490.49 2.2622e+00  55389.334    483.460 1564128382      -0.00      1.131   39.52524  -72.39858    35.3420  1029.4305    27.4041     8.0655 0.0000e+00
    445.000     8.1066    35.1762  1029.4344     1.5610     3.7286     56.683    0.00173    6.57811    6.58572      7.949    -0.0188   11.83119   3.667532 -9.990e-29    27.4033    27.3962 1.0000e-12    448.903          1      11626    1490.48 3.9595e+00  55390.746    484.359 1564128383      -0.01      1.125   39.52524  -72.39860    35.3420  1029.4359    27.4049     8.0598 0.0000e+00
    446.000     8.1022    35.1764  1029.4398     1.5618     3.7275     56.654    0.00120    6.57945    6.58709      7.949    -0.0262   11.83340   3.667245 -9.990e-29    27.4041    27.3971 1.0000e-12    449.914          1      11647    1490.48 3.9495e+00  55392.870    485.264 1564128384      -0.00      1.121   39.52524  -72.39860    35.3427  1029.4418    27.4062     8.0554 0.0000e+00
    447.000     8.0998    35.1761  1029.4444     1.5621     3.7236     56.587    0.00065    6.58027    6.58792      7.949    -0.0288   11.83475   3.667006 -9.990e-29    27.4042    27.3971 1.0000e-12    450.923          1      11669    1490.49 3.9495e+00  55393.668    486.165 1564128385       0.00      1.118   39.52524  -72.39860    35.3421  1029.4462    27.4061     8.0529 0.0000e+00
    448.000     8.0949    35.1766  1029.4502     1.5634     3.7306     56.684    0.00076    6.58151    6.58918      7.949    -0.0281   11.83681   3.666708 2.5320e-11    27.4054    27.3983 1.0000e-12    451.932          1      11691    1490.49 3.9495e+00  55396.413    487.065 1564128386       0.00      1.121   39.52524  -72.39860    35.3434  1029.4525    27.4078     8.0479 0.0000e+00
    449.000     8.0901    35.1766  1029.4555     1.5651     3.7470     56.914    0.00160    6.58365    6.59135      7.949    -0.0232   11.84032   3.666196 2.5320e-11    27.4061    27.3990 1.0000e-12    452.943          1      11712    1490.49 3.9495e+00  55398.262    487.975 1564128387      -0.01      1.117   39.52524  -72.39860    35.3423  1029.4570    27.4077     8.0430 0.0000e+00
    450.000     8.0806    35.1775  1029.4623     1.5672     3.7605     57.100    0.00199    6.58573    6.59347      7.949    -0.0154   11.84376   3.665530 2.5320e-11    27.4082    27.4011 1.0000e-12    453.953          1      11734    1490.47 3.9495e+00  55402.687    488.881 1564128388       0.00      1.112   39.52524  -72.39861    35.3441  1029.4646    27.4106     8.0334 0.0000e+00
    451.000     8.0757    35.1770  1029.4673     1.5696     3.7769     57.331    0.00256    6.58773    6.59550      7.950    -0.0182   11.84708   3.665015 2.5320e-11    27.4087    27.4016 1.0000e-12    454.962          1      11756    1490.47 3.9495e+00  55404.032    489.788 1564128389      -0.00      1.115   39.52524  -72.39862    35.3430  1029.4690    27.4104     8.0284 0.0000e+00
    452.000     8.0612    35.1773  1029.4744     1.5719     3.7861     57.461    0.00254    6.58891    6.59669      7.950    -0.0271   11.84901   3.663701 2.5320e-11    27.4111    27.4039 1.0000e-12    455.972          1      11778    1490.43 3.9495e+00  55408.849    490.701 1564128390      -0.01      1.110   39.52524  -72.39862    35.3430  1029.4759    27.4127     8.0138 0.0000e+00
    453.000     8.0466    35.1770  1029.4811     1.5749     3.8002     57.681    0.00291    6.58822    6.59599      7.950    -0.0167   11.84788   3.662326 2.5320e-11    27.4131    27.4059 1.0000e-12    456.982          1      11800    1490.39 3.9495e+00  55412.976    491.614 1564128390      -0.00      1.106   39.52524  -72.39862    35.3424  1029.4823    27.4144     7.9992 0.0000e+00
    454.000     8.0352    35.1760  1029.4867     1.5767     3.8063     57.758    0.00271    6.59000    6.59780      7.951    -0.0280   11.85084   3.661157 -9.990e-29    27.4140    27.4069 1.0000e-12    457.992          1      11822    1490.36 3.9495e+00  55415.233    492.527 1564128391      -0.00      1.106   39.52524  -72.39862    35.3408  1029.4876    27.4149     7.9877 0.0000e+00
    455.000     8.0212    35.1764  1029.4939     1.5779     3.8005     57.660    0.00172    6.59121    6.59903 -9.990e-29    -0.0177   11.85283   3.660097 -9.990e-29    27.4165    27.4093 1.0000e-12    459.002          1      11843    1490.33 3.9495e+00  55420.257    493.435 1564128392       0.00      1.108   39.52524  -72.39864    35.3430  1029.4960    27.4187     7.9737 0.0000e+00
    456.000     8.0260    35.1766  1029.4978     1.5784     3.7951     57.560    0.00086    6.59337    6.60122 -9.990e-29    -0.0253   11.85642   3.660648 -9.990e-29    27.4159    27.4087 1.0000e-12    460.012          1      11865    1490.36 3.9495e+00  55419.911    494.343 1564128393       0.00      1.113   39.52524  -72.39864    35.3436  1029.5003    27.4184     7.9784 0.0000e+00
