CalculateIndicators/WaterTemperature/Data/CTD_NYOS/NYOS190728_6_6.cnv
* Sea-Bird SBE 9 Data File:
* FileName = C:\Seabird 9 CTD\Data\2019\201907_offshore\NYOS190728_6_6.hex
* Software Version Seasave V 7.23.2
* Temperature SN = 4590
* Conductivity SN = 3228
* Number of Bytes Per Scan = 44
* Number of Voltage Words = 5
* Number of Scans Averaged by the Deck Unit = 1
* NMEA Latitude = 38 47.26 N
* NMEA Longitude = 072 49.02 W
* NMEA UTC (Time) = Jul 28 2019  13:39:28
* NMEA baud rate = 4800
** Ship: Seawolf
** Station: 6.6
** Operator: ajb
# nquan = 35
# nvalues = 1182                        
# units = specified
# name 0 = depSM: Depth [salt water, m]
# name 1 = t090C: Temperature [ITS-90, deg C]
# name 2 = sal00: Salinity, Practical [PSU]
# name 3 = density00: Density [density, kg/m^3]
# name 4 = sbeox0V: Oxygen raw, SBE 43 [V]
# name 5 = sbeox0ML/L: Oxygen, SBE 43 [ml/l]
# name 6 = sbeox0PS: Oxygen, SBE 43 [% saturation]
# name 7 = sbox0dV/dT: Oxygen, SBE 43 [dov/dt]
# name 8 = oxsolML/L: Oxygen Saturation, Garcia & Gordon [ml/l]
# name 9 = oxsatML/L: Oxygen Saturation, Weiss [ml/l]
# name 10 = ph: pH
# name 11 = flECO-AFL: Fluorescence, WET Labs ECO-AFL/FL [mg/m^3]
# name 12 = n2satML/L: Nitrogen Saturation [ml/l]
# name 13 = c0S/m: Conductivity [S/m]
# name 14 = cpar: CPAR/Corrected Irradiance [%]
# name 15 = sigma-é00: Density [sigma-theta, kg/m^3]
# name 16 = sigma-t00: Density [sigma-t, kg/m^3 ]
# name 17 = par: PAR/Irradiance, Biospherical/Licor
# name 18 = prDM: Pressure, Digiquartz [db]
# name 19 = pumps: Pump Status
# name 20 = scan: Scan Count
# name 21 = svCM: Sound Velocity [Chen-Millero, m/s]
# name 22 = spar: SPAR, Biospherical/Licor
# name 23 = specc: Specific Conductance [uS/cm]
# name 24 = timeS: Time, Elapsed [seconds]
# name 25 = timeY: Time, System [seconds]
# name 26 = accM: Acceleration [m/s^2]
# name 27 = dz/dtM: Descent Rate [m/s]
# name 28 = latitude: Latitude [deg]
# name 29 = longitude: Longitude [deg]
# name 30 = gsw_saA0: Absolute Salinity [g/kg]
# name 31 = gsw_densityA0: density, TEOS-10 [density, kg/m^3]
# name 32 = gsw_sigma0A0: density, TEOS-10 [sigma-0, kg/m^3 ]
# name 33 = gsw_ptA0: potential temperature [ITS-90, deg C]
# name 34 = flag: flag
# span 0 =      1.000,    592.000       
# span 1 =     5.8234,    25.7560       
# span 2 =    35.0516,    35.7672       
# span 3 =  1023.1566,  1030.3537       
# span 4 =     1.4039,     2.8894       
# span 5 =     2.9235,     5.9866       
# span 6 =     46.662,    118.075       
# span 7 =   -0.04152,    0.05480       
# span 8 =    4.67611,    6.93487       
# span 9 =    4.66416,    6.94828       
# span 10 =      7.927,      8.330      
# span 11 =    -0.0741,     0.6441      
# span 12 =    8.68121,   12.42129      
# span 13 =   3.451886,   5.394164      
# span 14 = -2.978e-07, 1.5887e+01      
# span 15 =    23.1515,    27.6230      
# span 16 =    23.1512,    27.6164      
# span 17 = -5.998e-06, 3.2484e+02      
# span 18 =      1.008,    597.361      
# span 19 =          1,          1      
# span 20 =        598,      35816      
# span 21 =    1483.82,    1536.35      
# span 22 = 1.9738e+03, 2.0761e+03      
# span 23 =  53129.146,  55993.062      
# span 24 =     24.895,   1492.304      
# span 25 = 1564321193, 1564322660      
# span 26 =      -0.71,       0.74      
# span 27 =     -1.743,      1.291      
# span 28 =   38.78704,   38.78776      
# span 29 =  -72.81703,  -72.81410      
# span 30 =    35.2188,    35.9415      
# span 31 =  1023.1592,  1030.3569      
# span 32 =    23.1548,    27.6261      
# span 33 =     5.7712,    25.7557      
# span 34 = 0.0000e+00, 0.0000e+00      
# interval = meters: 1                  
# start_time = Jul 28 2019 13:39:28 [System UTC, first data scan.]
# bad_flag = -9.990e-29
*END*
[from data line 705]
    477.000     6.7450    35.0852  1029.7194     1.6778     4.2252     62.356   -0.00370    6.77592    6.78666 -9.990e-29    -0.0331   12.15869   3.535230 4.8845e-14    27.5274    27.5212 1.0000e-12    481.189          1      20274    1485.69 2.0473e+03  55665.952    844.725 1564322012      -0.35     -0.952   38.78748  -72.81546    35.2625  1029.7298    27.5379     6.6997 0.0000e+00
    476.000     6.7719    35.0850  1029.7107     1.6736     4.1958     61.931   -0.00482    6.77501    6.78574 -9.990e-29    -0.0373   12.15718   3.537408 4.8975e-14    27.5236    27.5174 1.0000e-12    480.185          1      20295    1485.77 2.0419e+03  55656.937    845.577 1564322013      -0.11     -1.178   38.78748  -72.81546    35.2596  1029.7190    27.5319     6.7266 0.0000e+00
    475.000     6.7854    35.0862  1029.7051     1.6691     4.1786     61.701   -0.00470    6.77238    6.78306      7.987    -0.0428   12.15281   3.538788 4.9166e-14    27.5227    27.5165 1.0000e-12    479.167          1      20319    1485.81 2.0339e+03  55653.804    846.581 1564322014       0.18     -1.096   38.78748  -72.81546    35.2616  1029.7140    27.5317     6.7402 0.0000e+00
    474.000     6.8122    35.0888  1029.6986     1.6659     4.1741     61.651   -0.00395    6.77049    6.78115      7.987    -0.0355   12.14970   3.541331 4.9166e-14    27.5211    27.5149 1.0000e-12    478.159          1      20342    1485.90 2.0340e+03  55648.877    847.535 1564322015      -0.03     -1.016   38.78748  -72.81546    35.2628  1029.7064    27.5290     6.7670 0.0000e+00
    473.000     6.8185    35.0888  1029.6930     1.6636     4.1761     61.690   -0.00295    6.76951    6.78015      7.987    -0.0444   12.14807   3.541840 4.8973e-14    27.5202    27.5140 1.0000e-12    477.150          1      20364    1485.91 2.0419e+03  55646.187    848.466 1564322016      -0.04     -1.079   38.78748  -72.81546    35.2625  1029.7007    27.5279     6.7734 0.0000e+00
    472.000     6.8340    35.0908  1029.6877     1.6613     4.1711     61.627   -0.00254    6.76818    6.77880      7.987    -0.0320   12.14587   3.543414 4.8782e-14    27.5196    27.5134 1.0000e-12    476.135          1      20387    1485.96 2.0500e+03  55643.673    849.402 1564322017       0.01     -1.075   38.78748  -72.81544    35.2646  1029.6954    27.5274     6.7889 0.0000e+00
    471.000     6.8436    35.0906  1029.6815     1.6594     4.1650     61.541   -0.00244    6.76781    6.77842      7.987    -0.0322   12.14526   3.544179 4.8751e-14    27.5181    27.5120 1.0000e-12    475.125          1      20406    1485.98 2.0513e+03  55639.879    850.208 1564322018      -0.16     -1.130   38.78748  -72.81544    35.2638  1029.6888    27.5254     6.7986 0.0000e+00
    470.000     6.8530    35.0913  1029.6761     1.6580     4.1615     61.492   -0.00225    6.76752    6.77813      7.987    -0.0319   12.14478   3.545044 4.8852e-14    27.5173    27.5112 1.0000e-12    474.126          1      20423    1486.00 2.0470e+03  55637.267    850.925 1564322018      -0.21     -1.281   38.78748  -72.81544    35.2642  1029.6832    27.5245     6.8081 0.0000e+00
    469.000     6.8575    35.0922  1029.6716     1.6566     4.1602     61.484   -0.00180    6.76618    6.77677      7.987    -0.0403   12.14257   3.545456 4.9170e-14    27.5175    27.5113 1.0000e-12    473.120          1      20445    1486.00 2.0338e+03  55636.602    851.831 1564322019       0.19     -1.287   38.78748  -72.81544    35.2647  1029.6783    27.5242     6.8126 0.0000e+00
    468.000     6.8653    35.0921  1029.6658     1.6554     4.1613     61.517   -0.00118    6.76445    6.77501      7.987    -0.0480   12.13970   3.546070 4.9342e-14    27.5163    27.5102 1.0000e-12    472.085          1      20475    1486.01 2.0267e+03  55633.525    853.088 1564322021       0.29     -0.846   38.78748  -72.81542    35.2640  1029.6719    27.5226     6.8205 0.0000e+00
    467.000     6.8671    35.0925  1029.6612     1.6547     4.1611     61.534   -0.00081    6.76236    6.77288      7.987    -0.0456   12.13623   3.546171 4.8954e-14    27.5164    27.5102 1.0000e-12    471.082          1      20494    1486.01 2.0428e+03  55632.766    853.884 1564322021      -0.43     -0.930   38.78748  -72.81542    35.2638  1029.6669    27.5222     6.8224 0.0000e+00
    466.000     6.8734    35.0932  1029.6563     1.6544     4.1601     61.523   -0.00077    6.76183    6.77234      7.987    -0.0465   12.13537   3.546866 4.9048e-14    27.5161    27.5099 1.0000e-12    470.089          1      20510    1486.01 2.0388e+03  55631.263    854.545 1564322022      -0.47     -1.269   38.78748  -72.81542    35.2656  1029.6629    27.5227     6.8287 0.0000e+00
    465.000     6.8794    35.0930  1029.6506     1.6538     4.1594     61.516   -0.00058    6.76158    6.77209      7.987    -0.0458   12.13496   3.547275 4.9254e-14    27.5150    27.5089 1.0000e-12    469.079          1      20530    1486.02 2.0303e+03  55628.375    855.386 1564322023       0.14     -1.386   38.78748  -72.81542    35.2644  1029.6565    27.5209     6.8348 0.0000e+00
    464.000     6.8936    35.0940  1029.6447     1.6526     4.1491     61.366   -0.00099    6.76125    6.77175 -9.990e-29    -0.0246   12.13440   3.548706 4.9254e-14    27.5139    27.5078 1.0000e-12    468.057          1      20556    1486.06 2.0303e+03  55624.997    856.474 1564322024       0.31     -1.033   38.78748  -72.81542    35.2663  1029.6512    27.5204     6.8491 0.0000e+00
    463.000     6.9030    35.0939  1029.6386     1.6516     4.1435     61.292   -0.00107    6.76020    6.77068 -9.990e-29    -0.0443   12.13266   3.549413 4.8900e-14    27.5125    27.5064 1.0000e-12    467.047          1      20580    1486.08 2.0450e+03  55621.267    857.466 1564322025      -0.09     -0.958   38.78748  -72.81542    35.2650  1029.6442    27.5181     6.8586 0.0000e+00
    462.000     6.9048    35.0942  1029.6340     1.6510     4.1414     61.278   -0.00092    6.75835    6.76880 -9.990e-29    -0.0451   12.12961   3.549546 4.8697e-14    27.5125    27.5064 1.0000e-12    466.039          1      20601    1486.07 2.0535e+03  55620.509    858.343 1564322026      -0.14     -1.074   38.78748  -72.81542    35.2651  1029.6394    27.5179     6.8605 0.0000e+00
    461.000     6.9058    35.0944  1029.6294     1.6503     4.1399     61.269   -0.00071    6.75694    6.76737 -9.990e-29    -0.0264   12.12728   3.549575 4.8664e-14    27.5124    27.5063 1.0000e-12    465.033          1      20621    1486.06 2.0549e+03  55619.747    859.181 1564322027      -0.08     -1.171   38.78748  -72.81542    35.2650  1029.6346    27.5177     6.8615 0.0000e+00
    460.000     6.9112    35.0948  1029.6243     1.6496     4.1347     61.209   -0.00081    6.75500    6.76540 -9.990e-29    -0.0376   12.12407   3.550085 4.8691e-14    27.5120    27.5059 1.0000e-12    464.026          1      20643    1486.06 2.0537e+03  55617.976    860.100 1564322028       0.09     -1.169   38.78748  -72.81542    35.2655  1029.6297    27.5174     6.8670 0.0000e+00
    459.000     6.9237    35.0948  1029.6179     1.6492     4.1258     61.224   -0.00044    6.73894    6.74907 -9.990e-29    -0.0548   12.09755   3.551238 4.8734e-14    27.5103    27.5042 1.0000e-12    463.009          1      20671    1486.09 2.0519e+03  55613.552    861.243 1564322029       0.20     -0.965   38.78748  -72.81542    35.2660  1029.6236    27.5160     6.8796 0.0000e+00
    458.000     6.9362    35.0959  1029.6123     1.6489     4.1175     61.212   -0.00029    6.72660    6.73654 -9.990e-29    -0.0343   12.07717   3.552469 4.8979e-14    27.5094    27.5033 1.0000e-12    461.996          1      20696    1486.13 2.0417e+03  55610.788    862.299 1564322030      -0.10     -0.884   38.78748  -72.81542    35.2674  1029.6182    27.5154     6.8921 0.0000e+00
    457.000     6.9473    35.0960  1029.6061     1.6470     4.1005     60.980   -0.00098    6.72441    6.73431 -9.990e-29    -0.0317   12.07358   3.553577 4.9233e-14    27.5079    27.5018 1.0000e-12    460.994          1      20717    1486.15 2.0312e+03  55606.919    863.164 1564322031      -0.21     -1.057   38.78748  -72.81542    35.2688  1029.6131    27.5149     6.9033 0.0000e+00
    456.000     7.0397    35.0974  1029.5888     1.6424     4.0552     60.323   -0.00334    6.72241    6.73227 -9.990e-29    -0.0412   12.07024   3.562978 4.9346e-14    27.4962    27.4900 1.0000e-12    459.984          1      20740    1486.50 2.0265e+03  55580.851    864.132 1564322032       0.08     -1.114   38.78748  -72.81542    35.2788  1029.6025    27.5099     6.9954 0.0000e+00
    455.000     7.1243    35.1012  1029.5745     1.6363     4.0081     59.640   -0.00539    6.72057    6.73040 -9.990e-29    -0.0453   12.06717   3.570833 4.9149e-14    27.4875    27.4812 1.0000e-12    458.965          1      20766    1486.81 2.0346e+03  55561.760    865.196 1564322033       0.09     -0.969   38.78748  -72.81542    35.2795  1029.5857    27.4987     7.0799 0.0000e+00
    454.000     7.1439    35.0980  1029.5644     1.6318     3.9882     59.359   -0.00558    6.71875    6.72856 -9.990e-29    -0.0462   12.06419   3.572035 4.8877e-14    27.4821    27.4758 1.0000e-12    457.959          1      20787    1486.87 2.0460e+03  55550.274    866.073 1564322034      -0.19     -1.027   38.78748  -72.81542    35.2733  1029.5734    27.4911     7.0995 0.0000e+00
    453.000     7.1546    35.1007  1029.5604     1.6286     3.9860     59.329   -0.00473    6.71845    6.72826 -9.990e-29    -0.0415   12.06367   3.573210 4.8723e-14    27.4827    27.4765 1.0000e-12    456.947          1      20806    1486.89 2.0524e+03  55550.364    866.877 1564322034      -0.16     -1.179   38.78748  -72.81541    35.2758  1029.5691    27.4915     7.1103 0.0000e+00
    452.000     7.1604    35.1020  1029.5559     1.6262     3.9843     59.309   -0.00404    6.71783    6.72762 -9.990e-29    -0.0311   12.06264   3.573739 4.8645e-14    27.4829    27.4767 1.0000e-12    455.935          1      20823    1486.90 2.0557e+03  55549.906    867.587 1564322035      -0.18     -1.286   38.78748  -72.81540    35.2762  1029.5639    27.4910     7.1162 0.0000e+00
    451.000     7.1691    35.1031  1029.5509     1.6245     3.9846     59.318   -0.00347    6.71738    6.72716 -9.990e-29    -0.0426   12.06190   3.574675 4.8814e-14    27.4825    27.4763 1.0000e-12    454.934          1      20838    1486.92 2.0486e+03  55548.250    868.207 1564322036      -0.26     -1.428   38.78746  -72.81540    35.2781  1029.5596    27.4913     7.1249 0.0000e+00
    450.000     7.1787    35.1033  1029.5450     1.6230     3.9874     59.368   -0.00269    6.71648    6.72625 -9.990e-29    -0.0444   12.06040   3.575413 4.9008e-14    27.4813    27.4751 1.0000e-12    453.938          1      20854    1486.94 2.0405e+03  55544.972    868.866 1564322036      -0.09     -1.560   38.78746  -72.81540    35.2769  1029.5527    27.4890     7.1346 0.0000e+00
    449.000     7.1834    35.1043  1029.5405     1.6212     3.9877     59.383   -0.00195    6.71518    6.72494 -9.990e-29    -0.0460   12.05827   3.575838 4.9209e-14    27.4814    27.4752 1.0000e-12    452.919          1      20882    1486.94 2.0322e+03  55544.367    870.024 1564322038       0.50     -1.168   38.78746  -72.81540    35.2773  1029.5476    27.4886     7.1394 0.0000e+00
    448.000     7.1921    35.1048  1029.5350     1.6193     3.9878     59.394   -0.00121    6.71418    6.72392      7.986    -0.0326   12.05661   3.576585 4.9092e-14    27.4806    27.4744 1.0000e-12    451.891          1      20919    1486.96 2.0370e+03  55541.837    871.593 1564322039      -0.06     -0.555   38.78746  -72.81540    35.2772  1029.5416    27.4873     7.1482 0.0000e+00
    447.000     7.2000    35.1051  1029.5294     1.6184     3.9862     59.373   -0.00101    6.71375    6.72348      7.986    -0.0305   12.05589   3.577313 4.9027e-14    27.4797    27.4735 1.0000e-12    450.893          1      20941    1486.97 2.0397e+03  55539.401    872.496 1564322040      -0.42     -0.872   38.78746  -72.81540    35.2776  1029.5362    27.4865     7.1561 0.0000e+00
    446.000     7.2051    35.1054  1029.5244     1.6176     3.9822     59.322   -0.00099    6.71284    6.72256      7.986    -0.0334   12.05439   3.577707 4.8957e-14    27.4792    27.4731 1.0000e-12    449.886          1      20963    1486.98 2.0426e+03  55537.724    873.403 1564322041      -0.09     -1.116   38.78746  -72.81540    35.2772  1029.5305    27.4855     7.1613 0.0000e+00
    445.000     7.2087    35.1059  1029.5196     1.6173     3.9823     59.362   -0.00058    6.70857    6.71821      7.985    -0.0413   12.04733   3.578004 4.8733e-14    27.4791    27.4729 1.0000e-12    448.867          1      20986    1486.98 2.0520e+03  55536.654    874.392 1564322042       0.10     -1.057   38.78746  -72.81540    35.2773  1029.5255    27.4850     7.1650 0.0000e+00
    444.000     7.2112    35.1061  1029.5148     1.6169     3.9806     59.368   -0.00036    6.70488    6.71446      7.984    -0.0441   12.04126   3.578177 4.8603e-14    27.4789    27.4727 1.0000e-12    447.858          1      21006    1486.97 2.0575e+03  55535.474    875.215 1564322043      -0.18     -1.082   38.78746  -72.81540    35.2772  1029.5204    27.4846     7.1676 0.0000e+00
    443.000     7.2144    35.1065  1029.5100     1.6165     3.9764     59.313   -0.00051    6.70411    6.71369      7.985    -0.0451   12.04001   3.578464 4.8610e-14    27.4787    27.4725 1.0000e-12    446.854          1      21023    1486.97 2.0572e+03  55534.419    875.923 1564322043      -0.28     -1.261   38.78746  -72.81539    35.2776  1029.5157    27.4845     7.1709 0.0000e+00
    442.000     7.2209    35.1069  1029.5047     1.6156     3.9687     59.222   -0.00073    6.70131    6.71084      7.985 -9.990e-29   12.03534   3.579182 4.8714e-14    27.4781    27.4719 1.0000e-12    445.849          1      21040    1486.97 2.0528e+03  55532.407    876.632 1564322044      -0.11     -1.402   38.78746  -72.81538    35.2793  1029.5115    27.4849     7.1775 0.0000e+00
    441.000     7.2476    35.1071  1029.4963     1.6142     3.9558     59.048   -0.00128    6.69935    6.70885 -9.990e-29 -9.990e-29   12.03209   3.581733 4.8946e-14    27.4744    27.4683 1.0000e-12    444.841          1      21059    1487.06 2.0431e+03  55524.461    877.437 1564322045       0.14     -1.375   38.78746  -72.81538    35.2807  1029.5039    27.4821     7.2042 0.0000e+00
    440.000     7.2718    35.1058  1029.4870     1.6120     3.9384     58.807   -0.00198    6.69725    6.70671 -9.990e-29 -9.990e-29   12.02861   3.583692 4.9218e-14    27.4700    27.4638 1.0000e-12    443.829          1      21084    1487.14 2.0318e+03  55514.933    878.477 1564322046       0.29     -1.124   38.78746  -72.81538    35.2781  1029.4936    27.4766     7.2284 0.0000e+00
    439.000     7.2945    35.1086  1029.4812     1.6091     3.9221     58.605   -0.00214    6.69231    6.70170 -9.990e-29    -0.0154   12.02046   3.586126 4.9295e-14    27.4690    27.4628 1.0000e-12    442.810          1      21116    1487.21 2.0286e+03  55511.786    879.773 1564322047       0.13     -0.804   38.78746  -72.81538    35.2822  1029.4887    27.4766     7.2511 0.0000e+00
    438.000     7.3104    35.1097  1029.4750     1.6078     3.9183     58.575   -0.00182    6.68947    6.69881 -9.990e-29    -0.0188   12.01576   3.587558 4.8974e-14    27.4675    27.4613 1.0000e-12    441.795          1      21140    1487.26 2.0419e+03  55508.095    880.800 1564322048      -0.23     -0.854   38.78746  -72.81538    35.2822  1029.4817    27.4744     7.2671 0.0000e+00
    437.000     7.3199    35.1102  1029.4693     1.6064     3.9164     58.560   -0.00143    6.68772    6.69703 -9.990e-29    -0.0298   12.01289   3.588418 4.8744e-14    27.4666    27.4604 1.0000e-12    440.787          1      21158    1487.27 2.0516e+03  55505.382    881.534 1564322049      -0.41     -1.101   38.78746  -72.81538    35.2825  1029.4759    27.4733     7.2766 0.0000e+00
