CalculateIndicators/WaterTemperature/Data/CTD_NYOS/NYOS190724_3_4.cnv
* Sea-Bird SBE 9 Data File:
* FileName = C:\Seabird 9 CTD\Data\2019\201907_offshore\NYOS190724_3_4.hex
* Software Version Seasave V 7.23.2
* Temperature SN = 4590
* Conductivity SN = 3228
* Number of Bytes Per Scan = 44
* Number of Voltage Words = 5
* Number of Scans Averaged by the Deck Unit = 1
* NMEA Latitude = 39 47.17 N
* NMEA Longitude = 072 08.77 W
* NMEA UTC (Time) = Jul 25 2019  00:22:56
* NMEA baud rate = 4800
** Ship: seawolf
** Station: 3-4
** Operator: LIS
# nquan = 35
# nvalues = 195                         
# units = specified
# name 0 = depSM: Depth [salt water, m]
# name 1 = t090C: Temperature [ITS-90, deg C]
# name 2 = sal00: Salinity, Practical [PSU]
# name 3 = density00: Density [density, kg/m^3]
# name 4 = sbeox0V: Oxygen raw, SBE 43 [V]
# name 5 = sbeox0ML/L: Oxygen, SBE 43 [ml/l]
# name 6 = sbeox0PS: Oxygen, SBE 43 [% saturation]
# name 7 = sbox0dV/dT: Oxygen, SBE 43 [dov/dt]
# name 8 = oxsolML/L: Oxygen Saturation, Garcia & Gordon [ml/l]
# name 9 = oxsatML/L: Oxygen Saturation, Weiss [ml/l]
# name 10 = ph: pH
# name 11 = flECO-AFL: Fluorescence, WET Labs ECO-AFL/FL [mg/m^3]
# name 12 = n2satML/L: Nitrogen Saturation [ml/l]
# name 13 = c0S/m: Conductivity [S/m]
# name 14 = cpar: CPAR/Corrected Irradiance [%]
# name 15 = sigma-é00: Density [sigma-theta, kg/m^3]
# name 16 = sigma-t00: Density [sigma-t, kg/m^3 ]
# name 17 = par: PAR/Irradiance, Biospherical/Licor
# name 18 = prDM: Pressure, Digiquartz [db]
# name 19 = pumps: Pump Status
# name 20 = scan: Scan Count
# name 21 = svCM: Sound Velocity [Chen-Millero, m/s]
# name 22 = spar: SPAR, Biospherical/Licor
# name 23 = specc: Specific Conductance [uS/cm]
# name 24 = timeS: Time, Elapsed [seconds]
# name 25 = timeY: Time, System [seconds]
# name 26 = accM: Acceleration [m/s^2]
# name 27 = dz/dtM: Descent Rate [m/s]
# name 28 = latitude: Latitude [deg]
# name 29 = longitude: Longitude [deg]
# name 30 = gsw_saA0: Absolute Salinity [g/kg]
# name 31 = gsw_densityA0: density, TEOS-10 [density, kg/m^3]
# name 32 = gsw_sigma0A0: density, TEOS-10 [sigma-0, kg/m^3 ]
# name 33 = gsw_ptA0: potential temperature [ITS-90, deg C]
# name 34 = flag: flag
# span 0 =      2.000,     99.000       
# span 1 =     7.0894,    24.6637       
# span 2 =    32.2023,    37.9925       
# span 3 =  1021.3855,  1028.3993       
# span 4 =     1.8926,     2.9164       
# span 5 =     3.4041,     8.1149       
# span 6 =     67.803,    129.874       
# span 7 =   -0.11696,    0.17815       
# span 8 =    4.83696,    6.83847       
# span 9 =    4.82482,    6.84727       
# span 10 =      7.990,      8.237      
# span 11 =    -0.0214,     1.3829      
# span 12 =    8.97272,   12.29100      
# span 13 =   3.329883,   4.934391      
# span 14 = -1.008e+04, 9.6796e+04      
# span 15 =    21.4036,    28.3424      
# span 16 =    21.4033,    28.3420      
# span 17 = -7.042e-03, 4.7580e-01      
# span 18 =      2.027,     99.769      
# span 19 =          0,          1      
# span 20 =        239,      11853      
# span 21 =    1476.93,    1530.91      
# span 22 = 1.2255e-01, 5.9972e+00      
# span 23 =  49158.909,  57744.977      
# span 24 =      9.920,    493.850      
# span 25 = 1564014188, 1564014672      
# span 26 =      -0.77,       0.52      
# span 27 =     -1.161,      1.032      
# span 28 =   39.78628,   39.78737      
# span 29 =  -72.14720,  -72.14621      
# span 30 =    32.5203,    38.0361      
# span 31 =  1021.5175,  1028.2725      
# span 32 =    21.4918,    28.2194      
# span 33 =     7.0848,    24.6633      
# span 34 = 0.0000e+00, 0.0000e+00      
# interval = meters: 1                  
# start_time = Jul 25 2019 00:22:58 [System UTC, first data scan.]
# bad_flag = -9.990e-29
*END*
      2.000    24.5981    32.4876  1021.5727     1.9592     3.5120     72.563    0.02165    4.84000    4.82786      8.205     0.1058    8.97800   4.927383 1.7420e+01    21.5641    21.5640 4.7580e-01      2.027          0        239    1530.76 3.8827e+00  49666.387      9.920 1564014188       0.40     -0.075   39.78628  -72.14621    32.6421  1021.5770    21.5684    24.5977 0.0000e+00
      3.000    24.5998    32.4976  1021.5841     2.0844     4.0236     83.178    0.09326    4.83733    4.82519      8.205     0.0709    8.97340   4.928933 3.7575e+00    21.5712    21.5710 2.3289e-01      3.028          0        271    1530.79 5.9620e+00  49680.419     11.232 1564014189       0.45      0.639   39.78630  -72.14622    32.6520  1021.5883    21.5754    24.5992 0.0000e+00
      4.000    24.5995    32.4861  1021.5799     2.0824     3.8772     80.157    0.04707    4.83696    4.82482      8.205     0.0812    8.97272   4.926619 2.1440e+00    21.5626    21.5623 1.2702e-01      4.028          0        295    1530.79 5.9242e+00  49664.687     12.237 1564014190       0.18      0.921   39.78630  -72.14622    32.6348  1021.5798    21.5626    24.5986 0.0000e+00
      5.000    24.6108    32.4761  1021.5734     2.0408     3.5583     73.550   -0.02531    4.83790    4.82576      8.205     0.0819    8.97417   4.927654 3.7166e+00    21.5520    21.5517 2.2018e-01      5.034          0        324    1530.82 5.9242e+00  49652.096     13.458 1564014191      -0.16      0.903   39.78630  -72.14623    32.6339  1021.5801    21.5586    24.6098 0.0000e+00
      6.000    24.6243    32.4951  1021.5881     1.9768     3.4041     69.913   -0.03367    4.86970    4.85773      8.208     0.0962    9.02387   4.931157 4.0296e+00    21.5623    21.5619 2.1419e-01      6.045          0        371    1530.89 5.9242e+00  49677.846     15.411 1564014193      -0.16      0.536   39.78632  -72.14624    32.6499  1021.5925    21.5667    24.6230 0.0000e+00
      7.000    24.6000    32.4988  1021.6025     1.9672     3.7319     72.330    0.00278    5.15685    5.14736      8.224     0.1620    9.47596   4.929039 3.0270e+00    21.5724    21.5719 1.8033e-01      7.059          0        423    1530.86 5.9242e+00  49683.593     17.602 1564014195       0.16      0.441   39.78632  -72.14625    32.6515  1021.6053    21.5752    24.5985 0.0000e+00
      8.000    23.8661    33.0389  1022.2309     1.9580     3.9304     71.680   -0.00289    5.48379    5.47826      8.235     0.3731    9.99508   4.926545 2.2016e+00    22.1962    22.1958 1.3043e-01      8.063          0        455    1529.63 5.9242e+00  50434.380     18.907 1564014197       0.17      0.708   39.78632  -72.14626    33.1758  1022.2201    22.1856    23.8644 0.0000e+00
      9.000    21.8575    34.1600  1023.6544     1.9998     4.2209     75.758    0.01673    5.57132    5.56649      8.232     0.4561   10.14535   4.860340 1.8012e+00    23.6142    23.6137 1.0670e-01      9.070          0        484    1525.67 5.9242e+00  52017.326     20.125 1564014198       0.02      0.826   39.78632  -72.14626    34.2188  1023.5811    23.5422    21.8557 0.0000e+00
     10.000    17.0417    37.6118  1027.5525     2.0274     4.4151     79.001    0.03498    5.58867    5.58439      8.233     0.4748   10.16824   4.764475 1.6057e+00    27.5105    27.5101 9.5124e-02     10.079          0        513    1516.09 5.9242e+00  56999.345     21.314 1564014199       0.04      0.826   39.78632  -72.14626    37.5532  1027.3752    27.3313    17.0400 0.0000e+00
     11.000    15.7078    37.2146  1027.5679     2.0128     4.1999     74.768   -0.00052    5.61760    5.61402      8.234     0.4599   10.21019   4.580146 1.6342e+00    27.5193    27.5189 7.2538e-02     11.078          0        542    1511.63 4.5363e+00  56586.070     22.531 1564014200      -0.07      0.858   39.78634  -72.14627    37.1413  1027.3805    27.3319    15.7061 0.0000e+00
     12.000    14.8250    37.9925  1028.3741     1.9686     4.1660     71.046   -0.01693    5.86215    5.86064      8.237     0.4397   10.63163   4.584830 1.2432e+00    28.3211    28.3207 7.0109e-02     12.096          0        603    1509.82 5.8591e+00  57744.977     25.084 1564014203      -0.14      0.345   39.78634  -72.14628    38.0361  1028.2725    28.2194    14.8231 0.0000e+00
     13.000    13.8407    37.7411  1028.3993     2.0104     4.6434     77.502    0.02076    5.99088    5.99082      8.234     0.5004   10.84852   4.432134 6.2262e-01    28.3424    28.3420 3.6995e-02     13.106          0        651    1506.40 5.9277e+00  57537.593     27.066 1564014205       0.35      0.518   39.78634  -72.14628    37.5576  1028.1235    28.0657    13.8388 0.0000e+00
     14.000    12.8955    35.6474  1026.9786     2.0633     5.0223     83.587    0.04982    6.00866    6.00906      8.233     0.5147   10.87490   4.130825 7.0572e-02    26.9148    26.9144 4.1808e-03     14.108          0        676    1500.85 5.9242e+00  54805.127     28.109 1564014206       0.23      0.860   39.78634  -72.14630    35.5874  1026.8061    26.7435    12.8936 0.0000e+00
     15.000    12.3878    36.5778  1027.8068     2.0413     4.8165     78.893    0.01878    6.10936    6.10944      8.235     0.5430   11.06503   4.189698 9.7016e-04    27.7397    27.7393 5.7474e-05     15.111          0        701    1500.27 5.9242e+00  56167.933     29.153 1564014207       0.01      0.970   39.78634  -72.14630    36.6476  1027.7304    27.6632    12.3858 0.0000e+00
     16.000    11.9574    36.5558  1027.8788     2.2700     6.3504    102.088    0.11627    6.21699    6.21709      8.229     0.5323   11.26290   4.134831 1.6880e-11    27.8108    27.8104 1.0000e-12     16.121          0        740    1498.81 5.9242e+00  56229.408     30.780 1564014209      -0.24      0.688   39.78636  -72.14630    36.5305  1027.7286    27.6569    11.9553 0.0000e+00
     17.000    11.5228    32.8166  1025.0589     2.6777     8.1149    129.874    0.17815    6.24889    6.24929      8.223     0.5207   11.31727   3.714326 1.6880e-11    24.9775    24.9771 1.0000e-12     17.131          1        792    1492.85 5.9242e+00  51072.920     32.938 1564014211       0.06      0.462   39.78636  -72.14630    32.7906  1024.9228    24.8458    11.5207 0.0000e+00
     18.000    11.3003    32.6250  1024.9550     2.7515     7.3027    115.612    0.02814    6.31629    6.31754      8.218     0.4890   11.42925   3.684934 1.8454e-11    24.8738    24.8734 1.0000e-12     18.145          1        838    1491.86 5.9242e+00  50867.353     34.890 1564014213       0.02      0.511   39.78636  -72.14632    32.6983  1024.8962    24.8147    11.2981 0.0000e+00
     19.000    11.1782    32.5921  1024.9558     2.7514     7.2279    112.989    0.00587    6.39718    6.39945      8.219     0.4844   11.56371   3.670176 1.6874e-11    24.8697    24.8693 1.0000e-12     19.147          1        869    1491.41 5.9242e+00  50840.312     36.172 1564014214       0.24      0.703   39.78636  -72.14632    32.6603  1024.8931    24.8069    11.1759 0.0000e+00
     20.000    10.7397    32.5727  1025.0223     2.7281     7.1632    109.802   -0.01129    6.52437    6.52838      8.199     0.4124   11.77421   3.628479 1.6880e-11    24.9315    24.9311 1.0000e-12     20.153          1        907    1489.85 5.9242e+00  50887.848     37.730 1564014216      -0.18      0.685   39.78638  -72.14633    32.6350  1024.9548    24.8640    10.7373 0.0000e+00
     21.000     9.8141    32.4952  1025.1230     2.6864     6.9857    106.271   -0.02266    6.57352    6.57823      8.181     0.3691   11.85532   3.535002 5.5786e+04    25.0272    25.0268 1.0000e-12     21.167          1        952    1486.45 2.1657e+00  50947.346     39.614 1564014217       0.25      0.473   39.78638  -72.14634    32.5203  1025.0263    24.9305     9.8118 0.0000e+00
     22.000     9.1256    32.5292  1025.2650     2.6511     6.8681    104.296   -0.02440    6.58524    6.59013      8.172     0.4042   11.87455   3.480648 2.4820e+04    25.1644    25.1640 1.0000e-12     22.167          1        986    1483.99 4.2150e+00  51132.980     41.044 1564014219      -0.05      0.701   39.78638  -72.14634    32.5854  1025.1918    25.0911     9.1233 0.0000e+00
     23.000     8.8638    32.5435  1025.3218     2.6043     6.7548    102.107   -0.02360    6.61559    6.62090      8.156     0.4601   11.92492   3.461426 5.7983e+02    25.2164    25.2161 1.0000e-12     23.178          1       1034    1483.06 5.8841e+00  51208.050     43.034 1564014221      -0.02      0.501   39.78639  -72.14636    32.6246  1025.2678    25.1624     8.8614 0.0000e+00
     24.000     8.7791    32.5479  1025.3429     2.5637     6.7135    100.583   -0.02043    6.67448    6.68067      8.138     0.6272   12.02174   3.455934 2.0271e-11    25.2329    25.2325 1.0000e-12     24.193          1       1081    1482.76 5.9242e+00  51233.026     44.986 1564014223       0.06      0.499   39.78640  -72.14636    32.6446  1025.3010    25.1910     8.7766 0.0000e+00
     25.000     8.6100    32.5279  1025.3577     2.5346     6.6012     98.898   -0.02210    6.67475    6.68094      8.133     0.6712   12.02230   3.437673 1.6896e-11    25.2429    25.2425 1.0000e-12     25.192          1       1110    1482.12 5.9242e+00  51241.802     46.201 1564014224       0.23      0.738   39.78640  -72.14638    32.6081  1025.3027    25.1880     8.6075 0.0000e+00
     26.000     8.2343    32.5725  1025.4535     2.4897     6.4595     96.528   -0.02321    6.69187    6.69832      8.111     0.8923   12.05046   3.411187 1.6880e-11    25.3339    25.3336 1.0000e-12     26.200          1       1156    1480.78 5.9242e+00  51389.895     48.139 1564014226      -0.20      0.539   39.78641  -72.14638    32.6756  1025.4161    25.2966     8.2317 0.0000e+00
     27.000     8.1483    32.5680  1025.4673     2.4458     6.3710     95.054   -0.01832    6.70256    6.70921      8.086     1.2896   12.06762   3.404099 1.6880e-11    25.3431    25.3427 1.0000e-12     27.216          1       1210    1480.47 5.9242e+00  51403.714     50.383 1564014228       0.30      0.450   39.78642  -72.14640    32.6798  1025.4367    25.3124     8.1456 0.0000e+00
     28.000     8.0425    32.5909  1025.5053     2.4231     6.2682     93.530   -0.02111    6.70184    6.70848      8.087     1.3035   12.06636   3.397682 1.6880e-11    25.3765    25.3761 1.0000e-12     28.215          1       1238    1480.11 5.9242e+00  51461.612     51.545 1564014229       0.18      0.779   39.78642  -72.14640    32.7096  1025.4800    25.3511     8.0397 0.0000e+00
     29.000     8.0073    32.6198  1025.5378     2.4211     6.4177     95.741   -0.00493    6.70315    6.70981      8.092     1.2482   12.06855   3.398119 1.6880e-11    25.4043    25.4039 1.0000e-12     29.222          1       1276    1480.03 5.9242e+00  51511.622     53.111 1564014231      -0.18      0.692   39.78642  -72.14640    32.7467  1025.5186    25.3852     8.0045 0.0000e+00
     30.000     8.0007    32.6307  1025.5519     2.4344     6.5808     97.994    0.00594    6.71552    6.72237      8.097     1.0986   12.08893   3.399250 1.8887e-11    25.4138    25.4134 1.0000e-12     30.234          1       1333    1480.04 5.6558e+00  51529.315     55.481 1564014233      -0.04      0.404   39.78644  -72.14641    32.7645  1025.5382    25.4001     7.9978 0.0000e+00
     31.000     7.9689    32.6269  1025.5581     2.4308     6.5103     96.704   -0.00212    6.73218    6.73929      8.092     1.1109   12.11631   3.396365 3.6953e-11    25.4155    25.4150 1.0000e-12     31.246          1       1379    1479.93 3.2587e+00  51532.022     57.415 1564014235       0.25      0.509   39.78644  -72.14642    32.7630  1025.5461    25.4034     7.9659 0.0000e+00
     32.000     7.9081    32.6361  1025.5788     2.4181     6.4157     95.198   -0.00830    6.73929    6.74651      8.087     0.9913   12.12803   3.391912 1.9159e-11    25.4314    25.4310 1.0000e-12     32.247          1       1408    1479.72 5.4183e+00  51560.211     58.607 1564014236       0.13      0.788   39.78644  -72.14644    32.7718  1025.5664    25.4191     7.9050 0.0000e+00
     33.000     7.8196    32.6466  1025.6044     2.3955     6.2798     93.161   -0.01464    6.74081    6.74806      8.081     0.9541   12.13053   3.385266 1.6915e-11    25.4524    25.4520 1.0000e-12     33.254          1       1442    1479.42 5.9159e+00  51596.904     60.037 1564014238      -0.13      0.747   39.78644  -72.14644    32.7831  1025.5926    25.4406     7.8164 0.0000e+00
     34.000     7.7513    32.6521  1025.6231     2.3648     6.1700     91.480   -0.01575    6.74463    6.75193      8.071     0.7827   12.13688   3.380242 1.6880e-11    25.4664    25.4660 1.0000e-12     34.264          1       1489    1479.18 5.9242e+00  51621.813     61.994 1564014240      -0.09      0.525   39.78646  -72.14644    32.7928  1025.6145    25.4579     7.7481 0.0000e+00
     35.000     7.7363    32.6498  1025.6280     2.3418     6.1585     91.146   -0.01032    6.75675    6.76423      8.059     0.6389   12.15683   3.379060 1.7088e-11    25.4667    25.4663 1.0000e-12     35.276          1       1539    1479.14 5.9242e+00  51622.732     64.096 1564014242       0.12      0.458   39.78646  -72.14644    32.7937  1025.6220    25.4607     7.7330 0.0000e+00
     36.000     7.7059    32.6497  1025.6369     2.3282     6.1553     90.648   -0.00936    6.79034    6.79831      8.055     0.5501   12.21252   3.376433 1.9393e-11    25.4710    25.4705 1.0000e-12     36.280          1       1574    1479.03 5.9242e+00  51630.656     65.525 1564014243       0.09      0.676   39.78646  -72.14646    32.7936  1025.6308    25.4649     7.7025 0.0000e+00
     37.000     7.6406    32.6552  1025.6551     2.3107     6.1020     89.493   -0.01152    6.81846    6.82689      8.051     0.5021   12.25866   3.371066 1.6894e-11    25.4845    25.4840 1.0000e-12     37.288          1       1609    1478.81 5.9242e+00  51655.132     67.012 1564014245      -0.04      0.690   39.78646  -72.14646    32.7968  1025.6472    25.4766     7.6371 0.0000e+00
     38.000     7.4112    32.6430  1025.6823     2.2921     6.0325     88.516   -0.01187    6.81518    6.82358      8.046     0.4505   12.25303   3.348616 1.6880e-11    25.5069    25.5064 1.0000e-12     38.294          1       1647    1477.93 5.9242e+00  51695.379     68.578 1564014246      -0.01      0.645   39.78648  -72.14646    32.7699  1025.6628    25.4874     7.4077 0.0000e+00
     39.000     7.2261    32.6761  1025.7386     2.2709     5.9754     87.606   -0.01101    6.82077    6.82927      8.034     0.2654   12.26208   3.336943 1.6880e-11    25.5584    25.5579 1.0000e-12     39.306          1       1693    1477.27 5.9242e+00  51789.936     70.504 1564014248      -0.09      0.523   39.78648  -72.14647    32.8179  1025.7306    25.5504     7.2225 0.0000e+00
     40.000     7.2630    32.6893  1025.7485     2.2546     5.9341     86.917   -0.01027    6.82727    6.83588      8.028     0.2175   12.27268   3.341774 1.6880e-11    25.5638    25.5633 1.0000e-12     40.315          1       1731    1477.45 5.9242e+00  51800.319     72.080 1564014250       0.24      0.597   39.78648  -72.14648    32.8350  1025.7435    25.5588     7.2593 0.0000e+00
     41.000     7.2196    32.6949  1025.7635     2.2414     5.8805     86.127   -0.01114    6.82762    6.83624      8.027     0.1823   12.27323   3.338044 4.1416e-11    25.5741    25.5736 1.0000e-12     41.315          1       1758    1477.30 2.8535e+00  51819.575     73.226 1564014251       0.11      0.836   39.78648  -72.14648    32.8351  1025.7541    25.5648     7.2158 0.0000e+00
     42.000     7.1686    32.7110  1025.7878     2.2260     5.8545     85.693   -0.00901    6.83193    6.84061      8.021     0.1313   12.28039   3.335599 2.3830e-11    25.5937    25.5932 1.0000e-12     42.328          1       1801    1477.14 5.0053e+00  51856.678     75.019 1564014253      -0.21      0.598   39.78649  -72.14648    32.8564  1025.7825    25.5884     7.1648 0.0000e+00
