CalculateIndicators/WaterTemperature/Data/CTD_NYOS/NYOS190728_6_6.cnv
* Sea-Bird SBE 9 Data File:
* FileName = C:\Seabird 9 CTD\Data\2019\201907_offshore\NYOS190728_6_6.hex
* Software Version Seasave V 7.23.2
* Temperature SN = 4590
* Conductivity SN = 3228
* Number of Bytes Per Scan = 44
* Number of Voltage Words = 5
* Number of Scans Averaged by the Deck Unit = 1
* NMEA Latitude = 38 47.26 N
* NMEA Longitude = 072 49.02 W
* NMEA UTC (Time) = Jul 28 2019  13:39:28
* NMEA baud rate = 4800
** Ship: Seawolf
** Station: 6.6
** Operator: ajb
# nquan = 35
# nvalues = 1182                        
# units = specified
# name 0 = depSM: Depth [salt water, m]
# name 1 = t090C: Temperature [ITS-90, deg C]
# name 2 = sal00: Salinity, Practical [PSU]
# name 3 = density00: Density [density, kg/m^3]
# name 4 = sbeox0V: Oxygen raw, SBE 43 [V]
# name 5 = sbeox0ML/L: Oxygen, SBE 43 [ml/l]
# name 6 = sbeox0PS: Oxygen, SBE 43 [% saturation]
# name 7 = sbox0dV/dT: Oxygen, SBE 43 [dov/dt]
# name 8 = oxsolML/L: Oxygen Saturation, Garcia & Gordon [ml/l]
# name 9 = oxsatML/L: Oxygen Saturation, Weiss [ml/l]
# name 10 = ph: pH
# name 11 = flECO-AFL: Fluorescence, WET Labs ECO-AFL/FL [mg/m^3]
# name 12 = n2satML/L: Nitrogen Saturation [ml/l]
# name 13 = c0S/m: Conductivity [S/m]
# name 14 = cpar: CPAR/Corrected Irradiance [%]
# name 15 = sigma-é00: Density [sigma-theta, kg/m^3]
# name 16 = sigma-t00: Density [sigma-t, kg/m^3 ]
# name 17 = par: PAR/Irradiance, Biospherical/Licor
# name 18 = prDM: Pressure, Digiquartz [db]
# name 19 = pumps: Pump Status
# name 20 = scan: Scan Count
# name 21 = svCM: Sound Velocity [Chen-Millero, m/s]
# name 22 = spar: SPAR, Biospherical/Licor
# name 23 = specc: Specific Conductance [uS/cm]
# name 24 = timeS: Time, Elapsed [seconds]
# name 25 = timeY: Time, System [seconds]
# name 26 = accM: Acceleration [m/s^2]
# name 27 = dz/dtM: Descent Rate [m/s]
# name 28 = latitude: Latitude [deg]
# name 29 = longitude: Longitude [deg]
# name 30 = gsw_saA0: Absolute Salinity [g/kg]
# name 31 = gsw_densityA0: density, TEOS-10 [density, kg/m^3]
# name 32 = gsw_sigma0A0: density, TEOS-10 [sigma-0, kg/m^3 ]
# name 33 = gsw_ptA0: potential temperature [ITS-90, deg C]
# name 34 = flag: flag
# span 0 =      1.000,    592.000       
# span 1 =     5.8234,    25.7560       
# span 2 =    35.0516,    35.7672       
# span 3 =  1023.1566,  1030.3537       
# span 4 =     1.4039,     2.8894       
# span 5 =     2.9235,     5.9866       
# span 6 =     46.662,    118.075       
# span 7 =   -0.04152,    0.05480       
# span 8 =    4.67611,    6.93487       
# span 9 =    4.66416,    6.94828       
# span 10 =      7.927,      8.330      
# span 11 =    -0.0741,     0.6441      
# span 12 =    8.68121,   12.42129      
# span 13 =   3.451886,   5.394164      
# span 14 = -2.978e-07, 1.5887e+01      
# span 15 =    23.1515,    27.6230      
# span 16 =    23.1512,    27.6164      
# span 17 = -5.998e-06, 3.2484e+02      
# span 18 =      1.008,    597.361      
# span 19 =          1,          1      
# span 20 =        598,      35816      
# span 21 =    1483.82,    1536.35      
# span 22 = 1.9738e+03, 2.0761e+03      
# span 23 =  53129.146,  55993.062      
# span 24 =     24.895,   1492.304      
# span 25 = 1564321193, 1564322660      
# span 26 =      -0.71,       0.74      
# span 27 =     -1.743,      1.291      
# span 28 =   38.78704,   38.78776      
# span 29 =  -72.81703,  -72.81410      
# span 30 =    35.2188,    35.9415      
# span 31 =  1023.1592,  1030.3569      
# span 32 =    23.1548,    27.6261      
# span 33 =     5.7712,    25.7557      
# span 34 = 0.0000e+00, 0.0000e+00      
# interval = meters: 1                  
# start_time = Jul 28 2019 13:39:28 [System UTC, first data scan.]
# bad_flag = -9.990e-29
*END*
[from data line 912]
    270.000    10.9164    35.3768  1028.3073     1.4218     2.9430     47.755    0.00126    6.16260    6.16419      8.001    -0.0305   11.14233   3.947251 4.8804e-14    27.0904    27.0843 1.0000e-12    272.235          1      24678    1498.03 2.0490e+03  54928.676   1028.196 1564322196      -0.38     -1.260   38.78734  -72.81506    35.5587  1028.3217    27.1050    10.8827 0.0000e+00
    269.000    10.9460    35.3774  1028.2978     1.4219     2.9382     47.692    0.00076    6.16094    6.16251      8.003    -0.0323   11.13957   3.950146 4.8721e-14    27.0855    27.0794 1.0000e-12    271.229          1      24694    1498.11 2.0525e+03  54923.116   1028.890 1564322196      -0.13     -1.440   38.78734  -72.81506    35.5597  1028.3125    27.1004    10.9124 0.0000e+00
    268.000    10.9871    35.3860  1028.2922     1.4221     2.9327     47.620    0.00019    6.15857    6.16012      8.004    -0.0397   11.13562   3.955210 4.8692e-14    27.0847    27.0786 1.0000e-12    270.214          1      24712    1498.25 2.0537e+03  54926.711   1029.636 1564322197       0.09     -1.431   38.78734  -72.81506    35.5712  1028.3092    27.1019    10.9535 0.0000e+00
    267.000    11.0163    35.3883  1028.2840     1.4228     2.9351     47.685    0.00046    6.15517    6.15666      8.004    -0.0412   11.12994   3.957744 4.8544e-14    27.0812    27.0751 1.0000e-12    269.210          1      24730    1498.34 2.0600e+03  54923.785   1030.361 1564322198       0.03     -1.376   38.78734  -72.81506    35.5688  1028.2974    27.0947    10.9828 0.0000e+00
    266.000    11.0206    35.3905  1028.2804     1.4230     2.9355     47.717    0.00067    6.15185    6.15330 -9.990e-29    -0.0326   11.12444   3.958152 4.8424e-14    27.0821    27.0760 1.0000e-12    268.207          1      24748    1498.34 2.0651e+03  54925.367   1031.136 1564322199       0.05     -1.363   38.78732  -72.81504    35.5693  1028.2924    27.0942    10.9872 0.0000e+00
    265.000    11.0373    35.3938  1028.2753     1.4239     2.9356     47.731    0.00053    6.15021    6.15163 -9.990e-29    -0.0357   11.12170   3.960069 4.8618e-14    27.0816    27.0755 1.0000e-12    267.192          1      24773    1498.39 2.0569e+03  54926.203   1032.155 1564322200       0.30     -1.159   38.78732  -72.81504    35.5727  1028.2874    27.0938    11.0040 0.0000e+00
    264.000    11.0713    35.3991  1028.2685     1.4247     2.9398     47.806    0.00086    6.14926    6.15068 -9.990e-29    -0.0234   11.12013   3.963973 4.9051e-14    27.0795    27.0735 1.0000e-12    266.176          1      24800    1498.50 2.0387e+03  54926.656   1033.273 1564322201       0.07     -0.901   38.78732  -72.81504    35.5794  1028.2817    27.0928    11.0381 0.0000e+00
    263.000    11.1006    35.4018  1028.2606     1.4255     2.9401     47.818    0.00068    6.14843    6.14984      8.005    -0.0154   11.11874   3.966775 4.9261e-14    27.0763    27.0702 1.0000e-12    265.173          1      24822    1498.58 2.0300e+03  54924.313   1034.227 1564322202      -0.14     -0.981   38.78734  -72.81504    35.5797  1028.2719    27.0877    11.0674 0.0000e+00
    262.000    11.1116    35.4031  1028.2550     1.4263     2.9434     47.878    0.00087    6.14764    6.14903      8.005    -0.0309   11.11741   3.967806 4.9026e-14    27.0752    27.0692 1.0000e-12    264.162          1      24846    1498.61 2.0397e+03  54923.348   1035.216 1564322203       0.02     -1.045   38.78734  -72.81504    35.5798  1028.2655    27.0858    11.0785 0.0000e+00
    261.000    11.1171    35.4048  1028.2508     1.4269     2.9433     47.895    0.00084    6.14533    6.14670      8.006    -0.0405   11.11358   3.968349 4.8645e-14    27.0755    27.0695 1.0000e-12    263.147          1      24869    1498.61 2.0557e+03  54924.121   1036.149 1564322204      -0.05     -1.031   38.78734  -72.81504    35.5804  1028.2603    27.0852    11.0841 0.0000e+00
    260.000    11.1220    35.4053  1028.2457     1.4270     2.9392     47.847    0.00052    6.14282    6.14415      8.007    -0.0354   11.10941   3.968802 4.8450e-14    27.0750    27.0690 1.0000e-12    262.142          1      24887    1498.61 2.0640e+03  54923.255   1036.921 1564322204      -0.23     -1.148   38.78733  -72.81504    35.5806  1028.2550    27.0844    11.0892 0.0000e+00
    259.000    11.1251    35.4062  1028.2413     1.4276     2.9386     47.845    0.00027    6.14181    6.14313      8.007    -0.0152   11.10773   3.969080 4.8413e-14    27.0752    27.0692 1.0000e-12    261.136          1      24904    1498.61 2.0656e+03  54923.323   1037.632 1564322205      -0.20     -1.315   38.78732  -72.81504    35.5809  1028.2502    27.0841    11.0924 0.0000e+00
    258.000    11.1307    35.4073  1028.2366     1.4282     2.9424     47.924    0.00069    6.13981    6.14110      8.008    -0.0348   11.10439   3.969764 4.8413e-14    27.0749    27.0689 1.0000e-12    260.129          1      24921    1498.61 2.0656e+03  54923.196   1038.335 1564322206      -0.07     -1.410   38.78732  -72.81504    35.5827  1028.2460    27.0844    11.0982 0.0000e+00
    257.000    11.1455    35.4088  1028.2305     1.4286     2.9430     47.949    0.00080    6.13787    6.13914      8.008    -0.0408   11.10118   3.971253 4.8413e-14    27.0733    27.0674 1.0000e-12    259.125          1      24939    1498.65 2.0656e+03  54921.804   1039.072 1564322207       0.04     -1.418   38.78732  -72.81504    35.5838  1028.2396    27.0826    11.1130 0.0000e+00
    256.000    11.1644    35.4108  1028.2240     1.4284     2.9356     47.863    0.00027    6.13329    6.13450      8.009    -0.0402   11.09355   3.973232 4.8509e-14    27.0715    27.0655 1.0000e-12    258.118          1      24960    1498.70 2.0615e+03  54920.560   1039.965 1564322208       0.23     -1.288   38.78732  -72.81503    35.5858  1028.2331    27.0806    11.1320 0.0000e+00
    255.000    11.1836    35.4133  1028.2177     1.4282     2.9243     47.760   -0.00029    6.12295    6.12402      8.009    -0.0405   11.07639   3.975295 4.8905e-14    27.0698    27.0639 1.0000e-12    257.095          1      24989    1498.75 2.0448e+03  54919.827   1041.170 1564322209       0.27     -0.931   38.78732  -72.81502    35.5883  1028.2268    27.0790    11.1513 0.0000e+00
    254.000    11.2038    35.4161  1028.2116     1.4286     2.9244     47.829    0.00018    6.11433    6.11529      8.009    -0.0297   11.06201   3.977501 4.9253e-14    27.0683    27.0624 1.0000e-12    256.083          1      25013    1498.81 2.0303e+03  54919.426   1042.166 1564322210      -0.22     -0.865   38.78732  -72.81502    35.5914  1028.2209    27.0777    11.1716 0.0000e+00
    253.000    11.2294    35.4196  1028.2050     1.4295     2.9245     47.917    0.00065    6.10321    6.10402      8.008    -0.0155   11.04352   3.980690 4.9186e-14    27.0663    27.0604 1.0000e-12    255.087          1      25031    1498.89 2.0331e+03  54919.019   1042.911 1564322210      -0.36     -1.129   38.78732  -72.81502    35.5989  1028.2174    27.0788    11.1973 0.0000e+00
    252.000    11.2903    35.4218  1028.1906     1.4311     2.9283     48.063    0.00128    6.09256    6.09323      8.012    -0.0163   11.02577   3.986679 4.8896e-14    27.0567    27.0508 1.0000e-12    254.077          1      25051    1499.08 2.0452e+03  54910.132   1043.749 1564322211       0.01     -1.280   38.78732  -72.81502    35.6005  1028.2025    27.0688    11.2582 0.0000e+00
    251.000    11.3418    35.4346  1028.1862     1.4338     2.9416     48.331    0.00236    6.08630    6.08689      8.013    -0.0413   11.01540   3.993189 4.8676e-14    27.0572    27.0513 1.0000e-12    253.055          1      25073    1499.26 2.0544e+03  54918.236   1044.648 1564322212       0.13     -1.159   38.78732  -72.81502    35.6161  1028.2003    27.0714    11.3097 0.0000e+00
    250.000    11.3912    35.4388  1028.1756     1.4367     2.9570     48.594    0.00329    6.08510    6.08568      8.014    -0.0398   11.01334   3.998564 4.8866e-14    27.0513    27.0453 1.0000e-12    252.050          1      25090    1499.42 2.0464e+03  54914.282   1045.358 1564322213      -0.23     -1.195   38.78732  -72.81502    35.6225  1028.1914    27.0672    11.3592 0.0000e+00
    249.000    11.4714    35.4474  1028.1624     1.4397     2.9701     48.832    0.00402    6.08217    6.08271      8.015    -0.0389   11.00846   4.007350 4.8813e-14    27.0430    27.0370 1.0000e-12    251.051          1      25105    1499.69 2.0487e+03  54911.122   1045.987 1564322214      -0.34     -1.397   38.78732  -72.81502    35.6331  1028.1798    27.0605    11.4393 0.0000e+00
    248.000    11.5352    35.4560  1028.1523     1.4427     2.9818     49.042    0.00451    6.07993    6.08044      8.015    -0.0280   11.00474   4.014356 4.8681e-14    27.0378    27.0318 1.0000e-12    250.049          1      25121    1499.91 2.0542e+03  54911.510   1046.665 1564322214      -0.06     -1.539   38.78732  -72.81502    35.6417  1028.1697    27.0552    11.5032 0.0000e+00
    247.000    11.5821    35.4614  1028.1430     1.4463     2.9908     49.202    0.00437    6.07865    6.07914      8.017    -0.0382   11.00260   4.018866 4.8427e-14    27.0331    27.0271 1.0000e-12    249.035          1      25142    1500.06 2.0650e+03  54909.482   1047.553 1564322215       0.35     -1.371   38.78732  -72.81502    35.6418  1028.1562    27.0465    11.5501 0.0000e+00
    246.000    11.6041    35.4684  1028.1397     1.4504     2.9991     49.355    0.00399    6.07665    6.07712      8.017    -0.0303   10.99924   4.021785 4.8577e-14    27.0345    27.0285 1.0000e-12    248.020          1      25168    1500.13 2.0586e+03  54915.252   1048.613 1564322216       0.21     -1.024   38.78732  -72.81502    35.6500  1028.1538    27.0487    11.5722 0.0000e+00
    245.000    11.6339    35.4712  1028.1316     1.4534     3.0020     49.415    0.00334    6.07513    6.07558      8.020    -0.0277   10.99672   4.024622 4.8895e-14    27.0310    27.0250 1.0000e-12    247.017          1      25193    1500.21 2.0452e+03  54913.042   1049.657 1564322217      -0.00     -0.964   38.78732  -72.81502    35.6499  1028.1435    27.0430    11.6021 0.0000e+00
    244.000    11.6471    35.4749  1028.1274     1.4568     3.0057     49.482    0.00263    6.07436    6.07481      8.022    -0.0388   10.99544   4.026117 4.9059e-14    27.0314    27.0254 1.0000e-12    245.998          1      25223    1500.25 2.0383e+03  54915.186   1050.931 1564322219       0.16     -0.851   38.78732  -72.81502    35.6524  1028.1383    27.0424    11.6154 0.0000e+00
    243.000    11.6671    35.4793  1028.1224     1.4587     3.0089     49.531    0.00227    6.07468    6.07513      8.022    -0.0277   10.99597   4.028478 4.8842e-14    27.0310    27.0250 1.0000e-12    244.981          1      25248    1500.31 2.0475e+03  54917.171   1051.951 1564322220      -0.25     -0.831   38.78732  -72.81502    35.6571  1028.1335    27.0422    11.6355 0.0000e+00
    242.000    11.6701    35.4786  1028.1168     1.4602     3.0078     49.571    0.00206    6.06765    6.06801      8.021    -0.0276   10.98423   4.028376 4.8641e-14    27.0299    27.0239 1.0000e-12    243.982          1      25264    1500.30 2.0559e+03  54915.145   1052.618 1564322220      -0.53     -1.122   38.78732  -72.81502    35.6536  1028.1258    27.0389    11.6386 0.0000e+00
    241.000    11.6686    35.4792  1028.1130     1.4613     3.0030     49.592    0.00195    6.05543    6.05563      8.021    -0.0372   10.96392   4.028276 4.8498e-14    27.0305    27.0246 1.0000e-12    242.984          1      25279    1500.28 2.0620e+03  54915.511   1053.243 1564322221      -0.40     -1.431   38.78732  -72.81502    35.6545  1028.1223    27.0399    11.6373 0.0000e+00
    240.000    11.6768    35.4806  1028.1081     1.4628     3.0046     49.653    0.00189    6.05126    6.05141      8.021    -0.0518   10.95698   4.029185 4.8452e-14    27.0301    27.0242 1.0000e-12    241.979          1      25296    1500.29 2.0639e+03  54915.559   1053.955 1564322222       0.05     -1.545   38.78732  -72.81501    35.6561  1028.1175    27.0396    11.6455 0.0000e+00
    239.000    11.6754    35.4807  1028.1039     1.4650     3.0085     49.778    0.00211    6.04397    6.04402      8.025    -0.0404   10.94486   4.029011 4.8427e-14    27.0304    27.0245 1.0000e-12    240.964          1      25319    1500.27 2.0650e+03  54915.170   1054.911 1564322222       0.38     -1.280   38.78732  -72.81500    35.6561  1028.1133    27.0399    11.6442 0.0000e+00
    238.000    11.7880    35.4972  1028.0903     1.4693     3.0271     50.119    0.00318    6.03974    6.03974      8.026    -0.0402   10.93782   4.042664 4.8464e-14    27.0219    27.0160 1.0000e-12    239.944          1      25346    1500.66 2.0634e+03  54917.902   1056.036 1564322224       0.15     -0.931   38.78732  -72.81500    35.6834  1028.1079    27.0396    11.7568 0.0000e+00
    237.000    11.8488    35.5025  1028.0781     1.4736     3.0489     50.482    0.00437    6.03966    6.03966      8.029    -0.0410   10.93768   4.048601 4.8543e-14    27.0145    27.0085 1.0000e-12    238.933          1      25367    1500.86 2.0600e+03  54914.242   1056.930 1564322224      -0.23     -0.968   38.78732  -72.81499    35.6840  1028.0921    27.0286    11.8177 0.0000e+00
    236.000    11.8969    35.5083  1028.0687     1.4762     3.0559     50.628    0.00452    6.03603    6.03598      8.030    -0.0309   10.93161   4.053913 4.8706e-14    27.0098    27.0039 1.0000e-12    237.934          1      25384    1501.01 2.0532e+03  54913.529   1057.629 1564322225      -0.36     -1.200   38.78731  -72.81498    35.6907  1028.0834    27.0246    11.8658 0.0000e+00
    235.000    11.9195    35.5089  1028.0602     1.4786     3.0542     50.654    0.00385    6.02955    6.02943      8.030    -0.0281   10.92081   4.055777 4.8891e-14    27.0059    26.9999 1.0000e-12    236.934          1      25401    1501.07 2.0454e+03  54909.659   1058.343 1564322226      -0.14     -1.394   38.78730  -72.81498    35.6877  1028.0722    27.0180    11.8885 0.0000e+00
    234.000    11.9387    35.5119  1028.0543     1.4821     3.0551     50.766    0.00352    6.01788    6.01760      8.029    -0.0276   10.90141   4.057673 4.9052e-14    27.0046    26.9986 1.0000e-12    235.921          1      25424    1501.13 2.0386e+03  54910.061   1059.307 1564322227       0.31     -1.260   38.78730  -72.81498    35.6885  1028.0646    27.0149    11.9078 0.0000e+00
    233.000    11.9573    35.5183  1028.0511     1.4856     3.0598     50.908    0.00337    6.01045    6.01007      8.032    -0.0287   10.88904   4.060481 4.8903e-14    27.0059    27.0000 1.0000e-12    234.896          1      25453    1501.18 2.0449e+03  54915.158   1060.490 1564322228       0.17     -0.873   38.78730  -72.81498    35.6987  1028.0642    27.0192    11.9265 0.0000e+00
    232.000    12.0086    35.5271  1028.0433     1.4867     3.0535     50.818    0.00224    6.00867    6.00828      8.034    -0.0328   10.88608   4.066946 4.8633e-14    27.0029    26.9970 1.0000e-12    233.887          1      25473    1501.35 2.0562e+03  54918.025   1061.315 1564322229      -0.35     -0.962   38.78730  -72.81498    35.7136  1028.0611    27.0209    11.9778 0.0000e+00
    231.000    12.0878    35.5321  1028.0271     1.4873     3.0474     50.743    0.00141    6.00564    6.00521      8.034    -0.0406   10.88104   4.074819 4.8497e-14    26.9915    26.9856 1.0000e-12    232.887          1      25488    1501.61 2.0620e+03  54911.027   1061.944 1564322230      -0.51     -1.255   38.78730  -72.81498    35.7154  1028.0425    27.0070    12.0571 0.0000e+00
    230.000    12.1162    35.5374  1028.0211     1.4879     3.0442     50.728    0.00113    6.00097    6.00048      8.034    -0.0332   10.87326   4.078111 4.8465e-14    26.9903    26.9843 1.0000e-12    231.885          1      25502    1501.69 2.0633e+03  54913.541   1062.547 1564322230      -0.34     -1.522   38.78730  -72.81498    35.7210  1028.0367    27.0059    12.0856 0.0000e+00
