CalculateIndicators/WaterTemperature/Data/CTD_NYOS/NYOS190724_3_5.cnv
* Sea-Bird SBE 9 Data File:
* FileName = C:\Seabird 9 CTD\Data\2019\201907_offshore\NYOS190724_3_5.hex
* Software Version Seasave V 7.23.2
* Temperature SN = 4590
* Conductivity SN = 3228
* Number of Bytes Per Scan = 44
* Number of Voltage Words = 5
* Number of Scans Averaged by the Deck Unit = 1
* NMEA Latitude = 39 27.96 N
* NMEA Longitude = 072 01.88 W
* NMEA UTC (Time) = Jul 24 2019  20:25:22
* NMEA baud rate = 4800
** Ship: Seawolf
** Station: 1.5
** Operator: EIH
# nquan = 35
# nvalues = 1015                        
# units = specified
# name 0 = depSM: Depth [salt water, m]
# name 1 = t090C: Temperature [ITS-90, deg C]
# name 2 = sal00: Salinity, Practical [PSU]
# name 3 = density00: Density [density, kg/m^3]
# name 4 = sbeox0V: Oxygen raw, SBE 43 [V]
# name 5 = sbeox0ML/L: Oxygen, SBE 43 [ml/l]
# name 6 = sbeox0PS: Oxygen, SBE 43 [% saturation]
# name 7 = sbox0dV/dT: Oxygen, SBE 43 [dov/dt]
# name 8 = oxsolML/L: Oxygen Saturation, Garcia & Gordon [ml/l]
# name 9 = oxsatML/L: Oxygen Saturation, Weiss [ml/l]
# name 10 = ph: pH
# name 11 = flECO-AFL: Fluorescence, WET Labs ECO-AFL/FL [mg/m^3]
# name 12 = n2satML/L: Nitrogen Saturation [ml/l]
# name 13 = c0S/m: Conductivity [S/m]
# name 14 = cpar: CPAR/Corrected Irradiance [%]
# name 15 = sigma-é00: Density [sigma-theta, kg/m^3]
# name 16 = sigma-t00: Density [sigma-t, kg/m^3 ]
# name 17 = par: PAR/Irradiance, Biospherical/Licor
# name 18 = prDM: Pressure, Digiquartz [db]
# name 19 = pumps: Pump Status
# name 20 = scan: Scan Count
# name 21 = svCM: Sound Velocity [Chen-Millero, m/s]
# name 22 = spar: SPAR, Biospherical/Licor
# name 23 = specc: Specific Conductance [uS/cm]
# name 24 = timeS: Time, Elapsed [seconds]
# name 25 = timeY: Time, System [seconds]
# name 26 = accM: Acceleration [m/s^2]
# name 27 = dz/dtM: Descent Rate [m/s]
# name 28 = latitude: Latitude [deg]
# name 29 = longitude: Longitude [deg]
# name 30 = gsw_saA0: Absolute Salinity [g/kg]
# name 31 = gsw_densityA0: density, TEOS-10 [density, kg/m^3]
# name 32 = gsw_sigma0A0: density, TEOS-10 [sigma-0, kg/m^3 ]
# name 33 = gsw_ptA0: potential temperature [ITS-90, deg C]
# name 34 = flag: flag
# span 0 =      2.000,    511.000       
# span 1 =     6.2482,    24.3543       
# span 2 =    32.7763,    35.6906       
# span 3 =  1021.9007,  1029.9366       
# span 4 =     1.3974,     2.8639       
# span 5 =     2.9203,     6.4261       
# span 6 =     46.734,    119.456       
# span 7 =   -0.03491,    0.07323       
# span 8 =    4.85053,    6.85014       
# span 9 =    4.83848,    6.86212       
# span 10 =      7.942,      8.305      
# span 11 =    -0.0768,     1.0936      
# span 12 =    8.99209,   12.28130      
# span 13 =   3.488921,   5.109219      
# span 14 = -8.106e-06, 2.9471e+01      
# span 15 =    21.8920,    27.5827      
# span 16 =    21.8919,    27.5766      
# span 17 = -4.329e-05, 2.5495e+02      
# span 18 =      2.024,    515.546      
# span 19 =          1,          1      
# span 20 =          8,      47583      
# span 21 =    1484.29,    1530.77      
# span 22 = 4.6933e+02, 1.0775e+03      
# span 23 =  50067.843,  55823.789      
# span 24 =      0.275,   1982.590      
# span 25 = 1563999925, 1564001907      
# span 26 =      -1.47,       0.56      
# span 27 =     -1.617,      1.204      
# span 28 =   39.46248,   39.46606      
# span 29 =  -72.03984,  -72.03134      
# span 30 =    32.9337,    35.8605      
# span 31 =  1021.9047,  1029.9395      
# span 32 =    21.8961,    27.5856      
# span 33 =     6.2015,    24.3529      
# span 34 = 0.0000e+00, 0.0000e+00      
# interval = meters: 1                  
# start_time = Jul 24 2019 20:25:24 [System UTC, first data scan.]
# bad_flag = -9.990e-29
*END*
[from data line 664]
    352.000     9.6774    35.2548  1028.8080     1.4060     2.9991     47.346   -0.00058    6.33433    6.33829      7.966    -0.0321   11.42754   3.819744 1.3573e-13    27.2128    27.2059 1.0000e-12    355.006          1      28445    1494.83 7.3676e+02  55063.633   1185.160 1564001110       0.18     -0.577   39.46456  -72.03776    35.4297  1028.8170    27.2219     9.6365 0.0000e+00
    351.000     9.7433    35.2607  1028.7965     1.4052     2.9881     47.294   -0.00047    6.31831    6.32204 -9.990e-29    -0.0215   11.40101   3.826505 1.3629e-13    27.2063    27.1994 1.0000e-12    353.991          1      28492    1495.06 7.3377e+02  55056.810   1187.139 1564001112      -0.12     -0.501   39.46454  -72.03776    35.4352  1028.8052    27.2152     9.7024 0.0000e+00
    350.000     9.7894    35.2700  1028.7910     1.4041     2.9831     47.213   -0.00064    6.31827    6.32200 -9.990e-29    -0.0372   11.40093   3.832253 1.4050e-13    27.2058    27.1989 1.0000e-12    352.993          1      28523    1495.22 7.1181e+02  55059.274   1188.435 1564001113      -0.15     -0.718   39.46454  -72.03776    35.4498  1028.8039    27.2187     9.7485 0.0000e+00
    349.000     9.9115    35.2755  1028.7692     1.4023     2.9744     47.126   -0.00043    6.31151    6.31515 -9.990e-29    -0.0290   11.38968   3.843862 1.3841e-13    27.1894    27.1824 1.0000e-12    351.966          1      28596    1495.65 7.2281e+02  55040.071   1191.450 1564001116      -0.05     -0.187   39.46454  -72.03776    35.4501  1028.7779    27.1983     9.8704 0.0000e+00
    348.000     9.8989    35.2761  1028.7673     1.4025     2.9755     47.187   -0.00005    6.30580    6.30936 -9.990e-29    -0.0277   11.38023   3.842668 1.3541e-13    27.1920    27.1850 1.0000e-12    350.970          1      28622    1495.59 7.3852e+02  55042.980   1192.539 1564001117      -0.54     -0.744   39.46454  -72.03778    35.4506  1028.7761    27.2008     9.8579 0.0000e+00
    347.000     9.9210    35.2795  1028.7615 -9.990e-29     2.9752     47.186   -0.00002    6.30532    6.30887 -9.990e-29    -0.0365   11.37943   3.845189 1.3521e-13    27.1909    27.1839 1.0000e-12    349.967          1      28650    1495.66 7.3957e+02  55042.458   1193.688 1564001118       0.07     -0.934   39.46453  -72.03778    35.4554  1028.7714    27.2008     9.8801 0.0000e+00
    346.000     9.9918    35.2843  1028.7481     1.4027     2.9746     47.196    0.00008    6.30255    6.30606      7.969    -0.0346   11.37487   3.852213 1.3522e-13    27.1825    27.1755 1.0000e-12    348.941          1      28727    1495.90 7.3955e+02  55033.307   1196.912 1564001121      -0.05     -0.165   39.46452  -72.03778    35.4588  1028.7568    27.1913     9.9508 0.0000e+00
    345.000     9.9978    35.2836  1028.7420     1.4026     2.9728     47.169   -0.00004    6.30242    6.30592      7.970    -0.0436   11.37466   3.852565 1.3526e-13    27.1810    27.1739 1.0000e-12    347.933          1      28761    1495.90 7.3933e+02  55030.601   1198.345 1564001123      -0.44     -0.672   39.46452  -72.03778    35.4570  1028.7498    27.1889     9.9569 0.0000e+00
    344.000    10.0037    35.2823  1028.7354     1.4031     2.9763     47.227    0.00019    6.30214    6.30564      7.970    -0.0405   11.37421   3.852920 1.3522e-13    27.1789    27.1719 1.0000e-12    346.933          1      28782    1495.91 7.3953e+02  55026.789   1199.208 1564001124      -0.31     -1.003   39.46452  -72.03778    35.4553  1028.7429    27.1865     9.9629 0.0000e+00
    343.000    10.0067    35.2816  1028.7297     1.4024     2.9711     47.144   -0.00007    6.30217    6.30567      7.971    -0.0241   11.37425   3.853003 1.3550e-13    27.1778    27.1708 1.0000e-12    345.932          1      28819    1495.90 7.3803e+02  55024.596   1200.767 1564001125      -0.01     -0.902   39.46452  -72.03779    35.4537  1028.7366    27.1847     9.9660 0.0000e+00
    342.000    10.0067    35.2807  1028.7245 -9.990e-29     2.9642     47.073   -0.00000    6.29698    6.30041 -9.990e-29    -0.0361   11.36563   3.852765 1.3473e-13    27.1771    27.1701 1.0000e-12    344.901          1      28900    1495.88 7.4224e+02  55022.689   1204.123 1564001128      -0.89     -0.500   39.46450  -72.03780    35.4516  1028.7304    27.1831     9.9662 0.0000e+00
    341.000    10.0082    35.2803  1028.7194 -9.990e-29     2.9640     47.087    0.00001    6.29472    6.29812      7.971    -0.0277   11.36194   3.852798 1.3504e-13    27.1765    27.1695 1.0000e-12    343.906          1      28917    1495.87 7.4053e+02  55021.062   1204.832 1564001129      -0.59     -1.078   39.46450  -72.03780    35.4510  1028.7252    27.1824     9.9678 0.0000e+00
    340.000    10.0158    35.2817  1028.7146     1.4007     2.9595     47.022   -0.00021    6.29390    6.29729      7.971    -0.0378   11.36058   3.853772 1.3532e-13    27.1763    27.1694 1.0000e-12    342.905          1      28943    1495.88 7.3898e+02  55020.901   1205.931 1564001130       0.21     -1.085   39.46450  -72.03780    35.4540  1028.7217    27.1834     9.9755 0.0000e+00
    339.000    10.0747    35.2820  1028.6998     1.3986     2.9445     46.802   -0.00089    6.29148    6.29482      7.971    -0.0323   11.35654   3.859326 1.3522e-13    27.1664    27.1594 1.0000e-12    341.876          1      29011    1496.08 7.3954e+02  55008.243   1208.755 1564001133      -0.06     -0.151   39.46450  -72.03782    35.4538  1028.7064    27.1731    10.0344 0.0000e+00
    338.000    10.0788    35.2837  1028.6958     1.3980     2.9445     46.824   -0.00043    6.28838    6.29169      7.971    -0.0337   11.35140   3.859812 1.3472e-13    27.1670    27.1600 1.0000e-12    340.873          1      29055    1496.08 7.4230e+02  55009.165   1210.595 1564001135       0.00     -0.530   39.46448  -72.03782    35.4553  1028.7023    27.1736    10.0385 0.0000e+00
    337.000    10.0923    35.2864  1028.6910     1.3974     2.9414     46.799   -0.00033    6.28516    6.28842 -9.990e-29    -0.0277   11.34605   3.861368 1.3452e-13    27.1667    27.1598 1.0000e-12    339.865          1      29096    1496.11 7.4339e+02  55009.456   1212.307 1564001137      -0.10     -0.580   39.46448  -72.03782    35.4584  1028.6978    27.1737    10.0522 0.0000e+00
    336.000    10.1157    35.2884  1028.6838     1.3976     2.9428     46.853    0.00003    6.28097    6.28418      7.972    -0.0284   11.33908   3.863763 1.3567e-13    27.1643    27.1573 1.0000e-12    338.858          1      29141    1496.18 7.3708e+02  55006.744   1214.167 1564001139       0.09     -0.551   39.46448  -72.03783    35.4606  1028.6908    27.1713    10.0756 0.0000e+00
    335.000    10.1524    35.2926  1028.6759 -9.990e-29     2.9407     46.860    0.00006    6.27563    6.27877      7.973    -0.0327   11.33020   3.867677 1.3484e-13    27.1612    27.1542 1.0000e-12    337.846          1      29200    1496.30 7.4165e+02  55004.325   1216.627 1564001141      -0.04     -0.393   39.46447  -72.03784    35.4653  1028.6833    27.1686    10.1123 0.0000e+00
    334.000    10.2031    35.3003  1028.6683     1.3992     2.9462     47.012    0.00067    6.26678    6.26979      7.975    -0.0303   11.31543   3.873270 1.3463e-13    27.1584    27.1515 1.0000e-12    336.833          1      29279    1496.48 7.4276e+02  55003.929   1219.911 1564001144       0.05     -0.260   39.46446  -72.03782    35.4734  1028.6759    27.1661    10.1631 0.0000e+00
    333.000    10.2253    35.3062  1028.6643     1.4015     2.9542     47.182    0.00116    6.26121    6.26415      7.975    -0.0299   11.30620   3.876032 1.3505e-13    27.1591    27.1522 1.0000e-12    335.818          1      29323    1496.54 7.4048e+02  55006.989   1221.766 1564001146      -0.50     -0.553   39.46445  -72.03782    35.4804  1028.6728    27.1677    10.1853 0.0000e+00
    332.000    10.2590    35.3115  1028.6578     1.4024     2.9552     47.204    0.00101    6.26046    6.26339      7.976    -0.0282   11.30494   3.879798 1.3468e-13    27.1574    27.1504 1.0000e-12    334.830          1      29349    1496.66 7.4253e+02  55006.807   1222.846 1564001147      -0.14     -0.881   39.46444  -72.03782    35.4864  1028.6669    27.1665    10.2191 0.0000e+00
    331.000    10.3075    35.3172  1028.6490     1.4055     2.9603     47.361    0.00112    6.25047    6.25326      7.978    -0.0276   11.28836   3.884792 1.3744e-13    27.1534    27.1464 1.0000e-12    333.800          1      29432    1496.82 7.2758e+02  55004.154   1226.281 1564001151      -0.68     -0.220   39.46444  -72.03782    35.4906  1028.6568    27.1613    10.2675 0.0000e+00
    330.000    10.3366    35.3228  1028.6435     1.4063     2.9599     47.374    0.00096    6.24802    6.25077 -9.990e-29    -0.0322   11.28427   3.888276 1.3630e-13    27.1526    27.1457 1.0000e-12    332.809          1      29456    1496.91 7.3369e+02  55005.410   1227.289 1564001152      -0.19     -0.825   39.46444  -72.03782    35.4981  1028.6528    27.1621    10.2967 0.0000e+00
    329.000    10.3860    35.3234  1028.6304     1.4066     2.9508     47.251    0.00005    6.24508    6.24780 -9.990e-29    -0.0361   11.27938   3.892863 1.3371e-13    27.1444    27.1374 1.0000e-12    331.790          1      29512    1497.07 7.4789e+02  54995.546   1229.641 1564001154       0.16     -0.426   39.46442  -72.03784    35.4971  1028.6386    27.1527    10.3461 0.0000e+00
    328.000    10.4137    35.3272  1028.6238     1.4066     2.9469     47.242    0.00010    6.23783    6.24045 -9.990e-29    -0.0273   11.26730   3.895741 1.3276e-13    27.1425    27.1355 1.0000e-12    330.774          1      29576    1497.16 7.5319e+02  54994.601   1232.289 1564001157      -0.08     -0.369   39.46440  -72.03784    35.4999  1028.6311    27.1500    10.3739 0.0000e+00
    327.000    10.4258    35.3307  1028.6198     1.4074     2.9524     47.347    0.00057    6.23576    6.23835 -9.990e-29    -0.0267   11.26388   3.897304 1.3326e-13    27.1431    27.1361 1.0000e-12    329.772          1      29606    1497.19 7.5041e+02  54996.452   1233.535 1564001158      -0.30     -0.689   39.46440  -72.03784    35.5045  1028.6280    27.1514    10.3860 0.0000e+00
    326.000    10.4605    35.3352  1028.6124     1.4079     2.9519     47.347    0.00040    6.23455    6.23712 -9.990e-29    -0.0442   11.26185   3.901082 1.3296e-13    27.1405    27.1335 1.0000e-12    328.768          1      29639    1497.30 7.5207e+02  54995.143   1234.901 1564001159       0.10     -0.777   39.46440  -72.03784    35.5096  1028.6211    27.1492    10.4208 0.0000e+00
    325.000    10.4930    35.3372  1028.6035     1.4085     2.9513     47.342    0.00022    6.23402    6.23659      7.979    -0.0303   11.26098   3.904154 1.3298e-13    27.1364    27.1293 1.0000e-12    327.747          1      29703    1497.40 7.5201e+02  54990.772   1237.575 1564001162       0.07     -0.283   39.46438  -72.03786    35.5096  1028.6106    27.1435    10.4534 0.0000e+00
    324.000    10.4935    35.3385  1028.5999     1.4086     2.9500     47.321    0.00007    6.23405    6.23662      7.980    -0.0290   11.26103   3.904237 1.3224e-13    27.1373    27.1303 1.0000e-12    326.747          1      29740    1497.39 7.5623e+02  54991.856   1239.107 1564001163      -0.36     -0.621   39.46438  -72.03786    35.5104  1028.6067    27.1440    10.4540 0.0000e+00
    323.000    10.4967    35.3389  1028.5951     1.4080     2.9443     47.230   -0.00030    6.23398    6.23654      7.982    -0.0302   11.26090   3.904464 1.3263e-13    27.1370    27.1300 1.0000e-12    325.733          1      29786    1497.38 7.5397e+02  54991.094   1241.023 1564001165       0.23     -0.555   39.46436  -72.03786    35.5101  1028.6013    27.1432    10.4573 0.0000e+00
    322.000    10.4954    35.3392  1028.5911     1.4076     2.9426     47.202   -0.00031    6.23397    6.23654      7.982    -0.0209   11.26089   3.904293 1.3202e-13    27.1374    27.1305 1.0000e-12    324.722          1      29825    1497.36 7.5743e+02  54991.194   1242.666 1564001167      -0.48     -0.547   39.46436  -72.03787    35.5100  1028.5969    27.1434    10.4561 0.0000e+00
    321.000    10.4963    35.3394  1028.5865     1.4075     2.9437     47.220   -0.00011    6.23410    6.23666      7.982    -0.0327   11.26109   3.904328 1.3170e-13    27.1374    27.1304 1.0000e-12    323.723          1      29855    1497.35 7.5928e+02  54990.576   1243.937 1564001168       0.07     -0.796   39.46436  -72.03788    35.5100  1028.5922    27.1431    10.4572 0.0000e+00
    320.000    10.4960    35.3394  1028.5820     1.4087     2.9535     47.376    0.00063    6.23399    6.23655      7.983    -0.0356   11.26091   3.904209 1.3097e-13    27.1374    27.1305 1.0000e-12    322.695          1      29908    1497.33 7.6354e+02  54989.945   1246.119 1564001171      -0.05     -0.332   39.46434  -72.03788    35.5095  1028.5873    27.1428    10.4570 0.0000e+00
    319.000    10.4951    35.3397  1028.5779     1.4093     2.9526     47.364    0.00047    6.23394    6.23651      7.984    -0.0379   11.26083   3.904107 1.3065e-13    27.1378    27.1309 1.0000e-12    321.707          1      29935    1497.31 7.6538e+02  54989.983   1247.255 1564001172      -0.20     -0.747   39.46434  -72.03788    35.5098  1028.5833    27.1432    10.4562 0.0000e+00
    318.000    10.4967    35.3401  1028.5734 -9.990e-29     2.9444     47.234   -0.00024    6.23363    6.23619 -9.990e-29    -0.0246   11.26032   3.904221 1.2991e-13    27.1378    27.1309 1.0000e-12    320.664          1      30017    1497.30 7.6975e+02  54989.572   1250.653 1564001175      -0.23     -0.122   39.46432  -72.03790    35.5099  1028.5784    27.1429    10.4580 0.0000e+00
    317.000    10.4968    35.3401  1028.5689     1.4089     2.9496     47.318    0.00022    6.23354    6.23610      7.984    -0.0276   11.26017   3.904191 1.2920e-13    27.1377    27.1309 1.0000e-12    319.670          1      30032    1497.28 7.7395e+02  54988.851   1251.307 1564001176      -1.07     -0.738   39.46432  -72.03790    35.5099  1028.5740    27.1429    10.4581 0.0000e+00
    316.000    10.4980    35.3402  1028.5642     1.4095     2.9519     47.356    0.00035    6.23351    6.23607      7.984    -0.0276   11.26011   3.904268 1.2946e-13    27.1376    27.1307 1.0000e-12    318.690          1      30046    1497.27 7.7242e+02  54988.142   1251.862 1564001176      -0.86     -1.318   39.46432  -72.03790    35.5100  1028.5694    27.1427    10.4595 0.0000e+00
    315.000    10.4990    35.3402  1028.5595     1.4088     2.9472     47.281    0.00009    6.23344    6.23600      7.984    -0.0305   11.26000   3.904304 1.2884e-13    27.1374    27.1306 1.0000e-12    317.669          1      30092    1497.26 7.7615e+02  54987.426   1253.792 1564001178       0.07     -0.827   39.46431  -72.03791    35.5099  1028.5645    27.1424    10.4605 0.0000e+00
    314.000    10.4999    35.3407  1028.5552     1.4091     2.9495     47.317    0.00032    6.23347    6.23603 -9.990e-29 -9.990e-29   11.26005   3.904399 1.2847e-13    27.1376    27.1308 1.0000e-12    316.653          1      30149    1497.25 7.7843e+02  54987.234   1256.177 1564001181      -0.45     -0.544   39.46430  -72.03792    35.5103  1028.5602    27.1426    10.4616 0.0000e+00
    313.000    10.5010    35.3405  1028.5504     1.4089     2.9452     47.248   -0.00008    6.23357    6.23613 -9.990e-29 -9.990e-29   11.26022   3.904424 1.2781e-13    27.1373    27.1305 1.0000e-12    315.643          1      30182    1497.23 7.8245e+02  54986.211   1257.551 1564001182       0.05     -0.760   39.46430  -72.03792    35.5100  1028.5552    27.1422    10.4628 0.0000e+00
