CalculateIndicators/WaterTemperature/Data/CTD_NYOS/NYOS190726_5_5.cnv
* Sea-Bird SBE 9 Data File:
* FileName = C:\Seabird 9 CTD\Data\2019\201907_offshore\NYOS190726_5_5.hex
* Software Version Seasave V 7.23.2
* Temperature SN = 4590
* Conductivity SN = 3228
* Number of Bytes Per Scan = 44
* Number of Voltage Words = 5
* Number of Scans Averaged by the Deck Unit = 1
* NMEA Latitude = 39 19.84 N
* NMEA Longitude = 072 40.12 W
* NMEA UTC (Time) = Jul 27 2019  04:35:11
* NMEA baud rate = 4800
** Ship: Seawolf
** Station: 5-5
** Operator: lis
# nquan = 35
# nvalues = 215                         
# units = specified
# name 0 = depSM: Depth [salt water, m]
# name 1 = t090C: Temperature [ITS-90, deg C]
# name 2 = sal00: Salinity, Practical [PSU]
# name 3 = density00: Density [density, kg/m^3]
# name 4 = sbeox0V: Oxygen raw, SBE 43 [V]
# name 5 = sbeox0ML/L: Oxygen, SBE 43 [ml/l]
# name 6 = sbeox0PS: Oxygen, SBE 43 [% saturation]
# name 7 = sbox0dV/dT: Oxygen, SBE 43 [dov/dt]
# name 8 = oxsolML/L: Oxygen Saturation, Garcia & Gordon [ml/l]
# name 9 = oxsatML/L: Oxygen Saturation, Weiss [ml/l]
# name 10 = ph: pH
# name 11 = flECO-AFL: Fluorescence, WET Labs ECO-AFL/FL [mg/m^3]
# name 12 = n2satML/L: Nitrogen Saturation [ml/l]
# name 13 = c0S/m: Conductivity [S/m]
# name 14 = cpar: CPAR/Corrected Irradiance [%]
# name 15 = sigma-é00: Density [sigma-theta, kg/m^3]
# name 16 = sigma-t00: Density [sigma-t, kg/m^3 ]
# name 17 = par: PAR/Irradiance, Biospherical/Licor
# name 18 = prDM: Pressure, Digiquartz [db]
# name 19 = pumps: Pump Status
# name 20 = scan: Scan Count
# name 21 = svCM: Sound Velocity [Chen-Millero, m/s]
# name 22 = spar: SPAR, Biospherical/Licor
# name 23 = specc: Specific Conductance [uS/cm]
# name 24 = timeS: Time, Elapsed [seconds]
# name 25 = timeY: Time, System [seconds]
# name 26 = accM: Acceleration [m/s^2]
# name 27 = dz/dtM: Descent Rate [m/s]
# name 28 = latitude: Latitude [deg]
# name 29 = longitude: Longitude [deg]
# name 30 = gsw_saA0: Absolute Salinity [g/kg]
# name 31 = gsw_densityA0: density, TEOS-10 [density, kg/m^3]
# name 32 = gsw_sigma0A0: density, TEOS-10 [sigma-0, kg/m^3 ]
# name 33 = gsw_ptA0: potential temperature [ITS-90, deg C]
# name 34 = flag: flag
# span 0 =      2.000,    109.000       
# span 1 =     7.3167,    24.6014       
# span 2 =    31.5138,    35.3274       
# span 3 =  1020.8377,  1027.1162       
# span 4 =     1.7023,     2.7790       
# span 5 =     2.8497,     7.1611       
# span 6 =     57.843,    121.555       
# span 7 =   -0.04858,    0.25770       
# span 8 =    4.85314,    6.80377       
# span 9 =    4.84082,    6.81201       
# span 10 =      7.994,      8.207      
# span 11 =    -0.0266,     1.5863      
# span 12 =    9.01031,   12.23394      
# span 13 =   3.349813,   4.798335      
# span 14 = -1.092e+04, 1.0346e+05      
# span 15 =    20.8290,    26.6292      
# span 16 =    20.8289,    26.6261      
# span 17 = -5.753e-05, 1.6307e-01      
# span 18 =      2.016,    109.859      
# span 19 =          0,          1      
# span 20 =        375,      12516      
# span 21 =    1477.79,    1529.71      
# span 22 = -4.904e-01, 4.6552e+00      
# span 23 =  48335.923,  54397.863      
# span 24 =     15.586,    521.438      
# span 25 = 1564202127, 1564202633      
# span 26 =      -0.64,       0.39      
# span 27 =     -1.116,      0.952      
# span 28 =   39.33086,   39.33238      
# span 29 =  -72.67261,  -72.66890      
# span 30 =    31.6638,    35.4952      
# span 31 =  1020.8420,  1027.1208      
# span 32 =    20.8334,    26.6337      
# span 33 =     7.3121,    24.6010      
# span 34 = 0.0000e+00, 0.0000e+00      
# interval = meters: 1                  
# start_time = Jul 27 2019 04:35:12 [System UTC, first data scan.]
# bad_flag = -9.990e-29
*END*
[from data line 83]
     85.000     9.6342    33.6812  1026.3718     2.1257     5.1573     82.049    0.00200    6.28567    6.28775      8.021    -0.0141   11.36199   3.651693 2.5320e-11    25.9847    25.9831 1.0000e-12     85.670          1       3741    1488.31 3.9495e+00  52692.966    155.813 1564202267       0.17      0.787   39.33104  -72.66977    33.8563  1026.3871    26.0000     9.6247 0.0000e+00
     86.000     9.8757    33.7850  1026.4168     2.1220     5.0951     81.377   -0.00163    6.26105    6.26282      8.021    -0.0006   11.32082   3.687183 2.5320e-11    26.0256    26.0239 1.0000e-12     86.672          1       3769    1489.33 3.9495e+00  52790.874    156.995 1564202269      -0.02      0.868   39.33104  -72.66978    33.9932  1026.4574    26.0663     9.8659 0.0000e+00
     87.000    10.4541    33.9723  1026.4677     2.1188     5.0565     81.130   -0.00215    6.23254    6.23398      8.034     0.0006   11.27280   3.759382 2.5320e-11    26.0732    26.0715 1.0000e-12     87.685          1       3810    1491.65 3.9495e+00  52942.571    158.719 1564202270      -0.16      0.613   39.33104  -72.66979    34.1847  1026.5112    26.1167    10.4438 0.0000e+00
     88.000    10.7676    34.0619  1026.4866     2.1158     5.0531     81.068   -0.00155    6.23316    6.23462      8.042    -0.0103   11.27373   3.796334 -9.990e-29    26.0882    26.0864 1.0000e-12     88.693          1       3855    1492.88 3.9495e+00  53010.011    160.579 1564202272       0.05      0.540   39.33104  -72.66980    34.2633  1026.5213    26.1230    10.7570 0.0000e+00
     89.000    10.8822    34.1044  1026.5037     2.1134     5.0327     80.961   -0.00138    6.21615    6.21742      8.046    -0.0031   11.24506   3.809580 2.5320e-11    26.1011    26.0991 1.0000e-12     89.701          1       3899    1493.36 3.9495e+00  53049.232    162.432 1564202274      -0.04      0.547   39.33104  -72.66981    34.2888  1026.5251    26.1226    10.8713 0.0000e+00
     90.000    10.8869    34.1220  1026.5211     2.1118     5.0067     80.927   -0.00085    6.18660    6.18752      8.047     0.0116   11.19540   3.811828 2.5320e-11    26.1140    26.1121 1.0000e-12     90.711          1       3943    1493.41 3.9495e+00  53073.673    164.249 1564202276       0.06      0.548   39.33104  -72.66982    34.3065  1026.5425    26.1355    10.8759 0.0000e+00
     91.000    11.0161    34.1675  1026.5377     2.1100     4.9850     80.802   -0.00106    6.16939    6.17012      8.051     0.0142   11.16651   3.829034 2.5320e-11    26.1263    26.1243 1.0000e-12     91.720          1       3980    1493.94 3.9495e+00  53114.641    165.792 1564202277       0.06      0.640   39.33105  -72.66983    34.3574  1026.5632    26.1518    11.0050 0.0000e+00
     92.000    11.1585    34.2156  1026.5536     2.1044     4.9474     80.225   -0.00351    6.16691    6.16760      8.051     0.0072   11.16228   3.847871 2.5320e-11    26.1380    26.1360 1.0000e-12     92.723          1       4011    1494.51 3.9495e+00  53157.317    167.068 1564202279       0.09      0.757   39.33106  -72.66984    34.4119  1026.5839    26.1684    11.1471 0.0000e+00
     93.000    11.2997    34.2593  1026.5662     2.1021     4.9291     80.301   -0.00179    6.13838    6.13876      8.052    -0.0056   11.11427   3.864169 -9.990e-29    26.1464    26.1443 1.0000e-12     93.732          1       4053    1495.07 3.9495e+00  53194.233    168.835 1564202280      -0.17      0.601   39.33106  -72.66984    34.4419  1026.5858    26.1660    11.2880 0.0000e+00
     94.000    11.3643    34.2883  1026.5814     2.1034     4.9179     80.688    0.00114    6.09490    6.09478      8.056    -0.0067   11.04107   3.873806 2.5320e-11    26.1572    26.1550 1.0000e-12     94.744          1       4103    1495.35 3.9495e+00  53223.982    170.908 1564202283       0.14      0.472   39.33106  -72.66986    34.4768  1026.6054    26.1813    11.3525 0.0000e+00
     95.000    11.6319    34.3809  1026.6078     2.0962     4.8597     79.718   -0.00402    6.09608    6.09599      8.061    -0.0081   11.04295   3.909872 2.5320e-11    26.1798    26.1776 1.0000e-12     95.750          1       4139    1496.40 3.9495e+00  53308.857    172.402 1564202284       0.07      0.657   39.33106  -72.66987    34.5834  1026.6424    26.2144    11.6197 0.0000e+00
     96.000    11.8158    34.4476  1026.6294     2.0906     4.8288     79.380   -0.00446    6.08317    6.08294      8.063     0.0011   11.02122   3.932172 2.5320e-11    26.1972    26.1949 1.0000e-12     96.758          1       4175    1497.13 3.9495e+00  53371.213    173.908 1564202285      -0.03      0.678   39.33106  -72.66988    34.6312  1026.6492    26.2171    11.8035 0.0000e+00
     97.000    11.8128    34.4583  1026.6428     2.0885     4.8422     79.686   -0.00107    6.07658    6.07627      8.064     0.0015   11.01014   3.932751 2.5320e-11    26.2061    26.2038 1.0000e-12     97.768          1       4212    1497.15 3.9495e+00  53387.126    175.450 1564202287       0.03      0.643   39.33106  -72.66989    34.6393  1026.6606    26.2240    11.8002 0.0000e+00
     98.000    11.9014    34.4890  1026.6543     2.0874     4.8159     79.590   -0.00122    6.05085    6.05025      8.064     0.0024   10.96693   3.944566 2.5320e-11    26.2133    26.2109 1.0000e-12     98.770          1       4246    1497.51 3.9495e+00  53416.184    176.875 1564202288      -0.01      0.710   39.33106  -72.66990    34.6723  1026.6737    26.2328    11.8887 0.0000e+00
     99.000    12.0246    34.5280  1026.6653     2.0858     4.7819     79.536   -0.00078    6.01206    6.01102      8.066     0.0140   10.90166   3.960809 2.5320e-11    26.2202    26.2177 1.0000e-12     99.784          1       4298    1497.99 3.6870e+00  53450.833    179.043 1564202291      -0.10      0.451   39.33108  -72.66990    34.7162  1026.6885    26.2434    12.0117 0.0000e+00
    100.000    12.2539    34.5891  1026.6729     2.0840     4.7181     79.402   -0.00065    5.94204    5.94025      8.070     0.0174   10.78374   3.988593 -9.990e-29    26.2238    26.2212 1.0000e-12    100.794          1       4345    1498.86 3.4755e+00  53500.065    180.989 1564202293       0.14      0.517   39.33108  -72.66992    34.7738  1026.6932    26.2441    12.2407 0.0000e+00
    101.000    12.4282    34.6688  1026.7050     2.0729     4.6406     78.294   -0.00544    5.92715    5.92520      8.072     0.0212   10.75864   4.017019 -9.990e-29    26.2518    26.2492 1.0000e-12    101.800          1       4375    1499.56 3.9492e+00  53583.998    182.270 1564202294       0.17      0.723   39.33108  -72.66992    34.8874  1026.7512    26.2980    12.4147 0.0000e+00
    102.000    12.8242    34.8025  1026.7344     2.0565     4.5331     76.661   -0.01258    5.91308    5.91098      8.072     0.0115   10.73481   4.067914 -9.990e-29    26.2776    26.2749 1.0000e-12    102.800          1       4405    1501.07 3.9495e+00  53710.150    183.497 1564202295      -0.02      0.834   39.33108  -72.66993    35.0108  1026.7722    26.3155    12.8103 0.0000e+00
    103.000    13.0850    34.9000  1026.7618     2.0318     4.4648     75.631   -0.01083    5.90344    5.90124      8.072    -0.0138   10.71843   4.102061 -9.990e-29    26.3012    26.2983 1.0000e-12    103.817          1       4459    1502.07 3.9495e+00  53807.269    185.762 1564202297      -0.14      0.417   39.33108  -72.66994    35.0963  1026.7901    26.3295    13.0708 0.0000e+00
    104.000    13.1913    34.9492  1026.7828     2.0158     4.4348     75.162   -0.00800    5.90033    5.89812      8.072    -0.0028   10.71288   4.116717 2.7543e-11    26.3179    26.3149 1.0000e-12    104.824          1       4507    1502.50 3.3523e+00  53860.663    187.746 1564202299       0.10      0.524   39.33108  -72.66996    35.1375  1026.8047    26.3398    13.1768 0.0000e+00
    105.000    13.2147    34.9721  1026.8002     2.0073     4.4346     75.086   -0.00508    5.90600    5.90389      8.071    -0.0040   10.72183   4.121049 3.8831e+04    26.3309    26.3279 1.0000e-12    105.833          1       4546    1502.62 2.4215e+00  53889.488    189.391 1564202301       0.02      0.609   39.33109  -72.66997    35.1568  1026.8193    26.3500    13.2000 0.0000e+00
    106.000    13.2224    35.0037  1026.8275     1.9937     4.3781     74.051   -0.00834    5.91224    5.91024      8.068    -0.0214   10.73163   4.124773 9.1194e+04    26.3538    26.3508 1.0000e-12    106.841          1       4582    1502.70 2.3136e-01  53932.502    190.870 1564202302       0.07      0.664   39.33110  -72.66998    35.1847  1026.8436    26.3700    13.2076 0.0000e+00
    107.000    13.1730    35.0367  1026.8676     1.9774     4.3039     72.859   -0.01171    5.90720    5.90524      8.065    -0.0266   10.72178   4.122705 -5.708e+01    26.3894    26.3864 1.0000e-12    107.846          1       4614    1502.59 3.9438e+00  53985.658    192.209 1564202304       0.03      0.745   39.33110  -72.67000    35.2103  1026.8780    26.3997    13.1581 0.0000e+00
    108.000    13.1039    35.0919  1026.9290     1.9454     4.1640     70.436   -0.01894    5.91181    5.90986      8.063    -0.0125   10.73017   4.122242 7.1823e+04    26.4462    26.4432 1.0000e-12    108.852          1       4651    1502.45 1.0695e+00  54072.225    193.745 1564202305      -0.09      0.683   39.33110  -72.67000    35.2698  1026.9423    26.4595    13.0888 0.0000e+00
    109.000    13.1019    35.3274  1027.1162     1.8564     4.0062     67.734   -0.00366    5.91446    5.91248      8.055    -0.0190   10.73555   4.145656 -1.092e+04    26.6292    26.6261 1.0000e-12    109.859          1       4885    1502.74 4.6552e+00  54397.863    203.518 1564202315      -0.14     -0.181   39.33112  -72.67005    35.4952  1027.1208    26.6337    13.0867 0.0000e+00
    108.000    13.0904    35.0553  1026.9034     1.9361     4.3713     73.938    0.01591    5.91207    5.91005      8.066    -0.0119   10.73163   4.115573 -6.578e+03    26.4206    26.4175 1.0000e-12    108.860          1       5071    1502.36 4.1658e+00  54023.614    211.242 1564202323      -0.07     -0.307   39.33114  -72.67010    35.2185  1026.9056    26.4227    13.0754 0.0000e+00
    107.000    13.1300    35.0594  1026.8940     1.9567     4.3515     73.721    0.00535    5.90273    5.90054      8.077    -0.0111   10.71700   4.120499 2.5320e-11    26.4157    26.4127 1.0000e-12    107.849          1       5288    1502.48 3.9495e+00  54023.034    220.287 1564202332      -0.64     -0.707   39.33116  -72.67016    35.2293  1026.9013    26.4230    13.1151 0.0000e+00
    106.000    13.1882    35.0331  1026.8573     1.9687     4.4139     74.760    0.00930    5.90415    5.90197      8.079    -0.0058   10.71950   4.123231 2.5320e-11    26.3836    26.3806 1.0000e-12    106.847          1       5317    1502.62 3.9495e+00  53977.930    221.494 1564202333       0.04     -0.980   39.33116  -72.67017    35.2018  1026.8638    26.3900    13.1734 0.0000e+00
    105.000    13.2047    34.9832  1026.8108     1.9885     4.4818     75.774    0.00954    5.91470    5.91263      8.085    -0.0097   10.73746   4.119353 2.5320e-11    26.3415    26.3385 1.0000e-12    105.830          1       5367    1502.60 3.9495e+00  53906.182    223.582 1564202335       0.20     -0.486   39.33116  -72.67018    35.1499  1026.8159    26.3467    13.1900 0.0000e+00
    104.000    13.1968    34.9691  1026.7970     2.0004     4.5189     75.976    0.00587    5.94778    5.94604      8.087     0.0117   10.79346   4.117058 2.5320e-11    26.3322    26.3292 1.0000e-12    104.815          1       5413    1502.54 3.9495e+00  53887.302    225.501 1564202337      -0.31     -0.500   39.33118  -72.67020    35.1357  1026.8021    26.3373    13.1823 0.0000e+00
    103.000    13.1594    34.9425  1026.7796     2.0103     4.5640     76.618    0.00710    5.95687    5.95523      8.088     0.0022   10.80887   4.109369 -9.990e-29    26.3192    26.3163 1.0000e-12    103.819          1       5437    1502.37 3.9495e+00  53855.600    226.499 1564202338      -0.28     -0.863   39.33118  -72.67020    35.0974  1026.7758    26.3153    13.1451 0.0000e+00
    102.000    12.9716    34.8575  1026.7474     2.0272     4.6894     78.148    0.01252    6.00055    5.99938      8.090     0.0027   10.88243   4.081607 -9.990e-29    26.2909    26.2881 1.0000e-12    102.810          1       5468    1501.63 3.9495e+00  53764.103    227.800 1564202339       0.18     -0.856   39.33118  -72.67022    35.0058  1026.7389    26.2824    12.9576 0.0000e+00
    101.000    12.8173    34.7807  1026.7145     2.0447     4.7666     78.803    0.01015    6.04874    6.04811      8.090     0.0212   10.96343   4.058450 3.7799e+03    26.2622    26.2594 1.0000e-12    101.799          1       5508    1501.01 3.6534e+00  53680.193    229.478 1564202341       0.03     -0.600   39.33118  -72.67023    34.9268  1026.7045    26.2521    12.8035 0.0000e+00
    100.000    12.4013    34.6385  1026.6823     2.0657     4.8788     80.209    0.01278    6.08266    6.08243      8.087     0.0212   11.02021   4.001202 9.0296e+04    26.2335    26.2309 1.0000e-12    100.790          1       5549    1499.42 2.7818e-01  53545.697    231.158 1564202343       0.01     -0.600   39.33118  -72.67024    34.7594  1026.6533    26.2044    12.3879 0.0000e+00
     99.000    12.1244    34.5555  1026.6675     2.0798     4.9098     80.532    0.00951    6.09673    6.09666      8.087     0.0115   11.04382   3.967301 -1.007e+03    26.2225    26.2200 1.0000e-12     99.781          1       5585    1498.37 3.9904e+00  53473.100    232.684 1564202344      -0.07     -0.644   39.33118  -72.67026    34.6869  1026.6467    26.2018    12.1114 0.0000e+00
     98.000    11.9087    34.5059  1026.6660     2.0883     4.9194     80.619    0.00672    6.10205    6.10204      8.087     0.0141   11.05292   3.941919 2.5320e-11    26.2251    26.2227 1.0000e-12     98.777          1       5620    1497.55 3.9495e+00  53438.683    234.142 1564202346       0.03     -0.700   39.33119  -72.67026    34.6396  1026.6470    26.2061    11.8960 0.0000e+00
     97.000    11.7981    34.4740  1026.6578     2.0902     4.9197     80.068    0.00112    6.14445    6.14490      8.083    -0.0006   11.12438   3.929027 2.5320e-11    26.2211    26.2187 1.0000e-12     97.763          1       5664    1497.12 3.9495e+00  53411.408    235.968 1564202348       0.05     -0.545   39.33120  -72.67028    34.6164  1026.6456    26.2090    11.7856 0.0000e+00
     96.000    11.7665    34.4491  1026.6399     2.0906     4.9201     79.882   -0.00062    6.15917    6.15979      8.080     0.0106   11.14913   3.922800 2.5320e-11    26.2077    26.2054 1.0000e-12     96.752          1       5697    1496.96 3.9495e+00  53381.636    237.341 1564202349      -0.24     -0.663   39.33120  -72.67028    34.5850  1026.6229    26.1906    11.7541 0.0000e+00
     95.000    11.5936    34.3668  1026.6040     2.0957     4.9725     80.646    0.00346    6.16585    6.16654      8.080     0.0023   11.16036   3.896692 -9.990e-29    26.1758    26.1736 1.0000e-12     95.753          1       5721    1496.25 3.9495e+00  53294.733    238.315 1564202350      -0.23     -0.925   39.33120  -72.67028    34.4891  1026.5767    26.1486    11.5815 0.0000e+00
     94.000    11.4161    34.3196  1026.5960     2.0997     4.9888     80.878    0.00377    6.16830    6.16902      8.079    -0.0071   11.16452   3.876449 -9.990e-29    26.1720    26.1699 1.0000e-12     94.748          1       5752    1495.56 3.9495e+00  53259.005    239.613 1564202351       0.20     -0.871   39.33120  -72.67031    34.4546  1026.5786    26.1546    11.4043 0.0000e+00
     93.000    11.3222    34.2826  1026.5802     2.0995     4.9879     80.346   -0.00068    6.20809    6.20927      8.077     0.0004   11.23152   3.864800 2.5320e-11    26.1604    26.1583 1.0000e-12     93.729          1       5804    1495.18 3.9495e+00  53222.651    241.809 1564202353       0.03     -0.402   39.33121  -72.67032    34.4271  1026.5702    26.1505    11.3105 0.0000e+00
