CalculateIndicators/WaterTemperature/Data/CTD_NYOS/NYOS190724_1.4.cnv
* Sea-Bird SBE 9 Data File:
* FileName = C:\Seabird 9 CTD\Data\2019\201907_offshore\NYOS190724_1.4.hex
* Software Version Seasave V 7.23.2
* Temperature SN = 4590
* Conductivity SN = 3228
* Number of Bytes Per Scan = 44
* Number of Voltage Words = 5
* Number of Scans Averaged by the Deck Unit = 1
* NMEA Latitude = 40 05.80 N
* NMEA Longitude = 071 34.13 W
* NMEA UTC (Time) = Jul 24 2019  12:12:39
* NMEA baud rate = 4800
** Ship: Seawolf
** Station: 1.4
** Operator: EIH
** rough
# nquan = 35
# nvalues = 170                         
# units = specified
# name 0 = depSM: Depth [salt water, m]
# name 1 = t090C: Temperature [ITS-90, deg C]
# name 2 = sal00: Salinity, Practical [PSU]
# name 3 = density00: Density [density, kg/m^3]
# name 4 = sbeox0V: Oxygen raw, SBE 43 [V]
# name 5 = sbeox0ML/L: Oxygen, SBE 43 [ml/l]
# name 6 = sbeox0PS: Oxygen, SBE 43 [% saturation]
# name 7 = sbox0dV/dT: Oxygen, SBE 43 [dov/dt]
# name 8 = oxsolML/L: Oxygen Saturation, Garcia & Gordon [ml/l]
# name 9 = oxsatML/L: Oxygen Saturation, Weiss [ml/l]
# name 10 = ph: pH
# name 11 = flECO-AFL: Fluorescence, WET Labs ECO-AFL/FL [mg/m^3]
# name 12 = n2satML/L: Nitrogen Saturation [ml/l]
# name 13 = c0S/m: Conductivity [S/m]
# name 14 = cpar: CPAR/Corrected Irradiance [%]
# name 15 = sigma-é00: Density [sigma-theta, kg/m^3]
# name 16 = sigma-t00: Density [sigma-t, kg/m^3 ]
# name 17 = par: PAR/Irradiance, Biospherical/Licor
# name 18 = prDM: Pressure, Digiquartz [db]
# name 19 = pumps: Pump Status
# name 20 = scan: Scan Count
# name 21 = svCM: Sound Velocity [Chen-Millero, m/s]
# name 22 = spar: SPAR, Biospherical/Licor
# name 23 = specc: Specific Conductance [uS/cm]
# name 24 = timeS: Time, Elapsed [seconds]
# name 25 = timeY: Time, System [seconds]
# name 26 = accM: Acceleration [m/s^2]
# name 27 = dz/dtM: Descent Rate [m/s]
# name 28 = latitude: Latitude [deg]
# name 29 = longitude: Longitude [deg]
# name 30 = gsw_saA0: Absolute Salinity [g/kg]
# name 31 = gsw_densityA0: density, TEOS-10 [density, kg/m^3]
# name 32 = gsw_sigma0A0: density, TEOS-10 [sigma-0, kg/m^3 ]
# name 33 = gsw_ptA0: potential temperature [ITS-90, deg C]
# name 34 = flag: flag
# span 0 =      1.000,     86.000       
# span 1 =     7.4723,    21.8290       
# span 2 =    32.4148,    34.1944       
# span 3 =  1022.3310,  1026.5568       
# span 4 =     2.0946,     2.8800       
# span 5 =     4.9862,     7.9112       
# span 6 =     80.015,    126.532       
# span 7 =   -0.04549,    0.06735       
# span 8 =    5.08130,    6.76905       
# span 9 =    5.07014,    6.77700       
# span 10 =      8.005,      8.268      
# span 11 =    -0.0260,     2.0480      
# span 12 =    9.37984,   12.17412      
# span 13 =   3.377509,   4.657908      
# span 14 = -3.362e-05, 5.4903e+01      
# span 15 =    22.3216,    26.1677      
# span 16 =    22.3212,    26.1659      
# span 17 = -1.087e-04, 1.3876e+02      
# span 18 =      1.021,     86.665      
# span 19 =          1,          1      
# span 20 =        306,      17465      
# span 21 =    1478.71,    1523.77      
# span 22 = 2.1281e+02, 3.5088e+02      
# span 23 =  49639.551,  53169.324      
# span 24 =     12.711,    727.678      
# span 25 = 1563970374, 1563971090      
# span 26 =      -0.99,       0.75      
# span 27 =     -1.199,      1.040      
# span 28 =   40.09491,   40.09678      
# span 29 =  -71.56957,  -71.56888      
# span 30 =    32.3881,    34.3588      
# span 31 =  1022.3362,  1026.5623      
# span 32 =    22.3266,    26.1734      
# span 33 =     7.4668,    21.8288      
# span 34 = 0.0000e+00, 0.0000e+00      
# interval = meters: 1                  
# start_time = Jul 24 2019 12:12:42 [System UTC, first data scan.]
# bad_flag = -9.990e-29
*END*
[from data line 42]
     44.000     7.6245    32.8150  1025.8153     2.2385     5.9099     87.582    0.00009    6.74779    6.75533      8.046     0.1395   12.14000   3.385818 3.7854e-02    25.6125    25.6119 1.2690e-01     44.348          1       1925    1479.06 3.3518e+02  51891.487     80.177 1563970442       0.25      0.472   40.09662  -71.56896    32.9681  1025.8158    25.6129     7.6203 0.0000e+00
     45.000     7.6433    32.8204  1025.8215     2.2365     5.8875     87.260   -0.00148    6.74706    6.75459      8.043     0.1482   12.13878   3.388101 3.0988e-02    25.6140    25.6134 1.0358e-01     45.350          1       1957    1479.16 3.3428e+02  51895.192     81.504 1563970443       0.03      0.744   40.09662  -71.56896    32.9745  1025.8227    25.6153     7.6390 0.0000e+00
     46.000     7.6488    32.8206  1025.8254     2.2362     5.9006     87.447   -0.00023    6.74761    6.75515      8.041     0.1286   12.13963   3.388679 3.0969e-02    25.6135    25.6128 1.0277e-01     46.362          1       1999    1479.19 3.3168e+02  51894.845     83.245 1563970445      -0.09      0.588   40.09660  -71.56896    32.9750  1025.8270    25.6150     7.6444 0.0000e+00
     47.000     7.6524    32.8225  1025.8311     2.2362     5.9040     87.509    0.00015    6.74679    6.75432      8.040     0.0995   12.13823   3.389213 2.1283e-02    25.6144    25.6138 7.0171e-02     47.374          1       2037    1479.23 3.2973e+02  51897.345     84.830 1563970447       0.13      0.608   40.09660  -71.56896    32.9769  1025.8326    25.6160     7.6479 0.0000e+00
     48.000     7.6478    32.8243  1025.8377     2.2339     5.8821     87.181   -0.00131    6.74703    6.75457      8.037     0.1054   12.13865   3.389038 8.0761e-03    25.6165    25.6159 2.6633e-02     48.377          1       2064    1479.23 3.2978e+02  51901.690     85.947 1563970448       0.21      0.811   40.09660  -71.56897    32.9789  1025.8394    25.6182     7.6432 0.0000e+00
     49.000     7.6495    32.8288  1025.8457     2.2328     5.8810     87.159   -0.00122    6.74743    6.75499      8.035     0.0963   12.13917   3.389693 4.9214e-03    25.6199    25.6192 1.6111e-02     49.377          1       2105    1479.26 3.2844e+02  51908.432     87.675 1563970449       0.11      0.653   40.09660  -71.56896    32.9839  1025.8476    25.6219     7.6448 0.0000e+00
     50.000     7.6413    32.8329  1025.8547     2.2302     5.8779     87.086   -0.00097    6.74953    6.75714      8.033     0.0817   12.14242   3.389335 9.7829e-04    25.6242    25.6236 3.1638e-03     50.392          1       2165    1479.25 3.2229e+02  51916.892     90.147 1563970452       0.75      0.500   40.09660  -71.56898    32.9873  1025.8561    25.6257     7.6366 0.0000e+00
     51.000     7.6406    32.8507  1025.8734     2.2260     5.8405     86.439   -0.00409    6.75678    6.76450      8.032     0.0668   12.15442   3.391441 -3.362e-05    25.6384    25.6377 -1.087e-04     51.403          1       2190    1479.28 3.2385e+02  51943.199     91.202 1563970453       0.10      0.964   40.09658  -71.56898    33.0102  1025.8788    25.6437     7.6358 0.0000e+00
     52.000     7.6434    32.8584  1025.8836     2.2253     5.8702     86.804   -0.00146    6.76265    6.77047      8.032     0.0574   12.16397   3.391853 1.4574e-03    25.6440    25.6433 4.7199e-03     52.404          1       2222    1479.32 3.2350e+02  51954.043     92.556 1563970454      -0.24      0.820   40.09658  -71.56898    33.0116  1025.8840    25.6444     7.6385 0.0000e+00
     53.000     7.5557    32.8555  1025.8985     2.2252     5.8879     87.042    0.00003    6.76439    6.77226      8.030     0.0224   12.16649   3.383660 2.6748e-06    25.6541    25.6534 8.6662e-06     53.419          1       2273    1479.00 3.2226e+02  51972.336     94.677 1563970457      -0.03      0.451   40.09658  -71.56898    33.0058  1025.8965    25.6522     7.5507 0.0000e+00
     54.000     7.5523    32.8873  1025.9285     2.2234     5.8777     86.833   -0.00086    6.76905    6.77700      8.027     0.0275   12.17412   3.387292 -1.365e-06    25.6796    25.6789 -4.421e-06     54.431          1       2311    1479.04 3.2009e+02  52019.418     96.248 1563970458       0.35      0.564   40.09658  -71.56898    33.0479  1025.9346    25.6856     7.5472 0.0000e+00
     55.000     7.5431    32.8904  1025.9369     2.2184     5.8270     86.187   -0.00347    6.76079    6.76860      8.026     0.0249   12.16077   3.385710 3.1259e-13    25.6832    25.6825 1.0000e-12     55.431          1       2334    1479.02 3.1991e+02  52026.313     97.203 1563970459       0.27      0.934   40.09658  -71.56898    33.0390  1025.9335    25.6799     7.5379 0.0000e+00
     56.000     7.4925    32.8989  1025.9553     2.2135     5.8163     85.975   -0.00344    6.76510    6.77303      8.021     0.0166   12.16723   3.382610 3.1623e-13    25.6971    25.6964 1.0000e-12     56.431          1       2378    1478.86 3.1629e+02  52052.051     99.042 1563970461       0.20      0.662   40.09656  -71.56898    33.0532  1025.9563    25.6981     7.4872 0.0000e+00
     57.000     7.5205    32.9227  1025.9747     2.2073     5.8026     85.763   -0.00291    6.76576    6.77375      8.014    -0.0026   12.16776   3.387091 3.2106e-13    25.7119    25.7111 1.0000e-12     57.451          1       2438    1479.01 3.1149e+02  52079.364    101.523 1563970463       0.60      0.567   40.09656  -71.56899    33.0746  1025.9738    25.7110     7.5151 0.0000e+00
     58.000     7.4723    32.9401  1025.9998     2.1997     5.7407     84.934   -0.00596    6.75896    6.76688      8.013    -0.0166   12.15619   3.384976 3.1702e-13    25.7324    25.7317 1.0000e-12     58.457          1       2462    1478.87 3.1544e+02  52117.525    102.556 1563970464       0.15      0.936   40.09656  -71.56900    33.0971  1026.0028    25.7354     7.4668 0.0000e+00
     59.000     7.4823    32.9560  1026.0155     2.1896     5.6730     84.012   -0.00876    6.75253    6.76037      8.013    -0.0175   12.14532   3.387191 3.1714e-13    25.7435    25.7427 1.0000e-12     59.461          1       2487    1478.94 3.1533e+02  52137.957    103.573 1563970465       0.01      0.993   40.09656  -71.56899    33.1112  1026.0170    25.7450     7.4767 0.0000e+00
     60.000     7.5084    32.9935  1026.0459     2.1749     5.6074     83.148   -0.00964    6.74383    6.75157      8.009    -0.0151   12.13067   3.393416 3.2064e-13    25.7693    25.7685 1.0000e-12     60.468          1       2523    1479.10 3.1189e+02  52185.580    105.102 1563970467      -0.24      0.743   40.09656  -71.56898    33.1532  1026.0508    25.7743     7.5027 0.0000e+00
     61.000     7.5794    33.0354  1026.0734     2.1575     5.5612     82.598   -0.00746    6.73276    6.74036      8.007    -0.0087   12.11215   3.403733 3.2771e-13    25.7923    25.7915 1.0000e-12     61.488          1       2577    1479.45 3.0515e+02  52228.216    107.323 1563970469       0.13      0.388   40.09654  -71.56900    33.1967  1026.0794    25.7983     7.5737 0.0000e+00
     62.000     7.6260    33.0559  1026.0874     2.1489     5.5272     82.184   -0.00731    6.72537    6.73288      8.005    -0.0153   12.09964   3.409960 3.2731e-13    25.8018    25.8010 1.0000e-12     62.485          1       2606    1479.67 3.0553e+02  52246.325    108.548 1563970470       0.25      0.720   40.09654  -71.56900    33.2192  1026.0949    25.8094     7.6201 0.0000e+00
     63.000     7.6865    33.0725  1026.0964     2.1437     5.5190     82.637   -0.00218    6.67867    6.68557      8.005    -0.0212   12.02146   3.416833 3.2559e-13    25.8063    25.8055 1.0000e-12     63.501          1       2658    1479.93 3.0714e+02  52255.769    110.710 1563970473      -0.26      0.454   40.09654  -71.56900    33.2352  1026.1035    25.8134     7.6804 0.0000e+00
     64.000     7.7805    33.1193  1026.1242     2.1418     5.5202     82.705   -0.00107    6.67452    6.68136      8.007    -0.0214   12.01464   3.430743 3.2669e-13    25.8296    25.8287 1.0000e-12     64.504          1       2693    1480.37 3.0610e+02  52299.863    112.148 1563970474       0.52      0.654   40.09652  -71.56900    33.2950  1026.1412    25.8467     7.7743 0.0000e+00
     65.000     7.9690    33.1725  1026.1430     2.1385     5.4858     82.218   -0.00329    6.67225    6.67906      8.008    -0.0230   12.01089   3.452963 3.2826e-13    25.8442    25.8432 1.0000e-12     65.513          1       2717    1481.17 3.0464e+02  52330.331    113.187 1563970475       0.09      0.976   40.09652  -71.56900    33.3536  1026.1642    25.8654     7.9627 0.0000e+00
     66.000     8.0258    33.1684  1026.1361     2.1393     5.5137     82.652   -0.00057    6.67097    6.67776      8.007    -0.0164   12.00873   3.456565 3.3285e-13    25.8327    25.8318 1.0000e-12     66.513          1       2751    1481.40 3.0045e+02  52311.663    114.563 1563970476      -0.23      0.815   40.09652  -71.56900    33.3376  1026.1479    25.8446     8.0193 0.0000e+00
     67.000     8.0573    33.1771  1026.1428     2.1460     5.5553     83.377    0.00197    6.66290    6.66960      8.009    -0.0236   11.99509   3.459835 3.3332e-13    25.8350    25.8340 1.0000e-12     67.532          1       2842    1481.54 3.0002e+02  52317.220    118.362 1563970480       0.72      0.242   40.09652  -71.56900    33.3422  1026.1515    25.8436     8.0507 0.0000e+00
     68.000     8.0711    33.1791  1026.1469     2.1445     5.5272     82.997   -0.00009    6.65957    6.66621      8.009    -0.0165   11.98973   3.461109 3.3339e-13    25.8345    25.8335 1.0000e-12     68.536          1       2868    1481.61 2.9996e+02  52317.251    119.452 1563970481       0.20      0.871   40.09652  -71.56900    33.3423  1026.1541    25.8417     8.0643 0.0000e+00
     69.000     8.0721    33.1813  1026.1531     2.1406     5.4948     82.392   -0.00305    6.66908    6.67585      8.009    -0.0245   12.00560   3.461437 3.3600e-13    25.8361    25.8351 1.0000e-12     69.555          1       2895    1481.63 2.9763e+02  52320.785    120.597 1563970482      -0.02      0.870   40.09652  -71.56900    33.3443  1026.1602    25.8432     8.0653 0.0000e+00
     70.000     8.1222    33.2211  1026.1815     2.1454     5.5063     83.066    0.00026    6.62923    6.63550      8.011    -0.0198   11.93872   3.470950 3.4040e-13    25.8603    25.8593 1.0000e-12     70.533          1       2946    1481.89 2.9379e+02  52367.818    122.698 1563970485       0.39      0.664   40.09651  -71.56901    33.3978  1026.1990    25.8776     8.1153 0.0000e+00
     71.000     8.2403    33.2437  1026.1862     2.1509     5.4881     83.513    0.00187    6.57158    6.57710      8.017    -0.0161   11.84226   3.484129 3.3986e-13    25.8604    25.8594 1.0000e-12     71.561          1       3012    1482.38 2.9424e+02  52371.769    125.451 1563970487       0.64      0.701   40.09650  -71.56902    33.4257  1026.2078    25.8819     8.2332 0.0000e+00
     72.000     8.5242    33.3458  1026.2276     2.1507     5.4620     83.143   -0.00071    6.56931    6.57480      8.018    -0.0169   11.83854   3.520069 3.4133e-13    25.8975    25.8963 1.0000e-12     72.558          1       3036    1483.59 2.9297e+02  52450.476    126.462 1563970488       0.05      1.009   40.09650  -71.56901    33.5370  1026.2561    25.9263     8.5168 0.0000e+00
     73.000     8.7123    33.3468  1026.2040     2.1573     5.4938     84.023    0.00341    6.53840    6.54349      8.026     0.0012   11.78681   3.534625 3.4846e-13    25.8697    25.8685 1.0000e-12     73.589          1       3102    1484.31 2.8698e+02  52410.303    129.198 1563970491      -0.04      0.196   40.09649  -71.56902    33.5120  1026.2124    25.8782     8.7046 0.0000e+00
     74.000     8.7791    33.3948  1026.2356     2.1590     5.4705     83.790    0.00119    6.52879    6.53379      8.027    -0.0112   11.77029   3.547102 3.4922e-13    25.8969    25.8957 1.0000e-12     74.580          1       3130    1484.63 2.8635e+02  52464.193    130.362 1563970492       0.50      0.737   40.09648  -71.56902    33.5797  1026.2592    25.9206     8.7713 0.0000e+00
     75.000     9.0078    33.4766  1026.2680     2.1748     5.4582     84.978    0.00509    6.42321    6.42687      8.036     0.0102   11.59364   3.577131 3.5118e-13    25.9252    25.9239 1.0000e-12     75.589          1       3197    1485.60 2.8476e+02  52530.135    133.187 1563970495       0.32      0.356   40.09648  -71.56902    33.6774  1026.3038    25.9610     8.9998 0.0000e+00
     76.000     9.5613    33.6205  1026.2952     2.1804     5.4346     84.816    0.00191    6.40757    6.41102      8.044     0.0077   11.56767   3.640881 3.5959e-13    25.9489    25.9475 1.0000e-12     76.599          1       3249    1487.82 2.7815e+02  52617.258    135.337 1563970497      -0.04      0.546   40.09648  -71.56902    33.8175  1026.3277    25.9814     9.5528 0.0000e+00
     77.000     9.7789    33.6795  1026.3098     2.1871     5.4283     84.957    0.00055    6.38947    6.39271      8.052     0.0115   11.53719   3.665866 3.5947e-13    25.9594    25.9579 1.0000e-12     77.608          1       3341    1488.70 2.7820e+02  52656.603    139.147 1563970501       0.33      0.299   40.09646  -71.56902    33.8699  1026.3370    25.9866     9.7702 0.0000e+00
     78.000     9.9756    33.7256  1026.3171     2.1902     5.3998     84.821   -0.00149    6.36620    6.36916      8.057     0.0040   11.49824   3.687648 3.5931e-13    25.9624    25.9609 1.0000e-12     78.607          1       3422    1489.48 2.7873e+02  52682.543    142.531 1563970504       0.27      0.645   40.09646  -71.56902    33.9081  1026.3381    25.9835     9.9666 0.0000e+00
     79.000    10.0739    33.7630  1026.3341     2.1903     5.3797     84.775   -0.00186    6.34580    6.34853      8.060     0.0031   11.46372   3.699492 3.6442e-13    25.9751    25.9736 1.0000e-12     79.621          1       3548    1489.90 -9.990e-29  52716.769    147.803 1563970510       0.34      0.344   40.09644  -71.56904    33.9365  1026.3480    25.9890    10.0648 0.0000e+00
     80.000    10.1511    33.8053  1026.3585     2.1823     5.3287     84.254   -0.00269    6.32454    6.32704      8.059    -0.0051   11.42778   3.710738 3.7068e-13    25.9951    25.9935 1.0000e-12     80.630          1       3634    1490.25 2.6918e+02  52761.636    151.365 1563970513       0.17      0.299   40.09644  -71.56904    33.9784  1026.3719    26.0085    10.1418 0.0000e+00
     81.000    10.3569    33.9182  1026.4154     2.1664     5.2282     83.262   -0.00394    6.27926    6.28127      8.060    -0.0105   11.35103   3.741564 3.7240e-13    26.0479    26.0462 1.0000e-12     81.645          1       3750    1491.14 2.6859e+02  52880.906    156.200 1563970518       0.19      0.200   40.09642  -71.56904    34.0984  1026.4341    26.0666    10.3474 0.0000e+00
     82.000    10.6047    34.0649  1026.4908     2.1367     5.0811     81.242   -0.00801    6.25419    6.25592      8.060    -0.0231   11.30869   3.778852 3.7417e-13    26.1193    26.1175 1.0000e-12     82.647          1       3872    1492.21 2.6726e+02  53040.642    161.296 1563970523       0.16      0.376   40.09641  -71.56904    34.2430  1026.5072    26.1358    10.5949 0.0000e+00
     83.000    10.7717    34.1447  1026.5277     2.1120     5.0013     80.054   -0.00765    6.24740    6.24908      8.061    -0.0080   11.29701   3.802213 3.7555e-13    26.1520    26.1503 1.0000e-12     83.655          1       3979    1492.92 2.6628e+02  53122.084    165.740 1563970528       0.15      0.431   40.09640  -71.56904    34.3212  1026.5428    26.1671    10.7617 0.0000e+00
