CalculateIndicators/WaterTemperature/Data/CTD_NYOS/NYOS2006_C22.cnv
* Sea-Bird SBE19plus Data File:
* FileName = C:\Users\radar\Desktop\NYOS.2006\NYOS2006.ctd\NYOS2006_C22.hex
* Software Version 1.59
* Temperature SN =  4675
* Conductivity SN =  4675
* System UpLoad Time = Jun 10 2020 07:23:35
* NMEA Latitude = 40 10.3550 N
* NMEA Longitude = 073 19.6280 W
# nquan = 15
# nvalues = 76                          
# units = specified
# name 0 = depSM: Depth [salt water, m]
# name 1 = tv290C: Temperature [ITS-90, deg C]
# name 2 = sal00: Salinity, Practical [PSU]
# name 3 = density00: Density [density, kg/m^3]
# name 4 = c0S/m: Conductivity [S/m]
# name 5 = sigma-�00: Density [sigma-theta, kg/m^3]
# name 6 = sigma-t00: Density [sigma-t, kg/m^3 ]
# name 7 = prdM: Pressure, Strain Gauge [db]
# name 8 = scan: Scan Count
# name 9 = svCM: Sound Velocity [Chen-Millero, m/s]
# name 10 = specc: Specific Conductance [uS/cm]
# name 11 = timeS: Time, Elapsed [seconds]
# name 12 = accM: Acceleration [m/s^2]
# name 13 = dz/dtM: Descent Rate [m/s]
# name 14 = flag: flag
# span 0 =      1.000,     39.000       
# span 1 =    10.1073,    17.2141       
# span 2 =    31.2764,    32.2927       
# span 3 =  1022.7852,  1024.9985       
# span 4 =   3.545265,   4.108990       
# span 5 =    22.7665,    24.8213       
# span 6 =    22.7665,    24.8206       
# span 7 =      0.973,     39.251       
# span 8 =        298,        885       
# span 9 =    1487.31,    1509.54       
# span 10 =  48426.689,  50616.975      
# span 11 =     74.186,    221.099      
# span 12 =      -1.01,       0.93      
# span 13 =     -0.739,      0.843      
# span 14 = 0.0000e+00, 0.0000e+00      
# interval = meters: 1                  
# start_time = Jun 09 2020 18:00:56 [Instrument's time stamp, header]
# bad_flag = -9.990e-29
*END*
      2.000    17.2141    31.5321  1022.8133   4.108990    22.8090    22.8089      1.972        298    1509.54  48673.427     74.186       0.71      0.274 0.0000e+00
      3.000    17.1851    31.4941  1022.7989   4.099797    22.7742    22.7741      3.048        303    1509.39  48601.100     75.466       0.47      0.668 0.0000e+00
      4.000    17.0197    31.4431  1022.8007   4.078156    22.7817    22.7815      3.995        312    1508.87  48556.421     77.735       0.59      0.202 0.0000e+00
      5.000    16.7146    31.4542  1022.8823   4.052701    22.8558    22.8556      5.056        316    1507.99  48589.447     78.790       0.31      0.843 0.0000e+00
      6.000    16.4960    31.5409  1023.0044   4.043270    22.9744    22.9742      5.996        325    1507.43  48730.432     81.061       0.33      0.238 0.0000e+00
      7.000    16.4690    31.5437  1023.0166   4.041300    22.9867    22.9865      7.047        330    1507.37  48744.905     82.365       0.18      0.629 0.0000e+00
      8.000    16.3268    31.4282  1022.9689   4.010902    22.9184    22.9181      8.074        337    1506.75  48574.419     84.063       0.47      0.547 0.0000e+00
      9.000    15.6567    31.4002  1023.1062   3.940203    23.0659    23.0656      9.002        345    1504.57  48631.848     85.983      -0.16      0.412 0.0000e+00
     10.000    14.8217    31.2764  1023.1855   3.855190    23.0895    23.0892     10.114        349    1501.91  48426.689     86.948       0.70      0.783 0.0000e+00
     11.000    13.7976    31.5408  1023.6175   3.786157    23.5320    23.5317     11.038        358    1498.74  48951.176     89.191       0.15      0.236 0.0000e+00
     12.000    12.9643    31.6187  1023.8298   3.732063    23.7606    23.7603     12.108        363    1496.36  49179.471     90.607       0.66      0.608 0.0000e+00
     13.000    12.6999    31.8388  1024.0623   3.729983    24.0072    24.0069     13.110        370    1495.64  49561.823     92.312       0.93      0.593 0.0000e+00
     14.000    12.5606    31.8444  1024.0987   3.718933    24.0291    24.0288     14.039        379    1495.18  49574.404     94.447      -0.25      0.380 0.0000e+00
     15.000    12.4218    31.8172  1024.1092   3.703317    24.0309    24.0306     15.120        383    1494.68  49549.049     95.598       0.74      0.671 0.0000e+00
     16.000    11.9924    31.8803  1024.2419   3.672427    24.1567    24.1563     16.073        391    1493.32  49689.282     97.594      -0.14      0.455 0.0000e+00
     17.000    11.7386    31.9261  1024.3287   3.654923    24.2590    24.2586     17.100        398    1492.51  49831.978     99.253       0.04      0.578 0.0000e+00
     18.000    11.3822    31.8771  1024.3583   3.619593    24.2738    24.2734     18.102        406    1491.26  49797.701    101.268      -0.01      0.450 0.0000e+00
     19.000    11.1615    31.9590  1024.4657   3.609946    24.3758    24.3753     19.106        413    1490.61  49945.049    102.966       0.37      0.459 0.0000e+00
     20.000    11.1356    32.0902  1024.5759   3.623064    24.4930    24.4926     20.108        420    1490.70  50154.731    104.728       0.00      0.547 0.0000e+00
     21.000    11.2345    32.0229  1024.5200   3.617183    24.3886    24.3882     21.141        426    1490.80  49977.415    106.240       0.55      0.634 0.0000e+00
     22.000    10.7401    32.0709  1024.6407   3.583498    24.5472    24.5468     22.120        435    1489.29  50199.901    108.525       0.33      0.365 0.0000e+00
     23.000    10.4577    32.0631  1024.6880   3.557510    24.5809    24.5805     23.144        441    1488.28  50217.452    110.107       0.21      0.679 0.0000e+00
     24.000    10.1239    32.2045  1024.8570   3.545265    24.7511    24.7507     24.129        449    1487.31  50481.667    112.007       0.15      0.414 0.0000e+00
     25.000    10.1702    32.2825  1024.9171   3.555752    24.8010    24.8005     25.123        457    1487.54  50579.735    113.896      -0.16      0.522 0.0000e+00
     26.000    10.1736    32.2729  1024.9130   3.555951    24.7949    24.7944     26.156        463    1487.57  50569.654    115.546       0.29      0.509 0.0000e+00
     27.000    10.1612    32.2717  1024.9190   3.554937    24.7945    24.7940     27.133        472    1487.54  50567.628    117.748       0.39      0.262 0.0000e+00
     28.000    10.1296    32.2813  1024.9359   3.553680    24.8083    24.8078     28.158        479    1487.46  50589.614    119.539       0.36      0.445 0.0000e+00
     29.000    10.1203    32.2832  1024.9436   3.553265    24.8115    24.8111     29.202        486    1487.44  50595.096    121.135       0.92      0.598 0.0000e+00
     30.000    10.1184    32.2838  1024.9490   3.553400    24.8123    24.8118     30.151        495    1487.45  50596.664    123.624       0.08      0.309 0.0000e+00
     31.000    10.1158    32.2844  1024.9545   3.553430    24.8133    24.8126     31.189        503    1487.46  50598.601    125.570       0.27      0.441 0.0000e+00
     32.000    10.1106    32.2871  1024.9620   3.553444    24.8163    24.8157     32.193        512    1487.46  50604.094    127.720       0.39      0.394 0.0000e+00
     33.000    10.1085    32.2919  1024.9706   3.553834    24.8207    24.8200     33.185        520    1487.48  50612.463    129.666       0.45      0.336 0.0000e+00
     34.000    10.1081    32.2927  1024.9759   3.554001    24.8212    24.8205     34.228        528    1487.49  50613.861    131.647       0.67      0.500 0.0000e+00
     35.000    10.1082    32.2922  1024.9801   3.554041    24.8208    24.8202     35.207        538    1487.50  50613.807    134.205       0.55      0.405 0.0000e+00
     36.000    10.1074    32.2918  1024.9844   3.554014    24.8208    24.8201     36.239        545    1487.52  50614.212    135.959       0.76      0.588 0.0000e+00
     37.000    10.1086    32.2910  1024.9882   3.554080    24.8197    24.8190     37.179        554    1487.54  50612.849    138.348      -0.00      0.230 0.0000e+00
     38.000    10.1073    32.2916  1024.9934   3.554104    24.8205    24.8198     38.229        561    1487.55  50614.912    140.093       0.34      0.469 0.0000e+00
     39.000    10.1074    32.2924  1024.9985   3.554263    24.8213    24.8206     39.251        573    1487.57  50616.975    143.000      -0.17      0.428 0.0000e+00
     38.000    10.1094    32.2923  1024.9937   3.554404    24.8210    24.8203     38.221        585    1487.56  50615.963    146.054      -0.49     -0.278 0.0000e+00
     37.000    10.1095    32.2913  1024.9883   3.554293    24.8200    24.8193     37.210        592    1487.54  50613.739    147.866       0.08     -0.533 0.0000e+00
     36.000    10.1120    32.2908  1024.9829   3.554364    24.8191    24.8184     36.174        599    1487.53  50611.652    149.603      -0.42     -0.568 0.0000e+00
     35.000    10.1098    32.2915  1024.9793   3.554206    24.8203    24.8196     35.174        611    1487.51  50612.999    152.395      -0.82     -0.318 0.0000e+00
     34.000    10.1086    32.2907  1024.9743   3.553996    24.8200    24.8194     34.181        620    1487.49  50611.962    154.753      -0.53     -0.320 0.0000e+00
     33.000    10.1089    32.2876  1024.9672   3.553678    24.8173    24.8167     33.177        628    1487.47  50606.469    156.659      -0.48     -0.481 0.0000e+00
     32.000    10.1101    32.2852  1024.9606   3.553484    24.8150    24.8144     32.153        636    1487.45  50601.628    158.700      -0.72     -0.457 0.0000e+00
     31.000    10.1112    32.2833  1024.9543   3.553399    24.8135    24.8130     31.179        646    1487.44  50598.629    161.160      -0.18     -0.329 0.0000e+00
     30.000    10.1133    32.2806  1024.9473   3.553259    24.8108    24.8103     30.152        652    1487.43  50593.537    162.840      -0.11     -0.643 0.0000e+00
     29.000    10.1152    32.2820  1024.9435   3.553547    24.8118    24.8112     29.192        663    1487.42  50594.761    165.548      -0.24     -0.238 0.0000e+00
     28.000    10.1184    32.2811  1024.9377   3.553705    24.8105    24.8100     28.125        669    1487.41  50592.469    167.021      -0.44     -0.622 0.0000e+00
     27.000    10.1223    32.2833  1024.9342   3.554313    24.8113    24.8108     27.131        678    1487.41  50593.518    169.133      -0.88     -0.469 0.0000e+00
     26.000    10.1521    32.2728  1024.9165   3.555841    24.7983    24.7978     26.145        685    1487.49  50573.077    170.962       0.14     -0.582 0.0000e+00
     25.000    10.1664    32.2583  1024.8982   3.555565    24.7847    24.7842     25.122        692    1487.51  50549.616    172.726      -0.31     -0.609 0.0000e+00
     24.000    10.1582    32.2374  1024.8789   3.552260    24.7720    24.7715     24.170        702    1487.43  50525.212    175.185       0.16     -0.263 0.0000e+00
     23.000    10.1669    32.2150  1024.8546   3.552120    24.7509    24.7504     23.121        708    1487.44  50487.434    176.685      -0.01     -0.607 0.0000e+00
     22.000    10.4046    32.1856  1024.7880   3.570246    24.6846    24.6842     22.130        716    1488.22  50396.016    178.737      -0.15     -0.432 0.0000e+00
     21.000    10.6160    32.2438  1024.7909   3.597275    24.6948    24.6943     21.110        722    1489.06  50443.018    180.353       0.03     -0.624 0.0000e+00
     20.000    11.2544    32.2106  1024.6522   3.647932    24.5644    24.5640     20.158        732    1491.20  50301.106    182.644      -0.20     -0.255 0.0000e+00
     19.000    11.2077    32.0597  1024.5375   3.627650    24.4486    24.4482     19.068        736    1490.85  50083.008    183.841      -0.63     -0.644 0.0000e+00
     18.000    11.1132    31.9987  1024.5009   3.614161    24.4202    24.4198     18.063        744    1490.46  50016.991    185.793      -1.01     -0.528 0.0000e+00
     17.000    11.2526    31.9633  1024.4441   3.623566    24.3619    24.3616     17.106        753    1490.89  49934.810    187.940      -0.12     -0.356 0.0000e+00
     16.000    11.4019    32.0247  1024.4598   3.644747    24.3848    24.3845     16.058        758    1491.48  49998.690    189.344      -0.46     -0.721 0.0000e+00
     15.000    12.0481    32.0209  1024.3371   3.700102    24.2647    24.2644     15.117        769    1493.65  49896.373    191.902       0.10     -0.231 0.0000e+00
     14.000    12.2058    31.9624  1024.2559   3.709204    24.1906    24.1902     14.062        774    1494.14  49793.618    193.132      -0.16     -0.706 0.0000e+00
     13.000    12.5072    31.8756  1024.1272   3.726791    24.0678    24.0674     13.122        781    1495.05  49632.159    195.083       0.05     -0.344 0.0000e+00
     12.000    12.5903    31.8538  1024.0903   3.730973    24.0368    24.0365     12.081        787    1495.27  49592.062    196.591      -0.08     -0.454 0.0000e+00
     11.000    12.6286    31.8820  1024.0967   3.741398    24.0337    24.0335     11.030        793    1495.48  49593.276    198.045      -0.78     -0.430 0.0000e+00
     10.000    13.5897    31.9167  1023.9319   3.831805    23.8777    23.8774     10.047        800    1498.68  49531.962    199.845       0.08     -0.541 0.0000e+00
      9.000    14.3954    31.8707  1023.7267   3.901875    23.6918    23.6915      9.067        808    1501.27  49398.432    201.668      -0.35     -0.544 0.0000e+00
      8.000    15.3236    31.8529  1023.5121   3.984173    23.4794    23.4791      8.033        813    1504.15  49281.290    202.992       0.05     -0.739 0.0000e+00
      7.000    16.2753    31.5821  1023.0919   4.036706    23.0562    23.0559      7.043        821    1506.79  48806.754    204.990      -0.05     -0.453 0.0000e+00
      6.000    16.3935    31.5402  1023.0267   4.041892    22.9999    22.9997      6.034        828    1507.11  48743.419    206.632       0.02     -0.624 0.0000e+00
      5.000    16.4568    31.5636  1023.0246   4.050444    23.0033    23.0031      5.021        834    1507.34  48769.066    208.244      -0.04     -0.621 0.0000e+00
      4.000    16.7729    31.5750  1022.9579   4.079223    22.9403    22.9401      4.021        843    1508.28  48761.306    210.494       0.07     -0.452 0.0000e+00
      3.000    17.0680    31.5457  1022.8630   4.101376    22.8468    22.8467      3.018        854    1509.13  48691.566    213.237       0.03     -0.310 0.0000e+00
      2.000    17.1869    31.5287  1022.8168   4.108900    22.8094    22.8093      1.995        871    1509.46  48665.210    217.543      -0.39     -0.119 0.0000e+00
      1.000    17.2091    31.4997  1022.7852   4.105467    22.7665    22.7665      0.973        885    1509.48  48662.678    221.099      -0.66     -0.251 0.0000e+00
