CalculateIndicators/WaterTemperature/Data/CTD_NYOS/NYOS1910_C03.cnv
* Sea-Bird SBE 9 Data File:
* FileName = C:\Seabird 9 CTD\Data\2019\201910_offhore\NYOS1910_C03.hex
* Software Version Seasave V 7.23.2
* Temperature SN = 4590
* Conductivity SN = 3228
* Number of Bytes Per Scan = 44
* Number of Voltage Words = 5
* Number of Scans Averaged by the Deck Unit = 1
* NMEA Latitude = 40 23.88 N
* NMEA Longitude = 071 41.39 W
* NMEA UTC (Time) = Oct 06 2019  09:08:14
* NMEA baud rate = 4800
** Ship: sw
** Station: 1.3
** Operator: Sarah
# nquan = 35
# nvalues = 143                         
# units = specified
# name 0 = depSM: Depth [salt water, m]
# name 1 = t090C: Temperature [ITS-90, deg C]
# name 2 = sal00: Salinity, Practical [PSU]
# name 3 = density00: Density [density, kg/m^3]
# name 4 = sbeox0V: Oxygen raw, SBE 43 [V]
# name 5 = sbeox0ML/L: Oxygen, SBE 43 [ml/l]
# name 6 = sbeox0PS: Oxygen, SBE 43 [% saturation]
# name 7 = sbox0dV/dT: Oxygen, SBE 43 [dov/dt]
# name 8 = oxsolML/L: Oxygen Saturation, Garcia & Gordon [ml/l]
# name 9 = oxsatML/L: Oxygen Saturation, Weiss [ml/l]
# name 10 = ph: pH
# name 11 = flECO-AFL: Fluorescence, WET Labs ECO-AFL/FL [mg/m^3]
# name 12 = n2satML/L: Nitrogen Saturation [ml/l]
# name 13 = c0S/m: Conductivity [S/m]
# name 14 = cpar: CPAR/Corrected Irradiance [%]
# name 15 = sigma-é00: Density [sigma-theta, kg/m^3]
# name 16 = sigma-t00: Density [sigma-t, kg/m^3 ]
# name 17 = par: PAR/Irradiance, Biospherical/Licor
# name 18 = prDM: Pressure, Digiquartz [db]
# name 19 = pumps: Pump Status
# name 20 = scan: Scan Count
# name 21 = svCM: Sound Velocity [Chen-Millero, m/s]
# name 22 = spar: SPAR, Biospherical/Licor
# name 23 = specc: Specific Conductance [uS/cm]
# name 24 = timeS: Time, Elapsed [seconds]
# name 25 = timeY: Time, System [seconds]
# name 26 = accM: Acceleration [m/s^2]
# name 27 = dz/dtM: Descent Rate [m/s]
# name 28 = latitude: Latitude [deg]
# name 29 = longitude: Longitude [deg]
# name 30 = gsw_saA0: Absolute Salinity [g/kg]
# name 31 = gsw_densityA0: density, TEOS-10 [density, kg/m^3]
# name 32 = gsw_sigma0A0: density, TEOS-10 [sigma-0, kg/m^3 ]
# name 33 = gsw_ptA0: potential temperature [ITS-90, deg C]
# name 34 = flag: flag
# span 0 =      2.000,     73.000       
# span 1 =    10.0333,    21.4215       
# span 2 =    33.2097,    35.0351       
# span 3 =  1023.7768,  1026.5648       
# span 4 =     1.6624,     2.5184       
# span 5 =     3.4286,     5.2764       
# span 6 =     57.965,     99.719       
# span 7 =   -0.03516,    0.02351       
# span 8 =    5.04117,    6.37931       
# span 9 =    5.03054,    6.38198       
# span 10 =      7.996,      8.295      
# span 11 =     0.0295,     0.2664      
# span 12 =    9.28769,   11.52593      
# span 13 =   3.635029,   4.942609      
# span 14 = -3.106e+04, 9.9999e+04      
# span 15 =    23.7640,    26.2384      
# span 16 =    23.7637,    26.2365      
# span 17 = 1.0000e-12, 7.3324e-02      
# span 18 =      2.021,     73.569      
# span 19 =          1,          1      
# span 20 =        885,      15781      
# span 21 =    1488.78,    1525.96      
# span 22 = -7.200e-02, 5.1080e+00      
# span 23 =  51147.286,  53700.235      
# span 24 =     36.830,    657.489      
# span 25 = 1570352932, 1570353552      
# span 26 =      -0.29,       0.23      
# span 27 =     -0.751,      0.759      
# span 28 =   40.39808,   40.39872      
# span 29 =  -71.69093,  -71.68998      
# span 30 =    33.3245,    35.2078      
# span 31 =  1023.7824,  1026.5713      
# span 32 =    23.7680,    26.2503      
# span 33 =    10.0264,    21.4147      
# span 34 = 0.0000e+00, 0.0000e+00      
# interval = meters: 1                  
# start_time = Oct 06 2019 09:08:15 [System UTC, first data scan.]
# bad_flag = -9.990e-29
*END*
[from data line 83]
     61.000    10.1650    33.3111  1025.8840     1.8841     4.4291     70.558    0.00910    6.27737    6.27868      8.000     0.0328   11.35694   3.657059 -9.990e-29    25.6065    25.6054 1.0000e-12     61.484          1       6477    1489.38 3.9495e+00  52053.054    269.822 1570353165      -0.12     -0.503   40.39830  -71.69034    33.4272  1025.8551    25.5778    10.1580 0.0000e+00
     60.000    10.6940    33.2520  1025.7416     1.9127     4.5062     72.122    0.01057    6.24805    6.24903      7.996     0.0716   11.30762   3.704395 7.0885e+04    25.4695    25.4683 1.0000e-12     60.475          1       6541    1491.18 9.7574e-01  51873.343    272.485 1570353167       0.08     -0.354   40.39830  -71.69034    33.4202  1025.7536    25.4815    10.6868 0.0000e+00
     59.000    11.1750    33.3401  1025.7201     1.9496     4.5347     72.943    0.00272    6.21681    6.21741      7.998     0.1100   11.25548   3.757100 -4.595e+03    25.4531    25.4518 1.0000e-12     59.468          1       7189    1492.96 4.1593e+00  51911.931    299.495 1570353194      -0.15     -0.196   40.39832  -71.69039    33.5082  1025.7319    25.4649    11.1677 0.0000e+00
     58.000    11.3659    33.3761  1025.7087     1.9678     4.5590     73.601    0.00108    6.19425    6.19458      8.004     0.1225   11.21779   3.777830 9.0997e+01    25.4466    25.4453 1.0000e-12     58.461          1       8221    1493.66 3.9462e+00  51930.033    342.504 1570353238      -0.17     -0.669   40.39836  -71.69044    33.5403  1025.7175    25.4553    11.3587 0.0000e+00
     57.000    11.3852    33.3793  1025.7031     1.9689     4.5554     73.569    0.00042    6.19204    6.19234      8.005     0.1250   11.21408   3.779552 2.5429e-11    25.4455    25.4442 1.0000e-12     57.451          1       8291    1493.71 3.9495e+00  51930.586    345.435 1570353240       0.14     -0.470   40.39836  -71.69044    33.5403  1025.7094    25.4518    11.3781 0.0000e+00
     56.000    11.3920    33.3818  1025.6993     1.9709     4.5403     73.662    0.00077    6.16378    6.16375      8.007     0.1297   11.16686   3.780378 2.5319e-11    25.4462    25.4449 1.0000e-12     56.441          1       8354    1493.72 3.9495e+00  51932.418    348.025 1570353243      -0.11     -0.405   40.39836  -71.69045    33.5427  1025.7055    25.4524    11.3851 0.0000e+00
     55.000    11.4240    33.3912  1025.6962     1.9831     4.5258     74.752    0.00605    6.05450    6.05317      8.013     0.1484   10.98465   3.784871 2.5320e-11    25.4477    25.4464 1.0000e-12     55.435          1       8401    1493.83 3.9495e+00  51939.749    349.994 1570353245       0.02     -0.511   40.39836  -71.69046    33.5584  1025.7073    25.4587    11.4172 0.0000e+00
     54.000    12.1024    33.4909  1025.6419     2.0052     4.5511     76.199    0.01018    5.97281    5.97052      8.031     0.1668   10.84847   3.863236 2.5320e-11    25.3986    25.3973 1.0000e-12     54.426          1       8453    1496.27 3.9495e+00  51971.285    352.160 1570353247      -0.03     -0.459   40.39838  -71.69046    33.7122  1025.6946    25.4513    12.0954 0.0000e+00
     53.000    12.8776    33.5858  1025.5604     2.0436     4.6845     78.737    0.01629    5.94967    5.94713      8.048     0.2102   10.80975   3.943134 2.6452e-11    25.3225    25.3211 1.0000e-12     53.418          1       8510    1498.99 3.9495e+00  51989.626    354.538 1570353250       0.07     -0.410   40.39838  -71.69046    33.7867  1025.5972    25.3594    12.8704 0.0000e+00
     52.000    13.1733    33.6388  1025.5383     2.0837     4.7052     80.392    0.01495    5.85305    5.84943      8.066     0.2232   10.64850   3.976021 2.5316e-11    25.3054    25.3040 1.0000e-12     52.409          1       8574    1500.02 3.9495e+00  52021.980    357.218 1570353252      -0.02     -0.386   40.39838  -71.69046    33.8369  1025.5728    25.3398    13.1662 0.0000e+00
     51.000    13.7255    33.6864  1025.4580     2.1204     4.7298     82.316    0.01787    5.74587    5.74111      8.079     0.2352   10.46933   4.034968 2.5320e-11    25.2297    25.2282 1.0000e-12     51.401          1       8623    1501.88 3.9495e+00  52013.213    359.258 1570353254      -0.18     -0.490   40.39838  -71.69046    33.9028  1025.5066    25.2786    13.7183 0.0000e+00
     50.000    14.3715    33.7836  1025.3928     2.1462     4.7832     83.273    0.01486    5.74400    5.73923      8.090     0.2639   10.46585   4.108578 2.5320e-11    25.1700    25.1685 1.0000e-12     50.396          1       8666    1504.08 3.9495e+00  52071.132    361.050 1570353256       0.09     -0.566   40.39838  -71.69046    34.0178  1025.4548    25.2320    14.3642 0.0000e+00
     49.000    14.8454    33.8932  1025.3715     2.1726     4.7659     84.047    0.01084    5.67056    5.66505      8.099     0.2559   10.34292   4.162848 2.6252e-11    25.1536    25.1520 1.0000e-12     49.387          1       8726    1505.71 3.9495e+00  52166.330    363.527 1570353258       0.06     -0.405   40.39838  -71.69046    34.1024  1025.4140    25.1961    14.8380 0.0000e+00
     48.000    15.4230    33.9989  1025.3217     2.2066     4.6916     85.515    0.01191    5.48651    5.47926      8.108     0.2442   10.03417   4.230298 2.5274e-11    25.1089    25.1073 1.0000e-12     48.375          1       8799    1507.64 3.9495e+00  52249.568    366.579 1570353262      -0.11     -0.320   40.39838  -71.69047    34.2124  1025.3672    25.1543    15.4156 0.0000e+00
     47.000    16.4593    34.1376  1025.1878     2.2278     4.6777     86.397    0.01138    5.41414    5.40627      8.118     0.2468    9.91237   4.352560 2.5320e-11    24.9797    24.9779 1.0000e-12     47.368          1       8844    1510.99 3.9495e+00  52337.051    368.470 1570353263      -0.07     -0.527   40.39838  -71.69048    34.4083  1025.2765    25.0689    16.4517 0.0000e+00
     46.000    17.3265    34.4119  1025.1886     2.2475     4.6379     87.215    0.01149    5.31797    5.30927      8.130     0.2625    9.75192   4.467291 2.5320e-11    24.9864    24.9845 1.0000e-12     46.366          1       8884    1513.90 3.9495e+00  52641.061    370.145 1570353265       0.05     -0.600   40.39839  -71.69048    34.6681  1025.2650    25.0627    17.3189 0.0000e+00
     45.000    18.5102    34.5733  1025.0168     2.2905     4.6950     89.495    0.01502    5.24621    5.23694      8.153     0.2460    9.63190   4.602831 2.6337e-11    24.8197    24.8177 1.0000e-12     45.353          1       8953    1517.53 3.9495e+00  52771.392    372.984 1570353268       0.04     -0.324   40.39840  -71.69048    34.8239  1025.0881    24.8911    18.5023 0.0000e+00
     44.000    19.3175    34.6343  1024.8545     2.3241     4.7302     90.860    0.01263    5.20604    5.19647      8.169     0.2157    9.56445   4.691051 2.5271e-11    24.6626    24.6605 1.0000e-12     44.343          1       9015    1519.90 3.9495e+00  52801.702    375.603 1570353271      -0.10     -0.397   40.39840  -71.69049    34.8866  1024.9266    24.7346    19.3095 0.0000e+00
     43.000    19.6022    34.7289  1024.8485     2.3339     4.7071     90.811    0.00654    5.18336    5.17363      8.173     0.2199    9.52645   4.727808 6.5956e+04    24.6610    24.6590 1.0000e-12     43.341          1       9058    1520.79 1.3446e+00  52912.483    377.360 1570353272       0.01     -0.560   40.39840  -71.69050    34.9543  1024.8997    24.7122    19.5943 0.0000e+00
     42.000    19.9345    34.7410  1024.7664     2.3398     4.6294     90.652    0.00230    5.10686    5.09662      8.180     0.2062    9.39821   4.761391 4.7476e+04    24.5834    24.5814 1.0000e-12     42.328          1       9121    1521.71 2.0064e+00  52909.260    379.992 1570353275       0.04     -0.342   40.39840  -71.69050    34.9551  1024.8089    24.6260    19.9267 0.0000e+00
     41.000    20.6076    34.8791  1024.6875     2.3489     4.6326     91.122    0.00302    5.08393    5.07354      8.190     0.2438    9.35964   4.847255 5.1192e+04    24.5094    24.5073 1.0000e-12     41.325          1       9193    1523.69 1.8971e+00  53061.408    383.008 1570353278      -0.08     -0.330   40.39840  -71.69050    35.0990  1024.7337    24.5556    20.5999 0.0000e+00
     40.000    21.2160    34.9951  1024.6066     2.3714     4.6511     92.033    0.00126    5.05379    5.04323      8.236     0.2635    9.30878   4.918314 -3.195e+03    24.4333    24.4312 1.0000e-12     40.314          1      10439    1525.45 4.0774e+00  53189.335    434.921 1570353330      -0.06     -0.274   40.39845  -71.69058    35.1721  1024.6197    24.4463    21.2083 0.0000e+00
     39.000    21.3174    35.0251  1024.5973     2.3755     4.6551     92.188    0.00086    5.04962    5.03904      8.244     0.2535    9.30174   4.931478 2.5329e-11    24.4284    24.4263 1.0000e-12     39.307          1      10693    1525.74 3.9495e+00  53225.030    445.517 1570353340      -0.18     -0.462   40.39848  -71.69060    35.1949  1024.6047    24.4358    21.3098 0.0000e+00
     38.000    21.3408    35.0309  1024.5909     2.3777     4.6593     92.299    0.00113    5.04808    5.03749      8.246     0.2664    9.29914   4.934392 2.5320e-11    24.4263    24.4243 1.0000e-12     38.299          1      10763    1525.79 3.9495e+00  53231.392    448.397 1570353343       0.09     -0.336   40.39848  -71.69060    35.1994  1024.5973    24.4327    21.3334 0.0000e+00
     37.000    21.3504    35.0349  1024.5869     2.3884     4.6915     93.011    0.00393    5.04404    5.03343      8.250     0.2437    9.29246   4.935892 2.5320e-11    24.4266    24.4247 1.0000e-12     37.287          1      10830    1525.81 3.9495e+00  53235.946    451.225 1570353346      -0.13     -0.414   40.39848  -71.69062    35.2038  1024.5936    24.4334    21.3432 0.0000e+00
     36.000    21.3850    35.0350  1024.5731     2.4165     4.8056     95.231    0.01529    5.04631    5.03571      8.255 -9.990e-29    9.29638   4.939425 2.6216e-11    24.4172    24.4153 1.0000e-12     36.286          1      10871    1525.88 3.9495e+00  53234.117    452.904 1570353348       0.00     -0.579   40.39848  -71.69062    35.2041  1024.5800    24.4240    21.3779 0.0000e+00
     35.000    21.3927    35.0227  1024.5572     2.4416     4.8503     95.967    0.00878    5.05417    5.04360      8.262     0.2529    9.30985   4.938217 2.5750e-11    24.4056    24.4037 1.0000e-12     35.274          1      10933    1525.87 3.9495e+00  53216.617    455.483 1570353350       0.03     -0.362   40.39848  -71.69062    35.1884  1024.5615    24.4099    21.3859 0.0000e+00
     34.000    21.3200    34.9819  1024.5418     2.4526     4.8663     96.080    0.00312    5.06483    5.05432      8.266     0.2553    9.32818   4.925181 2.5305e-11    24.3945    24.3927 1.0000e-12     34.266          1      10998    1525.62 3.9495e+00  53164.260    458.197 1570353353       0.01     -0.367   40.39848  -71.69062    35.1440  1024.5435    24.3963    21.3134 0.0000e+00
     33.000    21.2173    34.9178  1024.5168     2.4643     4.8974     96.770    0.00499    5.06092    5.05037      8.269     0.2210    9.32173   4.906456 2.5320e-11    24.3738    24.3720 1.0000e-12     33.258          1      11062    1525.25 3.9495e+00  53081.160    460.862 1570353356       0.01     -0.378   40.39848  -71.69062    35.0784  1024.5178    24.3747    21.2109 0.0000e+00
     32.000    21.2313    34.9015  1024.4962     2.4792     4.9378     97.660    0.00742    5.05609    5.04552      8.272     0.2277    9.31366   4.906537 2.5320e-11    24.3576    24.3559 1.0000e-12     32.249          1      11113    1525.26 3.9495e+00  53058.194    462.989 1570353358      -0.12     -0.487   40.39848  -71.69062    35.0678  1024.5015    24.3629    21.2251 0.0000e+00
     31.000    21.2802    34.9102  1024.4850     2.4849     4.9370     97.670    0.00385    5.05480    5.04422      8.274     0.2382    9.31152   4.912676 2.7632e-11    24.3507    24.3491 1.0000e-12     31.246          1      11152    1525.38 3.9495e+00  53067.360    464.616 1570353360      -0.01     -0.615   40.39848  -71.69062    35.0774  1024.4910    24.3566    21.2742 0.0000e+00
     30.000    21.3264    34.9103  1024.4680     2.4972     4.9677     98.234    0.00359    5.05699    5.04642      8.280     0.2385    9.31535   4.917212 2.4918e-11    24.3381    24.3365 1.0000e-12     30.231          1      11237    1525.49 3.9495e+00  53065.045    468.158 1570353363      -0.08     -0.190   40.39848  -71.69064    35.0762  1024.4730    24.3430    21.3206 0.0000e+00
     29.000    21.3089    34.8964  1024.4579     2.5005     4.9716     98.221    0.00137    5.06172    5.05116      8.282     0.1980    9.32355   4.913532 2.5320e-11    24.3323    24.3307 1.0000e-12     29.229          1      11289    1525.41 3.9495e+00  53046.532    470.322 1570353365       0.04     -0.494   40.39849  -71.69064    35.0615  1024.4623    24.3366    21.3032 0.0000e+00
     28.000    21.2865    34.8735  1024.4422     2.5026     4.9853     98.275    0.00075    5.07279    5.06227      8.287     0.1782    9.34287   4.907956 2.5320e-11    24.3209    24.3194 1.0000e-12     28.215          1      11346    1525.31 3.9495e+00  53015.948    472.703 1570353368      -0.12     -0.403   40.39850  -71.69064    35.0354  1024.4443    24.3230    21.2811 0.0000e+00
     27.000    21.2213    34.8111  1024.4082     2.5051     5.0053     98.443    0.00128    5.08442    5.07395      8.288     0.1786    9.36327   4.893033 8.1274e+04    24.2912    24.2897 1.0000e-12     27.214          1      11391    1525.05 7.3954e-01  52933.800    474.564 1570353370       0.09     -0.510   40.39850  -71.69065    34.9693  1024.4078    24.2908    21.2161 0.0000e+00
     26.000    21.0647    34.6405  1024.3167     2.5089     5.0279     98.614    0.00091    5.09851    5.08809      8.286     0.1795    9.38783   4.855403 6.4425e+04    24.2039    24.2025 1.0000e-12     26.206          1      11492    1524.42 1.4050e+00  52708.800    478.793 1570353374      -0.13     -0.257   40.39850  -71.69066    34.7949  1024.3142    24.2014    21.0597 0.0000e+00
     25.000    20.9657    34.5350  1024.2590     2.5095     5.0790     98.664    0.00074    5.14773    5.13758      8.289     0.1646    9.47176   4.832158 -5.951e+03    24.1506    24.1493 1.0000e-12     25.198          1      12772    1524.02 4.1845e+00  52570.296    532.120 1570353427      -0.26     -0.422   40.39857  -71.69073    34.6890  1024.2566    24.1480    20.9609 0.0000e+00
     24.000    20.6090    34.3472  1024.2075     2.4966     5.1436     97.674   -0.00512    5.26619    5.25670      8.295     0.1467    9.67508   4.769337 2.5320e-11    24.1032    24.1020 1.0000e-12     24.189          1      12971    1522.82 3.9495e+00  52332.061    540.413 1570353435       0.09     -0.426   40.39858  -71.69074    34.4706  1024.1827    24.0783    20.6045 0.0000e+00
     23.000    19.3644    33.6296  1023.9833     2.5126     5.2764     99.719    0.01016    5.29126    5.28190      8.293     0.1261    9.71868   4.555198 2.5320e-11    23.8826    23.8816 1.0000e-12     23.177          1      13050    1518.55 3.9495e+00  51417.839    543.723 1570353439      -0.08     -0.336   40.39858  -71.69075    33.7272  1023.9419    23.8414    19.3602 0.0000e+00
     22.000    19.3266    33.5254  1023.9086     2.5150     5.2438     99.080    0.00111    5.29250    5.28313      8.285     0.1275    9.72097   4.542815 2.6386e-11    23.8124    23.8114 1.0000e-12     22.172          1      13097    1518.31 3.9495e+00  51278.618    545.667 1570353441      -0.01     -0.515   40.39858  -71.69076    33.6540  1023.8911    23.7949    19.3226 0.0000e+00
     21.000    19.2862    33.4716  1023.8735     2.5119     5.2261     98.714   -0.00142    5.29417    5.28482      8.281     0.1223    9.72382   4.533378 2.5376e-11    23.7816    23.7807 1.0000e-12     21.167          1      13143    1518.11 3.9495e+00  51206.738    547.598 1570353443       0.00     -0.527   40.39858  -71.69076    33.6086  1023.8626    23.7707    19.2824 0.0000e+00
