CalculateIndicators/WaterTemperature/Data/CTD_NYOS/NYOS190724_3_5.cnv
* Sea-Bird SBE 9 Data File:
* FileName = C:\Seabird 9 CTD\Data\2019\201907_offshore\NYOS190724_3_5.hex
* Software Version Seasave V 7.23.2
* Temperature SN = 4590
* Conductivity SN = 3228
* Number of Bytes Per Scan = 44
* Number of Voltage Words = 5
* Number of Scans Averaged by the Deck Unit = 1
* NMEA Latitude = 39 27.96 N
* NMEA Longitude = 072 01.88 W
* NMEA UTC (Time) = Jul 24 2019  20:25:22
* NMEA baud rate = 4800
** Ship: Seawolf
** Station: 1.5
** Operator: EIH
# nquan = 35
# nvalues = 1015                        
# units = specified
# name 0 = depSM: Depth [salt water, m]
# name 1 = t090C: Temperature [ITS-90, deg C]
# name 2 = sal00: Salinity, Practical [PSU]
# name 3 = density00: Density [density, kg/m^3]
# name 4 = sbeox0V: Oxygen raw, SBE 43 [V]
# name 5 = sbeox0ML/L: Oxygen, SBE 43 [ml/l]
# name 6 = sbeox0PS: Oxygen, SBE 43 [% saturation]
# name 7 = sbox0dV/dT: Oxygen, SBE 43 [dov/dt]
# name 8 = oxsolML/L: Oxygen Saturation, Garcia & Gordon [ml/l]
# name 9 = oxsatML/L: Oxygen Saturation, Weiss [ml/l]
# name 10 = ph: pH
# name 11 = flECO-AFL: Fluorescence, WET Labs ECO-AFL/FL [mg/m^3]
# name 12 = n2satML/L: Nitrogen Saturation [ml/l]
# name 13 = c0S/m: Conductivity [S/m]
# name 14 = cpar: CPAR/Corrected Irradiance [%]
# name 15 = sigma-é00: Density [sigma-theta, kg/m^3]
# name 16 = sigma-t00: Density [sigma-t, kg/m^3 ]
# name 17 = par: PAR/Irradiance, Biospherical/Licor
# name 18 = prDM: Pressure, Digiquartz [db]
# name 19 = pumps: Pump Status
# name 20 = scan: Scan Count
# name 21 = svCM: Sound Velocity [Chen-Millero, m/s]
# name 22 = spar: SPAR, Biospherical/Licor
# name 23 = specc: Specific Conductance [uS/cm]
# name 24 = timeS: Time, Elapsed [seconds]
# name 25 = timeY: Time, System [seconds]
# name 26 = accM: Acceleration [m/s^2]
# name 27 = dz/dtM: Descent Rate [m/s]
# name 28 = latitude: Latitude [deg]
# name 29 = longitude: Longitude [deg]
# name 30 = gsw_saA0: Absolute Salinity [g/kg]
# name 31 = gsw_densityA0: density, TEOS-10 [density, kg/m^3]
# name 32 = gsw_sigma0A0: density, TEOS-10 [sigma-0, kg/m^3 ]
# name 33 = gsw_ptA0: potential temperature [ITS-90, deg C]
# name 34 = flag: flag
# span 0 =      2.000,    511.000       
# span 1 =     6.2482,    24.3543       
# span 2 =    32.7763,    35.6906       
# span 3 =  1021.9007,  1029.9366       
# span 4 =     1.3974,     2.8639       
# span 5 =     2.9203,     6.4261       
# span 6 =     46.734,    119.456       
# span 7 =   -0.03491,    0.07323       
# span 8 =    4.85053,    6.85014       
# span 9 =    4.83848,    6.86212       
# span 10 =      7.942,      8.305      
# span 11 =    -0.0768,     1.0936      
# span 12 =    8.99209,   12.28130      
# span 13 =   3.488921,   5.109219      
# span 14 = -8.106e-06, 2.9471e+01      
# span 15 =    21.8920,    27.5827      
# span 16 =    21.8919,    27.5766      
# span 17 = -4.329e-05, 2.5495e+02      
# span 18 =      2.024,    515.546      
# span 19 =          1,          1      
# span 20 =          8,      47583      
# span 21 =    1484.29,    1530.77      
# span 22 = 4.6933e+02, 1.0775e+03      
# span 23 =  50067.843,  55823.789      
# span 24 =      0.275,   1982.590      
# span 25 = 1563999925, 1564001907      
# span 26 =      -1.47,       0.56      
# span 27 =     -1.617,      1.204      
# span 28 =   39.46248,   39.46606      
# span 29 =  -72.03984,  -72.03134      
# span 30 =    32.9337,    35.8605      
# span 31 =  1021.9047,  1029.9395      
# span 32 =    21.8961,    27.5856      
# span 33 =     6.2015,    24.3529      
# span 34 = 0.0000e+00, 0.0000e+00      
# interval = meters: 1                  
# start_time = Jul 24 2019 20:25:24 [System UTC, first data scan.]
# bad_flag = -9.990e-29
*END*
[from data line 291]
    297.000    10.5650    35.3504  1028.4739     1.4116     2.9486     47.354    0.00025    6.22664    6.22910      7.958    -0.0431   11.24867   3.910554 1.2035e-13    27.1333    27.1268 1.0000e-12    299.493          1      10420    1497.21 8.3091e+02  54976.997    434.140 1564000358       0.11      1.147   39.46548  -72.03488    35.5172  1028.4766    27.1361    10.5287 0.0000e+00
    298.000    10.5626    35.3501  1028.4786     1.4120     2.9537     47.432    0.00061    6.22721    6.22969      7.957    -0.0444   11.24962   3.910375 1.2111e-13    27.1335    27.1271 1.0000e-12    300.504          1      10442    1497.21 8.2571e+02  54977.746    435.047 1564000359      -0.06      1.159   39.46548  -72.03490    35.5173  1028.4817    27.1366    10.5262 0.0000e+00
    299.000    10.5598    35.3492  1028.4830     1.4123     2.9535     47.428    0.00042    6.22737    6.22985      7.955    -0.0454   11.24989   3.910014 1.2197e-13    27.1333    27.1268 1.0000e-12    301.513          1      10465    1497.22 8.1988e+02  54977.644    435.999 1564000360      -0.06      1.092   39.46548  -72.03491    35.5159  1028.4856    27.1361    10.5232 0.0000e+00
    300.000    10.5499    35.3478  1028.4882     1.4127     2.9556     47.461    0.00045    6.22741    6.22989      7.957    -0.0318   11.24996   3.908988 1.2142e-13    27.1340    27.1275 1.0000e-12    302.524          1      10489    1497.20 8.2358e+02  54978.344    436.990 1564000361      -0.04      1.036   39.46547  -72.03492    35.5147  1028.4910    27.1369    10.5132 0.0000e+00
    301.000    10.5447    35.3477  1028.4936     1.4121     2.9491     47.354   -0.00012    6.22764    6.23012      7.956    -0.0434   11.25034   3.908562 1.2067e-13    27.1348    27.1283 1.0000e-12    303.529          1      10513    1497.20 8.2870e+02  54979.757    437.989 1564000362      -0.02      1.019   39.46546  -72.03492    35.5149  1028.4967    27.1380    10.5079 0.0000e+00
    302.000    10.5432    35.3477  1028.4984     1.4101     2.9330     47.096   -0.00133    6.22775    6.23023      7.956    -0.0448   11.25052   3.908512 1.2137e-13    27.1352    27.1286 1.0000e-12    304.544          1      10539    1497.21 8.2393e+02  54980.764    439.095 1564000363      -0.08      0.951   39.46546  -72.03494    35.5154  1028.5019    27.1387    10.5063 0.0000e+00
    303.000    10.5430    35.3472  1028.5026     1.4093     2.9305     47.054   -0.00138    6.22790    6.23038 -9.990e-29    -0.0425   11.25077   3.908496 1.2113e-13    27.1348    27.1283 1.0000e-12    305.554          1      10563    1497.23 8.2556e+02  54980.789    440.093 1564000364       0.10      0.943   39.46546  -72.03494    35.5150  1028.5062    27.1384    10.5060 0.0000e+00
    304.000    10.5414    35.3470  1028.5072     1.4094     2.9391     47.191   -0.00044    6.22809    6.23058 -9.990e-29    -0.0334   11.25108   3.908391 1.2046e-13    27.1349    27.1284 1.0000e-12    306.559          1      10584    1497.24 8.3013e+02  54981.352    440.958 1564000365       0.16      1.080   39.46546  -72.03494    35.5150  1028.5109    27.1387    10.5043 0.0000e+00
    305.000    10.5408    35.3469  1028.5118     1.4100     2.9481     47.333    0.00030    6.22842    6.23091 -9.990e-29    -0.0297   11.25163   3.908375 1.2090e-13    27.1350    27.1284 1.0000e-12    307.560          1      10607    1497.25 8.2717e+02  54981.967    441.897 1564000366      -0.06      1.135   39.46546  -72.03495    35.5150  1028.5155    27.1388    10.5035 0.0000e+00
    306.000    10.5395    35.3466  1028.5164     1.4114     2.9592     47.508    0.00102    6.22893    6.23143 -9.990e-29    -0.0286   11.25249   3.908285 1.2275e-13    27.1351    27.1284 1.0000e-12    308.584          1      10637    1497.26 8.1468e+02  54982.564    443.158 1564000368      -0.23      0.869   39.46546  -72.03496    35.5149  1028.5203    27.1390    10.5021 0.0000e+00
    307.000    10.5379    35.3466  1028.5211     1.4115     2.9569     47.468    0.00066    6.22915    6.23165 -9.990e-29 -9.990e-29   11.25285   3.908178 1.2297e-13    27.1353    27.1287 1.0000e-12    309.586          1      10662    1497.27 8.1321e+02  54983.395    444.210 1564000369       0.17      0.869   39.46546  -72.03496    35.5149  1028.5251    27.1393    10.5004 0.0000e+00
    308.000    10.5338    35.3457  1028.5257     1.4100     2.9393     47.182   -0.00092    6.22973    6.23224 -9.990e-29 -9.990e-29   11.25381   3.907720 1.2197e-13    27.1354    27.1287 1.0000e-12    310.596          1      10688    1497.27 8.1988e+02  54983.617    445.303 1564000370      -0.04      0.958   39.46546  -72.03498    35.5138  1028.5295    27.1392    10.4962 0.0000e+00
    309.000    10.5325    35.3457  1028.5305     1.4092     2.9355     47.127   -0.00107    6.22901    6.23151      7.955 -9.990e-29   11.25260   3.907657 1.2131e-13    27.1356    27.1289 1.0000e-12    311.609          1      10715    1497.29 8.2438e+02  54984.541    446.411 1564000371       0.00      0.894   39.46546  -72.03498    35.5140  1028.5345    27.1397    10.4947 0.0000e+00
    310.000    10.5303    35.3451  1028.5349     1.4092     2.9413     47.221   -0.00042    6.22885    6.23135      7.955    -0.0182   11.25235   3.907430 1.2159e-13    27.1356    27.1289 1.0000e-12    312.619          1      10738    1497.29 8.2245e+02  54984.706    447.362 1564000372       0.15      0.983   39.46546  -72.03498    35.5134  1028.5389    27.1395    10.4924 0.0000e+00
    311.000    10.5266    35.3449  1028.5400     1.4102     2.9523     47.399    0.00047    6.22876    6.23125      7.955    -0.0288   11.25219   3.907118 1.2348e-13    27.1361    27.1294 1.0000e-12    313.620          1      10758    1497.30 8.0995e+02  54985.928    448.215 1564000373       0.12      1.110   39.46546  -72.03500    35.5134  1028.5440    27.1402    10.4886 0.0000e+00
    312.000    10.5292    35.3469  1028.5456     1.4108     2.9597     47.518    0.00104    6.22864    6.23114      7.955    -0.0413   11.25200   3.907706 1.2509e-13    27.1372    27.1304 1.0000e-12    314.634          1      10780    1497.32 7.9945e+02  54988.693    449.142 1564000373      -0.05      1.141   39.46546  -72.03500    35.5163  1028.5504    27.1421    10.4911 0.0000e+00
    313.000    10.5325    35.3463  1028.5491     1.4110     2.9552     47.444    0.00042    6.22879    6.23129      7.955    -0.0326   11.25225   3.907960 1.2527e-13    27.1362    27.1294 1.0000e-12    315.640          1      10803    1497.35 7.9829e+02  54987.881    450.100 1564000374      -0.06      1.076   39.46546  -72.03502    35.5152  1028.5534    27.1406    10.4943 0.0000e+00
    314.000    10.5332    35.3464  1028.5535     1.4109     2.9521     47.392    0.00001    6.22897    6.23147      7.955    -0.0405   11.25255   3.908087 1.2284e-13    27.1362    27.1294 1.0000e-12    316.652          1      10828    1497.37 8.1408e+02  54988.563    451.126 1564000375      -0.06      1.011   39.46546  -72.03502    35.5154  1028.5580    27.1407    10.4948 0.0000e+00
    315.000    10.5340    35.3464  1028.5579 -9.990e-29     2.9523     47.396   -0.00002    6.22899    6.23149      7.955    -0.0431   11.25258   3.908231 1.2257e-13    27.1361    27.1293 1.0000e-12    317.661          1      10852    1497.39 8.1586e+02  54989.099    452.122 1564000376       0.02      0.999   39.46546  -72.03504    35.5156  1028.5625    27.1407    10.4955 0.0000e+00
    316.000    10.5330    35.3460  1028.5623 -9.990e-29     2.9511     47.375   -0.00012    6.22931    6.23181      7.955    -0.0345   11.25312   3.908118 1.2235e-13    27.1359    27.1291 1.0000e-12    318.672          1      10876    1497.40 8.1730e+02  54989.302    453.132 1564000377      -0.01      1.010   39.46546  -72.03504    35.5150  1028.5667    27.1404    10.4944 0.0000e+00
    317.000    10.5318    35.3459  1028.5670 -9.990e-29     2.9525     47.394   -0.00009    6.22961    6.23212      7.955    -0.0297   11.25361   3.908044 1.2202e-13    27.1361    27.1292 1.0000e-12    319.681          1      10899    1497.42 8.1954e+02  54990.062    454.091 1564000378       0.05      1.016   39.46546  -72.03504    35.5150  1028.5715    27.1407    10.4931 0.0000e+00
    318.000    10.5315    35.3461  1028.5717     1.4107     2.9546     47.428    0.00013    6.22965    6.23216      7.955    -0.0448   11.25368   3.908088 1.2215e-13    27.1363    27.1294 1.0000e-12    320.689          1      10921    1497.43 8.1867e+02  54990.968    454.993 1564000379       0.08      1.084   39.46546  -72.03504    35.5152  1028.5762    27.1409    10.4927 0.0000e+00
    319.000    10.5304    35.3455  1028.5759     1.4106     2.9521     47.387   -0.00014    6.22984    6.23235      7.955    -0.0499   11.25400   3.907933 1.2288e-13    27.1360    27.1291 1.0000e-12    321.696          1      10943    1497.44 8.1378e+02  54991.027    455.897 1564000380       0.00      1.120   39.46546  -72.03505    35.5143  1028.5802    27.1404    10.4914 0.0000e+00
    320.000    10.5275    35.3453  1028.5809     1.4108     2.9545     47.425    0.00002    6.22986    6.23237      7.955    -0.0428   11.25403   3.907696 1.2346e-13    27.1364    27.1295 1.0000e-12    322.703          1      10966    1497.45 8.0998e+02  54991.986    456.869 1564000381      -0.08      1.084   39.46546  -72.03506    35.5143  1028.5853    27.1410    10.4884 0.0000e+00
    321.000    10.5267    35.3453  1028.5856     1.4114     2.9595     47.504    0.00032    6.23015    6.23266      7.955    -0.0439   11.25452   3.907678 1.2338e-13    27.1366    27.1297 1.0000e-12    323.720          1      10993    1497.47 8.1048e+02  54992.798    457.994 1564000382      -0.12      0.951   39.46545  -72.03507    35.5144  1028.5901    27.1412    10.4875 0.0000e+00
    322.000    10.5255    35.3452  1028.5902     1.4112     2.9622     47.523    0.00044    6.23320    6.23575      7.955    -0.0503   11.25965   3.907599 1.2269e-13    27.1368    27.1298 1.0000e-12    324.723          1      11017    1497.48 8.1502e+02  54993.539    458.997 1564000383       0.10      0.936   39.46544  -72.03508    35.5143  1028.5948    27.1414    10.4861 0.0000e+00
    323.000    10.5254    35.3450  1028.5946     1.4101     2.9521     47.302   -0.00080    6.24090    6.24355      7.955    -0.0559   11.27244   3.907612 1.2261e-13    27.1367    27.1297 1.0000e-12    325.736          1      11042    1497.49 8.1558e+02  54993.879    460.044 1564000384      -0.03      1.004   39.46544  -72.03508    35.5141  1028.5992    27.1413    10.4859 0.0000e+00
    324.000    10.5235    35.3439  1028.5986     1.4089     2.9480     47.188   -0.00127    6.24723    6.24997 -9.990e-29    -0.0415   11.28297   3.907297 1.2257e-13    27.1362    27.1291 1.0000e-12    326.748          1      11066    1497.50 8.1584e+02  54993.271    461.034 1564000385       0.05      0.964   39.46544  -72.03510    35.5123  1028.6026    27.1402    10.4839 0.0000e+00
    325.000    10.5093    35.3386  1028.6017     1.4085     2.9518     47.229   -0.00086    6.24996    6.25274 -9.990e-29    -0.0280   11.28746   3.905110 1.2211e-13    27.1346    27.1276 1.0000e-12    327.753          1      11086    1497.46 8.1890e+02  54989.779    461.876 1564000386       0.19      1.094   39.46544  -72.03510    35.5034  1028.6029    27.1359    10.4696 0.0000e+00
    326.000    10.4623    35.3312  1028.6089     1.4081     2.9551     47.271   -0.00047    6.25137    6.25417 -9.990e-29    -0.0310   11.28983   3.899814 1.2202e-13    27.1370    27.1300 1.0000e-12    328.760          1      11106    1497.30 8.1951e+02  54988.880    462.727 1564000387       0.03      1.192   39.46544  -72.03510    35.4949  1028.6094    27.1375    10.4226 0.0000e+00
    327.000    10.4202    35.3265  1028.6176     1.4077     2.9562     47.266   -0.00043    6.25438    6.25722      7.953    -0.0336   11.29483   3.895264 1.2261e-13    27.1409    27.1339 1.0000e-12    329.767          1      11129    1497.16 8.1562e+02  54991.758    463.647 1564000388      -0.09      1.153   39.46544  -72.03511    35.4892  1028.6171    27.1405    10.3805 0.0000e+00
    328.000    10.3833    35.3258  1028.6283     1.4075     2.9581     47.273   -0.00034    6.25755    6.26044      7.953    -0.0451   11.30011   3.891955 1.2356e-13    27.1468    27.1398 1.0000e-12    330.780          1      11155    1497.05 8.0930e+02  54998.885    464.739 1564000389      -0.16      1.005   39.46544  -72.03512    35.4910  1028.6298    27.1484    10.3436 0.0000e+00
    329.000    10.3684    35.3227  1028.6331     1.4077     2.9659     47.356    0.00010    6.26286    6.26582      7.952    -0.0427   11.30894   3.890167 1.2503e-13    27.1470    27.1400 1.0000e-12    331.794          1      11182    1497.01 7.9985e+02  54998.110    465.878 1564000390      -0.01      0.872   39.46544  -72.03513    35.4869  1028.6339    27.1478    10.3285 0.0000e+00
    330.000    10.3454    35.3208  1028.6403     1.4066     2.9602     47.246   -0.00037    6.26554    6.26853      7.952    -0.0429   11.31336   3.887855 1.2458e-13    27.1496    27.1426 1.0000e-12    332.795          1      11207    1496.94 8.0273e+02  55000.867    466.900 1564000391       0.07      0.957   39.46544  -72.03514    35.4853  1028.6413    27.1506    10.3055 0.0000e+00
    331.000    10.3175    35.3165  1028.6466     1.4046     2.9433     46.961   -0.00166    6.26741    6.27043      7.951    -0.0369   11.31649   3.884675 1.2239e-13    27.1511    27.1441 1.0000e-12    333.814          1      11235    1496.85 8.1710e+02  55001.207    468.072 1564000392      -0.10      0.900   39.46544  -72.03514    35.4796  1028.6465    27.1511    10.2775 0.0000e+00
    332.000    10.2827    35.3116  1028.6536     1.4041     2.9487     47.003   -0.00127    6.27342    6.27652      7.952    -0.0288   11.32651   3.880875 1.2220e-13    27.1533    27.1463 1.0000e-12    334.824          1      11259    1496.74 8.1831e+02  55001.960    469.068 1564000393       0.15      0.923   39.46544  -72.03514    35.4743  1028.6532    27.1530    10.2427 0.0000e+00
    333.000    10.2691    35.3131  1028.6618     1.4043     2.9618     47.181   -0.00014    6.27749    6.28065      7.952    -0.0365   11.33327   3.879943 1.2319e-13    27.1569    27.1499 1.0000e-12    335.820          1      11283    1496.71 8.1179e+02  55007.562    470.072 1564000394      -0.06      1.038   39.46544  -72.03515    35.4776  1028.6627    27.1580    10.2290 0.0000e+00
    334.000    10.2432    35.3041  1028.6640     1.4049     2.9731     47.317    0.00052    6.28327    6.28650      7.951    -0.0436   11.34290   3.876323 1.2327e-13    27.1544    27.1474 1.0000e-12    336.852          1      11317    1496.62 8.1121e+02  55000.871    471.487 1564000396      -0.22      0.660   39.46544  -72.03516    35.4654  1028.6626    27.1530    10.2031 0.0000e+00
    335.000    10.2059    35.3007  1028.6727     1.4044     2.9702     47.235    0.00004    6.28825    6.29155      7.951    -0.0438   11.35119   3.872465 1.2335e-13    27.1583    27.1513 1.0000e-12    337.840          1      11336    1496.50 8.1069e+02  55004.676    472.305 1564000397       0.51      0.917   39.46544  -72.03518    35.4620  1028.6711    27.1568    10.1657 0.0000e+00
    336.000    10.1780    35.2998  1028.6815     1.4024     2.9559     46.961   -0.00124    6.29440    6.29779      7.951    -0.0352   11.36133   3.869961 1.2338e-13    27.1624    27.1554 1.0000e-12    338.854          1      11361    1496.42 8.1049e+02  55009.697    473.337 1564000398      -0.14      1.090   39.46542  -72.03518    35.4632  1028.6816    27.1626    10.1377 0.0000e+00
