CalculateIndicators/WaterTemperature/Data/CTD_NYOS/NYOS190726_5_6.cnv
* Sea-Bird SBE 9 Data File:
* FileName = C:\Seabird 9 CTD\Data\2019\201907_offshore\NYOS190726_5_6.hex
* Software Version Seasave V 7.23.2
* Temperature SN = 4590
* Conductivity SN = 3228
* Number of Bytes Per Scan = 44
* Number of Voltage Words = 5
* Number of Scans Averaged by the Deck Unit = 1
* NMEA Latitude = 39 01.09 N
* NMEA Longitude = 072 33.17 W
* NMEA UTC (Time) = Jul 27 2019  00:18:59
* NMEA baud rate = 4800
** Ship: Seawolf
** Station: 5-6
** Operator: lis
# nquan = 35
# nvalues = 1167                        
# units = specified
# name 0 = depSM: Depth [salt water, m]
# name 1 = t090C: Temperature [ITS-90, deg C]
# name 2 = sal00: Salinity, Practical [PSU]
# name 3 = density00: Density [density, kg/m^3]
# name 4 = sbeox0V: Oxygen raw, SBE 43 [V]
# name 5 = sbeox0ML/L: Oxygen, SBE 43 [ml/l]
# name 6 = sbeox0PS: Oxygen, SBE 43 [% saturation]
# name 7 = sbox0dV/dT: Oxygen, SBE 43 [dov/dt]
# name 8 = oxsolML/L: Oxygen Saturation, Garcia & Gordon [ml/l]
# name 9 = oxsatML/L: Oxygen Saturation, Weiss [ml/l]
# name 10 = ph: pH
# name 11 = flECO-AFL: Fluorescence, WET Labs ECO-AFL/FL [mg/m^3]
# name 12 = n2satML/L: Nitrogen Saturation [ml/l]
# name 13 = c0S/m: Conductivity [S/m]
# name 14 = cpar: CPAR/Corrected Irradiance [%]
# name 15 = sigma-é00: Density [sigma-theta, kg/m^3]
# name 16 = sigma-t00: Density [sigma-t, kg/m^3 ]
# name 17 = par: PAR/Irradiance, Biospherical/Licor
# name 18 = prDM: Pressure, Digiquartz [db]
# name 19 = pumps: Pump Status
# name 20 = scan: Scan Count
# name 21 = svCM: Sound Velocity [Chen-Millero, m/s]
# name 22 = spar: SPAR, Biospherical/Licor
# name 23 = specc: Specific Conductance [uS/cm]
# name 24 = timeS: Time, Elapsed [seconds]
# name 25 = timeY: Time, System [seconds]
# name 26 = accM: Acceleration [m/s^2]
# name 27 = dz/dtM: Descent Rate [m/s]
# name 28 = latitude: Latitude [deg]
# name 29 = longitude: Longitude [deg]
# name 30 = gsw_saA0: Absolute Salinity [g/kg]
# name 31 = gsw_densityA0: density, TEOS-10 [density, kg/m^3]
# name 32 = gsw_sigma0A0: density, TEOS-10 [sigma-0, kg/m^3 ]
# name 33 = gsw_ptA0: potential temperature [ITS-90, deg C]
# name 34 = flag: flag
# span 0 =      2.000,    585.000       
# span 1 =     5.9856,    26.6468       
# span 2 =    33.4912,    35.8889       
# span 3 =  1021.7021,  1030.3045       
# span 4 =     1.4012,     2.8245       
# span 5 =     2.8621,     5.9058       
# span 6 =     46.432,    115.164       
# span 7 =   -0.04006,    0.04410       
# span 8 =    4.64699,    6.90796       
# span 9 =    4.63491,    6.92092       
# span 10 =      7.905,      8.274      
# span 11 =    -0.0745,     0.6332      
# span 12 =    8.64184,   12.37684      
# span 13 =   3.467108,   5.405222      
# span 14 = -3.609e+03, 1.0314e+05      
# span 15 =    21.6936,    27.6087      
# span 16 =    21.6935,    27.6020      
# span 17 = 1.0000e-12, 6.9816e-01      
# span 18 =      2.017,    590.295      
# span 19 =          1,          1      
# span 20 =        259,      33526      
# span 21 =    1484.43,    1537.11      
# span 22 = -1.198e-01, 6.1919e+00      
# span 23 =  51007.324,  55944.721      
# span 24 =     10.763,   1396.859      
# span 25 = 1564186750, 1564188136      
# span 26 =      -0.60,       0.56      
# span 27 =     -1.738,      1.357      
# span 28 =   39.01432,   39.01814      
# span 29 =  -72.55306,  -72.55220      
# span 30 =    33.6528,    36.0650      
# span 31 =  1021.7069,  1030.3076      
# span 32 =    21.6983,    27.6107      
# span 33 =     5.9331,    26.6464      
# span 34 = 0.0000e+00, 0.0000e+00      
# interval = meters: 1                  
# start_time = Jul 27 2019 00:19:00 [System UTC, first data scan.]
# bad_flag = -9.990e-29
*END*
[from data line 498]
    500.000     6.8425    35.0949  1029.8182     1.6475     4.1867     61.761    0.00071    6.77893    6.78973      7.931    -0.0300   12.16360   3.545090 1.4308e+04    27.5221    27.5155 1.0000e-12    504.430          1      13328    1486.46 3.1961e+00  55666.790    555.293 1564187295      -0.01      1.180   39.01678  -72.55276    35.2605  1029.8195    27.5234     6.7946 0.0000e+00
    501.000     6.8343    35.0945  1029.8236     1.6487     4.1962     61.891    0.00107    6.77994    6.79076      7.932    -0.0323   12.16527   3.544290 1.0092e+05    27.5229    27.5163 1.0000e-12    505.441          1      13349    1486.45 -3.436e-02  55669.401    556.155 1564187296      -0.01      1.172   39.01678  -72.55276    35.2596  1029.8245    27.5238     6.7863 0.0000e+00
    502.000     6.8175    35.0922  1029.8290     1.6497     4.2038     61.995    0.00128    6.78077    6.79160      7.932    -0.0294   12.16663   3.542488 9.4538e+04    27.5234    27.5168 1.0000e-12    506.450          1      13369    1486.39 1.2059e-01  55671.847    557.010 1564187296       0.01      1.176   39.01678  -72.55276    35.2563  1029.8290    27.5235     6.7695 0.0000e+00
    503.000     6.7993    35.0924  1029.8364     1.6510     4.2110     62.086    0.00135    6.78253    6.79338      7.932    -0.0296   12.16954   3.540914 8.7184e+02    27.5260    27.5194 1.0000e-12    507.460          1      13390    1486.34 3.8210e+00  55678.273    557.873 1564187297      -0.01      1.178   39.01677  -72.55276    35.2570  1029.8369    27.5265     6.7513 0.0000e+00
    504.000     6.7897    35.0928  1029.8427     1.6522     4.2169     62.163    0.00138    6.78362    6.79450      7.931    -0.0423   12.17135   3.540172 7.6728e+00    27.5277    27.5211 1.0000e-12    508.470          1      13411    1486.32 3.9481e+00  55682.528    558.739 1564187298      -0.01      1.168   39.01676  -72.55276    35.2581  1029.8438    27.5287     6.7416 0.0000e+00
    505.000     6.7852    35.0929  1029.8480     1.6529     4.2185     62.178    0.00121    6.78455    6.79544      7.933    -0.0332   12.17288   3.539823 -9.990e-29    27.5284    27.5218 1.0000e-12    509.480          1      13432    1486.32 3.9495e+00  55684.662    559.613 1564187299      -0.01      1.162   39.01676  -72.55276    35.2583  1029.8491    27.5295     6.7370 0.0000e+00
    506.000     6.7759    35.0919  1029.8532     1.6535     4.2156     62.124    0.00068    6.78571    6.79662      7.932    -0.0475   12.17481   3.538863 -9.990e-29    27.5289    27.5223 1.0000e-12    510.490          1      13453    1486.30 3.9495e+00  55686.790    560.492 1564187300      -0.01      1.154   39.01676  -72.55276    35.2567  1029.8539    27.5296     6.7276 0.0000e+00
    507.000     6.7662    35.0917  1029.8591     1.6540     4.2182     62.149    0.00059    6.78716    6.79809      7.933    -0.0516   12.17720   3.538048 -9.990e-29    27.5300    27.5234 1.0000e-12    511.501          1      13474    1486.28 3.9495e+00  55690.013    561.365 1564187301       0.01      1.152   39.01676  -72.55276    35.2571  1029.8602    27.5312     6.7179 0.0000e+00
    508.000     6.7606    35.0918  1029.8646     1.6549     4.2275     62.262    0.00090    6.78981    6.80078      7.932    -0.0419   12.18159   3.537603 2.5320e-11    27.5309    27.5243 1.0000e-12    512.511          1      13495    1486.27 3.9495e+00  55692.685    562.234 1564187302       0.01      1.158   39.01676  -72.55276    35.2573  1029.8658    27.5322     6.7122 0.0000e+00
    509.000     6.7540    35.0914  1029.8699     1.6555     4.2325     62.303    0.00087    6.79340    6.80443      7.934    -0.0480   12.18751   3.536991 2.5320e-11    27.5315    27.5249 1.0000e-12    513.521          1      13515    1486.26 3.9495e+00  55694.858    563.104 1564187303       0.00      1.162   39.01676  -72.55276    35.2569  1029.8710    27.5327     6.7055 0.0000e+00
    510.000     6.7453    35.0907  1029.8752     1.6565     4.2382     62.366    0.00087    6.79567    6.80674      7.933    -0.0708   12.19127   3.536158 2.5320e-11    27.5322    27.5255 1.0000e-12    514.531          1      13536    1486.24 3.9495e+00  55697.141    563.975 1564187303      -0.00      1.162   39.01676  -72.55276    35.2560  1029.8762    27.5332     6.6968 0.0000e+00
    511.000     6.7353    35.0894  1029.8802     1.6578     4.2496     62.500    0.00117    6.79928    6.81041 -9.990e-29    -0.0568   12.19723   3.535073 2.5320e-11    27.5325    27.5259 1.0000e-12    515.541          1      13557    1486.22 3.9495e+00  55698.965    564.845 1564187304       0.00      1.159   39.01675  -72.55276    35.2537  1029.8805    27.5328     6.6867 0.0000e+00
    512.000     6.7110    35.0882  1029.8874     1.6592     4.2623     62.667    0.00161    6.80164    6.81281 -9.990e-29    -0.0472   12.20111   3.532711 2.5320e-11    27.5348    27.5282 1.0000e-12    516.551          1      13578    1486.14 3.9495e+00  55705.314    565.716 1564187305       0.00      1.160   39.01674  -72.55276    35.2518  1029.8872    27.5346     6.6624 0.0000e+00
    513.000     6.6942    35.0883  1029.8946     1.6612     4.2737     62.827    0.00188    6.80226    6.81345 -9.990e-29    -0.0436   12.20214   3.531264 2.5320e-11    27.5372    27.5306 1.0000e-12    517.561          1      13599    1486.09 3.9495e+00  55711.353    566.590 1564187306      -0.00      1.158   39.01674  -72.55275    35.2525  1029.8948    27.5374     6.6456 0.0000e+00
    514.000     6.6766    35.0872  1029.9010     1.6634     4.2883     63.033    0.00232    6.80317    6.81437      7.935    -0.0283   12.20365   3.529481 -9.990e-29    27.5387    27.5321 1.0000e-12    518.571          1      13620    1486.04 3.9495e+00  55715.802    567.465 1564187307      -0.00      1.156   39.01674  -72.55274    35.2502  1029.9002    27.5380     6.6280 0.0000e+00
    515.000     6.6530    35.0876  1029.9093     1.6655     4.2997     63.189    0.00250    6.80448    6.81570      7.935    -0.0242   12.20582   3.527487 -9.990e-29    27.5422    27.5356 1.0000e-12    519.582          1      13641    1485.96 3.9495e+00  55724.252    568.344 1564187308      -0.01      1.152   39.01674  -72.55274    35.2517  1029.9094    27.5423     6.6043 0.0000e+00
    516.000     6.6471    35.0881  1029.9152     1.6674     4.3055     63.260    0.00228    6.80603    6.81727      7.935    -0.0327   12.20838   3.527112 -9.990e-29    27.5435    27.5369 1.0000e-12    520.592          1      13662    1485.96 3.9495e+00  55727.605    569.220 1564187309       0.00      1.151   39.01674  -72.55274    35.2530  1029.9159    27.5442     6.5984 0.0000e+00
    517.000     6.6428    35.0874  1029.9199     1.6684     4.3051     63.249    0.00184    6.80655    6.81780      7.935    -0.0309   12.20923   3.526686 -9.990e-29    27.5435    27.5369 1.0000e-12    521.602          1      13683    1485.96 3.9495e+00  55728.532    570.095 1564187310       0.00      1.153   39.01674  -72.55274    35.2522  1029.9204    27.5441     6.5940 0.0000e+00
    518.000     6.6354    35.0869  1029.9251     1.6697     4.3039     63.227    0.00129    6.80712    6.81838      7.935    -0.0419   12.21018   3.526004 2.5320e-11    27.5441    27.5375 1.0000e-12    522.613          1      13704    1485.94 3.9495e+00  55730.844    570.967 1564187310       0.00      1.156   39.01674  -72.55274    35.2517  1029.9258    27.5447     6.5865 0.0000e+00
    519.000     6.6266    35.0863  1029.9305     1.6709     4.3121     63.319    0.00140    6.81006    6.82137      7.935    -0.0299   12.21506   3.525172 2.5320e-11    27.5448    27.5382 1.0000e-12    523.623          1      13725    1485.93 3.9495e+00  55733.317    571.832 1564187311       0.01      1.162   39.01673  -72.55274    35.2510  1029.9311    27.5454     6.5777 0.0000e+00
    520.000     6.6193    35.0865  1029.9364     1.6717     4.3153     63.328    0.00111    6.81424    6.82562      7.936    -0.0269   12.22196   3.524640 2.5320e-11    27.5460    27.5394 1.0000e-12    524.632          1      13746    1485.91 3.9495e+00  55736.691    572.693 1564187312       0.01      1.169   39.01672  -72.55274    35.2521  1029.9376    27.5473     6.5703 0.0000e+00
    521.000     6.6177    35.0861  1029.9409     1.6723     4.3183     63.344    0.00097    6.81718    6.82861      7.935    -0.0248   12.22681   3.524506 2.5320e-11    27.5460    27.5393 1.0000e-12    525.643          1      13766    1485.92 3.9495e+00  55737.312    573.558 1564187313      -0.00      1.172   39.01672  -72.55274    35.2518  1029.9422    27.5472     6.5686 0.0000e+00
    522.000     6.6088    35.0846  1029.9456     1.6730     4.3184     63.335    0.00065    6.81843    6.82988      7.936    -0.0415   12.22886   3.523449 2.5320e-11    27.5459    27.5393 1.0000e-12    526.653          1      13787    1485.90 3.9495e+00  55738.421    574.418 1564187314       0.00      1.169   39.01672  -72.55274    35.2485  1029.9455    27.5459     6.5597 0.0000e+00
    523.000     6.5817    35.0835  1029.9533     1.6748     4.3337     63.552    0.00129    6.81908    6.83054      7.937    -0.0495   12.22995   3.520832 2.5320e-11    27.5487    27.5421 1.0000e-12    527.663          1      13808    1485.81 3.9495e+00  55746.086    575.286 1564187315      -0.00      1.172   39.01672  -72.55274    35.2467  1029.9527    27.5481     6.5325 0.0000e+00
    524.000     6.5606    35.0827  1029.9604     1.6764     4.3499     63.779    0.00199    6.82032    6.83180      7.935    -0.0323   12.23200   3.518894 2.5320e-11    27.5509    27.5443 1.0000e-12    528.673          1      13829    1485.75 3.9495e+00  55752.106    576.156 1564187316      -0.01      1.163   39.01672  -72.55274    35.2462  1029.9600    27.5505     6.5115 0.0000e+00
    525.000     6.5457    35.0834  1029.9677     1.6783     4.3596     63.905    0.00208    6.82196    6.83347 -9.990e-29    -0.0449   12.23471   3.517735 2.5490e-11    27.5535    27.5469 1.0000e-12    529.683          1      13850    1485.71 3.9363e+00  55758.410    577.021 1564187317       0.01      1.164   39.01672  -72.55274    35.2481  1029.9682    27.5540     6.4965 0.0000e+00
    526.000     6.5418    35.0834  1029.9728     1.6798     4.3642     63.964    0.00190    6.82286    6.83438 -9.990e-29    -0.0511   12.23619   3.517439 9.1830e+04    27.5540    27.5474 1.0000e-12    530.694          1      13870    1485.71 2.4016e-01  55760.289    577.888 1564187317       0.00      1.166   39.01672  -72.55274    35.2484  1029.9736    27.5547     6.4925 0.0000e+00
    527.000     6.5369    35.0826  1029.9775     1.6809     4.3663     63.990    0.00169    6.82344    6.83497 -9.990e-29    -0.0602   12.23715   3.516929 1.0004e+05    27.5540    27.5474 1.0000e-12    531.704          1      13891    1485.70 -1.264e-03  55761.385    578.754 1564187318       0.00      1.166   39.01671  -72.55274    35.2472  1029.9780    27.5545     6.4875 0.0000e+00
    528.000     6.5266    35.0819  1029.9831     1.6815     4.3613     63.906    0.00096    6.82449    6.83605 -9.990e-29    -0.0509   12.23890   3.515974 9.9999e+04    27.5549    27.5483 1.0000e-12    532.714          1      13912    1485.68 9.3393e-01  55764.353    579.619 1564187319       0.00      1.167   39.01670  -72.55274    35.2466  1029.9836    27.5554     6.4772 0.0000e+00
    529.000     6.5182    35.0821  1029.9890     1.6825     4.3666     63.963    0.00094    6.82675    6.83834 -9.990e-29    -0.0446   12.24265   3.515306 -9.990e-29    27.5562    27.5495 1.0000e-12    533.724          1      13933    1485.66 3.2990e+00  55767.888    580.486 1564187320      -0.00      1.167   39.01670  -72.55274    35.2473  1029.9900    27.5571     6.4687 0.0000e+00
    530.000     6.5141    35.0820  1029.9942     1.6833     4.3735     64.029    0.00101    6.83050    6.84215 -9.990e-29    -0.0520   12.24884   3.515002 -9.990e-29    27.5566    27.5500 1.0000e-12    534.734          1      13953    1485.66 3.8990e+00  55769.742    581.352 1564187321      -0.00      1.165   39.01670  -72.55274    35.2476  1029.9954    27.5578     6.4646 0.0000e+00
    531.000     6.5094    35.0814  1029.9990     1.6841     4.3771     64.059    0.00087    6.83289    6.84457 -9.990e-29    -0.0527   12.25278   3.514537 -9.990e-29    27.5568    27.5502 1.0000e-12    535.745          1      13974    1485.66 3.9502e+00  55771.086    582.220 1564187322      -0.00      1.165   39.01670  -72.55274    35.2467  1030.0000    27.5578     6.4598 0.0000e+00
    532.000     6.5002    35.0803  1030.0041     1.6851     4.3847     64.161    0.00106    6.83387    6.84557 -9.990e-29    -0.0642   12.25439   3.513574 2.5320e-11    27.5572    27.5506 1.0000e-12    536.755          1      13995    1485.64 3.9495e+00  55773.098    583.090 1564187323      -0.00      1.164   39.01670  -72.55274    35.2448  1030.0044    27.5576     6.4505 0.0000e+00
    533.000     6.4792    35.0785  1030.0103     1.6864     4.3943     64.287    0.00130    6.83545    6.84718      7.936    -0.0537   12.25701   3.511429 2.5320e-11    27.5586    27.5519 1.0000e-12    537.766          1      14016    1485.57 3.9495e+00  55777.738    583.958 1564187323       0.00      1.161   39.01670  -72.55274    35.2420  1030.0098    27.5581     6.4295 0.0000e+00
    534.000     6.4601    35.0779  1030.0172     1.6878     4.4039     64.418    0.00158    6.83635    6.84810      7.937    -0.0520   12.25849   3.509718 2.5320e-11    27.5607    27.5540 1.0000e-12    538.775          1      14037    1485.51 3.9495e+00  55783.602    584.818 1564187324       0.01      1.169   39.01669  -72.55274    35.2421  1030.0173    27.5607     6.4104 0.0000e+00
    535.000     6.4492    35.0788  1030.0241     1.6894     4.4119     64.533    0.00170    6.83661    6.84836      7.938    -0.0461   12.25892   3.508924 2.5320e-11    27.5628    27.5562 1.0000e-12    539.786          1      14057    1485.49 3.9495e+00  55788.967    585.680 1564187325      -0.00      1.174   39.01668  -72.55274    35.2438  1030.0248    27.5636     6.3994 0.0000e+00
    536.000     6.4434    35.0775  1030.0285     1.6903     4.4167     64.575    0.00157    6.83966    6.85146      7.938    -0.0399   12.26397   3.508267 2.5320e-11    27.5626    27.5560 1.0000e-12    540.796          1      14078    1485.48 3.9495e+00  55789.644    586.535 1564187326       0.01      1.175   39.01668  -72.55274    35.2420  1030.0288    27.5629     6.3935 0.0000e+00
    537.000     6.4335    35.0781  1030.0350     1.6908     4.4127     64.495    0.00093    6.84195    6.85379      7.939    -0.0416   12.26775   3.507527 2.5320e-11    27.5644    27.5578 1.0000e-12    541.807          1      14099    1485.46 3.9495e+00  55794.345    587.399 1564187327      -0.01      1.177   39.01668  -72.55274    35.2434  1030.0359    27.5653     6.3836 0.0000e+00
    538.000     6.4310    35.0783  1030.0401     1.6915     4.4113     64.465    0.00053    6.84289    6.85475      7.939    -0.0522   12.26930   3.507402 -9.990e-29    27.5648    27.5582 1.0000e-12    542.816          1      14119    1485.47 3.9495e+00  55796.044    588.269 1564187328      -0.01      1.167   39.01668  -72.55274    35.2440  1030.0414    27.5661     6.3810 0.0000e+00
    539.000     6.4228    35.0766  1030.0446     1.6922     4.4213     64.566    0.00081    6.84768    6.85962      7.939    -0.0520   12.27725   3.506377 -9.990e-29    27.5646    27.5580 1.0000e-12    543.827          1      14140    1485.45 3.9495e+00  55797.008    589.142 1564187329      -0.00      1.159   39.01668  -72.55274    35.2405  1030.0445    27.5645     6.3727 0.0000e+00
