CalculateIndicators/WaterTemperature/Data/CTD_NYOS/NYOS2006_C18.cnv
* Sea-Bird SBE19plus Data File:
* FileName = C:\Users\radar\Desktop\NYOS.2006\NYOS2006.ctd\NYOS2006_C18.hex
* Software Version 1.59
* Temperature SN =  4675
* Conductivity SN =  4675
* System UpLoad Time = Jun 10 2020 07:17:23
* NMEA Latitude = 40 29.9950 N
* NMEA Longitude = 073 47.4410 W
# nquan = 15
# nvalues = 40                          
# units = specified
# name 0 = depSM: Depth [salt water, m]
# name 1 = tv290C: Temperature [ITS-90, deg C]
# name 2 = sal00: Salinity, Practical [PSU]
# name 3 = density00: Density [density, kg/m^3]
# name 4 = c0S/m: Conductivity [S/m]
# name 5 = sigma-�00: Density [sigma-theta, kg/m^3]
# name 6 = sigma-t00: Density [sigma-t, kg/m^3 ]
# name 7 = prdM: Pressure, Strain Gauge [db]
# name 8 = scan: Scan Count
# name 9 = svCM: Sound Velocity [Chen-Millero, m/s]
# name 10 = specc: Specific Conductance [uS/cm]
# name 11 = timeS: Time, Elapsed [seconds]
# name 12 = accM: Acceleration [m/s^2]
# name 13 = dz/dtM: Descent Rate [m/s]
# name 14 = flag: flag
# span 0 =      1.000,     21.000       
# span 1 =    10.7905,    15.6037       
# span 2 =    30.0262,    32.0107       
# span 3 =  1022.0229,  1024.5796       
# span 4 =   3.583820,   3.792614       
# span 5 =    22.0132,    24.4852       
# span 6 =    22.0132,    24.4848       
# span 7 =      1.005,     21.124       
# span 8 =        221,        506       
# span 9 =    1489.32,    1502.84       
# span 10 =  46701.407,  50087.725      
# span 11 =     55.098,    126.164      
# span 12 =      -0.52,       0.45      
# span 13 =     -0.793,      0.743      
# span 14 = 0.0000e+00, 0.0000e+00      
# interval = meters: 1                  
# start_time = Jun 09 2020 12:45:57 [Instrument's time stamp, header]
# bad_flag = -9.990e-29
*END*
      2.000    15.6037    30.0283  1022.0229   3.792614    22.0132    22.0132      1.994        221    1502.84  46701.407     55.098      -0.13      0.270 0.0000e+00
      3.000    15.5017    30.0262  1022.0481   3.782929    22.0339    22.0337      3.014        228    1502.53  46708.202     56.845       0.18      0.532 0.0000e+00
      4.000    15.2525    30.1394  1022.1939   3.773608    22.1674    22.1673      4.028        235    1501.87  46876.928     58.396       0.04      0.642 0.0000e+00
      5.000    14.5568    30.5824  1022.6855   3.759580    22.6618    22.6617      5.021        242    1500.16  47577.907     60.232      -0.07      0.541 0.0000e+00
      6.000    13.6518    31.0686  1023.2427   3.736925    23.2268    23.2267      6.031        248    1497.90  48366.195     61.736       0.17      0.632 0.0000e+00
      7.000    13.5717    31.2939  1023.4426   3.752409    23.4148    23.4145      7.041        254    1497.83  48687.485     63.290      -0.10      0.671 0.0000e+00
      8.000    13.5256    31.3101  1023.4710   3.748138    23.4351    23.4348      8.042        261    1497.68  48713.698     64.939       0.15      0.565 0.0000e+00
      9.000    13.1485    31.3505  1023.5780   3.720932    23.5368    23.5365      9.053        267    1496.54  48809.621     66.619      -0.14      0.630 0.0000e+00
     10.000    12.8687    31.3773  1023.6602   3.697181    23.6108    23.6105     10.050        275    1495.60  48880.365     68.394       0.21      0.524 0.0000e+00
     11.000    12.3567    31.5490  1023.8928   3.670880    23.8442    23.8439     11.066        280    1494.12  49196.160     69.746       0.00      0.743 0.0000e+00
     12.000    11.9040    31.7379  1024.1282   3.650837    24.0772    24.0769     12.062        286    1492.81  49530.048     71.373      -0.06      0.612 0.0000e+00
     13.000    11.6752    31.8035  1024.2258   3.637809    24.1676    24.1673     13.079        293    1492.10  49652.338     72.997      -0.03      0.630 0.0000e+00
     14.000    11.4604    31.8009  1024.2692   3.617028    24.2030    24.2027     14.057        301    1491.33  49679.794     74.907       0.01      0.448 0.0000e+00
     15.000    11.0657    31.8907  1024.4108   3.593503    24.3442    24.3439     15.093        306    1490.13  49871.640     76.316      -0.00      0.689 0.0000e+00
     16.000    10.8726    31.9838  1024.5230   3.586144    24.4504    24.4501     16.069        314    1489.54  50034.566     78.132       0.05      0.463 0.0000e+00
     17.000    10.8149    32.0033  1024.5523   3.584003    24.4751    24.4748     17.101        320    1489.39  50071.132     79.764      -0.06      0.599 0.0000e+00
     18.000    10.7986    32.0098  1024.5649   3.583820    24.4832    24.4828     18.111        327    1489.35  50084.235     81.521       0.41      0.515 0.0000e+00
     19.000    10.7945    32.0107  1024.5710   3.584157    24.4846    24.4842     19.077        336    1489.35  50086.713     83.707      -0.17      0.372 0.0000e+00
     20.000    10.7905    32.0103  1024.5758   3.584157    24.4852    24.4848     20.135        341    1489.36  50087.725     85.047       0.31      0.646 0.0000e+00
     21.000    10.7957    32.0104  1024.5796   3.585289    24.4843    24.4838     21.124        357    1489.39  50087.373     88.942      -0.20      0.069 0.0000e+00
     20.000    10.8066    32.0083  1024.5715   3.586258    24.4810    24.4806     20.112        368    1489.41  50082.434     91.626      -0.22     -0.529 0.0000e+00
     19.000    10.8007    32.0058  1024.5659   3.585584    24.4797    24.4793     19.111        375    1489.37  50078.638     93.500       0.13     -0.539 0.0000e+00
     18.000    10.8019    32.0075  1024.5626   3.585833    24.4811    24.4807     18.084        382    1489.36  50080.697     95.128      -0.27     -0.611 0.0000e+00
     17.000    10.7951    32.0055  1024.5575   3.585254    24.4807    24.4803     17.121        391    1489.32  50078.582     97.379       0.26     -0.423 0.0000e+00
     16.000    10.8134    32.0066  1024.5509   3.586893    24.4787    24.4783     16.054        395    1489.37  50076.936     98.499      -0.52     -0.761 0.0000e+00
     15.000    10.8428    31.9885  1024.5270   3.587829    24.4579    24.4576     15.117        405    1489.44  50043.047    100.876       0.17     -0.306 0.0000e+00
     14.000    10.8830    31.9990  1024.5232   3.593014    24.4620    24.4618     14.056        410    1489.58  50056.560    102.126      -0.25     -0.730 0.0000e+00
     13.000    11.0599    31.9691  1024.4653   3.605742    24.4000    24.3997     13.118        418    1490.14  49968.896    104.285       0.37     -0.342 0.0000e+00
     12.000    11.1966    31.9923  1024.4526   3.622259    24.4072    24.4070     12.037        422    1490.67  50004.990    105.233      -0.45     -0.793 0.0000e+00
     11.000    11.6736    31.8395  1024.2475   3.646655    24.1875    24.1873     11.087        431    1492.06  49685.761    107.431       0.45     -0.433 0.0000e+00
     10.000    11.7379    31.8567  1024.2408   3.656574    24.2042    24.2040     10.034        436    1492.36  49727.955    108.695      -0.41     -0.734 0.0000e+00
      9.000    12.1291    31.7155  1024.0565   3.675787    24.0116    24.0114      9.064        443    1493.49  49452.455    110.537       0.29     -0.574 0.0000e+00
      8.000    12.4114    31.6643  1023.9580   3.697132    23.9277    23.9275      8.031        449    1494.40  49356.814    111.908      -0.27     -0.688 0.0000e+00
      7.000    13.0096    31.4805  1023.6994   3.729483    23.6601    23.6599      7.052        456    1496.15  48999.001    113.784       0.29     -0.563 0.0000e+00
      6.000    13.2031    31.4301  1023.6142   3.742706    23.6022    23.6020      6.014        462    1496.78  48939.991    115.202      -0.37     -0.652 0.0000e+00
      5.000    13.5169    31.1836  1023.3611   3.741107    23.3301    23.3300      5.046        469    1497.45  48519.578    117.072       0.28     -0.565 0.0000e+00
      4.000    13.6427    31.1382  1023.2920   3.750073    23.2834    23.2833      4.007        475    1497.87  48465.729    118.521      -0.06     -0.708 0.0000e+00
      3.000    14.4492    30.6510  1022.7509   3.766528    22.7345    22.7344      3.014        484    1499.87  47679.607    120.734       0.07     -0.454 0.0000e+00
      2.000    15.2664    30.1319  1022.1752   3.780579    22.1651    22.1650      2.018        496    1501.90  46874.331    123.792      -0.03     -0.264 0.0000e+00
      1.000    15.5177    30.0526  1022.0563   3.792017    22.0487    22.0486      1.005        506    1502.58  46739.071    126.164       0.04     -0.412 0.0000e+00
