CalculateIndicators/WaterTemperature/Data/CTD_NYOS/NYOS190726_4_6.cnv
* Sea-Bird SBE 9 Data File:
* FileName = C:\Seabird 9 CTD\Data\2019\201907_offshore\NYOS190726_4_6.hex
* Software Version Seasave V 7.23.2
* Temperature SN = 4590
* Conductivity SN = 3228
* Number of Bytes Per Scan = 44
* Number of Voltage Words = 5
* Number of Scans Averaged by the Deck Unit = 1
* NMEA Latitude = 39 14.39 N
* NMEA Longitude = 072 17.77 W
* NMEA UTC (Time) = Jul 26 2019  11:37:24
* NMEA baud rate = 4800
** Ship: seawolf
** Station: 4-6
** Operator: kal
** Redo from previous cast.
# nquan = 35
# nvalues = 998                         
# units = specified
# name 0 = depSM: Depth [salt water, m]
# name 1 = t090C: Temperature [ITS-90, deg C]
# name 2 = sal00: Salinity, Practical [PSU]
# name 3 = density00: Density [density, kg/m^3]
# name 4 = sbeox0V: Oxygen raw, SBE 43 [V]
# name 5 = sbeox0ML/L: Oxygen, SBE 43 [ml/l]
# name 6 = sbeox0PS: Oxygen, SBE 43 [% saturation]
# name 7 = sbox0dV/dT: Oxygen, SBE 43 [dov/dt]
# name 8 = oxsolML/L: Oxygen Saturation, Garcia & Gordon [ml/l]
# name 9 = oxsatML/L: Oxygen Saturation, Weiss [ml/l]
# name 10 = ph: pH
# name 11 = flECO-AFL: Fluorescence, WET Labs ECO-AFL/FL [mg/m^3]
# name 12 = n2satML/L: Nitrogen Saturation [ml/l]
# name 13 = c0S/m: Conductivity [S/m]
# name 14 = cpar: CPAR/Corrected Irradiance [%]
# name 15 = sigma-é00: Density [sigma-theta, kg/m^3]
# name 16 = sigma-t00: Density [sigma-t, kg/m^3 ]
# name 17 = par: PAR/Irradiance, Biospherical/Licor
# name 18 = prDM: Pressure, Digiquartz [db]
# name 19 = pumps: Pump Status
# name 20 = scan: Scan Count
# name 21 = svCM: Sound Velocity [Chen-Millero, m/s]
# name 22 = spar: SPAR, Biospherical/Licor
# name 23 = specc: Specific Conductance [uS/cm]
# name 24 = timeS: Time, Elapsed [seconds]
# name 25 = timeY: Time, System [seconds]
# name 26 = accM: Acceleration [m/s^2]
# name 27 = dz/dtM: Descent Rate [m/s]
# name 28 = latitude: Latitude [deg]
# name 29 = longitude: Longitude [deg]
# name 30 = gsw_saA0: Absolute Salinity [g/kg]
# name 31 = gsw_densityA0: density, TEOS-10 [density, kg/m^3]
# name 32 = gsw_sigma0A0: density, TEOS-10 [sigma-0, kg/m^3 ]
# name 33 = gsw_ptA0: potential temperature [ITS-90, deg C]
# name 34 = flag: flag
# span 0 =      1.000,    500.000       
# span 1 =     7.1378,    24.7922       
# span 2 =    32.1083,    35.6653       
# span 3 =  1021.2328,  1029.7827       
# span 4 =     1.4033,     2.8448       
# span 5 =     2.9150,     6.6339       
# span 6 =     46.784,    118.427       
# span 7 =   -0.07244,    0.07575       
# span 8 =    4.82976,    6.72140       
# span 9 =    4.81757,    6.73125       
# span 10 =      7.960,      8.268      
# span 11 =    -0.0653,     1.0739      
# span 12 =    8.96293,   12.06852      
# span 13 =   3.573656,   4.915405      
# span 14 = -2.756e-06, 7.9013e+01      
# span 15 =    21.2242,    27.4902      
# span 16 =    21.2241,    27.4833      
# span 17 = -4.345e-05, 6.6742e+02      
# span 18 =      1.009,    504.435      
# span 19 =          0,          1      
# span 20 =        176,      48659      
# span 21 =    1487.62,    1531.07      
# span 22 = 4.3707e+02, 1.7537e+03      
# span 23 =  49146.092,  55596.086      
# span 24 =      7.300,   2027.421      
# span 25 = 1564141053, 1564143073      
# span 26 =      -0.51,       0.50      
# span 27 =     -1.059,      1.090      
# span 28 =   39.23962,   39.24020      
# span 29 =  -72.29999,  -72.29623      
# span 30 =    32.2575,    35.8321      
# span 31 =  1021.2343,  1029.7861      
# span 32 =    21.2257,    27.4936      
# span 33 =     7.0888,    24.7912      
# span 34 = 0.0000e+00, 0.0000e+00      
# interval = meters: 1                  
# start_time = Jul 26 2019 11:37:25 [System UTC, first data scan.]
# bad_flag = -9.990e-29
*END*
[from data line 291]
    293.000    10.1028    35.2965  1028.4975     1.4047     2.9611     47.033    0.00033    6.29585    6.29927      7.966    -0.0450   11.36369   3.860491 6.2473e-14    27.1719    27.1659 1.0000e-12    295.452          1      11034    1495.43 1.6007e+03  54993.056    459.722 1564141505      -0.01      0.754   39.23962  -72.29710    35.4593  1028.4972    27.1716    10.0679 0.0000e+00
    294.000    10.0720    35.2932  1028.5050     1.4047     2.9602     47.001    0.00004    6.29832    6.30177 -9.990e-29    -0.0492   11.36780   3.857281 6.1939e-14    27.1746    27.1686 1.0000e-12    296.459          1      11070    1495.33 1.6145e+03  54995.510    461.194 1564141506      -0.08      0.709   39.23962  -72.29710    35.4560  1028.5046    27.1744    10.0371 0.0000e+00
    295.000    10.0495    35.2911  1028.5119     1.4045     2.9601     46.977   -0.00011    6.30111    6.30460      7.966    -0.0276   11.37242   3.855099 6.2496e-14    27.1769    27.1709 1.0000e-12    297.474          1      11113    1495.26 1.6001e+03  54997.881    463.008 1564141508      -0.03      0.546   39.23962  -72.29710    35.4552  1028.5125    27.1776    10.0146 0.0000e+00
    296.000    10.0303    35.2889  1028.5181 -9.990e-29     2.9582     46.920   -0.00036    6.30475    6.30830      7.965    -0.0420   11.37850   3.853089 6.3149e-14    27.1785    27.1725 1.0000e-12    298.481          1      11149    1495.21 1.5836e+03  54999.524    464.497 1564141510       0.12      0.651   39.23962  -72.29710    35.4529  1028.5187    27.1792     9.9952 0.0000e+00
    297.000    10.0159    35.2877  1028.5242 -9.990e-29     2.9641     46.956   -0.00015    6.31247    6.31612      7.965    -0.0375   11.39129   3.851699 6.3322e-14    27.1800    27.1740 1.0000e-12    299.486          1      11183    1495.17 1.5792e+03  55001.434    465.920 1564141511      -0.04      0.721   39.23962  -72.29710    35.4523  1028.5253    27.1812     9.9807 0.0000e+00
    298.000     9.9795    35.2822  1028.5310     1.4043     2.9704     47.014    0.00009    6.31808    6.32181      7.962    -0.0357   11.40061   3.847474 6.2709e-14    27.1820    27.1760 1.0000e-12    300.503          1      11227    1495.05 1.5947e+03  55002.096    467.739 1564141513      -0.05      0.541   39.23962  -72.29710    35.4440  1028.5299    27.1809     9.9443 0.0000e+00
    299.000     9.9292    35.2801  1028.5428     1.4040     2.9721     47.023    0.00011    6.32068    6.32444 -9.990e-29    -0.0509   11.40491   3.842688 6.2070e-14    27.1889    27.1829 1.0000e-12    301.509          1      11258    1494.89 1.6111e+03  55010.455    469.053 1564141514       0.23      0.694   39.23962  -72.29710    35.4437  1028.5430    27.1893     9.8940 0.0000e+00
    300.000     9.9040    35.2766  1028.5490     1.4043     2.9750     47.046    0.00010    6.32365    6.32746 -9.990e-29    -0.0294   11.40985   3.839923 6.2603e-14    27.1905    27.1845 1.0000e-12    302.512          1      11287    1494.81 1.5974e+03  55011.476    470.240 1564141515       0.00      0.855   39.23962  -72.29710    35.4394  1028.5487    27.1902     9.8688 0.0000e+00
    301.000     9.8733    35.2736  1028.5567     1.4057     2.9858     47.215    0.00075    6.32392    6.32773      7.962    -0.0287   11.41030   3.836815 6.2720e-14    27.1935    27.1874 1.0000e-12    303.524          1      11330    1494.71 1.5944e+03  55014.547    472.046 1564141517      -0.17      0.591   39.23962  -72.29710    35.4370  1028.5568    27.1936     9.8380 0.0000e+00
    302.000     9.8535    35.2723  1028.5637     1.4055     2.9772     47.073   -0.00027    6.32477    6.32859      7.962    -0.0304   11.41171   3.835038 6.3418e-14    27.1958    27.1898 1.0000e-12    304.540          1      11381    1494.65 1.5768e+03  55017.553    474.178 1564141519       0.10      0.451   39.23962  -72.29710    35.4377  1028.5654    27.1975     9.8182 0.0000e+00
    303.000     9.8522    35.2714  1028.5678     1.4054     2.9783     47.085   -0.00019    6.32541    6.32924      7.962    -0.0312   11.41279   3.834877 6.3211e-14    27.1953    27.1893 1.0000e-12    305.548          1      11414    1494.66 1.5820e+03  55017.206    475.534 1564141521       0.18      0.686   39.23962  -72.29711    35.4368  1028.5695    27.1971     9.8168 0.0000e+00
    304.000     9.8472    35.2713  1028.5731     1.4050     2.9784     47.083   -0.00010    6.32582    6.32966      7.962    -0.0435   11.41346   3.834525 6.2784e-14    27.1961    27.1901 1.0000e-12    306.552          1      11440    1494.66 1.5928e+03  55018.788    476.620 1564141522       0.14      0.870   39.23962  -72.29712    35.4376  1028.5755    27.1986     9.8116 0.0000e+00
    305.000     9.8450    35.2705  1028.5774 -9.990e-29     2.9790     47.095   -0.00007    6.32556    6.32940 -9.990e-29    -0.0323   11.41303   3.834271 6.2324e-14    27.1959    27.1898 1.0000e-12    307.557          1      11471    1494.67 1.6045e+03  55018.808    477.908 1564141523      -0.15      0.849   39.23962  -72.29712    35.4367  1028.5797    27.1983     9.8093 0.0000e+00
    306.000     9.8400    35.2700  1028.5825 -9.990e-29     2.9800     47.111   -0.00001    6.32554    6.32938      7.962    -0.0151   11.41300   3.833876 6.2385e-14    27.1964    27.1903 1.0000e-12    308.575          1      11519    1494.67 1.6030e+03  55019.873    479.916 1564141525      -0.06      0.470   39.23962  -72.29712    35.4371  1028.5855    27.1994     9.8042 0.0000e+00
    307.000     9.8417    35.2698  1028.5865 -9.990e-29     2.9808     47.123    0.00002    6.32550    6.32933      7.962    -0.0472   11.41293   3.834086 6.3126e-14    27.1959    27.1898 1.0000e-12    309.583          1      11558    1494.69 1.5842e+03  55019.758    481.523 1564141527       0.13      0.609   39.23962  -72.29712    35.4371  1028.5897    27.1992     9.8058 0.0000e+00
    308.000     9.8418    35.2696  1028.5909 -9.990e-29     2.9822     47.147    0.00010    6.32543    6.32926      7.962    -0.0431   11.41282   3.834154 6.3525e-14    27.1958    27.1897 1.0000e-12    310.588          1      11589    1494.71 1.5742e+03  55020.189    482.833 1564141528       0.07      0.744   39.23962  -72.29712    35.4373  1028.5943    27.1993     9.8057 0.0000e+00
    309.000     9.8422    35.2696  1028.5954     1.4051     2.9810     47.127   -0.00005    6.32541    6.32924      7.962    -0.0409   11.41279   3.834271 6.3171e-14    27.1957    27.1896 1.0000e-12    311.599          1      11631    1494.73 1.5830e+03  55020.759    484.598 1564141530      -0.17      0.597   39.23962  -72.29712    35.4376  1028.5991    27.1995     9.8061 0.0000e+00
    310.000     9.8435    35.2696  1028.5997     1.4048     2.9797     47.105   -0.00013    6.32569    6.32952      7.962    -0.0360   11.41325   3.834452 6.2223e-14    27.1956    27.1894 1.0000e-12    312.614          1      11674    1494.75 1.6071e+03  55021.112    486.356 1564141532       0.26      0.525   39.23962  -72.29712    35.4378  1028.6036    27.1995     9.8072 0.0000e+00
    311.000     9.8425    35.2692  1028.6041     1.4043     2.9753     47.036   -0.00045    6.32564    6.32947      7.962    -0.0414   11.41317   3.834362 6.2311e-14    27.1954    27.1892 1.0000e-12    313.613          1      11700    1494.76 1.6049e+03  55021.412    487.440 1564141533       0.18      0.844   39.23962  -72.29712    35.4374  1028.6079    27.1993     9.8061 0.0000e+00
    312.000     9.8410    35.2692  1028.6089     1.4045     2.9824     47.147    0.00013    6.32584    6.32968      7.962    -0.0309   11.41351   3.834281 6.2791e-14    27.1957    27.1895 1.0000e-12    314.625          1      11736    1494.77 1.5926e+03  55022.348    488.946 1564141534      -0.20      0.731   39.23962  -72.29712    35.4375  1028.6128    27.1997     9.8045 0.0000e+00
    313.000     9.8410    35.2691  1028.6133 -9.990e-29     2.9853     47.176    0.00016    6.32805    6.33192      7.962    -0.0395   11.41717   3.834320 6.3285e-14    27.1956    27.1894 1.0000e-12    315.636          1      11780    1494.79 1.5802e+03  55022.863    490.796 1564141536       0.01      0.543   39.23962  -72.29712    35.4375  1028.6173    27.1997     9.8044 0.0000e+00
    314.000     9.8352    35.2680  1028.6181     1.4054     2.9876     47.214    0.00023    6.32779    6.33166      7.962    -0.0278   11.41674   3.833627 6.3587e-14    27.1958    27.1896 1.0000e-12    316.648          1      11824    1494.78 1.5727e+03  55023.302    492.606 1564141538       0.01      0.552   39.23962  -72.29712    35.4356  1028.6214    27.1992     9.7984 0.0000e+00
    315.000     9.8228    35.2682  1028.6249     1.4051     2.9838     47.155   -0.00011    6.32772    6.33158 -9.990e-29    -0.0456   11.41662   3.832597 6.3169e-14    27.1981    27.1918 1.0000e-12    317.655          1      11857    1494.75 1.5831e+03  55026.800    494.011 1564141539       0.15      0.680   39.23962  -72.29712    35.4367  1028.6290    27.2022     9.7859 0.0000e+00
    316.000     9.8249    35.2680  1028.6289     1.4048     2.9821     47.120   -0.00027    6.32869    6.33257 -9.990e-29    -0.0443   11.41824   3.832803 6.2674e-14    27.1975    27.1913 1.0000e-12    318.662          1      11889    1494.78 1.5956e+03  55026.688    495.339 1564141541      -0.02      0.770   39.23962  -72.29712    35.4362  1028.6328    27.2015     9.7879 0.0000e+00
    317.000     9.8269    35.2681  1028.6332     1.4041     2.9784     47.057   -0.00049    6.32933    6.33322      7.962    -0.0514   11.41929   3.833066 6.2410e-14    27.1973    27.1910 1.0000e-12    319.670          1      11925    1494.80 1.6023e+03  55027.132    496.820 1564141542      -0.05      0.698   39.23962  -72.29712    35.4365  1028.6372    27.2014     9.7898 0.0000e+00
    318.000     9.8176    35.2672  1028.6387     1.4051     2.9918     47.263    0.00052    6.33010    6.33400      7.962    -0.0380   11.42057   3.832103 6.3060e-14    27.1982    27.1919 1.0000e-12    320.684          1      11972    1494.79 1.5858e+03  55028.511    498.794 1564141544      -0.09      0.506   39.23962  -72.29712    35.4353  1028.6425    27.2021     9.7804 0.0000e+00
    319.000     9.8126    35.2667  1028.6437     1.4051     2.9883     47.212    0.00008    6.32944    6.33333      7.962    -0.0357   11.41947   3.831604 6.3901e-14    27.1987    27.1924 1.0000e-12    321.691          1      12014    1494.78 1.5649e+03  55029.569    500.554 1564141546       0.12      0.567   39.23962  -72.29712    35.4346  1028.6473    27.2024     9.7753 0.0000e+00
    320.000     9.8099    35.2670  1028.6490 -9.990e-29     2.9882     47.205   -0.00001    6.33034    6.33424      7.962    -0.0351   11.42097   3.831496 6.3720e-14    27.1994    27.1931 1.0000e-12    322.702          1      12053    1494.79 1.5694e+03  55031.247    502.180 1564141547      -0.03      0.626   39.23962  -72.29712    35.4357  1028.6532    27.2037     9.7725 0.0000e+00
    321.000     9.8142    35.2670  1028.6527 -9.990e-29     2.9887     47.212   -0.00001    6.33054    6.33445      7.962    -0.0454   11.42130   3.831956 6.2742e-14    27.1987    27.1923 1.0000e-12    323.714          1      12087    1494.82 1.5938e+03  55030.922    503.582 1564141549       0.15      0.673   39.23962  -72.29714    35.4357  1028.6570    27.2030     9.7767 0.0000e+00
    322.000     9.8098    35.2665  1028.6576 -9.990e-29     2.9857     47.162   -0.00024    6.33063    6.33454      7.962    -0.0363   11.42144   3.831473 6.2262e-14    27.1990    27.1927 1.0000e-12    324.717          1      12112    1494.82 1.6061e+03  55031.724    504.640 1564141550       0.18      0.877   39.23962  -72.29714    35.4346  1028.6614    27.2029     9.7722 0.0000e+00
    323.000     9.8068    35.2665  1028.6627     1.4049     2.9883     47.203   -0.00002    6.33063    6.33453      7.962    -0.0317   11.42144   3.831264 6.2502e-14    27.1996    27.1932 1.0000e-12    325.722          1      12142    1494.83 1.6000e+03  55033.067    505.856 1564141551      -0.13      0.894   39.23962  -72.29714    35.4349  1028.6667    27.2037     9.7690 0.0000e+00
    324.000     9.8056    35.2663  1028.6673     1.4054     2.9929     47.275    0.00025    6.33089    6.33480      7.962    -0.0350   11.42189   3.831189 6.3516e-14    27.1997    27.1933 1.0000e-12    326.738          1      12191    1494.84 1.5745e+03  55033.753    507.918 1564141553      -0.14      0.489   39.23962  -72.29714    35.4349  1028.6714    27.2039     9.7677 0.0000e+00
    325.000     9.8068    35.2663  1028.6717     1.4051     2.9909     47.236   -0.00008    6.33172    6.33564      7.962    -0.0352   11.42326   3.831371 6.4060e-14    27.1995    27.1931 1.0000e-12    327.751          1      12241    1494.86 1.5610e+03  55034.173    509.980 1564141555       0.14      0.480   39.23962  -72.29714    35.4351  1028.6759    27.2038     9.7688 0.0000e+00
    326.000     9.8025    35.2660  1028.6767     1.4051     2.9876     47.184   -0.00031    6.33179    6.33572      7.962    -0.0441   11.42337   3.830923 6.3122e-14    27.2000    27.1936 1.0000e-12    328.756          1      12271    1494.86 1.5842e+03  55035.318    511.243 1564141556       0.19      0.726   39.23962  -72.29714    35.4342  1028.6806    27.2039     9.7644 0.0000e+00
    327.000     9.7985    35.2660  1028.6819     1.4051     2.9898     47.226   -0.00007    6.33086    6.33477      7.962    -0.0388   11.42184   3.830614 7.6800e-14    27.2007    27.1942 1.0000e-12    329.760          1      12302    1494.87 1.3469e+03  55036.699    512.550 1564141558      -0.08      0.801   39.23962  -72.29714    35.4345  1028.6860    27.2048     9.7603 0.0000e+00
    328.000     9.7988    35.2662  1028.6866     1.4049     2.9901     47.231   -0.00003    6.33087    6.33478      7.962    -0.0231   11.42184   3.830770 8.3040e-14    27.2008    27.1943 1.0000e-12    330.777          1      12346    1494.88 1.2381e+03  55037.657    514.384 1564141560      -0.07      0.540   39.23962  -72.29714    35.4354  1028.6912    27.2055     9.7605 0.0000e+00
    329.000     9.8043    35.2659  1028.6899     1.4041     2.9843     47.137   -0.00048    6.33115    6.33507      7.962    -0.0410   11.42232   3.831253 6.3074e-14    27.1997    27.1931 1.0000e-12    331.784          1      12384    1494.92 1.5853e+03  55036.642    515.939 1564141561       0.10      0.630   39.23962  -72.29714    35.4345  1028.6940    27.2039     9.7658 0.0000e+00
    330.000     9.8043    35.2662  1028.6947     1.4037     2.9850     47.145   -0.00031    6.33164    6.33556      7.962    -0.0361   11.42313   3.831357 6.3633e-14    27.1999    27.1934 1.0000e-12    332.791          1      12418    1494.93 1.5715e+03  55037.726    517.373 1564141563       0.00      0.706   39.23962  -72.29714    35.4351  1028.6991    27.2044     9.7657 0.0000e+00
    331.000     9.8016    35.2658  1028.6994     1.4040     2.9906     47.236    0.00014    6.33125    6.33516      7.962    -0.0369   11.42247   3.831070 6.3649e-14    27.2001    27.1935 1.0000e-12    333.802          1      12459    1494.94 1.5711e+03  55038.434    519.071 1564141564      -0.08      0.608   39.23962  -72.29714    35.4343  1028.7035    27.2043     9.7629 0.0000e+00
    332.000     9.7980    35.2657  1028.7045     1.4044     2.9939     47.281    0.00028    6.33213    6.33606      7.962    -0.0377   11.42395   3.830802 7.4206e-14    27.2006    27.1941 1.0000e-12    334.817          1      12500    1494.95 1.3801e+03  55039.713    520.785 1564141566       0.10      0.564   39.23962  -72.29714    35.4346  1028.7089    27.2051     9.7592 0.0000e+00
