CalculateIndicators/WaterTemperature/Data/CTD_NYOS/NYOS2006_C03.cnv
* Sea-Bird SBE19plus Data File:
* FileName = C:\Users\radar\Desktop\NYOS2006.ctd\NYOS2006_C03.hex
* Software Version 1.59
* Temperature SN =  4675
* Conductivity SN =  4675
* System UpLoad Time = Sep 21 2009 07:08:18
* NMEA Latitude = 40 34.224 N
* NMEA Longitude = 72 5.260 W
# nquan = 15
# nvalues = 100                         
# units = specified
# name 0 = depSM: Depth [salt water, m]
# name 1 = tv290C: Temperature [ITS-90, deg C]
# name 2 = sal00: Salinity, Practical [PSU]
# name 3 = density00: Density [density, kg/m^3]
# name 4 = c0S/m: Conductivity [S/m]
# name 5 = sigma-�00: Density [sigma-theta, kg/m^3]
# name 6 = sigma-t00: Density [sigma-t, kg/m^3 ]
# name 7 = prdM: Pressure, Strain Gauge [db]
# name 8 = scan: Scan Count
# name 9 = svCM: Sound Velocity [Chen-Millero, m/s]
# name 10 = specc: Specific Conductance [uS/cm]
# name 11 = timeS: Time, Elapsed [seconds]
# name 12 = accM: Acceleration [m/s^2]
# name 13 = dz/dtM: Descent Rate [m/s]
# name 14 = flag: flag
# span 0 =      1.000,     51.000       
# span 1 =     7.1743,    14.0409       
# span 2 =    31.0570,    32.6063       
# span 3 =  1023.1559,  1025.7419       
# span 4 =   3.324115,   3.817101       
# span 5 =    23.4534,    25.5084       
# span 6 =    23.4533,    25.5078       
# span 7 =      0.968,     51.304       
# span 8 =        757,       1701       
# span 9 =    1476.94,    1499.51       
# span 10 =  48820.479,  51706.720      
# span 11 =    188.941,    424.983      
# span 12 =      -1.52,       1.31      
# span 13 =     -1.039,      1.005      
# span 14 = 0.0000e+00, 0.0000e+00      
# interval = meters: 1                  
# start_time = Jun 02 2020 16:38:04 [Instrument's time stamp, header]
# bad_flag = -9.990e-29
*END*
      2.000    14.0409    31.4798  1023.4692   3.817101    23.4611    23.4610      1.999        757    1499.51  48886.654    188.941       0.12      0.532 0.0000e+00
      3.000    13.9780    31.4574  1023.4692   3.808653    23.4549    23.4548      3.028        763    1499.29  48859.058    190.565       0.05      0.608 0.0000e+00
      4.000    13.8360    31.4244  1023.4787   3.790625    23.4534    23.4533      3.968        771    1498.77  48820.479    192.521      -0.14      0.429 0.0000e+00
      5.000    13.6623    31.4713  1023.5514   3.782309    23.5328    23.5327      5.061        776    1498.32  48922.644    193.717       0.37      0.606 0.0000e+00
      6.000    13.5763    31.4985  1023.5966   3.775847    23.5677    23.5675      6.044        784    1498.05  48964.633    195.770       0.59      0.399 0.0000e+00
      7.000    13.2138    31.5109  1023.6821   3.743237    23.6442    23.6440      7.049        790    1496.87  49018.455    197.143       0.02      0.778 0.0000e+00
      8.000    12.5694    31.7221  1023.9717   3.710657    23.9436    23.9434      8.037        797    1495.03  49417.541    198.959      -0.05      0.513 0.0000e+00
      9.000    12.4739    31.7908  1024.0510   3.708186    24.0094    24.0092      9.015        805    1494.74  49517.519    201.112      -0.10      0.386 0.0000e+00
     10.000    12.4120    31.7369  1024.0266   3.695503    23.9756    23.9754     10.069        809    1494.46  49444.150    202.110       0.83      0.610 0.0000e+00
     11.000    12.1893    31.7644  1024.0927   3.680079    24.0351    24.0349     11.085        819    1493.77  49507.627    204.498       1.09      0.355 0.0000e+00
     12.000    12.0523    31.7653  1024.1234   3.668071    24.0723    24.0720     12.135        824    1493.33  49549.477    205.678       1.31      1.005 0.0000e+00
     13.000    11.8076    31.7815  1024.1910   3.644678    24.0962    24.0959     13.047        834    1492.42  49546.681    208.372       0.61      0.031 0.0000e+00
     14.000    11.3569    31.9459  1024.3987   3.626700    24.3330    24.3327     14.093        862    1491.17  49897.763    215.231       0.25      0.260 0.0000e+00
     15.000    10.9465    31.9293  1024.4664   3.586907    24.3702    24.3699     15.119        915    1489.65  49898.943    228.435       0.70      0.291 0.0000e+00
     16.000    10.3046    32.0598  1024.6800   3.544561    24.5912    24.5909     16.108        959    1487.59  50208.654    239.486       0.98      0.374 0.0000e+00
     17.000     9.9582    32.2591  1024.8966   3.535158    24.8313    24.8310     17.080        968    1486.63  50604.536    241.673      -0.17      0.336 0.0000e+00
     18.000     9.8184    32.2855  1024.9454   3.525625    24.8481    24.8478     18.094        976    1486.17  50619.417    243.631       0.10      0.500 0.0000e+00
     19.000     9.8336    32.3512  1025.0001   3.532059    24.9296    24.9293     19.143        984    1486.29  50775.063    245.744       0.57      0.377 0.0000e+00
     20.000     9.5437    32.1696  1024.9117   3.486213    24.7847    24.7844     20.141        995    1484.98  50479.746    248.607       0.29      0.472 0.0000e+00
     21.000     9.0724    32.3954  1025.1594   3.476332    25.0814    25.0811     21.127       1019    1483.73  50979.490    254.427       0.30      0.150 0.0000e+00
     22.000     9.5672    32.5797  1025.2387   3.531110    25.1341    25.1337     22.126       1030    1485.57  51110.865    257.174       0.33      0.571 0.0000e+00
     23.000     9.5139    32.4371  1025.1353   3.515229    25.0260    25.0256     23.100       1039    1485.34  50916.700    259.491      -0.15      0.354 0.0000e+00
     24.000     9.3951    32.4351  1025.1591   3.503020    25.0415    25.0411     24.157       1045    1484.87  50932.585    261.069       0.17      0.518 0.0000e+00
     25.000     9.1630    32.3922  1025.1657   3.478671    25.0522    25.0518     25.135       1055    1484.01  50934.004    263.513       0.11      0.384 0.0000e+00
     26.000     8.9898    32.3914  1025.1967   3.463742    25.0720    25.0715     26.131       1061    1483.39  50956.651    264.982       0.29      0.529 0.0000e+00
     27.000     8.9398    32.4349  1025.2430   3.464119    25.1225    25.1221     27.168       1069    1483.28  51046.155    266.911       0.29      0.512 0.0000e+00
     28.000     8.9046    32.4338  1025.2527   3.460452    25.1217    25.1212     28.153       1077    1483.15  51041.385    269.048       0.54      0.549 0.0000e+00
     29.000     8.8484    32.4843  1025.3045   3.461575    25.1751    25.1747     29.174       1083    1483.04  51136.199    270.621       0.12      0.699 0.0000e+00
     30.000     8.8724    32.4919  1025.3122   3.463725    25.1795    25.1790     30.167       1094    1483.14  51146.411    273.255       0.86      0.378 0.0000e+00
     31.000     8.8015    32.4777  1025.3164   3.455936    25.1757    25.1752     31.187       1099    1482.88  51135.057    274.561       0.02      0.765 0.0000e+00
     32.000     8.5667    32.4462  1025.3320   3.431723    25.1845    25.1841     32.181       1108    1481.98  51138.321    276.844      -0.04      0.454 0.0000e+00
     33.000     8.3518    32.4654  1025.3847   3.414181    25.2325    25.2320     33.170       1118    1481.19  51214.742    279.199       0.18      0.332 0.0000e+00
     34.000     8.1543    32.4513  1025.4071   3.395220    25.2543    25.2538     34.187       1125    1480.46  51247.703    280.894      -0.08      0.587 0.0000e+00
     35.000     7.8382    32.4014  1025.4182   3.362206    25.2436    25.2431     35.226       1130    1479.21  51219.823    282.368       0.34      0.671 0.0000e+00
     36.000     7.4968    32.4670  1025.5239   3.337943    25.3443    25.3438     36.174       1141    1477.96  51396.919    284.901       0.23      0.216 0.0000e+00
     37.000     7.2863    32.5281  1025.6040   3.327397    25.4321    25.4317     37.212       1148    1477.29  51558.958    286.685       0.22      0.437 0.0000e+00
     38.000     7.1993    32.5671  1025.6512   3.324115    25.4772    25.4767     38.224       1156    1477.02  51641.715    288.761       0.53      0.480 0.0000e+00
     39.000     7.1806    32.5817  1025.6702   3.324131    25.4902    25.4898     39.210       1165    1476.97  51666.489    290.877      -0.24      0.496 0.0000e+00
     40.000     7.1791    32.5815  1025.6749   3.324341    25.4905    25.4900     40.241       1171    1476.99  51667.662    292.542       0.13      0.641 0.0000e+00
     41.000     7.1783    32.5808  1025.6791   3.324497    25.4898    25.4894     41.204       1180    1477.00  51667.036    294.634      -0.16      0.403 0.0000e+00
     42.000     7.1792    32.5794  1025.6825   3.324734    25.4883    25.4878     42.243       1189    1477.02  51665.028    297.009       0.18      0.327 0.0000e+00
     43.000     7.1757    32.5807  1025.6885   3.324744    25.4904    25.4898     43.237       1197    1477.02  51669.257    299.104       0.37      0.568 0.0000e+00
     44.000     7.1761    32.5807  1025.6932   3.324921    25.4903    25.4897     44.256       1205    1477.04  51669.813    300.972      -0.11      0.529 0.0000e+00
     45.000     7.1762    32.5797  1025.6970   3.324974    25.4894    25.4888     45.238       1215    1477.06  51668.935    303.498       0.23      0.352 0.0000e+00
     46.000     7.1778    32.5787  1025.7006   3.325128    25.4881    25.4876     46.261       1223    1477.07  51667.290    305.469       0.14      0.340 0.0000e+00
     47.000     7.1766    32.5792  1025.7058   3.325208    25.4890    25.4885     47.283       1232    1477.09  51669.596    307.797       0.63      0.336 0.0000e+00
     48.000     7.1752    32.5830  1025.7135   3.325506    25.4922    25.4916     48.308       1240    1477.11  51676.023    309.718       0.63      0.708 0.0000e+00
     49.000     7.1792    32.5869  1025.7207   3.326303    25.4931    25.4925     49.246       1249    1477.14  51678.192    312.099      -0.15      0.283 0.0000e+00
     50.000     7.1809    32.6026  1025.7373   3.327995    25.5084    25.5078     50.297       1259    1477.19  51706.720    314.621       0.60      0.319 0.0000e+00
     51.000     7.1857    32.6032  1025.7419   3.328419    25.5064    25.5057     51.304       1275    1477.22  51703.597    318.502      -0.13      0.262 0.0000e+00
     50.000     7.1869    32.6007  1025.7351   3.328238    25.5050    25.5044     50.242       1302    1477.20  51700.554    325.138      -0.47     -0.441 0.0000e+00
     49.000     7.1830    32.5960  1025.7274   3.327431    25.5020    25.5014     49.272       1319    1477.17  51694.443    329.397      -0.27     -0.287 0.0000e+00
     48.000     7.1777    32.5884  1025.7174   3.326264    25.4965    25.4959     48.287       1328    1477.12  51683.883    331.650      -0.22     -0.313 0.0000e+00
     47.000     7.1792    32.5825  1025.7080   3.325718    25.4918    25.4912     47.227       1337    1477.10  51674.460    333.900      -0.86     -0.483 0.0000e+00
     46.000     7.1777    32.5789  1025.7008   3.325257    25.4885    25.4880     46.235       1345    1477.08  51668.078    336.112      -0.24     -0.722 0.0000e+00
     45.000     7.1748    32.5796  1025.6971   3.325079    25.4897    25.4891     45.261       1358    1477.05  51669.540    339.331      -0.21     -0.192 0.0000e+00
     44.000     7.1781    32.5797  1025.6921   3.325312    25.4893    25.4888     44.224       1368    1477.05  51668.140    341.631      -0.91     -0.518 0.0000e+00
     43.000     7.1772    32.5787  1025.6868   3.325069    25.4886    25.4881     43.221       1379    1477.03  51666.285    344.407      -0.57     -0.435 0.0000e+00
     42.000     7.1747    32.5775  1025.6816   3.324733    25.4878    25.4873     42.241       1392    1477.00  51663.974    347.661       0.13     -0.352 0.0000e+00
     41.000     7.1748    32.5784  1025.6776   3.324794    25.4889    25.4884     41.219       1402    1476.98  51665.459    350.161      -0.26     -0.396 0.0000e+00
     40.000     7.1758    32.5775  1025.6722   3.324728    25.4876    25.4871     40.218       1413    1476.97  51662.456    352.947      -0.14     -0.426 0.0000e+00
     39.000     7.1743    32.5779  1025.6680   3.324617    25.4883    25.4878     39.215       1421    1476.95  51662.946    355.109      -0.21     -0.431 0.0000e+00
     38.000     7.1772    32.5768  1025.6622   3.324703    25.4870    25.4864     38.211       1432    1476.94  51659.873    357.826      -0.42     -0.374 0.0000e+00
     37.000     7.1870    32.5767  1025.6562   3.325639    25.4854    25.4850     37.184       1441    1476.97  51656.388    360.036      -0.54     -0.471 0.0000e+00
     36.000     7.2351    32.5832  1025.6500   3.330719    25.4836    25.4832     36.195       1452    1477.14  51652.270    362.808      -0.15     -0.458 0.0000e+00
     35.000     7.3498    32.6063  1025.6475   3.343672    25.4906    25.4902     35.203       1461    1477.61  51662.016    364.877      -0.26     -0.441 0.0000e+00
     34.000     7.7214    32.5868  1025.5760   3.374688    25.4047    25.4042     34.199       1470    1478.97  51511.302    367.170      -0.10     -0.375 0.0000e+00
     33.000     7.9457    32.6019  1025.5499   3.396978    25.4051    25.4046     33.167       1476    1479.86  51516.121    368.732      -0.66     -0.674 0.0000e+00
     32.000     8.2894    32.5396  1025.4468   3.420528    25.2971    25.2966     32.177       1485    1481.05  51328.957    371.118      -0.23     -0.445 0.0000e+00
     31.000     8.4413    32.5643  1025.4381   3.437024    25.3006    25.3001     31.154       1492    1481.65  51342.334    372.797      -0.50     -0.691 0.0000e+00
     30.000     8.7582    32.5297  1025.3598   3.460065    25.2142    25.2137     30.202       1502    1482.74  51200.399    375.216       0.08     -0.345 0.0000e+00
     29.000     8.8116    32.5212  1025.3391   3.464515    25.2130    25.2126     29.086       1507    1482.95  51202.329    376.484      -1.04     -0.669 0.0000e+00
     28.000     8.8735    32.4720  1025.2871   3.463982    25.1578    25.1573     28.106       1516    1483.09  51105.588    378.754      -0.94     -0.415 0.0000e+00
     27.000     8.8941    32.4703  1025.2783   3.465316    25.1511    25.1507     27.206       1525    1483.14  51094.206    380.883       0.18     -0.232 0.0000e+00
     26.000     8.9083    32.4738  1025.2736   3.467283    25.1580    25.1576     26.077       1528    1483.19  51106.883    381.791      -0.98     -0.731 0.0000e+00
     25.000     8.9793    32.4446  1025.2355   3.470150    25.1202    25.1198     25.135       1538    1483.40  51042.768    384.318      -0.67     -0.272 0.0000e+00
     24.000     9.0751    32.4799  1025.2437   3.482462    25.1262    25.1258     24.144       1546    1483.78  51059.904    386.164      -0.23     -0.454 0.0000e+00
     23.000     9.1956    32.5454  1025.2704   3.500749    25.1679    25.1675     23.129       1552    1484.31  51144.602    387.641      -0.77     -0.530 0.0000e+00
     22.000     9.4237    32.5770  1025.2540   3.524008    25.1604    25.1600     22.083       1558    1485.17  51149.302    389.240      -0.72     -0.695 0.0000e+00
     21.000     9.6769    32.4918  1025.1439   3.534145    25.0854    25.0849     21.108       1566    1485.93  51039.182    391.324      -1.48     -0.405 0.0000e+00
     20.000     9.3605    32.3450  1025.0746   3.492718    24.9821    24.9817     20.068       1572    1484.59  50819.188    392.809      -0.73     -0.598 0.0000e+00
     19.000     9.3766    32.4338  1025.1373   3.504614    25.0453    25.0450     19.102       1582    1484.74  50935.444    395.144      -0.30     -0.449 0.0000e+00
     18.000     9.7450    32.3550  1025.0128   3.527141    24.9444    24.9441     18.135       1588    1485.96  50788.965    396.847      -0.43     -0.400 0.0000e+00
     17.000     9.6942    32.2544  1024.9370   3.513352    24.8470    24.8467     17.042       1591    1485.65  50604.739    397.570      -0.70     -1.039 0.0000e+00
     16.000     9.6244    32.3168  1024.9903   3.516079    24.9180    24.9177     16.086       1604    1485.50  50726.994    400.854      -1.52     -0.114 0.0000e+00
     15.000     9.9703    32.3070  1024.9221   3.546191    24.8456    24.8453     15.038       1608    1486.70  50632.406    401.784      -0.90     -0.893 0.0000e+00
     14.000    10.7167    32.1313  1024.6538   3.596503    24.5917    24.5914     14.093       1616    1489.18  50266.490    403.798      -0.60     -0.299 0.0000e+00
     13.000    11.0946    32.0882  1024.5513   3.624368    24.4899    24.4896     13.061       1622    1490.40  50139.509    405.214      -0.31     -0.624 0.0000e+00
     12.000    11.4698    31.9861  1024.3995   3.647593    24.3481    24.3478     12.045       1630    1491.60  49942.286    407.139      -0.44     -0.546 0.0000e+00
     11.000    11.7902    31.9417  1024.3033   3.670936    24.2561    24.2558     11.095       1637    1492.63  49833.494    408.899       0.29     -0.605 0.0000e+00
     10.000    11.9819    31.8730  1024.2109   3.680038    24.1622    24.1620     10.036       1641    1493.18  49697.121    410.026      -0.20     -0.794 0.0000e+00
      9.000    12.1989    31.8533  1024.1499   3.697180    24.1099    24.1097      9.068       1650    1493.90  49643.764    412.276       0.33     -0.390 0.0000e+00
      8.000    12.3148    31.8245  1024.1014   3.703789    24.0659    24.0657      8.030       1656    1494.24  49586.738    413.767      -0.31     -0.653 0.0000e+00
      7.000    12.4066    31.8060  1024.0649   3.710204    24.0326    24.0324      7.054       1662    1494.52  49544.383    415.228       0.11     -0.693 0.0000e+00
      6.000    12.8495    31.7570  1023.9378   3.745356    23.9015    23.9013      6.039       1669    1495.94  49402.367    417.095       0.04     -0.479 0.0000e+00
      5.000    13.3144    31.6110  1023.7298   3.770916    23.7078    23.7076      5.027       1676    1497.32  49154.841    418.812      -0.70     -0.449 0.0000e+00
