CalculateIndicators/WaterTemperature/Data/CTD_NYOS/NYOS190728_6_5.cnv
* Sea-Bird SBE 9 Data File:
* FileName = C:\Seabird 9 CTD\Data\2019\201907_offshore\NYOS190728_6_5.hex
* Software Version Seasave V 7.23.2
* Temperature SN = 4590
* Conductivity SN = 3228
* Number of Bytes Per Scan = 44
* Number of Voltage Words = 5
* Number of Scans Averaged by the Deck Unit = 1
* NMEA Latitude = 39 07.97 N
* NMEA Longitude = 072 56.60 W
* NMEA UTC (Time) = Jul 28 2019  08:49:34
* NMEA baud rate = 4800
** Ship: Seawolf
** Station: 6.5
** Operator: lis
# nquan = 35
# nvalues = 154                         
# units = specified
# name 0 = depSM: Depth [salt water, m]
# name 1 = t090C: Temperature [ITS-90, deg C]
# name 2 = sal00: Salinity, Practical [PSU]
# name 3 = density00: Density [density, kg/m^3]
# name 4 = sbeox0V: Oxygen raw, SBE 43 [V]
# name 5 = sbeox0ML/L: Oxygen, SBE 43 [ml/l]
# name 6 = sbeox0PS: Oxygen, SBE 43 [% saturation]
# name 7 = sbox0dV/dT: Oxygen, SBE 43 [dov/dt]
# name 8 = oxsolML/L: Oxygen Saturation, Garcia & Gordon [ml/l]
# name 9 = oxsatML/L: Oxygen Saturation, Weiss [ml/l]
# name 10 = ph: pH
# name 11 = flECO-AFL: Fluorescence, WET Labs ECO-AFL/FL [mg/m^3]
# name 12 = n2satML/L: Nitrogen Saturation [ml/l]
# name 13 = c0S/m: Conductivity [S/m]
# name 14 = cpar: CPAR/Corrected Irradiance [%]
# name 15 = sigma-é00: Density [sigma-theta, kg/m^3]
# name 16 = sigma-t00: Density [sigma-t, kg/m^3 ]
# name 17 = par: PAR/Irradiance, Biospherical/Licor
# name 18 = prDM: Pressure, Digiquartz [db]
# name 19 = pumps: Pump Status
# name 20 = scan: Scan Count
# name 21 = svCM: Sound Velocity [Chen-Millero, m/s]
# name 22 = spar: SPAR, Biospherical/Licor
# name 23 = specc: Specific Conductance [uS/cm]
# name 24 = timeS: Time, Elapsed [seconds]
# name 25 = timeY: Time, System [seconds]
# name 26 = accM: Acceleration [m/s^2]
# name 27 = dz/dtM: Descent Rate [m/s]
# name 28 = latitude: Latitude [deg]
# name 29 = longitude: Longitude [deg]
# name 30 = gsw_saA0: Absolute Salinity [g/kg]
# name 31 = gsw_densityA0: density, TEOS-10 [density, kg/m^3]
# name 32 = gsw_sigma0A0: density, TEOS-10 [sigma-0, kg/m^3 ]
# name 33 = gsw_ptA0: potential temperature [ITS-90, deg C]
# name 34 = flag: flag
# span 0 =      1.000,     78.000       
# span 1 =     8.0470,    25.9043       
# span 2 =    30.6498,    37.3291       
# span 3 =  1019.7990,  1027.4416       
# span 4 =     1.7904,     2.8963       
# span 5 =     3.0114,     8.2547       
# span 6 =     62.976,    137.082       
# span 7 =   -0.05550,    0.31717       
# span 8 =    4.78000,    6.68140       
# span 9 =    4.76751,    6.68811       
# span 10 =      7.997,      8.240      
# span 11 =    -0.0106,     1.5272      
# span 12 =    8.89416,   12.02855      
# span 13 =   3.436098,   4.823786      
# span 14 = -4.273e+03, 1.0166e+05      
# span 15 =    19.7904,    27.3762      
# span 16 =    19.7903,    27.3756      
# span 17 = -8.586e-05, 3.3874e-01      
# span 18 =      1.011,     78.602      
# span 19 =          0,          1      
# span 20 =        355,       8278      
# span 21 =    1480.97,    1532.17      
# span 22 = -6.572e-02, 4.1260e+00      
# span 23 =  47134.409,  56645.832      
# span 24 =     14.744,    344.858      
# span 25 = 1564303789, 1564304119      
# span 26 =      -0.63,       0.45      
# span 27 =     -0.963,      1.061      
# span 28 =   39.13292,   39.13359      
# span 29 =  -72.94332,  -72.94130      
# span 30 =    30.7981,    37.3365      
# span 31 =  1019.8045,  1027.3159      
# span 32 =    19.7959,    27.2500      
# span 33 =     8.0420,    25.9041      
# span 34 = 0.0000e+00, 0.0000e+00      
# interval = meters: 1                  
# start_time = Jul 28 2019 08:49:34 [System UTC, first data scan.]
# bad_flag = -9.990e-29
*END*
[from data line 125]
     29.000     9.7301    32.6813  1025.3191     2.6016     6.9167    108.092    0.02476    6.39893    6.40138      8.128     0.8668   11.56463   3.561696 2.5320e-11    25.1867    25.1862 1.0000e-12     29.230          1       6448    1486.51 3.9495e+00  51230.325    268.641 1564304043       0.02     -0.942   39.13342  -72.94172    32.8667  1025.3462    25.2139     9.7269 0.0000e+00
     28.000     9.9992    32.6916  1025.2781     2.6318     6.9415    108.561    0.01695    6.39408    6.39646      8.133     0.8193   11.55659   3.586054 4.2292e-11    25.1505    25.1499 1.0000e-12     28.218          1       6493    1487.48 2.2116e+00  51192.865    270.504 1564304045       0.19     -0.579   39.13342  -72.94170    32.8708  1025.3003    25.1728     9.9961 0.0000e+00
     27.000    10.0694    32.6917  1025.2619     2.6568     6.9478    108.856    0.00997    6.38259    6.38476      8.141     0.7035   11.53842   3.591442 -9.990e-29    25.1389    25.1384 1.0000e-12     27.201          1       6548    1487.72 4.0992e+00  51179.487    272.801 1564304047      -0.10     -0.412   39.13344  -72.94169    32.8623  1025.2775    25.1545    10.0663 0.0000e+00
     26.000    10.1441    32.6927  1025.2455     2.6688     6.9856    109.379    0.00947    6.38658    6.38877      8.145     0.6874   11.54541   3.598440 -9.990e-29    25.1271    25.1267 1.0000e-12     26.202          1       6578    1487.97 3.9495e+00  51166.454    274.034 1564304048      -0.26     -0.710   39.13344  -72.94168    32.8661  1025.2633    25.1450    10.1411 0.0000e+00
     25.000    10.2003    32.6296  1025.1823     2.6892     7.0792    110.846    0.01315    6.38654    6.38870      8.149     0.5948   11.54576   3.596451 2.7373e-11    25.0685    25.0680 1.0000e-12     25.195          1       6613    1488.08 3.9495e+00  51066.457    275.494 1564304050       0.15     -0.739   39.13344  -72.94168    32.7954  1025.1945    25.0807    10.1974 0.0000e+00
     24.000    10.1917    32.5828  1025.1426     2.7119     7.1425    112.002    0.01369    6.37710    6.37912      8.154     0.5279   11.53035   3.590723 2.5272e-11    25.0334    25.0329 1.0000e-12     24.182          1       6653    1487.98 3.9495e+00  51001.452    277.183 1564304051      -0.08     -0.566   39.13344  -72.94166    32.7455  1025.1526    25.0433    10.1890 0.0000e+00
     23.000    10.2013    32.5480  1025.1093     2.7288     7.1554    112.605    0.01228    6.35445    6.35618      8.158     0.5248   11.49266   3.588108 2.5320e-11    25.0046    25.0042 1.0000e-12     23.178          1       6687    1487.95 3.9495e+00  50950.029    278.567 1564304053      -0.04     -0.717   39.13345  -72.94166    32.7108  1025.1195    25.0148    10.1987 0.0000e+00
     22.000    10.2832    32.5351  1025.0808     2.7580     7.0710    114.183    0.01662    6.19343    6.19318      8.162     0.4036   11.22492   3.594622 2.5320e-11    24.9807    24.9803 1.0000e-12     22.172          1       6726    1488.22 3.9495e+00  50916.271    280.221 1564304054       0.12     -0.634   39.13346  -72.94166    32.7033  1025.0953    24.9952    10.2806 0.0000e+00
     21.000    10.7120    32.6026  1025.0550     2.7930     7.0548    115.952    0.01924    6.08407    6.08248      8.168     0.2488   11.04320   3.645477 2.5320e-11    24.9598    24.9594 1.0000e-12     21.153          1       6775    1489.81 3.9495e+00  50936.018    282.255 1564304057      -0.15     -0.427   39.13346  -72.94166    32.8291  1025.1145    25.0191    10.7095 0.0000e+00
     20.000    11.8507    32.6376  1024.8729     2.7951     6.9228    114.341    0.00476    6.05450    6.05258      8.168     0.2162   10.99366   3.753119 2.5320e-11    24.7823    24.7818 1.0000e-12     20.158          1       6803    1493.82 3.9495e+00  50798.067    283.435 1564304058      -0.18     -0.767   39.13346  -72.94164    32.8790  1024.9442    24.8539    11.8482 0.0000e+00
     19.000    12.3981    32.6869  1024.8040     2.8061     6.8380    114.802    0.00584    5.95644    5.95342      8.171     0.1413   10.83036   3.805298 2.6871e-11    24.7185    24.7180 1.0000e-12     19.146          1       6844    1495.74 3.9495e+00  50786.356    285.126 1564304059       0.17     -0.632   39.13346  -72.94164    32.9033  1024.8559    24.7703    12.3957 0.0000e+00
     18.000    12.7483    32.7553  1024.7850     2.8283     6.7442    116.269    0.01245    5.80063    5.79586      8.168     0.1283   10.57152   3.844854 2.5279e-11    24.7039    24.7034 1.0000e-12     18.134          1       6885    1496.99 3.9495e+00  50831.170    286.815 1564304061      -0.18     -0.560   39.13348  -72.94162    32.9765  1024.8405    24.7596    12.7459 0.0000e+00
     17.000    13.3830    32.7997  1024.6889     2.8452     6.7335    117.253    0.01527    5.74271    5.73732      8.170     0.1122   10.47525   3.911576 2.5320e-11    24.6126    24.6122 1.0000e-12     17.135          1       6915    1499.14 3.9495e+00  50809.815    288.067 1564304062      -0.06     -0.778   39.13348  -72.94162    33.0566  1024.7719    24.6957    13.3807 0.0000e+00
     16.000    14.6534    32.8335  1024.4475     2.8410     6.6319    115.412   -0.00102    5.74631    5.74092      8.172     0.1039   10.48187   4.033930 2.5320e-11    24.3762    24.3757 1.0000e-12     16.124          1       6956    1503.31 3.9495e+00  50706.521    289.785 1564304064       0.14     -0.611   39.13348  -72.94162    33.1009  1024.5387    24.4673    14.6510 0.0000e+00
     15.000    15.2718    32.8145  1024.2957     2.8523     6.4462    116.119    0.00453    5.55246    5.54514      8.166     0.0749   10.15971   4.083007 2.5320e-11    24.2289    24.2284 1.0000e-12     15.113          1       7004    1505.24 3.9495e+00  50613.933    291.800 1564304066      -0.01     -0.491   39.13349  -72.94160    33.0240  1024.3426    24.2759    15.2695 0.0000e+00
     14.000    15.2615    32.7871  1024.2723     2.8963     6.4353    120.195    0.03136    5.35393    5.34476      8.161     0.0824    9.83088   4.081785 -9.990e-29    24.2101    24.2097 1.0000e-12     14.104          1       7041    1505.16 3.9495e+00  50576.949    293.315 1564304068      -0.19     -0.622   39.13350  -72.94160    33.0220  1024.3387    24.2765    15.2594 0.0000e+00
     13.000    16.6313    32.8173  1023.9808     2.8806     6.1402    116.750    0.00103    5.25853    5.24852      8.156     0.1055    9.67547   4.223582 -9.990e-29    23.9235    23.9230 1.0000e-12     13.105          1       7069    1509.41 3.9495e+00  50496.068    294.518 1564304069      -0.05     -0.816   39.13350  -72.94158    33.1386  1024.1131    24.0556    16.6292 0.0000e+00
     12.000    18.8233    32.6796  1023.3453     2.8486     5.7861    113.526   -0.01742    5.09656    5.08533      8.145     0.1599    9.41090   4.413107 2.5320e-11    23.2923    23.2918 1.0000e-12     12.091          1       7112    1515.74 3.9495e+00  50145.230    296.299 1564304071       0.17     -0.586   39.13350  -72.94158    32.9821  1023.4632    23.4106    18.8212 0.0000e+00
     11.000    20.6804    32.2248  1022.5147     2.7721     5.4033    107.869   -0.04415    5.00872    4.99693      8.136     0.1639    9.26999   4.535646 2.5320e-11    22.4669    22.4664 1.0000e-12     11.086          1       7155    1520.43 3.9495e+00  49427.319    298.068 1564304072      -0.09     -0.565   39.13350  -72.94157    32.5359  1022.6400    22.5921    20.6783 0.0000e+00
     10.000    22.2094    31.6980  1021.6968     2.7102     5.1389    105.512   -0.03356    4.87039    4.85803      8.131     0.2222    9.04420   4.609921 4.4482e-11    21.6538    21.6533 1.0000e-12     10.075          1       7199    1523.95 2.7138e+00  48648.095    299.897 1564304074       0.07     -0.558   39.13351  -72.94156    31.9757  1021.7980    21.7547    22.2075 0.0000e+00
      9.000    23.5660    31.1188  1020.8700     2.6149     4.7968     99.520   -0.05550    4.81988    4.80742      8.132     0.1492    8.96055   4.664535 3.1265e-11    20.8308    20.8303 1.0000e-12      9.068          1       7240    1526.80 3.4815e+00  47814.770    301.613 1564304076      -0.08     -0.577   39.13352  -72.94156    31.4157  1020.9868    20.9479    23.5642 0.0000e+00
      8.000    24.8964    30.8365  1020.2639     2.5549     4.6706     97.121   -0.04698    4.80908    4.79662      8.134     0.0970    8.94249   4.750381 2.5309e-11    20.2293    20.2288 1.0000e-12      8.061          1       7274    1529.81 3.9503e+00  47404.222    303.044 1564304077      -0.06     -0.687   39.13352  -72.94155    31.1240  1020.3737    20.3393    24.8947 0.0000e+00
      7.000    25.3633    30.7920  1020.0862     2.5249     4.6601     97.039   -0.02417    4.80228    4.78981      8.134     0.0560    8.93106   4.784591 2.7289e-11    20.0557    20.0552 1.0000e-12      7.055          1       7309    1530.88 3.9495e+00  47335.742    304.499 1564304079       0.04     -0.705   39.13352  -72.94154    31.0537  1020.1765    20.1464    25.3617 0.0000e+00
      6.000    25.5276    30.7954  1020.0349     2.5211     4.6941     98.073   -0.00342    4.78634    4.77385      8.135     0.0308    8.90451   4.796848 2.5319e-11    20.0091    20.0087 1.0000e-12      6.045          1       7350    1531.26 3.9495e+00  47339.482    306.209 1564304080       0.06     -0.596   39.13352  -72.94153    31.0309  1020.1054    20.0796    25.5263 0.0000e+00
      5.000    25.6542    30.8025  1019.9975     2.5138     4.6757     97.694   -0.00367    4.78610    4.77362      8.137     0.0385    8.90415   4.808130 1.3719e-02    19.9762    19.9758 5.4183e-04      5.035          1       7388    1531.56 3.9495e+00  47347.858    307.809 1564304082      -0.10     -0.606   39.13353  -72.94152    31.0268  1020.0594    20.0379    25.6531 0.0000e+00
      4.000    25.8032    30.8010  1019.9466     2.5107     4.6653     97.513   -0.00407    4.78432    4.77183      8.137     0.0566    8.90109   4.820033 3.8008e-01    19.9294    19.9291 1.5011e-02      4.035          1       7421    1531.90 3.9495e+00  47343.828    309.171 1564304083       0.01     -0.735   39.13354  -72.94152    31.0119  1019.9985    19.9812    25.8023 0.0000e+00
      3.000    25.8173    30.8029  1019.9394     2.5156     4.6915     98.132    0.00252    4.78085    4.76837      8.139     0.0438    8.89529   4.819067 3.2382e+00    19.9265    19.9263 1.2789e-01      3.024          1       7466    1531.92 3.9495e+00  47345.792    311.052 1564304085       0.09     -0.551   39.13354  -72.94150    30.9956  1019.9776    19.9647    25.8167 0.0000e+00
      2.000    25.8558    30.8114  1019.9296     2.5163     4.6870     98.047    0.00058    4.78035    4.76786      8.142     0.0451    8.89444   4.821314 5.0978e+00    19.9211    19.9209 2.0134e-01      2.016          1       7647    1532.00 3.9495e+00  47356.808    318.569 1564304093      -0.05     -0.397   39.13355  -72.94146    30.9861  1019.9543    19.9457    25.8553 0.0000e+00
      1.000    25.9043    30.8325  1019.9264 -9.990e-29 -9.990e-29 -9.990e-29 -9.990e-29 -9.990e-29 -9.990e-29 -9.990e-29 -9.990e-29 -9.990e-29   4.823786 8.5769e+00    19.9221    19.9220 3.3874e-01      1.011          1       8278    1532.12 3.9495e+00  47384.971    344.858 1564304119       0.00     -0.180   39.13359  -72.94130    30.9714  1019.9241    19.9198    25.9041 0.0000e+00
