CalculateIndicators/WaterTemperature/Data/CTD_NYOS/NYOS190724_3_4.cnv
* Sea-Bird SBE 9 Data File:
* FileName = C:\Seabird 9 CTD\Data\2019\201907_offshore\NYOS190724_3_4.hex
* Software Version Seasave V 7.23.2
* Temperature SN = 4590
* Conductivity SN = 3228
* Number of Bytes Per Scan = 44
* Number of Voltage Words = 5
* Number of Scans Averaged by the Deck Unit = 1
* NMEA Latitude = 39 47.17 N
* NMEA Longitude = 072 08.77 W
* NMEA UTC (Time) = Jul 25 2019  00:22:56
* NMEA baud rate = 4800
** Ship: seawolf
** Station: 3-4
** Operator: LIS
# nquan = 35
# nvalues = 195                         
# units = specified
# name 0 = depSM: Depth [salt water, m]
# name 1 = t090C: Temperature [ITS-90, deg C]
# name 2 = sal00: Salinity, Practical [PSU]
# name 3 = density00: Density [density, kg/m^3]
# name 4 = sbeox0V: Oxygen raw, SBE 43 [V]
# name 5 = sbeox0ML/L: Oxygen, SBE 43 [ml/l]
# name 6 = sbeox0PS: Oxygen, SBE 43 [% saturation]
# name 7 = sbox0dV/dT: Oxygen, SBE 43 [dov/dt]
# name 8 = oxsolML/L: Oxygen Saturation, Garcia & Gordon [ml/l]
# name 9 = oxsatML/L: Oxygen Saturation, Weiss [ml/l]
# name 10 = ph: pH
# name 11 = flECO-AFL: Fluorescence, WET Labs ECO-AFL/FL [mg/m^3]
# name 12 = n2satML/L: Nitrogen Saturation [ml/l]
# name 13 = c0S/m: Conductivity [S/m]
# name 14 = cpar: CPAR/Corrected Irradiance [%]
# name 15 = sigma-é00: Density [sigma-theta, kg/m^3]
# name 16 = sigma-t00: Density [sigma-t, kg/m^3 ]
# name 17 = par: PAR/Irradiance, Biospherical/Licor
# name 18 = prDM: Pressure, Digiquartz [db]
# name 19 = pumps: Pump Status
# name 20 = scan: Scan Count
# name 21 = svCM: Sound Velocity [Chen-Millero, m/s]
# name 22 = spar: SPAR, Biospherical/Licor
# name 23 = specc: Specific Conductance [uS/cm]
# name 24 = timeS: Time, Elapsed [seconds]
# name 25 = timeY: Time, System [seconds]
# name 26 = accM: Acceleration [m/s^2]
# name 27 = dz/dtM: Descent Rate [m/s]
# name 28 = latitude: Latitude [deg]
# name 29 = longitude: Longitude [deg]
# name 30 = gsw_saA0: Absolute Salinity [g/kg]
# name 31 = gsw_densityA0: density, TEOS-10 [density, kg/m^3]
# name 32 = gsw_sigma0A0: density, TEOS-10 [sigma-0, kg/m^3 ]
# name 33 = gsw_ptA0: potential temperature [ITS-90, deg C]
# name 34 = flag: flag
# span 0 =      2.000,     99.000       
# span 1 =     7.0894,    24.6637       
# span 2 =    32.2023,    37.9925       
# span 3 =  1021.3855,  1028.3993       
# span 4 =     1.8926,     2.9164       
# span 5 =     3.4041,     8.1149       
# span 6 =     67.803,    129.874       
# span 7 =   -0.11696,    0.17815       
# span 8 =    4.83696,    6.83847       
# span 9 =    4.82482,    6.84727       
# span 10 =      7.990,      8.237      
# span 11 =    -0.0214,     1.3829      
# span 12 =    8.97272,   12.29100      
# span 13 =   3.329883,   4.934391      
# span 14 = -1.008e+04, 9.6796e+04      
# span 15 =    21.4036,    28.3424      
# span 16 =    21.4033,    28.3420      
# span 17 = -7.042e-03, 4.7580e-01      
# span 18 =      2.027,     99.769      
# span 19 =          0,          1      
# span 20 =        239,      11853      
# span 21 =    1476.93,    1530.91      
# span 22 = 1.2255e-01, 5.9972e+00      
# span 23 =  49158.909,  57744.977      
# span 24 =      9.920,    493.850      
# span 25 = 1564014188, 1564014672      
# span 26 =      -0.77,       0.52      
# span 27 =     -1.161,      1.032      
# span 28 =   39.78628,   39.78737      
# span 29 =  -72.14720,  -72.14621      
# span 30 =    32.5203,    38.0361      
# span 31 =  1021.5175,  1028.2725      
# span 32 =    21.4918,    28.2194      
# span 33 =     7.0848,    24.6633      
# span 34 = 0.0000e+00, 0.0000e+00      
# interval = meters: 1                  
# start_time = Jul 25 2019 00:22:58 [System UTC, first data scan.]
# bad_flag = -9.990e-29
*END*
[from data line 42]
     44.000     7.1390    32.7078  1025.7987     2.2071     5.8199     85.106   -0.00676    6.83847    6.84727      8.015     0.1025   12.29100   3.332813 1.6880e-11    25.5953    25.5947 1.0000e-12     44.340          1       1873    1477.06 5.9242e+00  51861.163     78.004 1564014256       0.16      0.814   39.78648  -72.14649    32.8531  1025.7932    25.5899     7.1350 0.0000e+00
     45.000     7.1002    32.7173  1025.8161     2.2000     5.8042     85.082   -0.00454    6.82193    6.83055      8.010     0.0862   12.26299   3.330621 1.6880e-11    25.6080    25.6075 1.0000e-12     45.351          1       1915    1476.93 5.9242e+00  51885.544     79.752 1564014258      -0.22      0.616   39.78650  -72.14650    32.8656  1025.8129    25.6049     7.0961 0.0000e+00
     46.000     7.0967    32.7344  1025.8346     2.1946     5.7892     85.026   -0.00308    6.80877    6.81721      8.009     0.1054   12.24095   3.332339 1.6880e-11    25.6220    25.6214 1.0000e-12     46.365          1       1957    1476.96 5.9242e+00  51911.564     81.502 1564014259       0.30      0.533   39.78650  -72.14650    32.8874  1025.8351    25.6224     7.0925 0.0000e+00
     47.000     7.1533    32.7837  1025.8703     2.1978     5.8307     85.609   -0.00028    6.81087    6.81935      8.010     0.1191   12.24438   3.342953 1.6880e-11    25.6531    25.6525 1.0000e-12     47.366          1       1983    1477.26 5.9242e+00  51968.158     82.563 1564014260       0.22      0.860   39.78650  -72.14650    32.9489  1025.8801    25.6630     7.1490 0.0000e+00
     48.000     7.2470    32.8030  1025.8772     2.2054     5.9066     86.695    0.00437    6.81309    6.82160      8.012     0.1022   12.24800   3.352230 1.8389e-11    25.6555    25.6549 1.0000e-12     48.371          1       2020    1477.66 5.9242e+00  51972.108     84.119 1564014262      -0.23      0.711   39.78650  -72.14650    32.9604  1025.8809    25.6593     7.2426 0.0000e+00
     49.000     7.2369    32.8093  1025.8882     2.2056     5.8641     85.971   -0.00078    6.82103    6.82968      8.007     0.0600   12.26098   3.351732 1.6790e-11    25.6619    25.6613 1.0000e-12     49.389          1       2073    1477.64 5.9242e+00  51984.271     86.313 1564014264       0.20      0.402   39.78650  -72.14650    32.9641  1025.8899    25.6635     7.2324 0.0000e+00
     50.000     7.2211    32.8118  1025.8969     2.1967     5.7961     84.905   -0.00503    6.82656    6.83530      8.000     0.0518   12.26997   3.350733 1.6880e-11    25.6660    25.6654 1.0000e-12     50.392          1       2104    1477.60 5.9242e+00  51992.672     87.615 1564014265       0.16      0.714   39.78650  -72.14650    32.9678  1025.8995    25.6686     7.2165 0.0000e+00
     51.000     7.2050    32.8199  1025.9102     2.1815     5.6813     83.265   -0.01090    6.82325    6.83196      7.997     0.0531   12.26442   3.349545 6.3819e+04    25.6746    25.6740 1.0000e-12     51.399          1       2132    1477.57 1.7933e+00  52008.996     88.804 1564014267       0.06      0.824   39.78651  -72.14650    32.9698  1025.9079    25.6724     7.2003 0.0000e+00
     52.000     7.1495    32.8334  1025.9331     2.1652     5.6108     82.479   -0.01066    6.80276    6.81120      7.999     0.0468   12.23009   3.346316 2.1702e+04    25.6928    25.6922 1.0000e-12     52.404          1       2171    1477.39 4.3097e+00  52043.435     90.407 1564014268      -0.21      0.675   39.78652  -72.14650    32.9870  1025.9336    25.6934     7.1447 0.0000e+00
     53.000     7.2059    32.8660  1025.9556     2.1688     5.7622     84.962    0.00493    6.78207    6.79024      8.009     0.0323   12.19538   3.355340 -1.330e+03    25.7108    25.7101 1.0000e-12     53.425          1       2228    1477.66 -9.990e-29  52076.251     92.779 1564014271       0.31      0.298   39.78652  -72.14651    33.0312  1025.9651    25.7203     7.2011 0.0000e+00
     54.000     7.3205    32.8903  1025.9634     2.1784     5.8349     86.095    0.00934    6.77730    6.78541      8.006     0.0405   12.18743   3.367711 2.1796e-11    25.7141    25.7135 1.0000e-12     54.422          1       2253    1478.15 -9.990e-29  52081.799     93.824 1564014272       0.31      0.791   39.78652  -72.14652    33.0562  1025.9735    25.7243     7.3155 0.0000e+00
     55.000     7.3657    32.9084  1025.9760     2.1809     5.7923     85.445    0.00399    6.77891    6.78704      8.005     0.0285   12.19010   3.373213 1.6992e-11    25.7222    25.7215 1.0000e-12     55.427          1       2281    1478.37 -9.990e-29  52096.955     95.013 1564014273      -0.07      0.887   39.78652  -72.14652    33.0724  1025.9845    25.7307     7.3606 0.0000e+00
     56.000     7.4210    32.9283  1025.9885     2.1816     5.7618     85.026    0.00085    6.77655    6.78466      8.001     0.0169   12.18605   3.379746 1.6880e-11    25.7302    25.7294 1.0000e-12     56.438          1       2317    1478.62 5.9242e+00  52111.895     96.501 1564014274      -0.09      0.702   39.78652  -72.14652    33.0902  1025.9953    25.7370     7.4158 0.0000e+00
     57.000     7.4150    32.9281  1025.9938     2.1785     5.7168     84.502   -0.00164    6.76527    6.77323      7.997     0.0251   12.16725   3.378964 1.6880e-11    25.7309    25.7302 1.0000e-12     57.453          1       2355    1478.61 5.9242e+00  52113.909     98.078 1564014276       0.01      0.629   39.78652  -72.14652    33.0869  1025.9983    25.7353     7.4097 0.0000e+00
     58.000     7.4092    32.9334  1026.0034     2.1750     5.6853     84.068   -0.00338    6.76272    6.77065      7.998     0.0332   12.16295   3.379371 1.6880e-11    25.7358    25.7351 1.0000e-12     58.455          1       2383    1478.61 5.9242e+00  52123.382     99.236 1564014277       0.22      0.777   39.78652  -72.14652    33.0964  1026.0111    25.7436     7.4037 0.0000e+00
     59.000     7.4753    32.9511  1026.0127     2.1803     5.7491     85.082    0.00168    6.75712    6.76498      8.002     0.0285   12.15348   3.386876 1.6880e-11    25.7407    25.7399 1.0000e-12     59.458          1       2416    1478.91 5.9242e+00  52132.935    100.629 1564014278      -0.18      0.772   39.78652  -72.14652    33.1143  1026.0205    25.7484     7.4697 0.0000e+00
     60.000     7.5194    32.9647  1026.0217     2.1932     5.8286     86.415    0.00629    6.74493    6.75263      8.009     0.0224   12.13305   3.391933 1.6880e-11    25.7451    25.7443 1.0000e-12     60.482          1       2471    1479.11 -9.990e-29  52141.722    102.905 1564014281       0.20      0.296   39.78652  -72.14652    33.1266  1026.0285    25.7519     7.5138 0.0000e+00
     61.000     7.5457    32.9838  1026.0376     2.1985     5.8434     86.603    0.00570    6.74735    6.75509      8.009     0.0222   12.13709   3.396403 2.8489e-11    25.7565    25.7556 1.0000e-12     61.480          1       2496    1479.25 1.9747e+00  52163.128    103.947 1564014282       0.35      0.772   39.78652  -72.14652    33.1495  1026.0473    25.7662     7.5399 0.0000e+00
     62.000     7.5932    32.9984  1026.0469     2.2029     5.8453     86.655    0.00453    6.74541    6.75312      8.009     0.0475   12.13382   3.401868 -9.990e-29    25.7612    25.7604 1.0000e-12     62.485          1       2520    1479.47 3.3927e+00  52172.658    104.956 1564014283       0.08      0.977   39.78652  -72.14652    33.1628  1026.0556    25.7699     7.5874 0.0000e+00
     63.000     7.6051    32.9985  1026.0499     2.2104     5.8579     87.111    0.00526    6.72463    6.73208      8.009     0.0391   12.09896   3.402633 -9.990e-29    25.7597    25.7588 1.0000e-12     63.490          1       2552    1479.53 5.7733e+00  52170.518    106.290 1564014284      -0.22      0.844   39.78652  -72.14650    33.1593  1026.0558    25.7655     7.5991 0.0000e+00
     64.000     7.6395    33.0160  1026.0634     2.2186     5.8320     87.285    0.00395    6.68152    6.68842      8.011     0.0302   12.02673   3.408031 1.6880e-11    25.7685    25.7676 1.0000e-12     64.503          1       2602    1479.70 5.9242e+00  52187.266    108.358 1564014286      -0.05      0.480   39.78652  -72.14652    33.1844  1026.0751    25.7803     7.6334 0.0000e+00
     65.000     7.8769    33.0886  1026.0907     2.2156     5.7546     86.348   -0.00152    6.66444    6.67113      8.015     0.0037   11.99803   3.436836 1.6880e-11    25.7918    25.7909 1.0000e-12     65.520          1       2647    1480.71 5.9242e+00  52234.143    110.246 1564014288       0.16      0.503   39.78652  -72.14652    33.2681  1026.1110    25.8119     7.8706 0.0000e+00
     66.000     7.9970    33.1272  1026.1080     2.2082     5.6875     85.344   -0.00594    6.66426    6.67095      8.016     0.0061   11.99766   3.450927 1.6880e-11    25.8046    25.8036 1.0000e-12     66.517          1       2672    1481.23 5.9242e+00  52260.000    111.283 1564014289       0.30      0.815   39.78652  -72.14652    33.3046  1026.1264    25.8230     7.9905 0.0000e+00
     67.000     8.0639    33.1540  1026.1238     2.2059     5.6672     85.390   -0.00466    6.63683    6.64320      8.013    -0.0018   11.95129   3.459084 1.6880e-11    25.8158    25.8148 1.0000e-12     67.523          1       2697    1481.54 5.9242e+00  52282.542    112.347 1564014290       0.00      0.961   39.78652  -72.14652    33.3278  1026.1393    25.8315     8.0572 0.0000e+00
     68.000     8.1161    33.1857  1026.1455     2.2127     5.7421     86.923    0.00392    6.60593    6.61187      8.018    -0.0067   11.90000   3.467092 -9.990e-29    25.8331    25.8321 1.0000e-12     68.540          1       2746    1481.79 -9.990e-29  52316.290    114.378 1564014292      -0.20      0.436   39.78652  -72.14650    33.3633  1026.1639    25.8515     8.1094 0.0000e+00
     69.000     8.3082    33.2644  1026.1829     2.2116     5.7020     86.319   -0.00000    6.60574    6.61169      8.019    -0.0033   11.89961   3.492400 -9.990e-29    25.8663    25.8652 1.0000e-12     69.541          1       2775    1482.63 -9.990e-29  52383.135    115.577 1564014293       0.49      0.738   39.78652  -72.14652    33.4500  1026.2073    25.8908     8.3013 0.0000e+00
     70.000     8.4281    33.2725  1026.1757     2.2134     5.6703     86.443    0.00057    6.55971    6.56509      8.019    -0.0053   11.82231   3.502865 3.0232e+04    25.8547    25.8536 1.0000e-12     70.548          1       2812    1483.11 3.9954e+00  52367.639    117.124 1564014295      -0.22      0.712   39.78652  -72.14652    33.4468  1026.1913    25.8704     8.4210 0.0000e+00
     71.000     8.4952    33.3064  1026.1966     2.2173     5.6671     86.918    0.00289    6.51992    6.52478      8.025    -0.0035   11.75580   3.513083 5.5531e+04    25.8711    25.8700 1.0000e-12     71.565          1       2860    1483.42 2.2664e+00  52400.949    119.115 1564014297       0.24      0.458   39.78652  -72.14652    33.4910  1026.2202    25.8947     8.4879 0.0000e+00
     72.000     8.7982    33.4147  1026.2390     2.2121     5.5755     85.784   -0.00334    6.49943    6.50404      8.026     0.0088   11.72151   3.552388 -1.108e+03    25.9096    25.9084 1.0000e-12     72.569          1       2888    1484.70 5.9972e+00  52487.290    120.275 1564014298       0.23      0.774   39.78652  -72.14652    33.6180  1026.2769    25.9474     8.7906 0.0000e+00
     73.000     8.9504    33.4126  1026.2180     2.2096     5.5481     85.668   -0.00315    6.47628    6.48062      8.025     0.0170   11.68242   3.563853 1.6880e-11    25.8841    25.8829 1.0000e-12     73.570          1       2913    1485.27 5.9242e+00  52450.459    121.317 1564014299       0.08      0.937   39.78652  -72.14652    33.5938  1026.2387    25.9050     8.9427 0.0000e+00
     74.000     9.1016    33.4839  1026.2542     2.2096     5.5316     85.987   -0.00047    6.43307    6.43686      8.032     0.0035   11.61019   3.585265 1.6880e-11    25.9162    25.9149 1.0000e-12     74.581          1       2954    1485.94 5.9242e+00  52519.793    123.038 1564014301      -0.24      0.647   39.78653  -72.14652    33.6745  1026.2820    25.9440     9.0936 0.0000e+00
     75.000     9.4395    33.5918  1026.2884     2.2061     5.4712     85.580   -0.00201    6.39302    6.39635      8.038     0.0074   11.54255   3.627271 2.0963e-11    25.9463    25.9450 1.0000e-12     75.599          1       3005    1487.33 5.9242e+00  52600.437    125.165 1564014303       0.23      0.428   39.78654  -72.14652    33.7920  1026.3236    25.9816     9.4312 0.0000e+00
     76.000     9.6171    33.6202  1026.2859     2.2069     5.4244     85.680   -0.00103    6.33098    6.33355      8.041     0.0213   11.43866   3.645054 1.6858e-11    25.9397    25.9383 1.0000e-12     76.598          1       3032    1488.02 -9.990e-29  52605.127    126.299 1564014304       0.24      0.775   39.78654  -72.14652    33.8081  1026.3113    25.9652     9.6086 0.0000e+00
     77.000     9.6886    33.6679  1026.3158     2.2070     5.4227     85.951    0.00119    6.30902    6.31131      8.048     0.0113   11.40201   3.657412 1.6880e-11    25.9652    25.9638 1.0000e-12     77.606          1       3062    1488.36 -9.990e-29  52658.221    127.542 1564014305      -0.08      0.849   39.78653  -72.14652    33.8677  1026.3503    25.9997     9.6800 0.0000e+00
     78.000    10.1155    33.8240  1026.3699     2.1987     5.3430     84.744   -0.00498    6.30487    6.30711      8.050     0.0211   11.39511   3.713383 1.6880e-11    26.0155    26.0140 1.0000e-12     78.615          1       3096    1490.11 5.9242e+00  52793.637    128.941 1564014307      -0.03      0.724   39.78653  -72.14652    34.0396  1026.4163    26.0619    10.1064 0.0000e+00
     79.000    10.3645    33.8670  1026.3650     2.1922     5.3195     84.505   -0.00431    6.29492    6.29707      8.053     0.0349   11.37807   3.738677 1.6880e-11    26.0066    26.0050 1.0000e-12     79.621          1       3136    1491.07 5.9242e+00  52806.610    130.645 1564014308      -0.13      0.616   39.78654  -72.14652    34.0629  1026.3960    26.0376    10.3552 0.0000e+00
     80.000    10.3945    33.8781  1026.3730     2.1933     5.3434     85.299    0.00162    6.26433    6.26609      8.056     0.0248   11.32689   3.741220 8.6298e+04    26.0101    26.0084 1.0000e-12     80.638          1       3188    1491.21 5.6459e-01  52817.041    132.812 1564014311       0.10      0.426   39.78654  -72.14652    34.0601  1026.3932    26.0303    10.3851 0.0000e+00
     81.000    10.5010    33.9544  1026.4184     2.1874     5.2654     84.349   -0.00344    6.24234    6.24387      8.058     0.0334   11.28972   3.760668 -9.990e-29    26.0511    26.0495 1.0000e-12     81.642          1       3219    1491.69 3.1303e+00  52904.753    134.086 1564014312       0.24      0.705   39.78654  -72.14652    34.1567  1026.4541    26.0869    10.4914 0.0000e+00
     82.000    10.6498    33.9653  1026.4051     2.1851     5.2322     84.224   -0.00331    6.21231    6.21348      8.057     0.0391   11.23939   3.773888 -9.990e-29    26.0336    26.0319 1.0000e-12     82.644          1       3246    1492.25 5.4027e+00  52892.797    135.219 1564014313       0.05      0.877   39.78654  -72.14652    34.1505  1026.4276    26.0562    10.6400 0.0000e+00
     83.000    10.7749    34.0192  1026.4293     2.1816     5.2072     84.211   -0.00189    6.18347    6.18430      8.060     0.0331   11.19104   3.792059 1.6880e-11    26.0536    26.0519 1.0000e-12     83.657          1       3284    1492.78 5.9269e+00  52946.248    136.801 1564014315      -0.19      0.685   39.78654  -72.14652    34.2158  1026.4605    26.0848    10.7649 0.0000e+00
