CalculateIndicators/WaterTemperature/Data/CTD_NYOS/NYOS1910_C07.cnv
* Sea-Bird SBE 9 Data File:
* FileName = C:\Seabird 9 CTD\Data\2019\201910_offhore\NYOS1910_C07.hex
* Software Version Seasave V 7.23.2
* Temperature SN = 4590
* Conductivity SN = 3228
* Number of Bytes Per Scan = 44
* Number of Voltage Words = 5
* Number of Scans Averaged by the Deck Unit = 1
* NMEA Latitude = 39 59.53 N
* NMEA Longitude = 071 52.11 W
* NMEA UTC (Time) = Oct 06 2019  23:06:46
* NMEA baud rate = 4800
** Ship: seawolf
** Station: 2.4
** Operator: SW
# nquan = 35
# nvalues = 160                         
# units = specified
# name 0 = depSM: Depth [salt water, m]
# name 1 = t090C: Temperature [ITS-90, deg C]
# name 2 = sal00: Salinity, Practical [PSU]
# name 3 = density00: Density [density, kg/m^3]
# name 4 = sbeox0V: Oxygen raw, SBE 43 [V]
# name 5 = sbeox0ML/L: Oxygen, SBE 43 [ml/l]
# name 6 = sbeox0PS: Oxygen, SBE 43 [% saturation]
# name 7 = sbox0dV/dT: Oxygen, SBE 43 [dov/dt]
# name 8 = oxsolML/L: Oxygen Saturation, Garcia & Gordon [ml/l]
# name 9 = oxsatML/L: Oxygen Saturation, Weiss [ml/l]
# name 10 = ph: pH
# name 11 = flECO-AFL: Fluorescence, WET Labs ECO-AFL/FL [mg/m^3]
# name 12 = n2satML/L: Nitrogen Saturation [ml/l]
# name 13 = c0S/m: Conductivity [S/m]
# name 14 = cpar: CPAR/Corrected Irradiance [%]
# name 15 = sigma-é00: Density [sigma-theta, kg/m^3]
# name 16 = sigma-t00: Density [sigma-t, kg/m^3 ]
# name 17 = par: PAR/Irradiance, Biospherical/Licor
# name 18 = prDM: Pressure, Digiquartz [db]
# name 19 = pumps: Pump Status
# name 20 = scan: Scan Count
# name 21 = svCM: Sound Velocity [Chen-Millero, m/s]
# name 22 = spar: SPAR, Biospherical/Licor
# name 23 = specc: Specific Conductance [uS/cm]
# name 24 = timeS: Time, Elapsed [seconds]
# name 25 = timeY: Time, System [seconds]
# name 26 = accM: Acceleration [m/s^2]
# name 27 = dz/dtM: Descent Rate [m/s]
# name 28 = latitude: Latitude [deg]
# name 29 = longitude: Longitude [deg]
# name 30 = gsw_saA0: Absolute Salinity [g/kg]
# name 31 = gsw_densityA0: density, TEOS-10 [density, kg/m^3]
# name 32 = gsw_sigma0A0: density, TEOS-10 [sigma-0, kg/m^3 ]
# name 33 = gsw_ptA0: potential temperature [ITS-90, deg C]
# name 34 = flag: flag
# span 0 =      1.000,     81.000       
# span 1 =    16.1097,    22.6479       
# span 2 =    34.9276,    36.0496       
# span 3 =  1024.5108,  1026.6860       
# span 4 =     1.8497,     2.5104       
# span 5 =     3.6594,     4.9339       
# span 6 =     66.563,     98.405       
# span 7 =   -0.02243,    0.03161       
# span 8 =    4.91128,    5.52101       
# span 9 =    4.90012,    5.51487       
# span 10 =      8.137,      8.301      
# span 11 =     0.0172,     0.3334      
# span 12 =    9.06543,   10.07600      
# span 13 =   4.491707,   5.158692      
# span 14 = -1.643e+04, 1.1407e+05      
# span 15 =    24.4986,    26.3287      
# span 16 =    24.4976,    26.3257      
# span 17 = -4.642e-02, 4.5202e-02      
# span 18 =      1.069,     81.624      
# span 19 =          1,          1      
# span 20 =        -30,      18864      
# span 21 =    1512.39,    1530.00      
# span 22 = -7.276e-01, 4.5161e+00      
# span 23 =  53299.445,  54857.672      
# span 24 =     -1.312,    785.967      
# span 25 = 1570403206, 1570403992      
# span 26 =      -1.27,       1.12      
# span 27 =     -1.474,      1.449      
# span 28 =   39.99216,   39.99490      
# span 29 =  -71.86859,  -71.86490      
# span 30 =    35.0506,    36.2388      
# span 31 =  1024.5150,  1026.6951      
# span 32 =    24.4942,    26.3425      
# span 33 =    16.0967,    22.6399      
# span 34 = 0.0000e+00, 0.0000e+00      
# interval = meters: 1                  
# start_time = Oct 06 2019 23:06:47 [System UTC, first data scan.]
# bad_flag = -9.990e-29
*END*
[from data line 125]
     35.000    22.3836    35.5715  1024.6967     2.4809     4.8079     97.221    0.00155    4.94534    4.93431      8.298     0.2264    9.12354   5.109684 2.5320e-11    24.5458    24.5438 1.0000e-12     35.277          1      12378    1529.08 3.6840e+00  53918.848    515.696 1570403723      -0.01     -0.520   39.99400  -71.86622    35.7354  1024.6972    24.5462    22.3765 0.0000e+00
     34.000    22.3440    35.5478  1024.6856     2.4810     4.8054     97.017   -0.00111    4.95312    4.94213      8.298     0.2108    9.13684   5.102575 2.5320e-11    24.5390    24.5370 1.0000e-12     34.263          1      12464    1528.94 3.9531e+00  53887.717    519.291 1570403727      -0.10     -0.342   39.99402  -71.86621    35.7123  1024.6866    24.5400    22.3371 0.0000e+00
     33.000    22.3107    35.5316  1024.6783     2.4807     4.8115     97.038   -0.00069    4.95838    4.94741      8.297     0.2168    9.14574   5.097061 2.8368e-11    24.5360    24.5341 1.0000e-12     33.247          1      12507    1528.81 3.9495e+00  53866.550    521.098 1570403728      -0.31     -0.503   39.99402  -71.86618    35.6966  1024.6798    24.5375    22.3040 0.0000e+00
     32.000    22.2832    35.5166  1024.6704     2.4823     4.8229     97.300    0.00190    4.95670    4.94572      8.296     0.2097    9.14292   5.091711 2.5478e-11    24.5324    24.5305 1.0000e-12     32.261          1      12530    1528.71 3.9495e+00  53846.953    522.026 1570403729      -0.32     -0.899   39.99402  -71.86618    35.6773  1024.6688    24.5307    22.2768 0.0000e+00
     31.000    22.1340    35.4469  1024.6553     2.4858     4.8848     97.638    0.00376    5.00293    4.99215      8.298     0.1955    9.22160   5.066062 2.5320e-11    24.5214    24.5197 1.0000e-12     31.250          1      12619    1528.23 3.9495e+00  53757.894    525.769 1570403733      -0.32     -0.642   39.99404  -71.86616    35.5978  1024.6466    24.5127    22.1278 0.0000e+00
     30.000    21.8462    35.3405  1024.6510     2.4920     4.9229     98.137    0.00620    5.01638    5.00567 -9.990e-29     0.1843    9.24445   5.022029 -9.990e-29    24.5215    24.5198 1.0000e-12     30.232          1      12669    1527.34 2.9391e+00  53625.648    527.822 1570403735       0.04     -0.734   39.99404  -71.86616    35.4859  1024.6386    24.5089    21.8402 0.0000e+00
     29.000    21.6874    35.2590  1024.6290     2.5008     4.9339     98.379    0.00383    5.01520    5.00448      8.299     0.1862    9.24244   4.995781 -9.990e-29    24.5035    24.5019 1.0000e-12     29.234          1      12720    1526.81 4.0220e+00  53520.369    529.962 1570403737      -0.29     -0.615   39.99406  -71.86614    35.4080  1024.6197    24.4942    21.6817 0.0000e+00
     28.000    21.6541    35.2500  1024.6270     2.5052     4.9315     98.324    0.00049    5.01551    5.00479      8.299     0.1882    9.24302   4.992902 2.5320e-11    24.5059    24.5044 1.0000e-12     28.220          1      12794    1526.70 3.9495e+00  53509.689    533.046 1570403740      -1.16     -0.831   39.99406  -71.86612    35.4128  1024.6282    24.5071    21.6486 0.0000e+00
     27.000    21.6641    35.2528  1024.6220     2.5029     4.9225     98.136   -0.00060    5.01592    5.00520      8.299     0.1810    9.24367   4.993988 2.5320e-11    24.5052    24.5037 1.0000e-12     27.230          1      12810    1526.71 3.9495e+00  53512.630    533.727 1570403741      -0.36     -1.364   39.99406  -71.86612    35.4136  1024.6217    24.5048    21.6587 0.0000e+00
     26.000    21.6563    35.2488  1024.6167     2.5023     4.9182     98.056   -0.00094    5.01574    5.00502      8.299     0.1878    9.24338   4.992841 2.5320e-11    24.5042    24.5028 1.0000e-12     26.206          1      12902    1526.67 3.9495e+00  53506.976    537.544 1570403745      -0.05     -0.638   39.99407  -71.86610    35.4112  1024.6176    24.5051    21.6511 0.0000e+00
     25.000    21.6527    35.2478  1024.6125     2.5025     4.9230     98.135    0.00014    5.01650    5.00579      8.299     0.1922    9.24467   4.992524 6.2170e+04    24.5044    24.5031 1.0000e-12     25.196          1      12956    1526.64 1.4941e+00  53505.352    539.796 1570403747      -0.16     -0.744   39.99408  -71.86608    35.4119  1024.6147    24.5066    21.6478 0.0000e+00
     24.000    21.6448    35.2445  1024.6079     2.5043     4.9292     98.262    0.00073    5.01635    5.00563      8.299     0.1906    9.24441   4.991288 3.4549e+04    24.5040    24.5027 1.0000e-12     24.190          1      13005    1526.60 2.5127e+00  53500.674    541.845 1570403749       0.15     -0.500   39.99409  -71.86607    35.4090  1024.6103    24.5065    21.6400 0.0000e+00
     23.000    21.6752    35.2596  1024.6065     2.5010     4.9095     97.946   -0.00129    5.01246    5.00173      8.299     0.1826    9.23775   4.996988 1.4066e+04    24.5070    24.5058 1.0000e-12     23.192          1      13349    1526.68 3.4375e+00  53519.383    556.158 1570403763      -0.31     -0.465   39.99414  -71.86600    35.4297  1024.6132    24.5136    21.6707 0.0000e+00
     22.000    21.7449    35.2852  1024.6022     2.5009     4.9081     98.014   -0.00022    5.00747    4.99672      8.299     0.1979    9.22932   5.007110 1.0858e+03    24.5071    24.5059 1.0000e-12     22.192          1      15400    1526.88 3.9108e+00  53550.713    641.607 1570403849      -0.37     -1.038   39.99441  -71.86560    35.4533  1024.6073    24.5121    21.7405 0.0000e+00
     21.000    21.7263    35.2772  1024.5969     2.4998     4.8966     97.801   -0.00168    5.00673    4.99597      8.298     0.1803    9.22807   5.003999 -9.990e-29    24.5061    24.5050 1.0000e-12     21.162          1      15821    1526.80 3.9495e+00  53540.202    659.175 1570403866      -0.80     -0.643   39.99448  -71.86552    35.4441  1024.6011    24.5103    21.7222 0.0000e+00
     20.000    21.7419    35.2875  1024.5960     2.4991     4.8982     97.777   -0.00162    5.00951    4.99876      8.296     0.1996    9.23280   5.007574 -9.990e-29    24.5095    24.5084 1.0000e-12     20.167          1      15841    1526.84 3.9495e+00  53552.877    659.983 1570403867      -0.19     -1.098   39.99448  -71.86552    35.4601  1024.6045    24.5179    21.7379 0.0000e+00
     19.000    21.7374    35.2767  1024.5847     2.5028     4.9185     98.123    0.00080    5.01261    5.00187 -9.990e-29     0.1797    9.23803   5.004224 2.5320e-11    24.5025    24.5015 1.0000e-12     19.146          1      15926    1526.80 3.9495e+00  53537.908    663.537 1570403871      -0.00     -0.539   39.99449  -71.86551    35.4375  1024.5842    24.5020    21.7337 0.0000e+00
     18.000    21.6826    35.2589  1024.5820     2.5059     4.9281     98.301    0.00134    5.01326    5.00253 -9.990e-29     0.2018    9.23916   4.996856 2.5320e-11    24.5042    24.5033 1.0000e-12     18.144          1      15985    1526.62 3.9495e+00  53515.895    666.005 1570403873      -0.56     -0.790   39.99450  -71.86550    35.4243  1024.5851    24.5072    21.6791 0.0000e+00
     17.000    21.6708    35.2550  1024.5780     2.5035     4.9173     98.073   -0.00006    5.01388    5.00315 -9.990e-29     0.1908    9.24021   4.995171 4.8446e+04    24.5045    24.5035 1.0000e-12     17.139          1      16045    1526.56 2.0361e+00  53510.620    668.510 1570403876      -0.14     -0.590   39.99451  -71.86548    35.4209  1024.5814    24.5079    21.6675 0.0000e+00
     16.000    21.6768    35.2566  1024.5731     2.5051     4.9255     98.203    0.00075    5.01560    5.00488 -9.990e-29     0.1922    9.24314   4.995996 4.9995e+04    24.5039    24.5031 1.0000e-12     16.124          1      16124    1526.56 1.7598e+00  53511.992    671.778 1570403879      -0.12     -0.457   39.99452  -71.86548    35.4229  1024.5769    24.5077    21.6737 0.0000e+00
     15.000    21.6516    35.2476  1024.5689     2.5053     4.9224     98.139   -0.00030    5.01571    5.00499 -9.990e-29     0.1872    9.24332   4.992198 6.6761e+04    24.5040    24.5032 1.0000e-12     15.123          1      16303    1526.47 1.6495e+00  53500.356    679.242 1570403886      -0.12     -0.317   39.99454  -71.86543    35.4137  1024.5726    24.5077    21.6486 0.0000e+00
     14.000    21.7639    35.2934  1024.5681     2.5028     4.9063     98.047    0.00049    5.00403    4.99325      8.298     0.1906    9.22346   5.009757 -1.643e+04    24.5075    24.5068 1.0000e-12     14.121          1      17763    1526.80 4.5161e+00  53557.182    740.098 1570403947      -0.22     -0.680   39.99474  -71.86513    35.4615  1024.5731    24.5125    21.7611 0.0000e+00
     13.000    21.7721    35.2946  1024.5624     2.5040     4.9103     98.096    0.00065    5.00560    4.99483      8.298     0.1913    9.22615   5.010270 2.5320e-11    24.5061    24.5054 1.0000e-12     13.110          1      18075    1526.81 3.9495e+00  53558.080    753.077 1570403960      -0.12     -0.688   39.99480  -71.86506    35.4592  1024.5647    24.5084    21.7695 0.0000e+00
     12.000    21.7333    35.2805  1024.5580     2.5045     4.9133     98.122    0.00088    5.00738    4.99662      8.298     0.2097    9.22916   5.004635 -9.990e-29    24.5061    24.5055 1.0000e-12     12.086          1      18229    1526.67 3.9495e+00  53540.046    759.500 1570403967      -0.20     -0.570   39.99482  -71.86502    35.4466  1024.5615    24.5097    21.7310 0.0000e+00
     11.000    21.7342    35.2821  1024.5546     2.5027     4.8982     97.817   -0.00192    5.00752    4.99676      8.298     0.1813    9.22940   5.005019 2.5320e-11    24.5071    24.5065 1.0000e-12     11.096          1      18275    1526.66 3.9495e+00  53541.724    761.423 1570403969      -0.28     -0.642   39.99483  -71.86501    35.4493  1024.5590    24.5114    21.7320 0.0000e+00
     10.000    21.7478    35.2868  1024.5501     2.5052     4.9109     98.066    0.00011    5.00777    4.99701 -9.990e-29     0.1962    9.22983   5.006947 2.5320e-11    24.5068    24.5063 1.0000e-12     10.074          1      18357    1526.69 3.9495e+00  53547.144    764.818 1570403972      -0.42     -0.674   39.99484  -71.86500    35.4538  1024.5542    24.5109    21.7459 0.0000e+00
      9.000    21.7335    35.2797  1024.5443     2.5079     4.9282     98.405    0.00286    5.00809    4.99734 -9.990e-29     0.2186    9.23038   5.004327 2.5320e-11    24.5054    24.5049 1.0000e-12      9.076          1      18381    1526.62 3.9495e+00  53537.646    765.818 1570403973      -0.12     -0.931   39.99484  -71.86500    35.4450  1024.5472    24.5083    21.7317 0.0000e+00
      8.000    21.7229    35.2766  1024.5404     2.5062     4.9164     98.163    0.00094    5.00849    4.99773      8.298     0.1975    9.23105   5.002983 2.5320e-11    24.5059    24.5054 1.0000e-12      8.071          1      18449    1526.57 3.9495e+00  53533.277    768.668 1570403976      -0.38     -0.587   39.99485  -71.86497    35.4434  1024.5445    24.5099    21.7214 0.0000e+00
      7.000    21.7209    35.2761  1024.5363     2.5045     4.9083     97.982   -0.00019    5.00936    4.99861      8.298     0.1968    9.23252   5.002653 2.5320e-11    24.5060    24.5056 1.0000e-12      7.064          1      18504    1526.55 3.9495e+00  53532.213    770.950 1570403978       0.00     -0.775   39.99486  -71.86496    35.4428  1024.5403    24.5100    21.7195 0.0000e+00
      6.000    21.7115    35.2734  1024.5325     2.5063     4.9167     98.122    0.00060    5.01081    5.00007      8.298     0.1876    9.23498   5.001257 2.5320e-11    24.5065    24.5062 1.0000e-12      6.048          1      18571    1526.51 3.9495e+00  53528.582    773.769 1570403981      -0.09     -0.363   39.99487  -71.86495    35.4397  1024.5362    24.5102    21.7103 0.0000e+00
      5.000    21.6944    35.2672  1024.5281     2.5056     4.9134     98.020    0.00001    5.01262    5.00189      8.299     0.1941    9.23805   4.998659 2.5320e-11    24.5065    24.5062 1.0000e-12      5.028          1      18654    1526.44 3.9495e+00  53520.344    777.191 1570403984      -0.07     -0.216   39.99488  -71.86494    35.4335  1024.5318    24.5102    21.6934 0.0000e+00
      4.000    21.6821    35.2628  1024.5238     2.5078     4.9246     98.223    0.00133    5.01372    5.00299 -9.990e-29     0.1878    9.23993   4.996755 2.5320e-11    24.5065    24.5063 1.0000e-12      4.039          1      18680    1526.39 3.9495e+00  53514.441    778.306 1570403986      -0.26     -0.700   39.99488  -71.86492    35.4288  1024.5274    24.5100    21.6813 0.0000e+00
      3.000    21.6744    35.2599  1024.5194     2.5090     4.9225     98.184    0.00011    5.01351    5.00278 -9.990e-29     0.1864    9.23956   4.995585 6.4406e-02    24.5064    24.5063 1.8048e-02      3.023          1      18747    1526.34 3.9495e+00  53510.495    781.101 1570403988       0.13     -0.357   39.99490  -71.86491    35.4261  1024.5231    24.5101    21.6738 0.0000e+00
      2.000    21.6719    35.2578  1024.5141     2.5066     4.9144     98.023   -0.00055    5.01353    5.00281 -9.990e-29     0.1921    9.23961   4.994997 1.1346e+00    24.5054    24.5053 4.5202e-02      2.020          1      18824    1526.32 -9.990e-29  53507.120    784.292 1570403991      -0.35     -0.421   39.99490  -71.86490    35.4239  1024.5177    24.5090    21.6715 0.0000e+00
      1.000    21.6586    35.2582  1024.5137     2.5049     4.8953     97.629   -0.00473    5.01413    5.00340 -9.990e-29     0.1922    9.24064   4.994014 -1.175e+00    24.5096    24.5095 -4.642e-02      1.069          1      18864    1526.27 -9.990e-29  53508.621    785.967 1570403992       0.13     -0.924   39.99490  -71.86490    35.4273  1024.5199    24.5153    21.6584 0.0000e+00
