CalculateIndicators/WaterTemperature/Data/CTD_NYOS/NYOS1910_C06.cnv
* Sea-Bird SBE 9 Data File:
* FileName = C:\Seabird 9 CTD\Data\2019\201910_offhore\NYOS1910_C06.hex
* Software Version Seasave V 7.23.2
* Temperature SN = 4590
* Conductivity SN = 3228
* Number of Bytes Per Scan = 44
* Number of Voltage Words = 5
* Number of Scans Averaged by the Deck Unit = 1
* NMEA Latitude = 39 41.74 N
* NMEA Longitude = 071 45.79 W
* NMEA UTC (Time) = Oct 06 2019  19:11:59
* NMEA baud rate = 4800
** Ship: seawolf
** Station: 2.5
** Operator: EIH
# nquan = 35
# nvalues = 594                         
# units = specified
# name 0 = depSM: Depth [salt water, m]
# name 1 = t090C: Temperature [ITS-90, deg C]
# name 2 = sal00: Salinity, Practical [PSU]
# name 3 = density00: Density [density, kg/m^3]
# name 4 = sbeox0V: Oxygen raw, SBE 43 [V]
# name 5 = sbeox0ML/L: Oxygen, SBE 43 [ml/l]
# name 6 = sbeox0PS: Oxygen, SBE 43 [% saturation]
# name 7 = sbox0dV/dT: Oxygen, SBE 43 [dov/dt]
# name 8 = oxsolML/L: Oxygen Saturation, Garcia & Gordon [ml/l]
# name 9 = oxsatML/L: Oxygen Saturation, Weiss [ml/l]
# name 10 = ph: pH
# name 11 = flECO-AFL: Fluorescence, WET Labs ECO-AFL/FL [mg/m^3]
# name 12 = n2satML/L: Nitrogen Saturation [ml/l]
# name 13 = c0S/m: Conductivity [S/m]
# name 14 = cpar: CPAR/Corrected Irradiance [%]
# name 15 = sigma-é00: Density [sigma-theta, kg/m^3]
# name 16 = sigma-t00: Density [sigma-t, kg/m^3 ]
# name 17 = par: PAR/Irradiance, Biospherical/Licor
# name 18 = prDM: Pressure, Digiquartz [db]
# name 19 = pumps: Pump Status
# name 20 = scan: Scan Count
# name 21 = svCM: Sound Velocity [Chen-Millero, m/s]
# name 22 = spar: SPAR, Biospherical/Licor
# name 23 = specc: Specific Conductance [uS/cm]
# name 24 = timeS: Time, Elapsed [seconds]
# name 25 = timeY: Time, System [seconds]
# name 26 = accM: Acceleration [m/s^2]
# name 27 = dz/dtM: Descent Rate [m/s]
# name 28 = latitude: Latitude [deg]
# name 29 = longitude: Longitude [deg]
# name 30 = gsw_saA0: Absolute Salinity [g/kg]
# name 31 = gsw_densityA0: density, TEOS-10 [density, kg/m^3]
# name 32 = gsw_sigma0A0: density, TEOS-10 [sigma-0, kg/m^3 ]
# name 33 = gsw_ptA0: potential temperature [ITS-90, deg C]
# name 34 = flag: flag
# span 0 =      2.000,    300.000       
# span 1 =    12.0247,    23.0778       
# span 2 =    35.5376,    36.3534       
# span 3 =  1024.6261,  1028.3543       
# span 4 =     1.5140,     2.4930       
# span 5 =     3.1597,     4.7507       
# span 6 =     52.427,     97.471       
# span 7 =   -0.02518,    0.02415       
# span 8 =    4.87048,    6.02746       
# span 9 =    4.85920,    6.02731       
# span 10 =      8.025,      8.322      
# span 11 =    -0.0757,     0.4339      
# span 12 =    8.99531,   10.91723      
# span 13 =   4.070886,   5.235035      
# span 14 = 4.7846e-14, 7.8827e+01      
# span 15 =    24.6166,    27.0097      
# span 16 =    24.6159,    27.0020      
# span 17 = 1.0000e-12, 6.3558e+02      
# span 18 =      2.114,    302.523      
# span 19 =          1,          1      
# span 20 =        452,      54872      
# span 21 =    1502.55,    1531.71      
# span 22 = 4.5518e+02, 2.0787e+03      
# span 23 =  54349.508,  55257.825      
# span 24 =     18.772,   2286.295      
# span 25 = 1570389139, 1570391406      
# span 26 =      -1.08,       1.03      
# span 27 =     -1.214,      1.080      
# span 28 =   39.69586,   39.70541      
# span 29 =  -71.76424,  -71.76324      
# span 30 =    16.4942,    36.5408      
# span 31 =  1009.9214,  1028.3593      
# span 32 =     9.9120,    27.0148      
# span 33 =    11.9848,    23.0656      
# span 34 = 0.0000e+00, 0.0000e+00      
# interval = meters: 1                  
# start_time = Oct 06 2019 19:12:00 [System UTC, first data scan.]
# bad_flag = -9.990e-29
*END*
[from data line 249]
    254.000    13.2454    35.7121  1028.0346     1.6157     3.3489     57.021   -0.00128    5.87314    5.87110      8.066    -0.0500   10.66004   4.206408 5.1646e-14    26.9022    26.8948 1.0000e-12    256.111          1      16247    1506.08 1.9489e+03  54992.123    676.933 1570389797       0.06      0.425   39.69865  -71.76358    35.8796  1028.0374    26.9051    13.2094 0.0000e+00
    255.000    13.2332    35.7102  1028.0402     1.6144     3.3501     57.027   -0.00077    5.87463    5.87260      8.065    -0.0481   10.66252   4.205146 5.6453e-14    26.9033    26.8959 1.0000e-12    257.117          1      16304    1506.06 1.7956e+03  54991.968    679.309 1570389799       0.48      0.567   39.69866  -71.76358    35.8786  1028.0436    26.9068    13.1971 0.0000e+00
    256.000    13.2238    35.7091  1028.0457     1.6143     3.3558     57.114   -0.00002    5.87569    5.87368      8.065    -0.0388   10.66429   4.204185 5.6707e-14    26.9044    26.8970 1.0000e-12    258.131          1      16350    1506.04 1.7847e+03  54992.381    681.203 1570389801      -0.19      0.576   39.69866  -71.76358    35.8779  1028.0496    26.9082    13.1876 0.0000e+00
    257.000    13.2125    35.7072  1028.0511     1.6125     3.3504     56.951   -0.00076    5.88305    5.88112 -9.990e-29    -0.0403   10.67657   4.202922 5.9339e-14    26.9053    26.8978 1.0000e-12    259.140          1      16412    1506.02 1.7160e+03  54992.078    683.794 1570389804      -0.06      0.368   39.69868  -71.76358    35.8761  1028.0550    26.9092    13.1761 0.0000e+00
    258.000    13.1559    35.6974  1028.0598     1.6077     3.3309     56.586   -0.00186    5.88647    5.88458 -9.990e-29    -0.0443   10.68227   4.196085 7.0831e-14    26.9092    26.9018 1.0000e-12    260.147          1      16476    1505.84 1.4253e+03  54987.526    686.474 1570389806       0.05      0.418   39.69868  -71.76358    35.8636  1028.0617    26.9111    13.1195 0.0000e+00
    259.000    13.1234    35.6952  1028.0694     1.6030     3.3319     56.455   -0.00120    5.90184    5.90014      8.061    -0.0373   10.70790   4.192902 5.0136e-14    26.9141    26.9067 1.0000e-12    261.169          1      16557    1505.75 1.9669e+03  54989.905    689.819 1570389810      -0.03      0.208   39.69871  -71.76358    35.8635  1028.0729    26.9176    13.0869 0.0000e+00
    260.000    13.0976    35.6872  1028.0730     1.6004     3.3146     56.192   -0.00224    5.89874    5.89701      8.061    -0.0283   10.70269   4.189111 5.1168e-14    26.9131    26.9057 1.0000e-12    262.167          1      16578    1505.67 1.9540e+03  54983.296    690.709 1570389811       0.78      0.668   39.69870  -71.76358    35.8511  1028.0731    26.9133    13.0610 0.0000e+00
    261.000    13.0393    35.6798  1028.0839     1.5981     3.3106     56.108   -0.00199    5.90049    5.89878      8.060    -0.0445   10.70565   4.182650 5.0775e-14    26.9193    26.9119 1.0000e-12    263.162          1      16616    1505.48 1.9696e+03  54982.580    692.299 1570389812       0.23      0.908   39.69870  -71.76358    35.8438  1028.0840    26.9195    13.0027 0.0000e+00
    262.000    12.9800    35.6723  1028.0948     1.5935     3.3072     55.974   -0.00133    5.90836    5.90674 -9.990e-29    -0.0465   10.71875   4.176186 5.2023e-14    26.9254    26.9180 1.0000e-12    264.188          1      16707    1505.29 1.9292e+03  54981.619    696.103 1570389816       0.50      0.555   39.69872  -71.76358    35.8374  1028.0959    26.9266    12.9434 0.0000e+00
    263.000    12.9600    35.6708  1028.1023     1.5918     3.2999     55.854   -0.00159    5.90809    5.90647      8.059    -0.0313   10.71832   4.174234 5.5482e-14    26.9283    26.9209 1.0000e-12    265.185          1      16734    1505.24 1.8346e+03  54983.230    697.196 1570389817       0.08      0.874   39.69872  -71.76358    35.8372  1028.1043    26.9304    12.9232 0.0000e+00
    264.000    12.9366    35.6642  1028.1065     1.5873     3.2927     55.652   -0.00154    5.91648    5.91496      8.056    -0.0427   10.73230   4.171114 4.9478e-14    26.9279    26.9205 1.0000e-12    266.202          1      16820    1505.17 2.0122e+03  54978.148    700.780 1570389821       0.77      0.421   39.69874  -71.76358    35.8289  1028.1072    26.9287    12.8998 0.0000e+00
    265.000    12.9100    35.6631  1028.1155     1.5862     3.2929     55.663   -0.00097    5.91587    5.91434      8.054    -0.0473   10.73126   4.168616 5.0865e-14    26.9324    26.9250 1.0000e-12    267.201          1      16847    1505.10 1.9660e+03  54981.408    701.928 1570389822       0.49      1.054   39.69875  -71.76358    35.8296  1028.1177    26.9347    12.8731 0.0000e+00
    266.000    12.8912    35.6599  1028.1214     1.5849     3.2908     55.624   -0.00077    5.91608    5.91455      8.054    -0.0486   10.73163   4.166457 5.9425e-14    26.9337    26.9263 1.0000e-12    268.210          1      16892    1505.05 1.7086e+03  54980.417    703.807 1570389824      -0.16      0.875   39.69876  -71.76358    35.8263  1028.1235    26.9359    12.8542 0.0000e+00
    267.000    12.8648    35.6551  1028.1276     1.5832     3.2874     55.524   -0.00101    5.92069    5.91922      8.055    -0.0386   10.73933   4.163400 6.6917e-14    26.9353    26.9279 1.0000e-12    269.217          1      16980    1504.97 1.4996e+03  54978.485    707.473 1570389827       0.98      0.866   39.69878  -71.76358    35.8214  1028.1296    26.9374    12.8277 0.0000e+00
    268.000    12.8362    35.6513  1028.1351     1.5812     3.2827     55.410   -0.00119    5.92431    5.92288      8.055    -0.0374   10.74534   4.160301 5.1328e-14    26.9382    26.9307 1.0000e-12    270.222          1      17043    1504.89 1.9469e+03  54978.163    710.076 1570389830       0.47      0.907   39.69879  -71.76358    35.8182  1028.1375    26.9407    12.7990 0.0000e+00
    269.000    12.8180    35.6503  1028.1425     1.5802     3.2870     55.467   -0.00035    5.92605    5.92465 -9.990e-29    -0.0396   10.74825   4.158527 5.1015e-14    26.9411    26.9336 1.0000e-12    271.234          1      17101    1504.84 1.9634e+03  54980.296    712.504 1570389832       0.10      0.962   39.69880  -71.76358    35.8179  1028.1455    26.9441    12.7807 0.0000e+00
    270.000    12.8053    35.6481  1028.1479     1.5795     3.2865     55.432   -0.00048    5.92899    5.92762      8.052    -0.0383   10.75316   4.157203 5.2781e-14    26.9419    26.9344 1.0000e-12    272.265          1      17211    1504.82 1.9072e+03  54979.746    717.100 1570389837       0.68      0.410   39.69882  -71.76358    35.8168  1028.1518    26.9458    12.7679 0.0000e+00
    271.000    12.8011    35.6471  1028.1524     1.5793     3.2867     55.428   -0.00047    5.92958    5.92822      8.050    -0.0416   10.75414   4.156707 4.9761e-14    26.9420    26.9344 1.0000e-12    273.251          1      17234    1504.82 2.0100e+03  54979.572    718.044 1570389838       0.72      1.080   39.69882  -71.76358    35.8155  1028.1561    26.9457    12.7636 0.0000e+00
    272.000    12.7786    35.6432  1028.1585     1.5787     3.2879     55.400   -0.00053    5.93485    5.93355      8.050    -0.0451   10.76292   4.154065 4.9302e-14    26.9435    26.9360 1.0000e-12    274.261          1      17295    1504.75 2.0283e+03  54978.389    720.565 1570389840       0.24      0.744   39.69884  -71.76358    35.8109  1028.1616    26.9467    12.7410 0.0000e+00
    273.000    12.7398    35.6390  1028.1678     1.5775     3.2911     55.371   -0.00044    5.94370    5.94251      8.051    -0.0403   10.77768   4.149857 4.9249e-14    26.9480    26.9405 1.0000e-12    275.283          1      17370    1504.63 2.0305e+03  54979.245    723.694 1570389844      -0.06      0.522   39.69886  -71.76358    35.8067  1028.1708    26.9511    12.7021 0.0000e+00
    274.000    12.7011    35.6336  1028.1760     1.5735     3.2768     55.017   -0.00184    5.95605    5.95501      8.050    -0.0440   10.79822   4.145416 4.9240e-14    26.9516    26.9440 1.0000e-12    276.297          1      17425    1504.52 2.0309e+03  54978.439    725.989 1570389846       0.02      0.432   39.69886  -71.76358    35.8000  1028.1781    26.9537    12.6634 0.0000e+00
    275.000    12.6329    35.6203  1028.1840     1.5701     3.2627     54.777   -0.00235    5.95625    5.95521      8.049    -0.0386   10.79855   4.136883 4.9050e-14    26.9548    26.9473 1.0000e-12    277.299          1      17461    1504.29 2.0387e+03  54971.397    727.481 1570389847       0.26      0.625   39.69888  -71.76359    35.7819  1028.1825    26.9532    12.5951 0.0000e+00
    276.000    12.5754    35.6177  1028.1982     1.5660     3.2589     54.692   -0.00145    5.95871    5.95770      8.047    -0.0388   10.80266   4.131510 4.9032e-14    26.9641    26.9566 1.0000e-12    278.311          1      17525    1504.11 2.0395e+03  54977.404    730.178 1570389850      -0.00      0.398   39.69888  -71.76360    35.7840  1028.2003    26.9663    12.5376 0.0000e+00
    277.000    12.5635    35.6141  1028.2023     1.5634     3.2569     54.620   -0.00103    5.96274    5.96178      8.047    -0.0375   10.80939   4.129983 4.9596e-14    26.9637    26.9562 1.0000e-12    279.315          1      17583    1504.08 2.0164e+03  54974.969    732.585 1570389852       0.34      0.595   39.69889  -71.76360    35.7801  1028.2041    26.9656    12.5256 0.0000e+00
    278.000    12.5288    35.6096  1028.2103     1.5604     3.2491     54.467   -0.00108    5.96521    5.96428      8.047    -0.0427   10.81349   4.126249 4.8810e-14    26.9671    26.9596 1.0000e-12    280.328          1      17647    1503.98 2.0489e+03  54974.850    735.270 1570389855      -0.13      0.375   39.69890  -71.76360    35.7764  1028.2128    26.9696    12.4908 0.0000e+00
    279.000    12.5023    35.6068  1028.2180     1.5580     3.2460     54.406   -0.00066    5.96626    5.96534      8.044    -0.0396   10.81525   4.123546 4.9048e-14    26.9702    26.9627 1.0000e-12    281.345          1      17731    1503.90 2.0388e+03  54975.857    738.766 1570389859       0.04      0.258   39.69892  -71.76360    35.7750  1028.2216    26.9738    12.4642 0.0000e+00
    280.000    12.5018    35.6056  1028.2217     1.5576     3.2483     54.435   -0.00030    5.96731    5.96641      8.044    -0.0468   10.81701   4.123443 4.9052e-14    26.9694    26.9619 1.0000e-12    282.344          1      17776    1503.91 2.0387e+03  54974.930    740.612 1570389860      -0.04      0.456   39.69892  -71.76360    35.7740  1028.2254    26.9732    12.4636 0.0000e+00
    281.000    12.4944    35.6036  1028.2262     1.5562     3.2452     54.334   -0.00067    5.97263    5.97179 -9.990e-29    -0.0358   10.82587   4.122575 4.9226e-14    26.9693    26.9617 1.0000e-12    283.365          1      17858    1503.90 2.0314e+03  54973.922    744.058 1570389864       0.40      0.240   39.69894  -71.76362    35.7722  1028.2300    26.9732    12.4561 0.0000e+00
    282.000    12.4703    35.5997  1028.2325     1.5553     3.2458     54.311   -0.00057    5.97637    5.97558 -9.990e-29    -0.0428   10.83212   4.119750 4.8930e-14    26.9710    26.9634 1.0000e-12    284.362          1      17894    1503.83 2.0438e+03  54972.953    745.528 1570389865      -0.06      0.589   39.69894  -71.76362    35.7673  1028.2356    26.9742    12.4319 0.0000e+00
    283.000    12.4317    35.5939  1028.2402     1.5518     3.2301     54.013   -0.00158    5.98031    5.97957 -9.990e-29    -0.0473   10.83867   4.115321 4.8743e-14    26.9741    26.9665 1.0000e-12    285.373          1      17954    1503.71 2.0516e+03  54971.754    748.036 1570389868       0.02      0.392   39.69895  -71.76362    35.7605  1028.2426    26.9765    12.3933 0.0000e+00
    284.000    12.3844    35.5893  1028.2507     1.5490     3.2306     54.003   -0.00064    5.98222    5.98150      8.041    -0.0486   10.84185   4.110382 4.8928e-14    26.9798    26.9723 1.0000e-12    286.386          1      18032    1503.56 2.0438e+03  54973.651    751.312 1570389871      -0.01      0.276   39.69896  -71.76362    35.7570  1028.2540    26.9831    12.3459 0.0000e+00
    285.000    12.3789    35.5878  1028.2552     1.5476     3.2266     53.935   -0.00062    5.98249    5.98178      8.040    -0.0438   10.84231   4.109788 4.8811e-14    26.9798    26.9722 1.0000e-12    287.399          1      18081    1503.56 2.0487e+03  54973.128    753.328 1570389873       0.20      0.524   39.69896  -71.76362    35.7561  1028.2589    26.9835    12.3402 0.0000e+00
    286.000    12.3752    35.5864  1028.2593     1.5470     3.2252     53.903   -0.00064    5.98340    5.98270      8.039    -0.0437   10.84382   4.109310 4.8552e-14    26.9794    26.9718 1.0000e-12    288.394          1      18119    1503.56 2.0597e+03  54972.427    754.930 1570389875       0.11      0.683   39.69898  -71.76362    35.7545  1028.2628    26.9830    12.3365 0.0000e+00
    287.000    12.3438    35.5777  1028.2633     1.5434     3.2136     53.622   -0.00157    5.99305    5.99247 -9.990e-29    -0.0397   10.85992   4.105020 4.9242e-14    26.9788    26.9712 1.0000e-12    289.414          1      18221    1503.46 2.0308e+03  54965.960    759.176 1570389879       0.41      0.456   39.69900  -71.76362    35.7422  1028.2642    26.9797    12.3050 0.0000e+00
    288.000    12.2983    35.5748  1028.2748     1.5407     3.2109     53.543   -0.00118    5.99677    5.99623 -9.990e-29    -0.0398   10.86613   4.100601 4.8501e-14    26.9855    26.9779 1.0000e-12    290.417          1      18273    1503.32 2.0619e+03  54970.123    761.337 1570389881       0.02      0.414   39.69900  -71.76362    35.7421  1028.2776    26.9884    12.2594 0.0000e+00
    289.000    12.2637    35.5688  1028.2815     1.5357     3.2000     53.248   -0.00162    6.00950    6.00913 -9.990e-29    -0.0371   10.88731   4.096495 4.8890e-14    26.9876    26.9800 1.0000e-12    291.432          1      18360    1503.22 2.0454e+03  54968.201    764.943 1570389885       0.07      0.280   39.69902  -71.76362    35.7346  1028.2833    26.9894    12.2248 0.0000e+00
    290.000    12.1782    35.5572  1028.2941     1.5311     3.1864     53.003   -0.00176    6.01177    6.01142      8.034    -0.0366   10.89108   4.086959 4.8741e-14    26.9952    26.9876 1.0000e-12    292.436          1      18425    1502.93 2.0517e+03  54966.785    767.685 1570389888       0.30      0.374   39.69903  -71.76362    35.7226  1028.2956    26.9967    12.1393 0.0000e+00
    291.000    12.1657    35.5566  1028.3006     1.5285     3.1854     52.947   -0.00122    6.01617    6.01588      8.032    -0.0410   10.89839   4.085883 4.8681e-14    26.9971    26.9896 1.0000e-12    293.448          1      18485    1502.90 2.0542e+03  54968.628    770.176 1570389890       0.64      0.616   39.69904  -71.76362    35.7235  1028.3033    26.9998    12.1267 0.0000e+00
    292.000    12.1373    35.5515  1028.3069     1.5263     3.1782     52.822   -0.00137    6.01677    6.01648      8.031    -0.0444   10.89941   4.082480 4.8310e-14    26.9987    26.9912 1.0000e-12    294.448          1      18521    1502.82 2.0700e+03  54966.983    771.677 1570389892      -0.00      0.796   39.69904  -71.76363    35.7170  1028.3083    27.0003    12.0982 0.0000e+00
    293.000    12.0992    35.5472  1028.3156     1.5214     3.1670     52.608   -0.00119    6.02001    6.01977 -9.990e-29    -0.0583   10.90480   4.078483 4.8678e-14    27.0027    26.9952 1.0000e-12    295.472          1      18613    1502.70 2.0543e+03  54967.987    775.495 1570389895       0.72      0.335   39.69906  -71.76364    35.7138  1028.3180    27.0052    12.0600 0.0000e+00
    294.000    12.0882    35.5471  1028.3222     1.5195     3.1597     52.479   -0.00145    6.02089    6.02066      8.029    -0.0383   10.90628   4.077555 4.8471e-14    27.0048    26.9972 1.0000e-12    296.466          1      18649    1502.68 2.0631e+03  54970.317    776.983 1570389897       0.14      0.676   39.69906  -71.76364    35.7148  1028.3254    27.0081    12.0489 0.0000e+00
