CalculateIndicators/WaterTemperature/Data/CTD_NYOS/NYOS190727_6_2.cnv
* Sea-Bird SBE 9 Data File:
* FileName = C:\Seabird 9 CTD\Data\2019\201907_offshore\NYOS190727_6_2.hex
* Software Version Seasave V 7.23.2
* Temperature SN = 4590
* Conductivity SN = 3228
* Number of Bytes Per Scan = 44
* Number of Voltage Words = 5
* Number of Scans Averaged by the Deck Unit = 1
* NMEA Latitude = 40 10.16 N
* NMEA Longitude = 073 19.48 W
* NMEA UTC (Time) = Jul 27 2019  22:03:13
* NMEA baud rate = 4800
** Ship: Seawolf
** Station: 6.2
** Operator: lis
# nquan = 35
# nvalues = 77                          
# units = specified
# name 0 = depSM: Depth [salt water, m]
# name 1 = t090C: Temperature [ITS-90, deg C]
# name 2 = sal00: Salinity, Practical [PSU]
# name 3 = density00: Density [density, kg/m^3]
# name 4 = sbeox0V: Oxygen raw, SBE 43 [V]
# name 5 = sbeox0ML/L: Oxygen, SBE 43 [ml/l]
# name 6 = sbeox0PS: Oxygen, SBE 43 [% saturation]
# name 7 = sbox0dV/dT: Oxygen, SBE 43 [dov/dt]
# name 8 = oxsolML/L: Oxygen Saturation, Garcia & Gordon [ml/l]
# name 9 = oxsatML/L: Oxygen Saturation, Weiss [ml/l]
# name 10 = ph: pH
# name 11 = flECO-AFL: Fluorescence, WET Labs ECO-AFL/FL [mg/m^3]
# name 12 = n2satML/L: Nitrogen Saturation [ml/l]
# name 13 = c0S/m: Conductivity [S/m]
# name 14 = cpar: CPAR/Corrected Irradiance [%]
# name 15 = sigma-é00: Density [sigma-theta, kg/m^3]
# name 16 = sigma-t00: Density [sigma-t, kg/m^3 ]
# name 17 = par: PAR/Irradiance, Biospherical/Licor
# name 18 = prDM: Pressure, Digiquartz [db]
# name 19 = pumps: Pump Status
# name 20 = scan: Scan Count
# name 21 = svCM: Sound Velocity [Chen-Millero, m/s]
# name 22 = spar: SPAR, Biospherical/Licor
# name 23 = specc: Specific Conductance [uS/cm]
# name 24 = timeS: Time, Elapsed [seconds]
# name 25 = timeY: Time, System [seconds]
# name 26 = accM: Acceleration [m/s^2]
# name 27 = dz/dtM: Descent Rate [m/s]
# name 28 = latitude: Latitude [deg]
# name 29 = longitude: Longitude [deg]
# name 30 = gsw_saA0: Absolute Salinity [g/kg]
# name 31 = gsw_densityA0: density, TEOS-10 [density, kg/m^3]
# name 32 = gsw_sigma0A0: density, TEOS-10 [sigma-0, kg/m^3 ]
# name 33 = gsw_ptA0: potential temperature [ITS-90, deg C]
# name 34 = flag: flag
# span 0 =      2.000,     40.000       
# span 1 =     8.4417,    25.5786       
# span 2 =    30.5626,    37.5962       
# span 3 =  1019.8441,  1028.8468       
# span 4 =     1.6294,     2.9164       
# span 5 =     2.6293,     6.9203       
# span 6 =     54.682,    122.208       
# span 7 =   -0.06840,    0.11305       
# span 8 =    4.79787,    6.64274       
# span 9 =    4.78544,    6.64837       
# span 10 =      7.877,      8.223      
# span 11 =     0.0327,     1.5948      
# span 12 =    8.92058,   11.97055      
# span 13 =   3.425677,   4.836669      
# span 14 = 5.0464e-02, 2.6205e+01      
# span 15 =    19.8183,    28.7518      
# span 16 =    19.8179,    28.7514      
# span 17 = 6.3561e-01, 3.9199e+02      
# span 18 =      2.025,     40.304      
# span 19 =          0,          1      
# span 20 =          6,       3929      
# span 21 =    1481.51,    1531.53      
# span 22 = 5.9008e+02, 1.5115e+03      
# span 23 =  47018.849,  57560.267      
# span 24 =      0.222,    163.668      
# span 25 = 1564264993, 1564265157      
# span 26 =      -0.63,       0.36      
# span 27 =     -0.964,      0.858      
# span 28 =   40.16932,   40.17003      
# span 29 =  -73.32470,  -73.32444      
# span 30 =    30.7086,    37.6193      
# span 31 =  1019.8482,  1028.7515      
# span 32 =    19.8225,    28.6561      
# span 33 =     8.4376,    25.5773      
# span 34 = 0.0000e+00, 0.0000e+00      
# interval = meters: 1                  
# start_time = Jul 27 2019 22:03:13 [System UTC, first data scan.]
# bad_flag = -9.990e-29
*END*
      2.000    25.5389    30.8114  1020.0261     1.6383     2.6293     54.695   -0.01413    4.80715    4.79468 -9.990e-29     0.0684    8.93889   4.786819 1.5932e+01    20.0175    20.0174 2.3852e+02      2.025          0          6    1531.24 1.4980e+03  47359.788      0.222 1564264993       0.36      0.010   40.16932  -73.32466    30.9518  1020.0252    20.0166    25.5385 0.0000e+00
      3.000    25.5440    30.7700  1019.9977     1.6294     2.6297     54.682   -0.00730    4.80903    4.79656 -9.990e-29     0.0768    8.94277   4.782607 2.6205e+01    19.9848    19.9846 3.9199e+02      3.021          0         42    1531.23 1.4958e+03  47303.057      1.725 1564264995       0.22      0.562   40.16939  -73.32470    30.9176  1020.0023    19.9895    25.5434 0.0000e+00
      4.000    25.5440    30.7995  1020.0243     1.6295     2.6469     55.074   -0.00089    4.80615    4.79369 -9.990e-29     0.0533    8.93700   4.786123 2.5541e+01    20.0071    20.0068 3.8215e+02      4.030          0         89    1531.27 1.4961e+03  47344.191      3.650 1564264997      -0.08      0.525   40.16940  -73.32470    30.9428  1020.0256    20.0084    25.5431 0.0000e+00
      5.000    25.5570    30.7309  1019.9730     1.7064     2.8970     60.189    0.02185    4.81306    4.80057      8.170     0.0533    8.95056   4.777587 1.7986e+01    19.9515    19.9512 2.6606e+02      5.036          0        243    1531.25 1.4802e+03  47249.969     10.090 1564265003       0.26      0.228   40.16943  -73.32468    30.8721  1019.9730    19.9515    25.5559 0.0000e+00
      6.000    25.5786    30.5626  1019.8441     1.7509     2.9792     61.896    0.01424    4.81320    4.80071      8.170     0.0459    8.95137   4.757035 1.5412e+01    19.8183    19.8179 2.2843e+02      6.043          0        378    1531.14 1.4822e+03  47018.849     15.696 1564265009       0.22      0.640   40.16946  -73.32466    30.7086  1019.8482    19.8225    25.5773 0.0000e+00
      7.000    25.4965    30.6099  1019.9089     1.7600     2.9759     61.794    0.00508    4.81589    4.80341      8.171     0.0671    8.95547   4.755673 1.4522e+01    19.8789    19.8784 2.1659e+02      7.053          0        424    1531.01 1.4913e+03  47085.290     17.608 1564265011      -0.11      0.596   40.16946  -73.32466    30.7538  1019.9114    19.8813    25.4950 0.0000e+00
      8.000    25.5300    30.5987  1019.8947     1.7589     3.1558     61.729   -0.00061    5.11243    5.10201      8.188     0.1078    9.41863   4.757481 1.3347e+01    19.8600    19.8595 1.9670e+02      8.064          0        470    1531.09 1.4738e+03  47068.709     19.557 1564265013       0.03      0.511   40.16947  -73.32465    30.7440  1019.8983    19.8638    25.5283 0.0000e+00
      9.000    25.5216    30.6153  1019.9141     1.7562     3.2177     61.639   -0.00169    5.22030    5.21087      8.195     0.1469    9.58736   4.759083 1.0079e+01    19.8743    19.8737 1.4880e+02      9.073          0        508    1531.11 1.4763e+03  47088.912     21.112 1564265014       0.13      0.618   40.16948  -73.32464    30.7610  1019.9179    19.8792    25.5197 0.0000e+00
     10.000    21.3413    33.6044  1023.3734     1.7459     3.2140     60.776   -0.00677    5.28847    5.27997      8.202     0.1600    9.69210   4.733788 9.5213e+00    23.3312    23.3307 1.4069e+02     10.074          0        538    1523.65 1.4776e+03  51297.518     22.388 1564265015       0.04      0.776   40.16948  -73.32464    33.6479  1023.2907    23.2473    21.3393 0.0000e+00
     11.000    19.5614    34.8165  1024.7849     1.7576     3.4344     62.615    0.00464    5.48338    5.47770      8.213     0.2595    9.99827   4.712013 8.7745e+00    24.7367    24.7362 1.3072e+02     11.085          0        580    1520.23 1.4903e+03  53017.162     24.122 1564265017      -0.13      0.602   40.16948  -73.32464    34.8696  1024.7049    24.6569    19.5593 0.0000e+00
     12.000    18.2228    36.0192  1026.0504     1.7922     3.7452     66.181    0.02129    5.65931    5.65547      8.219     0.3006   10.29189   4.718539 8.0734e+00    25.9969    25.9963 1.1913e+02     12.098          0        623    1517.79 1.4754e+03  54733.165     25.905 1564265019       0.11      0.543   40.16950  -73.32464    36.0724  1025.9657    25.9131    18.2207 0.0000e+00
     13.000    15.9340    37.5572  1027.7871     1.8092     3.7535     66.270    0.01354    5.66387    5.66048      8.220     0.2987   10.29311   4.641140 6.3440e+00    27.7318    27.7313 9.2706e+01     13.100          0        652    1512.74 1.4614e+03  57039.526     27.131 1564265020       0.17      0.756   40.16950  -73.32464    37.4870  1027.6006    27.5433    15.9318 0.0000e+00
     14.000    14.8527    37.1488  1027.7247     1.8397     3.9506     68.617    0.02021    5.75686    5.75435      8.223     0.2718   10.45176   4.489196 5.9148e+00    27.6624    27.6619 8.7575e+01     14.106          0        687    1508.95 1.4809e+03  56596.752     28.566 1564265022      -0.14      0.748   40.16951  -73.32462    37.1162  1027.5683    27.5063    14.8505 0.0000e+00
     15.000    14.3126    37.5962  1028.1944     1.8685     4.1340     69.841    0.01592    5.91961    5.91910      8.217     0.2646   10.72329   4.487183 5.1037e+00    28.1283    28.1278 7.5306e+01     15.117          0        733    1507.78 1.4753e+03  57277.188     30.485 1564265024      -0.01      0.514   40.16952  -73.32462    37.6193  1028.0785    28.0120    14.3103 0.0000e+00
     16.000    13.3326    36.9076  1027.8746     1.8791     4.2051     69.211    0.00412    6.07527    6.07636      8.201     0.3319   10.98845   4.309955 5.8613e+00    27.8030    27.8025 6.4708e+01     16.127          0        775    1503.81 1.1538e+03  56473.434     32.248 1564265025       0.05      0.563   40.16952  -73.32462    36.8905  1027.7304    27.6590    13.3303 0.0000e+00
     17.000    12.3347    36.9170  1028.0892     1.9049     4.4423     72.073    0.01568    6.16331    6.16615      8.199     0.3757   11.12774   4.206468 5.7002e+00    28.0134    28.0130 5.0704e+01     17.131          0        810    1500.53 8.8814e+02  56645.340     33.697 1564265027       0.06      0.682   40.16953  -73.32460    36.8600  1027.9133    27.8372    12.3324 0.0000e+00
     18.000    11.4934    36.2308  1027.7238     1.9341     4.6559     74.450    0.02190    6.25380    6.25749      8.202     0.4506   11.28343   4.060906 4.5391e+00    27.6423    27.6419 4.2992e+01     18.140          0        845    1496.87 9.5053e+02  55843.167     35.174 1564265028      -0.00      0.681   40.16954  -73.32460    36.2505  1027.6096    27.5286    11.4911 0.0000e+00
     19.000    10.5876    36.6977  1028.2598     1.9229     4.4781     70.805   -0.00302    6.32498    6.33049      8.171     0.5590   11.39270   4.015907 3.0447e+00    28.1743    28.1739 3.6200e+01     19.146          0        883    1494.29 1.2446e+03  56662.706     36.764 1564265030      -0.07      0.650   40.16954  -73.32460    36.6955  1028.1260    28.0402    10.5853 0.0000e+00
     20.000     9.8998    36.2590  1028.0440     1.9048     4.4179     68.904   -0.01106    6.41143    6.41768      8.083     1.0904   11.54218   3.909548 3.3636e+00    27.9533    27.9529 2.9716e+01     20.159          0        928    1491.34 9.8453e+02  56196.154     38.608 1564265032       0.02      0.533   40.16955  -73.32460    36.2955  1027.9416    27.8509     9.8975 0.0000e+00
     21.000     9.2267    37.1319  1028.8468     1.8831     4.4560     68.406   -0.00696    6.51584    6.52170      8.047     1.5251   11.73696   3.928422 2.4374e+00    28.7518    28.7514 2.4089e+01     21.163          0        962    1490.00 1.1273e+03  57560.267     40.057 1564265033       0.11      0.668   40.16956  -73.32459    37.1828  1028.7515    28.6561     9.2243 0.0000e+00
     22.000     8.9251    36.3985  1028.3267     1.9273     4.7650     71.971    0.00255    6.61982    6.62529      8.017     1.5948   11.93053   3.824652 2.7365e+00    28.2263    28.2259 2.0541e+01     22.170          0        997    1488.01 8.3556e+02  56608.184     41.515 1564265035      -0.05      0.708   40.16956  -73.32458    36.3942  1028.1912    28.0911     8.9227 0.0000e+00
     23.000     8.7261    34.4160  1026.8098     2.0412     6.0608     91.407    0.10177    6.63075    6.63631      7.995     1.2555   11.94946   3.610298 2.7518e+00    26.7046    26.7043 1.6069e+01     23.181          1       1035    1484.85 5.9008e+02  53875.417     43.084 1564265036       0.02      0.630   40.16956  -73.32458    34.3237  1026.6134    26.5081     8.7236 0.0000e+00
     24.000     8.5437    32.6498  1025.4586     1.9893     4.7038     70.891   -0.02765    6.63542    6.64103      7.974     1.0893   11.95742   3.442245 9.1574e-01    25.3485    25.3481 1.2061e+01     24.186          1       1070    1482.01 1.3760e+03  51428.348     44.555 1564265038      -0.02      0.689   40.16957  -73.32456    32.7182  1025.3940    25.2839     8.5413 0.0000e+00
     25.000     8.4927    32.5785  1025.4151     1.9495     4.5833     69.051   -0.02667    6.63759    6.64321      7.958     0.9556   11.96118   3.433073 7.3980e-01    25.3003    25.2999 9.8182e+00     25.195          1       1108    1481.75 1.3324e+03  51339.462     46.127 1564265039       0.01      0.634   40.16958  -73.32456    32.6682  1025.3674    25.2526     8.4901 0.0000e+00
     26.000     8.4649    32.5584  1025.4081     1.9258     4.6012     69.311   -0.01636    6.63852    6.64414      7.945     0.8654   11.96286   3.429958 5.5070e-01    25.2887    25.2883 7.8736e+00     26.205          1       1146    1481.63 1.4337e+03  51317.745     47.691 1564265041      -0.02      0.650   40.16958  -73.32456    32.6605  1025.3702    25.2508     8.4623 0.0000e+00
     27.000     8.4569    32.5448  1025.4033     1.9131     4.6216     69.611   -0.00970    6.63919    6.64482      7.943     0.8573   11.96407   3.428968 4.3702e-01    25.2793    25.2789 6.3167e+00     27.212          1       1180    1481.60 1.4453e+03  51300.989     49.127 1564265042       0.08      0.680   40.16958  -73.32456    32.6571  1025.3732    25.2492     8.4542 0.0000e+00
     28.000     8.4548    32.5356  1025.4010     1.9065     4.6323     69.767   -0.00624    6.63958    6.64520      7.940     0.8439   11.96478   3.428598 3.5033e-01    25.2724    25.2720 5.1135e+00     28.215          1       1211    1481.60 1.4601e+03  51289.097     50.403 1564265043       0.05      0.773   40.16960  -73.32456    32.6547  1025.3763    25.2477     8.4519 0.0000e+00
     29.000     8.4514    32.5257  1025.3983     1.9032     4.6634     70.230   -0.00184    6.64014    6.64577      7.939     0.8078   11.96579   3.428184 3.0874e-01    25.2651    25.2647 4.5382e+00     29.229          1       1255    1481.59 1.4697e+03  51276.264     52.259 1564265045      -0.17      0.556   40.16960  -73.32455    32.6529  1025.3801    25.2469     8.4485 0.0000e+00
     30.000     8.4501    32.5185  1025.3975     1.9006     4.6563     70.122   -0.00173    6.64037    6.64600 -9.990e-29     0.8113   11.96623   3.427935 2.3232e-01    25.2597    25.2593 3.3752e+00     30.238          1       1293    1481.60 1.4520e+03  51267.061     53.818 1564265047       0.29      0.606   40.16961  -73.32454    32.6511  1025.3834    25.2456     8.4471 0.0000e+00
     31.000     8.4488    32.5147  1025.3993     1.8988     4.6510     70.038   -0.00171    6.64060    6.64622      7.930     0.7967   11.96663   3.427805 1.8371e-01    25.2569    25.2565 2.6399e+00     31.236          1       1320    1481.60 1.4368e+03  51262.544     54.938 1564265048       0.10      0.858   40.16962  -73.32454    32.6504  1025.3877    25.2453     8.4457 0.0000e+00
     32.000     8.4487    32.5094  1025.3998     1.8980     4.6602     70.175   -0.00052    6.64083    6.64646      7.928     0.8002   11.96707   3.427722 1.8419e-01    25.2528    25.2523 2.6910e+00     32.250          1       1362    1481.61 1.4612e+03  51255.702     56.717 1564265050      -0.20      0.602   40.16962  -73.32454    32.6492  1025.3914    25.2444     8.4455 0.0000e+00
     33.000     8.4479    32.5047  1025.4008     1.8969     4.6580     70.136   -0.00051    6.64138    6.64701      7.925     0.7866   11.96801   3.427574 1.4764e-01    25.2493    25.2488 2.1463e+00     33.263          1       1407    1481.62 1.4538e+03  51249.915     58.581 1564265052       0.12      0.529   40.16964  -73.32452    32.6480  1025.3952    25.2436     8.4446 0.0000e+00
     34.000     8.4474    32.5018  1025.4033     1.8960     4.6512     70.030   -0.00103    6.64171    6.64735      7.924     0.7670   11.96859   3.427466 1.1687e-01    25.2471    25.2466 1.6984e+00     34.263          1       1438    1481.63 1.4533e+03  51246.592     59.873 1564265053       0.14      0.729   40.16964  -73.32452    32.6468  1025.3989    25.2428     8.4440 0.0000e+00
     35.000     8.4454    32.4993  1025.4062 -9.990e-29     4.6647     70.232    0.00025    6.64186    6.64749      7.922     0.7597   11.96885   3.427240 1.0187e-01    25.2454    25.2449 1.4835e+00     35.274          1       1473    1481.64 1.4563e+03  51244.008     61.324 1564265054      -0.10      0.728   40.16964  -73.32452    32.6458  1025.4030    25.2423     8.4419 0.0000e+00
     36.000     8.4431    32.4972  1025.4095 -9.990e-29     4.6624     70.196   -0.00003    6.64197    6.64761      7.920     0.7452   11.96907   3.427028 8.0550e-02    25.2442    25.2437 1.1713e+00     36.281          1       1508    1481.64 1.4540e+03  51242.338     62.777 1564265056       0.05      0.682   40.16964  -73.32451    32.6452  1025.4075    25.2422     8.4395 0.0000e+00
     37.000     8.4427    32.4950  1025.4125     1.8957     4.6594     70.150   -0.00024    6.64212    6.64775      7.919     0.7910   11.96933   3.426940 7.0656e-02    25.2425    25.2420 1.0237e+00     37.290          1       1546    1481.65 1.4490e+03  51239.912     64.374 1564265057      -0.08      0.650   40.16966  -73.32450    32.6442  1025.4114    25.2415     8.4390 0.0000e+00
     38.000     8.4424    32.4930  1025.4155     1.8938     4.6440     69.918   -0.00121    6.64214    6.64777      7.916     0.7377   11.96938   3.426864 5.8449e-02    25.2410    25.2405 8.4544e-01     38.299          1       1584    1481.67 1.4463e+03  51237.827     65.968 1564265059       0.08      0.614   40.16966  -73.32450    32.6433  1025.4153    25.2408     8.4386 0.0000e+00
     39.000     8.4421    32.4880  1025.4163     1.8939     4.6537     70.061   -0.00024    6.64237    6.64800      7.910     0.7795   11.96982   3.426585 5.0464e-02    25.2371    25.2366 7.3179e-01     39.303          1       1738    1481.68 1.4502e+03  51231.374     72.391 1564265065       0.05      0.284   40.16969  -73.32450    32.6402  1025.4175    25.2385     8.4381 0.0000e+00
     40.000     8.4417    32.4760  1025.4115     1.8958     4.6587     70.132   -0.00007    6.64274    6.64837      7.888     0.7766   11.97055   3.425690 5.4984e-02    25.2279    25.2273 6.3561e-01     40.304          1       2463    1481.68 1.2681e+03  51215.138    102.588 1564265096      -0.08      0.159   40.16982  -73.32447    32.6306  1025.4147    25.2311     8.4376 0.0000e+00
     39.000     8.4437    32.4770  1025.4074 -9.990e-29     4.6534     70.056   -0.00010    6.64250    6.64812 -9.990e-29     0.8151   11.97014   3.425870 5.8723e-02    25.2283    25.2277 7.5386e-01     39.307          1       2498    1481.67 1.3230e+03  51215.410    104.049 1564265097      -0.63     -0.577   40.16982  -73.32448    32.6311  1025.4103    25.2312     8.4397 0.0000e+00
     38.000     8.4431    32.4767  1025.4027     1.8939     4.6534     70.054   -0.00005    6.64252    6.64814 -9.990e-29     0.8145   11.97018   3.425753 1.4775e-01    25.2281    25.2276 8.8256e-01     38.303          1       2524    1481.65 6.1866e+02  51214.488    105.117 1564265098      -0.04     -0.920   40.16982  -73.32448    32.6308  1025.4055    25.2310     8.4393 0.0000e+00
