year,month,day,hour,Dp,DpDt,DsqP,Ege,Ely,Emg,Erg,Esp,area,centers,depth,id,lat,lon,p_cent,p_edge,p_grad,pid,ptid,radius,time,type,u,uv,v,x,y
2023,2,2,3,-0.25546876,-2.7139778249890028,9.144727,2,0,1,0,2,625,1,0.0,20,40.704422480525764,-137.66300076606714,997.0401,997.040078125,14.682285777586394,20,60.0,14.104739588693906,44957.125,1,15.702974039033146,17.39574197234734,7.485215100311952,216,517
2023,2,2,6,0.4350781,4.603714889021939,9.257227,0,0,0,0,0,69375,1,2.0,20,40.9011466468684,-137.09990451764517,997.47516,999.47515625,14.675456037447164,20,60.0,148.60265258063356,44957.25,1,15.775229435758135,17.378865048382995,7.291576415227241,215,515
2023,2,2,9,-0.46265626,-4.8767443221522235,9.428281,0,0,0,0,0,63125,1,2.0,19,41.09260294741558,-136.53263179035798,997.0125,999.0125,14.821331038276856,19,60.0,141.75087853467357,44957.375,1,15.846142391776866,17.362546766425766,7.096323098327324,214,513
2023,2,2,12,-0.61257815,-6.501604239308919,10.39457,0,0,0,0,0,163750,1,4.0,23,40.750932610215635,-136.14195732678903,996.3999,1000.399921875,14.90086478449982,23,60.0,228.30515513802078,44957.5,1,10.969635210554465,16.754398254865503,-12.664002693856467,212,513
2023,2,2,15,-0.4141406,-4.426459764313194,9.838047,0,0,0,0,0,190000,1,4.0,22,40.40635298289153,-135.75633599282577,995.9858,999.98578125,15.882750398536746,22,60.0,245.92453796829673,44957.625,1,10.883665687020681,16.78016566765835,-12.771835461171136,210,513
2023,2,2,18,1.0677344,11.494087533227207,9.043593,0,0,0,0,0,192500,1,4.0,16,40.06004684244066,-135.0,997.0535,1001.053515625,16.453922123519646,16,60.0,247.53717516845768,44957.75,1,21.45600324407727,25.00237132308036,-12.835828627998154,207,512
2023,2,2,21,-1.9338281,-19.833294852124588,7.973945,0,0,0,0,0,217500,1,6.0,16,42.49519822090353,-133.81881108667338,995.1197,1001.1196875,16.80168878319233,16,60.0,263.12050517771223,44957.875,1,32.280763897736605,95.85772500257275,90.25882629885814,211,502
2023,2,3,0,-1.5816406,-16.06155147520782,11.385938,0,0,0,0,0,343750,1,8.0,19,43.01939608130234,-134.00538152635943,993.538,1001.538046875,16.938443910054247,19,60.0,330.7854642750767,44958.0,1,-5.0558802946706916,20.076423159020692,19.429380878093436,213,501
2023,2,3,3,0.39,3.9609832050763423,11.278438,0,0,0,0,0,416875,1,8.0,19,43.01216909726368,-133.60766838272278,993.92804,1001.928046875,16.507076274405964,19,60.0,364.2738445220405,44958.125,1,10.778906040672483,10.782233937915356,-0.267867986679879,212,500
2023,2,3,6,-0.06335937,-0.6437621832546395,10.636445,0,0,0,0,0,268125,1,6.0,17,42.99049317215454,-132.81268274986365,993.8647,999.8646875,17.582961311824267,17,60.0,292.14181185347104,44958.25,1,21.553411886916997,21.568380649969196,-0.8034176341546985,210,498
2023,2,3,9,0.061328124,0.6218201117104372,10.76668,0,0,0,0,0,405000,1,6.0,15,43.10256676934051,-131.41123703961992,993.926,999.926015625,17.6098546071006,15,60.0,359.0480523612894,44958.375,1,37.92592010938753,38.15273482780673,4.154005139295214,207,494
2023,2,3,12,1.0303125,10.270097833088803,6.5623827,0,0,0,0,0,173750,0,1.637578125,15,44.03106894360869,-129.71366263803122,994.9563,996.59390625,16.095226442513972,14,60.0,235.17300594335575,44958.5,2,45.2367514487988,56.83968453902017,34.41491038568789,206,487
2023,2,3,15,0.81875,7.894268985146905,8.979531,0,0,0,0,2,625,1,0.0,13,45.93530648837613,-127.79635271302476,995.7751,995.775078125,14.268034546369943,13,60.0,14.104739588693906,44958.625,1,49.42242676562655,86.16371506299174,70.5805180347432,208,477
2023,2,3,18,0.0,,,0,3,0,0,0,0,0,,13,45.93530648837613,-127.79635271302476,,,14.268034546369943,13,60.0,0.0,44958.75,0,0.0,0.0,0.0,208,477
